"STATION","NAME","DATE","AWND","PGTM","WDF2","WDF5","WSF2","WSF5"
"US1ILDP0098","DOWNERS GROVE 0.9 S, IL US","2019-10-01",,,,,,
"US1ILDP0098","DOWNERS GROVE 0.9 S, IL US","2019-10-02",,,,,,
"US1ILDP0098","DOWNERS GROVE 0.9 S, IL US","2019-10-03",,,,,,
"US1ILDP0098","DOWNERS GROVE 0.9 S, IL US","2019-10-04",,,,,,
"US1ILDP0098","DOWNERS GROVE 0.9 S, IL US","2019-10-05",,,,,,
"US1ILDP0098","DOWNERS GROVE 0.9 S, IL US","2019-10-06",,,,,,
"US1ILDP0098","DOWNERS GROVE 0.9 S, IL US","2019-10-07",,,,,,
"US1ILDP0098","DOWNERS GROVE 0.9 S, IL US","2019-10-08",,,,,,
"US1ILDP0098","DOWNERS GROVE 0.9 S, IL US","2019-10-09",,,,,,
"US1ILDP0098","DOWNERS GROVE 0.9 S, IL US","2019-10-10",,,,,,
"US1ILDP0098","DOWNERS GROVE 0.9 S, IL US","2019-10-11",,,,,,
"US1ILDP0098","DOWNERS GROVE 0.9 S, IL US","2019-10-12",,,,,,
"US1ILDP0098","DOWNERS GROVE 0.9 S, IL US","2019-10-13",,,,,,
"US1ILDP0098","DOWNERS GROVE 0.9 S, IL US","2019-10-14",,,,,,
"US1ILDP0098","DOWNERS GROVE 0.9 S, IL US","2019-10-15",,,,,,
"US1ILDP0098","DOWNERS GROVE 0.9 S, IL US","2019-10-16",,,,,,
"US1ILDP0098","DOWNERS GROVE 0.9 S, IL US","2019-10-17",,,,,,
"US1ILDP0098","DOWNERS GROVE 0.9 S, IL US","2019-10-18",,,,,,
"US1ILDP0098","DOWNERS GROVE 0.9 S, IL US","2019-10-19",,,,,,
"US1ILDP0098","DOWNERS GROVE 0.9 S, IL US","2019-10-20",,,,,,
"US1ILDP0098","DOWNERS GROVE 0.9 S, IL US","2019-10-21",,,,,,
"US1ILDP0098","DOWNERS GROVE 0.9 S, IL US","2019-10-22",,,,,,
"US1ILDP0098","DOWNERS GROVE 0.9 S, IL US","2019-10-23",,,,,,
"US1ILDP0098","DOWNERS GROVE 0.9 S, IL US","2019-10-24",,,,,,
"US1ILDP0098","DOWNERS GROVE 0.9 S, IL US","2019-10-25",,,,,,
"US1ILDP0098","DOWNERS GROVE 0.9 S, IL US","2019-10-26",,,,,,
"US1ILDP0098","DOWNERS GROVE 0.9 S, IL US","2019-10-27",,,,,,
"US1ILDP0098","DOWNERS GROVE 0.9 S, IL US","2019-10-28",,,,,,
"US1ILDP0098","DOWNERS GROVE 0.9 S, IL US","2019-10-29",,,,,,
"US1ILDP0098","DOWNERS GROVE 0.9 S, IL US","2019-10-31",,,,,,
"US1ILDP0098","DOWNERS GROVE 0.9 S, IL US","2019-11-03",,,,,,
"US1ILDP0098","DOWNERS GROVE 0.9 S, IL US","2019-11-04",,,,,,
"US1ILDP0098","DOWNERS GROVE 0.9 S, IL US","2019-11-05",,,,,,
"US1ILDP0098","DOWNERS GROVE 0.9 S, IL US","2019-11-06",,,,,,
"US1ILDP0098","DOWNERS GROVE 0.9 S, IL US","2019-11-07",,,,,,
"US1ILDP0098","DOWNERS GROVE 0.9 S, IL US","2019-11-08",,,,,,
"US1ILDP0098","DOWNERS GROVE 0.9 S, IL US","2019-11-09",,,,,,
"US1ILDP0098","DOWNERS GROVE 0.9 S, IL US","2019-11-10",,,,,,
"US1ILDP0098","DOWNERS GROVE 0.9 S, IL US","2019-11-11",,,,,,
"US1ILDP0098","DOWNERS GROVE 0.9 S, IL US","2020-03-09",,,,,,
"US1ILDP0098","DOWNERS GROVE 0.9 S, IL US","2020-03-10",,,,,,
"US1ILDP0098","DOWNERS GROVE 0.9 S, IL US","2020-03-11",,,,,,
"US1ILDP0098","DOWNERS GROVE 0.9 S, IL US","2020-03-12",,,,,,
"US1ILDP0098","DOWNERS GROVE 0.9 S, IL US","2020-03-13",,,,,,
"US1ILDP0098","DOWNERS GROVE 0.9 S, IL US","2020-03-14",,,,,,
"US1ILDP0098","DOWNERS GROVE 0.9 S, IL US","2020-03-15",,,,,,
"US1ILDP0098","DOWNERS GROVE 0.9 S, IL US","2020-03-16",,,,,,
"US1ILDP0098","DOWNERS GROVE 0.9 S, IL US","2020-03-17",,,,,,
"US1ILDP0098","DOWNERS GROVE 0.9 S, IL US","2020-03-18",,,,,,
"US1ILDP0098","DOWNERS GROVE 0.9 S, IL US","2020-03-19",,,,,,
"US1ILDP0098","DOWNERS GROVE 0.9 S, IL US","2020-03-20",,,,,,
"US1ILDP0098","DOWNERS GROVE 0.9 S, IL US","2020-03-21",,,,,,
"US1ILDP0098","DOWNERS GROVE 0.9 S, IL US","2020-03-22",,,,,,
"US1ILDP0098","DOWNERS GROVE 0.9 S, IL US","2020-03-23",,,,,,
"US1ILDP0098","DOWNERS GROVE 0.9 S, IL US","2020-03-24",,,,,,
"US1ILDP0098","DOWNERS GROVE 0.9 S, IL US","2020-03-25",,,,,,
"US1ILDP0098","DOWNERS GROVE 0.9 S, IL US","2020-03-26",,,,,,
"US1ILDP0098","DOWNERS GROVE 0.9 S, IL US","2020-03-27",,,,,,
"US1ILDP0098","DOWNERS GROVE 0.9 S, IL US","2020-03-28",,,,,,
"US1ILDP0098","DOWNERS GROVE 0.9 S, IL US","2020-03-29",,,,,,
"US1ILDP0098","DOWNERS GROVE 0.9 S, IL US","2020-03-30",,,,,,
"US1ILDP0098","DOWNERS GROVE 0.9 S, IL US","2020-03-31",,,,,,
"US1ILDP0098","DOWNERS GROVE 0.9 S, IL US","2020-04-01",,,,,,
"US1ILDP0098","DOWNERS GROVE 0.9 S, IL US","2020-04-02",,,,,,
"US1ILDP0098","DOWNERS GROVE 0.9 S, IL US","2020-04-03",,,,,,
"US1ILDP0098","DOWNERS GROVE 0.9 S, IL US","2020-04-04",,,,,,
"US1ILDP0098","DOWNERS GROVE 0.9 S, IL US","2020-04-05",,,,,,
"US1ILDP0098","DOWNERS GROVE 0.9 S, IL US","2020-04-06",,,,,,
"US1ILDP0098","DOWNERS GROVE 0.9 S, IL US","2020-04-07",,,,,,
"US1ILDP0098","DOWNERS GROVE 0.9 S, IL US","2020-04-08",,,,,,
"US1ILDP0098","DOWNERS GROVE 0.9 S, IL US","2020-04-09",,,,,,
"US1ILDP0098","DOWNERS GROVE 0.9 S, IL US","2020-04-10",,,,,,
"US1ILDP0098","DOWNERS GROVE 0.9 S, IL US","2020-04-11",,,,,,
"US1ILDP0098","DOWNERS GROVE 0.9 S, IL US","2020-04-12",,,,,,
"US1ILDP0098","DOWNERS GROVE 0.9 S, IL US","2020-04-13",,,,,,
"US1ILDP0098","DOWNERS GROVE 0.9 S, IL US","2020-04-14",,,,,,
"US1ILDP0098","DOWNERS GROVE 0.9 S, IL US","2020-04-15",,,,,,
"US1ILDP0098","DOWNERS GROVE 0.9 S, IL US","2020-04-16",,,,,,
"US1ILDP0098","DOWNERS GROVE 0.9 S, IL US","2020-04-18",,,,,,
"US1ILDP0098","DOWNERS GROVE 0.9 S, IL US","2020-04-19",,,,,,
"US1ILDP0098","DOWNERS GROVE 0.9 S, IL US","2020-04-20",,,,,,
"US1ILDP0098","DOWNERS GROVE 0.9 S, IL US","2020-04-21",,,,,,
"US1ILDP0098","DOWNERS GROVE 0.9 S, IL US","2020-04-22",,,,,,
"US1ILDP0098","DOWNERS GROVE 0.9 S, IL US","2020-04-23",,,,,,
"US1ILDP0098","DOWNERS GROVE 0.9 S, IL US","2020-04-24",,,,,,
"US1ILDP0098","DOWNERS GROVE 0.9 S, IL US","2020-04-25",,,,,,
"US1ILDP0098","DOWNERS GROVE 0.9 S, IL US","2020-04-26",,,,,,
"US1ILDP0098","DOWNERS GROVE 0.9 S, IL US","2020-04-27",,,,,,
"US1ILDP0098","DOWNERS GROVE 0.9 S, IL US","2020-04-28",,,,,,
"US1ILDP0098","DOWNERS GROVE 0.9 S, IL US","2020-04-29",,,,,,
"US1ILDP0098","DOWNERS GROVE 0.9 S, IL US","2020-04-30",,,,,,
"US1ILDP0098","DOWNERS GROVE 0.9 S, IL US","2020-05-01",,,,,,
"US1ILDP0098","DOWNERS GROVE 0.9 S, IL US","2020-05-02",,,,,,
"US1ILDP0098","DOWNERS GROVE 0.9 S, IL US","2020-05-03",,,,,,
"US1ILDP0098","DOWNERS GROVE 0.9 S, IL US","2020-05-04",,,,,,
"US1ILDP0098","DOWNERS GROVE 0.9 S, IL US","2020-05-05",,,,,,
"US1ILDP0098","DOWNERS GROVE 0.9 S, IL US","2020-05-06",,,,,,
"US1ILDP0098","DOWNERS GROVE 0.9 S, IL US","2020-05-07",,,,,,
"US1ILDP0098","DOWNERS GROVE 0.9 S, IL US","2020-05-08",,,,,,
"US1ILDP0098","DOWNERS GROVE 0.9 S, IL US","2020-05-09",,,,,,
"US1ILDP0098","DOWNERS GROVE 0.9 S, IL US","2020-05-10",,,,,,
"US1ILDP0098","DOWNERS GROVE 0.9 S, IL US","2020-05-11",,,,,,
"US1ILDP0098","DOWNERS GROVE 0.9 S, IL US","2020-05-12",,,,,,
"US1ILDP0098","DOWNERS GROVE 0.9 S, IL US","2020-05-13",,,,,,
"US1ILDP0098","DOWNERS GROVE 0.9 S, IL US","2020-05-15",,,,,,
"US1ILDP0098","DOWNERS GROVE 0.9 S, IL US","2020-05-16",,,,,,
"US1ILDP0098","DOWNERS GROVE 0.9 S, IL US","2020-05-17",,,,,,
"US1ILDP0098","DOWNERS GROVE 0.9 S, IL US","2020-05-18",,,,,,
"US1ILDP0098","DOWNERS GROVE 0.9 S, IL US","2020-05-19",,,,,,
"US1ILDP0098","DOWNERS GROVE 0.9 S, IL US","2020-05-20",,,,,,
"US1ILDP0098","DOWNERS GROVE 0.9 S, IL US","2020-05-21",,,,,,
"US1ILDP0098","DOWNERS GROVE 0.9 S, IL US","2020-05-22",,,,,,
"US1ILDP0098","DOWNERS GROVE 0.9 S, IL US","2020-05-24",,,,,,
"US1ILDP0098","DOWNERS GROVE 0.9 S, IL US","2020-05-25",,,,,,
"US1ILDP0098","DOWNERS GROVE 0.9 S, IL US","2020-05-26",,,,,,
"US1ILDP0098","DOWNERS GROVE 0.9 S, IL US","2020-05-27",,,,,,
"US1ILDP0098","DOWNERS GROVE 0.9 S, IL US","2020-05-28",,,,,,
"US1ILDP0098","DOWNERS GROVE 0.9 S, IL US","2020-05-29",,,,,,
"US1ILDP0098","DOWNERS GROVE 0.9 S, IL US","2020-05-30",,,,,,
"US1ILDP0098","DOWNERS GROVE 0.9 S, IL US","2020-05-31",,,,,,
"US1ILDP0098","DOWNERS GROVE 0.9 S, IL US","2020-06-01",,,,,,
"US1ILDP0098","DOWNERS GROVE 0.9 S, IL US","2020-06-02",,,,,,
"US1ILDP0098","DOWNERS GROVE 0.9 S, IL US","2020-06-03",,,,,,
"US1ILDP0098","DOWNERS GROVE 0.9 S, IL US","2020-06-04",,,,,,
"US1ILDP0098","DOWNERS GROVE 0.9 S, IL US","2020-06-05",,,,,,
"US1ILDP0098","DOWNERS GROVE 0.9 S, IL US","2020-06-06",,,,,,
"US1ILDP0098","DOWNERS GROVE 0.9 S, IL US","2020-06-07",,,,,,
"US1ILDP0098","DOWNERS GROVE 0.9 S, IL US","2020-06-08",,,,,,
"US1ILDP0098","DOWNERS GROVE 0.9 S, IL US","2020-06-09",,,,,,
"US1ILDP0098","DOWNERS GROVE 0.9 S, IL US","2020-06-10",,,,,,
"US1ILDP0098","DOWNERS GROVE 0.9 S, IL US","2020-06-11",,,,,,
"US1ILDP0098","DOWNERS GROVE 0.9 S, IL US","2020-06-12",,,,,,
"US1ILDP0098","DOWNERS GROVE 0.9 S, IL US","2020-06-13",,,,,,
"US1ILDP0098","DOWNERS GROVE 0.9 S, IL US","2020-06-14",,,,,,
"US1ILDP0098","DOWNERS GROVE 0.9 S, IL US","2020-06-15",,,,,,
"US1ILDP0098","DOWNERS GROVE 0.9 S, IL US","2020-06-16",,,,,,
"US1ILDP0098","DOWNERS GROVE 0.9 S, IL US","2020-06-17",,,,,,
"US1ILDP0098","DOWNERS GROVE 0.9 S, IL US","2020-06-18",,,,,,
"US1ILDP0098","DOWNERS GROVE 0.9 S, IL US","2020-06-19",,,,,,
"US1ILDP0098","DOWNERS GROVE 0.9 S, IL US","2020-06-28",,,,,,
"US1ILDP0098","DOWNERS GROVE 0.9 S, IL US","2020-06-29",,,,,,
"US1ILDP0098","DOWNERS GROVE 0.9 S, IL US","2020-06-30",,,,,,
"US1ILDP0098","DOWNERS GROVE 0.9 S, IL US","2020-07-01",,,,,,
"US1ILDP0098","DOWNERS GROVE 0.9 S, IL US","2020-07-02",,,,,,
"US1ILDP0098","DOWNERS GROVE 0.9 S, IL US","2020-07-03",,,,,,
"US1ILDP0098","DOWNERS GROVE 0.9 S, IL US","2020-07-04",,,,,,
"US1ILDP0098","DOWNERS GROVE 0.9 S, IL US","2020-07-05",,,,,,
"US1ILDP0098","DOWNERS GROVE 0.9 S, IL US","2020-07-06",,,,,,
"US1ILDP0098","DOWNERS GROVE 0.9 S, IL US","2020-07-07",,,,,,
"US1ILDP0098","DOWNERS GROVE 0.9 S, IL US","2020-07-08",,,,,,
"US1ILDP0098","DOWNERS GROVE 0.9 S, IL US","2020-07-09",,,,,,
"US1ILDP0098","DOWNERS GROVE 0.9 S, IL US","2020-07-10",,,,,,
"US1ILDP0098","DOWNERS GROVE 0.9 S, IL US","2020-07-11",,,,,,
"US1ILDP0098","DOWNERS GROVE 0.9 S, IL US","2020-07-12",,,,,,
"US1ILDP0098","DOWNERS GROVE 0.9 S, IL US","2020-07-13",,,,,,
"US1ILDP0098","DOWNERS GROVE 0.9 S, IL US","2020-07-14",,,,,,
"US1ILDP0098","DOWNERS GROVE 0.9 S, IL US","2020-07-15",,,,,,
"US1ILDP0098","DOWNERS GROVE 0.9 S, IL US","2020-07-16",,,,,,
"US1ILDP0098","DOWNERS GROVE 0.9 S, IL US","2020-07-17",,,,,,
"US1ILDP0098","DOWNERS GROVE 0.9 S, IL US","2020-07-18",,,,,,
"US1ILDP0098","DOWNERS GROVE 0.9 S, IL US","2020-07-19",,,,,,
"US1ILDP0098","DOWNERS GROVE 0.9 S, IL US","2020-07-20",,,,,,
"US1ILDP0098","DOWNERS GROVE 0.9 S, IL US","2020-07-21",,,,,,
"US1ILDP0098","DOWNERS GROVE 0.9 S, IL US","2020-07-22",,,,,,
"US1ILDP0098","DOWNERS GROVE 0.9 S, IL US","2020-07-23",,,,,,
"US1ILDP0098","DOWNERS GROVE 0.9 S, IL US","2020-07-24",,,,,,
"US1ILDP0098","DOWNERS GROVE 0.9 S, IL US","2020-07-25",,,,,,
"US1ILDP0098","DOWNERS GROVE 0.9 S, IL US","2020-07-26",,,,,,
"US1ILDP0098","DOWNERS GROVE 0.9 S, IL US","2020-07-27",,,,,,
"US1ILDP0098","DOWNERS GROVE 0.9 S, IL US","2020-07-28",,,,,,
"US1ILDP0098","DOWNERS GROVE 0.9 S, IL US","2020-07-29",,,,,,
"US1ILDP0098","DOWNERS GROVE 0.9 S, IL US","2020-07-30",,,,,,
"US1ILDP0098","DOWNERS GROVE 0.9 S, IL US","2020-07-31",,,,,,
"US1ILDP0098","DOWNERS GROVE 0.9 S, IL US","2020-08-01",,,,,,
"US1ILDP0098","DOWNERS GROVE 0.9 S, IL US","2020-08-02",,,,,,
"US1ILDP0098","DOWNERS GROVE 0.9 S, IL US","2020-08-03",,,,,,
"US1ILDP0098","DOWNERS GROVE 0.9 S, IL US","2020-08-04",,,,,,
"US1ILDP0098","DOWNERS GROVE 0.9 S, IL US","2020-08-05",,,,,,
"US1ILDP0098","DOWNERS GROVE 0.9 S, IL US","2020-08-06",,,,,,
"US1ILDP0098","DOWNERS GROVE 0.9 S, IL US","2020-08-07",,,,,,
"US1ILDP0098","DOWNERS GROVE 0.9 S, IL US","2020-08-08",,,,,,
"US1ILDP0098","DOWNERS GROVE 0.9 S, IL US","2020-08-09",,,,,,
"US1ILDP0098","DOWNERS GROVE 0.9 S, IL US","2020-08-10",,,,,,
"US1ILDP0098","DOWNERS GROVE 0.9 S, IL US","2020-08-11",,,,,,
"US1ILDP0098","DOWNERS GROVE 0.9 S, IL US","2020-08-12",,,,,,
"US1ILDP0098","DOWNERS GROVE 0.9 S, IL US","2020-08-13",,,,,,
"US1ILDP0098","DOWNERS GROVE 0.9 S, IL US","2020-08-14",,,,,,
"US1ILDP0098","DOWNERS GROVE 0.9 S, IL US","2020-08-15",,,,,,
"US1ILDP0098","DOWNERS GROVE 0.9 S, IL US","2020-08-16",,,,,,
"US1ILDP0098","DOWNERS GROVE 0.9 S, IL US","2020-08-17",,,,,,
"US1ILDP0098","DOWNERS GROVE 0.9 S, IL US","2020-08-18",,,,,,
"US1ILDP0098","DOWNERS GROVE 0.9 S, IL US","2020-08-19",,,,,,
"US1ILDP0098","DOWNERS GROVE 0.9 S, IL US","2020-08-20",,,,,,
"US1ILDP0098","DOWNERS GROVE 0.9 S, IL US","2020-08-21",,,,,,
"US1ILDP0098","DOWNERS GROVE 0.9 S, IL US","2020-08-22",,,,,,
"US1ILDP0098","DOWNERS GROVE 0.9 S, IL US","2020-08-23",,,,,,
"US1ILDP0098","DOWNERS GROVE 0.9 S, IL US","2020-08-24",,,,,,
"US1ILDP0098","DOWNERS GROVE 0.9 S, IL US","2020-08-25",,,,,,
"US1ILDP0098","DOWNERS GROVE 0.9 S, IL US","2020-08-26",,,,,,
"US1ILDP0098","DOWNERS GROVE 0.9 S, IL US","2020-08-27",,,,,,
"US1ILDP0098","DOWNERS GROVE 0.9 S, IL US","2020-08-28",,,,,,
"US1ILDP0098","DOWNERS GROVE 0.9 S, IL US","2020-08-29",,,,,,
"US1ILDP0098","DOWNERS GROVE 0.9 S, IL US","2020-08-30",,,,,,
"US1ILDP0098","DOWNERS GROVE 0.9 S, IL US","2020-08-31",,,,,,
"US1ILDP0098","DOWNERS GROVE 0.9 S, IL US","2020-09-01",,,,,,
"US1ILDP0098","DOWNERS GROVE 0.9 S, IL US","2020-09-02",,,,,,
"US1ILDP0098","DOWNERS GROVE 0.9 S, IL US","2020-09-03",,,,,,
"US1ILDP0098","DOWNERS GROVE 0.9 S, IL US","2020-09-04",,,,,,
"US1ILDP0098","DOWNERS GROVE 0.9 S, IL US","2020-09-05",,,,,,
"US1ILDP0098","DOWNERS GROVE 0.9 S, IL US","2020-09-06",,,,,,
"US1ILDP0098","DOWNERS GROVE 0.9 S, IL US","2020-09-07",,,,,,
"US1ILCK0306","OAK FOREST 0.6 N, IL US","2019-10-01",,,,,,
"US1ILCK0306","OAK FOREST 0.6 N, IL US","2019-10-02",,,,,,
"US1ILCK0306","OAK FOREST 0.6 N, IL US","2019-10-03",,,,,,
"US1ILCK0306","OAK FOREST 0.6 N, IL US","2019-10-04",,,,,,
"US1ILCK0306","OAK FOREST 0.6 N, IL US","2019-10-05",,,,,,
"US1ILCK0306","OAK FOREST 0.6 N, IL US","2019-10-06",,,,,,
"US1ILCK0306","OAK FOREST 0.6 N, IL US","2019-10-07",,,,,,
"US1ILCK0306","OAK FOREST 0.6 N, IL US","2019-10-08",,,,,,
"US1ILCK0306","OAK FOREST 0.6 N, IL US","2019-10-09",,,,,,
"US1ILCK0306","OAK FOREST 0.6 N, IL US","2019-10-10",,,,,,
"US1ILCK0306","OAK FOREST 0.6 N, IL US","2019-10-11",,,,,,
"US1ILCK0306","OAK FOREST 0.6 N, IL US","2019-10-12",,,,,,
"US1ILCK0306","OAK FOREST 0.6 N, IL US","2019-10-13",,,,,,
"US1ILCK0306","OAK FOREST 0.6 N, IL US","2019-10-14",,,,,,
"US1ILCK0306","OAK FOREST 0.6 N, IL US","2019-10-15",,,,,,
"US1ILCK0306","OAK FOREST 0.6 N, IL US","2019-10-16",,,,,,
"US1ILCK0306","OAK FOREST 0.6 N, IL US","2019-10-17",,,,,,
"US1ILCK0306","OAK FOREST 0.6 N, IL US","2019-10-18",,,,,,
"US1ILCK0306","OAK FOREST 0.6 N, IL US","2019-10-19",,,,,,
"US1ILCK0306","OAK FOREST 0.6 N, IL US","2019-10-20",,,,,,
"US1ILCK0306","OAK FOREST 0.6 N, IL US","2019-10-21",,,,,,
"US1ILCK0306","OAK FOREST 0.6 N, IL US","2019-10-22",,,,,,
"US1ILCK0306","OAK FOREST 0.6 N, IL US","2019-10-23",,,,,,
"US1ILCK0306","OAK FOREST 0.6 N, IL US","2019-10-24",,,,,,
"US1ILCK0306","OAK FOREST 0.6 N, IL US","2019-10-25",,,,,,
"US1ILCK0306","OAK FOREST 0.6 N, IL US","2019-10-26",,,,,,
"US1ILCK0306","OAK FOREST 0.6 N, IL US","2019-10-27",,,,,,
"US1ILCK0306","OAK FOREST 0.6 N, IL US","2019-10-28",,,,,,
"US1ILCK0306","OAK FOREST 0.6 N, IL US","2019-10-29",,,,,,
"US1ILCK0306","OAK FOREST 0.6 N, IL US","2019-10-30",,,,,,
"US1ILCK0306","OAK FOREST 0.6 N, IL US","2019-10-31",,,,,,
"US1ILCK0306","OAK FOREST 0.6 N, IL US","2019-11-01",,,,,,
"US1ILCK0306","OAK FOREST 0.6 N, IL US","2019-11-02",,,,,,
"US1ILCK0306","OAK FOREST 0.6 N, IL US","2019-11-03",,,,,,
"US1ILCK0306","OAK FOREST 0.6 N, IL US","2019-11-04",,,,,,
"US1ILCK0306","OAK FOREST 0.6 N, IL US","2019-11-05",,,,,,
"US1ILCK0306","OAK FOREST 0.6 N, IL US","2019-11-06",,,,,,
"US1ILCK0306","OAK FOREST 0.6 N, IL US","2019-11-07",,,,,,
"US1ILCK0306","OAK FOREST 0.6 N, IL US","2019-11-08",,,,,,
"US1ILCK0306","OAK FOREST 0.6 N, IL US","2019-11-09",,,,,,
"US1ILCK0306","OAK FOREST 0.6 N, IL US","2019-11-10",,,,,,
"US1ILCK0306","OAK FOREST 0.6 N, IL US","2019-11-11",,,,,,
"US1ILCK0306","OAK FOREST 0.6 N, IL US","2019-11-12",,,,,,
"US1ILCK0306","OAK FOREST 0.6 N, IL US","2019-11-13",,,,,,
"US1ILCK0306","OAK FOREST 0.6 N, IL US","2019-11-14",,,,,,
"US1ILCK0306","OAK FOREST 0.6 N, IL US","2019-11-15",,,,,,
"US1ILCK0306","OAK FOREST 0.6 N, IL US","2019-11-16",,,,,,
"US1ILCK0306","OAK FOREST 0.6 N, IL US","2019-11-17",,,,,,
"US1ILCK0306","OAK FOREST 0.6 N, IL US","2019-11-18",,,,,,
"US1ILCK0306","OAK FOREST 0.6 N, IL US","2019-11-19",,,,,,
"US1ILCK0306","OAK FOREST 0.6 N, IL US","2019-11-20",,,,,,
"US1ILCK0306","OAK FOREST 0.6 N, IL US","2019-11-21",,,,,,
"US1ILCK0306","OAK FOREST 0.6 N, IL US","2019-11-22",,,,,,
"US1ILCK0306","OAK FOREST 0.6 N, IL US","2019-11-23",,,,,,
"US1ILCK0306","OAK FOREST 0.6 N, IL US","2019-11-24",,,,,,
"US1ILCK0306","OAK FOREST 0.6 N, IL US","2019-11-25",,,,,,
"US1ILCK0306","OAK FOREST 0.6 N, IL US","2019-11-26",,,,,,
"US1ILCK0306","OAK FOREST 0.6 N, IL US","2019-11-27",,,,,,
"US1ILCK0306","OAK FOREST 0.6 N, IL US","2019-11-28",,,,,,
"US1ILCK0306","OAK FOREST 0.6 N, IL US","2019-11-29",,,,,,
"US1ILCK0306","OAK FOREST 0.6 N, IL US","2019-11-30",,,,,,
"US1ILCK0306","OAK FOREST 0.6 N, IL US","2019-12-01",,,,,,
"US1ILCK0306","OAK FOREST 0.6 N, IL US","2019-12-02",,,,,,
"US1ILCK0306","OAK FOREST 0.6 N, IL US","2019-12-03",,,,,,
"US1ILCK0306","OAK FOREST 0.6 N, IL US","2019-12-04",,,,,,
"US1ILCK0306","OAK FOREST 0.6 N, IL US","2019-12-05",,,,,,
"US1ILCK0306","OAK FOREST 0.6 N, IL US","2019-12-06",,,,,,
"US1ILCK0306","OAK FOREST 0.6 N, IL US","2019-12-07",,,,,,
"US1ILCK0306","OAK FOREST 0.6 N, IL US","2019-12-08",,,,,,
"US1ILCK0306","OAK FOREST 0.6 N, IL US","2019-12-09",,,,,,
"US1ILCK0306","OAK FOREST 0.6 N, IL US","2019-12-10",,,,,,
"US1ILCK0306","OAK FOREST 0.6 N, IL US","2019-12-18",,,,,,
"US1ILCK0306","OAK FOREST 0.6 N, IL US","2019-12-19",,,,,,
"US1ILCK0306","OAK FOREST 0.6 N, IL US","2019-12-20",,,,,,
"US1ILCK0306","OAK FOREST 0.6 N, IL US","2019-12-21",,,,,,
"US1ILCK0306","OAK FOREST 0.6 N, IL US","2019-12-22",,,,,,
"US1ILCK0306","OAK FOREST 0.6 N, IL US","2019-12-23",,,,,,
"US1ILCK0306","OAK FOREST 0.6 N, IL US","2019-12-24",,,,,,
"US1ILCK0306","OAK FOREST 0.6 N, IL US","2019-12-25",,,,,,
"US1ILCK0306","OAK FOREST 0.6 N, IL US","2019-12-26",,,,,,
"US1ILCK0306","OAK FOREST 0.6 N, IL US","2019-12-27",,,,,,
"US1ILCK0306","OAK FOREST 0.6 N, IL US","2019-12-28",,,,,,
"US1ILCK0306","OAK FOREST 0.6 N, IL US","2019-12-29",,,,,,
"US1ILCK0306","OAK FOREST 0.6 N, IL US","2019-12-30",,,,,,
"US1ILCK0306","OAK FOREST 0.6 N, IL US","2019-12-31",,,,,,
"US1ILCK0306","OAK FOREST 0.6 N, IL US","2020-01-01",,,,,,
"US1ILCK0306","OAK FOREST 0.6 N, IL US","2020-01-02",,,,,,
"US1ILCK0306","OAK FOREST 0.6 N, IL US","2020-01-03",,,,,,
"US1ILCK0306","OAK FOREST 0.6 N, IL US","2020-01-04",,,,,,
"US1ILCK0306","OAK FOREST 0.6 N, IL US","2020-01-05",,,,,,
"US1ILCK0306","OAK FOREST 0.6 N, IL US","2020-01-06",,,,,,
"US1ILCK0306","OAK FOREST 0.6 N, IL US","2020-01-07",,,,,,
"US1ILCK0306","OAK FOREST 0.6 N, IL US","2020-01-08",,,,,,
"US1ILCK0306","OAK FOREST 0.6 N, IL US","2020-01-09",,,,,,
"US1ILCK0306","OAK FOREST 0.6 N, IL US","2020-01-10",,,,,,
"US1ILCK0306","OAK FOREST 0.6 N, IL US","2020-01-11",,,,,,
"US1ILCK0306","OAK FOREST 0.6 N, IL US","2020-01-12",,,,,,
"US1ILCK0306","OAK FOREST 0.6 N, IL US","2020-01-13",,,,,,
"US1ILCK0306","OAK FOREST 0.6 N, IL US","2020-01-14",,,,,,
"US1ILCK0306","OAK FOREST 0.6 N, IL US","2020-01-15",,,,,,
"US1ILCK0306","OAK FOREST 0.6 N, IL US","2020-01-16",,,,,,
"US1ILCK0306","OAK FOREST 0.6 N, IL US","2020-01-17",,,,,,
"US1ILCK0306","OAK FOREST 0.6 N, IL US","2020-01-18",,,,,,
"US1ILCK0306","OAK FOREST 0.6 N, IL US","2020-01-19",,,,,,
"US1ILCK0306","OAK FOREST 0.6 N, IL US","2020-01-20",,,,,,
"US1ILCK0306","OAK FOREST 0.6 N, IL US","2020-01-21",,,,,,
"US1ILCK0306","OAK FOREST 0.6 N, IL US","2020-01-22",,,,,,
"US1ILCK0306","OAK FOREST 0.6 N, IL US","2020-01-23",,,,,,
"US1ILCK0306","OAK FOREST 0.6 N, IL US","2020-01-24",,,,,,
"US1ILCK0306","OAK FOREST 0.6 N, IL US","2020-01-25",,,,,,
"US1ILCK0306","OAK FOREST 0.6 N, IL US","2020-01-26",,,,,,
"US1ILCK0306","OAK FOREST 0.6 N, IL US","2020-01-27",,,,,,
"US1ILCK0306","OAK FOREST 0.6 N, IL US","2020-01-28",,,,,,
"US1ILCK0306","OAK FOREST 0.6 N, IL US","2020-01-29",,,,,,
"US1ILCK0306","OAK FOREST 0.6 N, IL US","2020-01-30",,,,,,
"US1ILCK0306","OAK FOREST 0.6 N, IL US","2020-01-31",,,,,,
"US1ILCK0306","OAK FOREST 0.6 N, IL US","2020-02-01",,,,,,
"US1ILCK0306","OAK FOREST 0.6 N, IL US","2020-02-02",,,,,,
"US1ILCK0306","OAK FOREST 0.6 N, IL US","2020-02-03",,,,,,
"US1ILCK0306","OAK FOREST 0.6 N, IL US","2020-02-04",,,,,,
"US1ILCK0306","OAK FOREST 0.6 N, IL US","2020-02-05",,,,,,
"US1ILCK0306","OAK FOREST 0.6 N, IL US","2020-02-06",,,,,,
"US1ILCK0306","OAK FOREST 0.6 N, IL US","2020-02-07",,,,,,
"US1ILCK0306","OAK FOREST 0.6 N, IL US","2020-02-08",,,,,,
"US1ILCK0306","OAK FOREST 0.6 N, IL US","2020-02-09",,,,,,
"US1ILCK0306","OAK FOREST 0.6 N, IL US","2020-02-10",,,,,,
"US1ILCK0306","OAK FOREST 0.6 N, IL US","2020-02-11",,,,,,
"US1ILCK0306","OAK FOREST 0.6 N, IL US","2020-02-12",,,,,,
"US1ILCK0306","OAK FOREST 0.6 N, IL US","2020-02-13",,,,,,
"US1ILCK0306","OAK FOREST 0.6 N, IL US","2020-02-14",,,,,,
"US1ILCK0306","OAK FOREST 0.6 N, IL US","2020-02-15",,,,,,
"US1ILCK0306","OAK FOREST 0.6 N, IL US","2020-02-16",,,,,,
"US1ILCK0306","OAK FOREST 0.6 N, IL US","2020-02-17",,,,,,
"US1ILCK0306","OAK FOREST 0.6 N, IL US","2020-02-18",,,,,,
"US1ILCK0306","OAK FOREST 0.6 N, IL US","2020-02-19",,,,,,
"US1ILCK0306","OAK FOREST 0.6 N, IL US","2020-02-20",,,,,,
"US1ILCK0306","OAK FOREST 0.6 N, IL US","2020-02-21",,,,,,
"US1ILCK0306","OAK FOREST 0.6 N, IL US","2020-02-22",,,,,,
"US1ILCK0306","OAK FOREST 0.6 N, IL US","2020-02-23",,,,,,
"US1ILCK0306","OAK FOREST 0.6 N, IL US","2020-02-24",,,,,,
"US1ILCK0306","OAK FOREST 0.6 N, IL US","2020-02-25",,,,,,
"US1ILCK0306","OAK FOREST 0.6 N, IL US","2020-02-26",,,,,,
"US1ILCK0306","OAK FOREST 0.6 N, IL US","2020-02-27",,,,,,
"US1ILCK0306","OAK FOREST 0.6 N, IL US","2020-02-28",,,,,,
"US1ILCK0306","OAK FOREST 0.6 N, IL US","2020-02-29",,,,,,
"US1ILCK0306","OAK FOREST 0.6 N, IL US","2020-03-01",,,,,,
"US1ILCK0306","OAK FOREST 0.6 N, IL US","2020-03-02",,,,,,
"US1ILCK0306","OAK FOREST 0.6 N, IL US","2020-03-03",,,,,,
"US1ILCK0306","OAK FOREST 0.6 N, IL US","2020-03-04",,,,,,
"US1ILCK0306","OAK FOREST 0.6 N, IL US","2020-03-05",,,,,,
"US1ILCK0306","OAK FOREST 0.6 N, IL US","2020-03-06",,,,,,
"US1ILCK0306","OAK FOREST 0.6 N, IL US","2020-03-07",,,,,,
"US1ILCK0306","OAK FOREST 0.6 N, IL US","2020-03-08",,,,,,
"US1ILCK0306","OAK FOREST 0.6 N, IL US","2020-03-09",,,,,,
"US1ILCK0306","OAK FOREST 0.6 N, IL US","2020-03-10",,,,,,
"US1ILCK0306","OAK FOREST 0.6 N, IL US","2020-03-11",,,,,,
"US1ILCK0306","OAK FOREST 0.6 N, IL US","2020-03-12",,,,,,
"US1ILCK0306","OAK FOREST 0.6 N, IL US","2020-03-13",,,,,,
"US1ILCK0306","OAK FOREST 0.6 N, IL US","2020-03-14",,,,,,
"US1ILCK0306","OAK FOREST 0.6 N, IL US","2020-03-15",,,,,,
"US1ILCK0306","OAK FOREST 0.6 N, IL US","2020-03-16",,,,,,
"US1ILCK0306","OAK FOREST 0.6 N, IL US","2020-03-17",,,,,,
"US1ILCK0306","OAK FOREST 0.6 N, IL US","2020-03-18",,,,,,
"US1ILCK0306","OAK FOREST 0.6 N, IL US","2020-03-19",,,,,,
"US1ILCK0306","OAK FOREST 0.6 N, IL US","2020-03-20",,,,,,
"US1ILCK0306","OAK FOREST 0.6 N, IL US","2020-03-21",,,,,,
"US1ILCK0306","OAK FOREST 0.6 N, IL US","2020-03-22",,,,,,
"US1ILCK0306","OAK FOREST 0.6 N, IL US","2020-03-23",,,,,,
"US1ILCK0306","OAK FOREST 0.6 N, IL US","2020-03-24",,,,,,
"US1ILCK0306","OAK FOREST 0.6 N, IL US","2020-03-25",,,,,,
"US1ILCK0306","OAK FOREST 0.6 N, IL US","2020-03-26",,,,,,
"US1ILCK0306","OAK FOREST 0.6 N, IL US","2020-03-27",,,,,,
"US1ILCK0306","OAK FOREST 0.6 N, IL US","2020-03-28",,,,,,
"US1ILCK0306","OAK FOREST 0.6 N, IL US","2020-03-29",,,,,,
"US1ILCK0306","OAK FOREST 0.6 N, IL US","2020-03-30",,,,,,
"US1ILCK0306","OAK FOREST 0.6 N, IL US","2020-03-31",,,,,,
"US1ILCK0306","OAK FOREST 0.6 N, IL US","2020-04-01",,,,,,
"US1ILCK0306","OAK FOREST 0.6 N, IL US","2020-04-02",,,,,,
"US1ILCK0306","OAK FOREST 0.6 N, IL US","2020-04-03",,,,,,
"US1ILCK0306","OAK FOREST 0.6 N, IL US","2020-04-04",,,,,,
"US1ILCK0306","OAK FOREST 0.6 N, IL US","2020-04-05",,,,,,
"US1ILCK0306","OAK FOREST 0.6 N, IL US","2020-04-06",,,,,,
"US1ILCK0306","OAK FOREST 0.6 N, IL US","2020-04-07",,,,,,
"US1ILCK0306","OAK FOREST 0.6 N, IL US","2020-04-08",,,,,,
"US1ILCK0306","OAK FOREST 0.6 N, IL US","2020-04-09",,,,,,
"US1ILCK0306","OAK FOREST 0.6 N, IL US","2020-04-10",,,,,,
"US1ILCK0306","OAK FOREST 0.6 N, IL US","2020-04-11",,,,,,
"US1ILCK0306","OAK FOREST 0.6 N, IL US","2020-04-12",,,,,,
"US1ILCK0306","OAK FOREST 0.6 N, IL US","2020-04-13",,,,,,
"US1ILCK0306","OAK FOREST 0.6 N, IL US","2020-04-14",,,,,,
"US1ILCK0306","OAK FOREST 0.6 N, IL US","2020-04-15",,,,,,
"US1ILCK0306","OAK FOREST 0.6 N, IL US","2020-04-16",,,,,,
"US1ILCK0306","OAK FOREST 0.6 N, IL US","2020-04-17",,,,,,
"US1ILCK0306","OAK FOREST 0.6 N, IL US","2020-04-18",,,,,,
"US1ILCK0306","OAK FOREST 0.6 N, IL US","2020-04-19",,,,,,
"US1ILCK0306","OAK FOREST 0.6 N, IL US","2020-04-20",,,,,,
"US1ILCK0306","OAK FOREST 0.6 N, IL US","2020-04-21",,,,,,
"US1ILCK0306","OAK FOREST 0.6 N, IL US","2020-04-22",,,,,,
"US1ILCK0306","OAK FOREST 0.6 N, IL US","2020-04-23",,,,,,
"US1ILCK0306","OAK FOREST 0.6 N, IL US","2020-04-24",,,,,,
"US1ILCK0306","OAK FOREST 0.6 N, IL US","2020-04-25",,,,,,
"US1ILCK0306","OAK FOREST 0.6 N, IL US","2020-04-26",,,,,,
"US1ILCK0306","OAK FOREST 0.6 N, IL US","2020-04-27",,,,,,
"US1ILCK0306","OAK FOREST 0.6 N, IL US","2020-04-28",,,,,,
"US1ILCK0306","OAK FOREST 0.6 N, IL US","2020-04-29",,,,,,
"US1ILCK0306","OAK FOREST 0.6 N, IL US","2020-04-30",,,,,,
"US1ILCK0306","OAK FOREST 0.6 N, IL US","2020-05-01",,,,,,
"US1ILCK0306","OAK FOREST 0.6 N, IL US","2020-05-02",,,,,,
"US1ILCK0306","OAK FOREST 0.6 N, IL US","2020-05-03",,,,,,
"US1ILCK0306","OAK FOREST 0.6 N, IL US","2020-05-04",,,,,,
"US1ILCK0306","OAK FOREST 0.6 N, IL US","2020-05-05",,,,,,
"US1ILCK0306","OAK FOREST 0.6 N, IL US","2020-05-06",,,,,,
"US1ILCK0306","OAK FOREST 0.6 N, IL US","2020-05-07",,,,,,
"US1ILCK0306","OAK FOREST 0.6 N, IL US","2020-05-08",,,,,,
"US1ILCK0306","OAK FOREST 0.6 N, IL US","2020-05-09",,,,,,
"US1ILCK0306","OAK FOREST 0.6 N, IL US","2020-05-10",,,,,,
"US1ILCK0306","OAK FOREST 0.6 N, IL US","2020-05-11",,,,,,
"US1ILCK0306","OAK FOREST 0.6 N, IL US","2020-05-12",,,,,,
"US1ILCK0306","OAK FOREST 0.6 N, IL US","2020-05-13",,,,,,
"US1ILCK0306","OAK FOREST 0.6 N, IL US","2020-05-14",,,,,,
"US1ILCK0306","OAK FOREST 0.6 N, IL US","2020-05-15",,,,,,
"US1ILCK0306","OAK FOREST 0.6 N, IL US","2020-05-16",,,,,,
"US1ILCK0306","OAK FOREST 0.6 N, IL US","2020-05-17",,,,,,
"US1ILCK0306","OAK FOREST 0.6 N, IL US","2020-05-18",,,,,,
"US1ILCK0306","OAK FOREST 0.6 N, IL US","2020-05-19",,,,,,
"US1ILCK0306","OAK FOREST 0.6 N, IL US","2020-05-20",,,,,,
"US1ILCK0306","OAK FOREST 0.6 N, IL US","2020-05-21",,,,,,
"US1ILCK0306","OAK FOREST 0.6 N, IL US","2020-05-22",,,,,,
"US1ILCK0306","OAK FOREST 0.6 N, IL US","2020-05-23",,,,,,
"US1ILCK0306","OAK FOREST 0.6 N, IL US","2020-05-24",,,,,,
"US1ILCK0306","OAK FOREST 0.6 N, IL US","2020-05-25",,,,,,
"US1ILCK0306","OAK FOREST 0.6 N, IL US","2020-05-26",,,,,,
"US1ILCK0306","OAK FOREST 0.6 N, IL US","2020-05-27",,,,,,
"US1ILCK0306","OAK FOREST 0.6 N, IL US","2020-05-28",,,,,,
"US1ILCK0306","OAK FOREST 0.6 N, IL US","2020-05-29",,,,,,
"US1ILCK0306","OAK FOREST 0.6 N, IL US","2020-05-30",,,,,,
"US1ILCK0306","OAK FOREST 0.6 N, IL US","2020-05-31",,,,,,
"US1ILCK0306","OAK FOREST 0.6 N, IL US","2020-06-01",,,,,,
"US1ILCK0306","OAK FOREST 0.6 N, IL US","2020-06-02",,,,,,
"US1ILCK0306","OAK FOREST 0.6 N, IL US","2020-06-03",,,,,,
"US1ILCK0306","OAK FOREST 0.6 N, IL US","2020-06-04",,,,,,
"US1ILCK0306","OAK FOREST 0.6 N, IL US","2020-06-05",,,,,,
"US1ILCK0306","OAK FOREST 0.6 N, IL US","2020-06-06",,,,,,
"US1ILCK0306","OAK FOREST 0.6 N, IL US","2020-06-07",,,,,,
"US1ILCK0306","OAK FOREST 0.6 N, IL US","2020-06-08",,,,,,
"US1ILCK0306","OAK FOREST 0.6 N, IL US","2020-06-09",,,,,,
"US1ILCK0306","OAK FOREST 0.6 N, IL US","2020-06-10",,,,,,
"US1ILCK0306","OAK FOREST 0.6 N, IL US","2020-06-11",,,,,,
"US1ILCK0306","OAK FOREST 0.6 N, IL US","2020-06-12",,,,,,
"US1ILCK0306","OAK FOREST 0.6 N, IL US","2020-06-13",,,,,,
"US1ILCK0306","OAK FOREST 0.6 N, IL US","2020-06-14",,,,,,
"US1ILCK0306","OAK FOREST 0.6 N, IL US","2020-06-15",,,,,,
"US1ILCK0306","OAK FOREST 0.6 N, IL US","2020-06-16",,,,,,
"US1ILCK0306","OAK FOREST 0.6 N, IL US","2020-06-17",,,,,,
"US1ILCK0306","OAK FOREST 0.6 N, IL US","2020-06-18",,,,,,
"US1ILCK0306","OAK FOREST 0.6 N, IL US","2020-06-19",,,,,,
"US1ILCK0306","OAK FOREST 0.6 N, IL US","2020-06-20",,,,,,
"US1ILCK0306","OAK FOREST 0.6 N, IL US","2020-06-21",,,,,,
"US1ILCK0306","OAK FOREST 0.6 N, IL US","2020-06-22",,,,,,
"US1ILCK0306","OAK FOREST 0.6 N, IL US","2020-06-23",,,,,,
"US1ILCK0306","OAK FOREST 0.6 N, IL US","2020-06-24",,,,,,
"US1ILCK0306","OAK FOREST 0.6 N, IL US","2020-06-25",,,,,,
"US1ILCK0306","OAK FOREST 0.6 N, IL US","2020-06-26",,,,,,
"US1ILCK0306","OAK FOREST 0.6 N, IL US","2020-06-27",,,,,,
"US1ILCK0306","OAK FOREST 0.6 N, IL US","2020-06-28",,,,,,
"US1ILCK0306","OAK FOREST 0.6 N, IL US","2020-06-29",,,,,,
"US1ILCK0306","OAK FOREST 0.6 N, IL US","2020-06-30",,,,,,
"US1ILCK0306","OAK FOREST 0.6 N, IL US","2020-07-01",,,,,,
"US1ILCK0306","OAK FOREST 0.6 N, IL US","2020-07-02",,,,,,
"US1ILCK0306","OAK FOREST 0.6 N, IL US","2020-07-03",,,,,,
"US1ILCK0306","OAK FOREST 0.6 N, IL US","2020-07-04",,,,,,
"US1ILCK0306","OAK FOREST 0.6 N, IL US","2020-07-05",,,,,,
"US1ILCK0306","OAK FOREST 0.6 N, IL US","2020-07-06",,,,,,
"US1ILCK0306","OAK FOREST 0.6 N, IL US","2020-07-07",,,,,,
"US1ILCK0306","OAK FOREST 0.6 N, IL US","2020-07-08",,,,,,
"US1ILCK0306","OAK FOREST 0.6 N, IL US","2020-07-09",,,,,,
"US1ILCK0306","OAK FOREST 0.6 N, IL US","2020-07-10",,,,,,
"US1ILCK0306","OAK FOREST 0.6 N, IL US","2020-07-11",,,,,,
"US1ILCK0306","OAK FOREST 0.6 N, IL US","2020-07-12",,,,,,
"US1ILCK0306","OAK FOREST 0.6 N, IL US","2020-07-13",,,,,,
"US1ILCK0306","OAK FOREST 0.6 N, IL US","2020-07-14",,,,,,
"US1ILCK0306","OAK FOREST 0.6 N, IL US","2020-07-15",,,,,,
"US1ILCK0306","OAK FOREST 0.6 N, IL US","2020-07-16",,,,,,
"US1ILCK0306","OAK FOREST 0.6 N, IL US","2020-07-17",,,,,,
"US1ILCK0306","OAK FOREST 0.6 N, IL US","2020-07-18",,,,,,
"US1ILCK0306","OAK FOREST 0.6 N, IL US","2020-07-19",,,,,,
"US1ILCK0306","OAK FOREST 0.6 N, IL US","2020-07-20",,,,,,
"US1ILCK0306","OAK FOREST 0.6 N, IL US","2020-07-21",,,,,,
"US1ILCK0306","OAK FOREST 0.6 N, IL US","2020-07-22",,,,,,
"US1ILCK0306","OAK FOREST 0.6 N, IL US","2020-07-23",,,,,,
"US1ILCK0306","OAK FOREST 0.6 N, IL US","2020-07-24",,,,,,
"US1ILCK0306","OAK FOREST 0.6 N, IL US","2020-07-25",,,,,,
"US1ILCK0306","OAK FOREST 0.6 N, IL US","2020-07-26",,,,,,
"US1ILCK0306","OAK FOREST 0.6 N, IL US","2020-07-27",,,,,,
"US1ILCK0306","OAK FOREST 0.6 N, IL US","2020-07-28",,,,,,
"US1ILCK0306","OAK FOREST 0.6 N, IL US","2020-07-29",,,,,,
"US1ILCK0306","OAK FOREST 0.6 N, IL US","2020-07-30",,,,,,
"US1ILCK0306","OAK FOREST 0.6 N, IL US","2020-07-31",,,,,,
"US1ILCK0306","OAK FOREST 0.6 N, IL US","2020-08-02",,,,,,
"US1ILCK0306","OAK FOREST 0.6 N, IL US","2020-08-03",,,,,,
"US1ILCK0306","OAK FOREST 0.6 N, IL US","2020-08-04",,,,,,
"US1ILCK0306","OAK FOREST 0.6 N, IL US","2020-08-05",,,,,,
"US1ILCK0306","OAK FOREST 0.6 N, IL US","2020-08-06",,,,,,
"US1ILCK0306","OAK FOREST 0.6 N, IL US","2020-08-07",,,,,,
"US1ILCK0306","OAK FOREST 0.6 N, IL US","2020-08-08",,,,,,
"US1ILCK0306","OAK FOREST 0.6 N, IL US","2020-08-09",,,,,,
"US1ILCK0306","OAK FOREST 0.6 N, IL US","2020-08-10",,,,,,
"US1ILCK0306","OAK FOREST 0.6 N, IL US","2020-08-11",,,,,,
"US1ILCK0306","OAK FOREST 0.6 N, IL US","2020-08-12",,,,,,
"US1ILCK0306","OAK FOREST 0.6 N, IL US","2020-08-13",,,,,,
"US1ILCK0306","OAK FOREST 0.6 N, IL US","2020-08-14",,,,,,
"US1ILCK0306","OAK FOREST 0.6 N, IL US","2020-08-15",,,,,,
"US1ILCK0306","OAK FOREST 0.6 N, IL US","2020-08-16",,,,,,
"US1ILCK0306","OAK FOREST 0.6 N, IL US","2020-08-17",,,,,,
"US1ILCK0306","OAK FOREST 0.6 N, IL US","2020-08-18",,,,,,
"US1ILCK0306","OAK FOREST 0.6 N, IL US","2020-08-19",,,,,,
"US1ILCK0306","OAK FOREST 0.6 N, IL US","2020-08-20",,,,,,
"US1ILCK0306","OAK FOREST 0.6 N, IL US","2020-08-21",,,,,,
"US1ILCK0306","OAK FOREST 0.6 N, IL US","2020-08-22",,,,,,
"US1ILCK0306","OAK FOREST 0.6 N, IL US","2020-08-23",,,,,,
"US1ILCK0306","OAK FOREST 0.6 N, IL US","2020-08-24",,,,,,
"US1ILCK0306","OAK FOREST 0.6 N, IL US","2020-08-25",,,,,,
"US1ILCK0306","OAK FOREST 0.6 N, IL US","2020-08-26",,,,,,
"US1ILCK0306","OAK FOREST 0.6 N, IL US","2020-08-27",,,,,,
"US1ILCK0306","OAK FOREST 0.6 N, IL US","2020-08-28",,,,,,
"US1ILCK0306","OAK FOREST 0.6 N, IL US","2020-08-29",,,,,,
"US1ILCK0306","OAK FOREST 0.6 N, IL US","2020-08-30",,,,,,
"US1ILCK0306","OAK FOREST 0.6 N, IL US","2020-08-31",,,,,,
"US1ILCK0306","OAK FOREST 0.6 N, IL US","2020-09-01",,,,,,
"US1ILCK0306","OAK FOREST 0.6 N, IL US","2020-09-02",,,,,,
"US1ILCK0306","OAK FOREST 0.6 N, IL US","2020-09-03",,,,,,
"US1ILCK0306","OAK FOREST 0.6 N, IL US","2020-09-04",,,,,,
"US1ILCK0306","OAK FOREST 0.6 N, IL US","2020-09-05",,,,,,
"US1ILCK0306","OAK FOREST 0.6 N, IL US","2020-09-06",,,,,,
"US1ILCK0306","OAK FOREST 0.6 N, IL US","2020-09-07",,,,,,
"US1ILCK0306","OAK FOREST 0.6 N, IL US","2020-09-08",,,,,,
"US1ILCK0148","OAK LAWN 1.9 SE, IL US","2019-10-01",,,,,,
"US1ILCK0148","OAK LAWN 1.9 SE, IL US","2019-10-02",,,,,,
"US1ILCK0148","OAK LAWN 1.9 SE, IL US","2019-10-03",,,,,,
"US1ILCK0148","OAK LAWN 1.9 SE, IL US","2019-10-04",,,,,,
"US1ILCK0148","OAK LAWN 1.9 SE, IL US","2019-10-05",,,,,,
"US1ILCK0148","OAK LAWN 1.9 SE, IL US","2019-10-06",,,,,,
"US1ILCK0148","OAK LAWN 1.9 SE, IL US","2019-10-07",,,,,,
"US1ILCK0148","OAK LAWN 1.9 SE, IL US","2019-10-08",,,,,,
"US1ILCK0148","OAK LAWN 1.9 SE, IL US","2019-10-09",,,,,,
"US1ILCK0148","OAK LAWN 1.9 SE, IL US","2019-10-10",,,,,,
"US1ILCK0148","OAK LAWN 1.9 SE, IL US","2019-10-11",,,,,,
"US1ILCK0148","OAK LAWN 1.9 SE, IL US","2019-10-12",,,,,,
"US1ILCK0148","OAK LAWN 1.9 SE, IL US","2019-10-13",,,,,,
"US1ILCK0148","OAK LAWN 1.9 SE, IL US","2019-10-14",,,,,,
"US1ILCK0148","OAK LAWN 1.9 SE, IL US","2019-10-15",,,,,,
"US1ILCK0148","OAK LAWN 1.9 SE, IL US","2019-10-16",,,,,,
"US1ILCK0148","OAK LAWN 1.9 SE, IL US","2019-10-17",,,,,,
"US1ILCK0148","OAK LAWN 1.9 SE, IL US","2019-10-18",,,,,,
"US1ILCK0148","OAK LAWN 1.9 SE, IL US","2019-10-19",,,,,,
"US1ILCK0148","OAK LAWN 1.9 SE, IL US","2019-10-20",,,,,,
"US1ILCK0148","OAK LAWN 1.9 SE, IL US","2019-10-21",,,,,,
"US1ILCK0148","OAK LAWN 1.9 SE, IL US","2019-10-22",,,,,,
"US1ILCK0148","OAK LAWN 1.9 SE, IL US","2019-10-23",,,,,,
"US1ILCK0148","OAK LAWN 1.9 SE, IL US","2019-10-24",,,,,,
"US1ILCK0148","OAK LAWN 1.9 SE, IL US","2019-10-25",,,,,,
"US1ILCK0148","OAK LAWN 1.9 SE, IL US","2019-10-27",,,,,,
"US1ILCK0148","OAK LAWN 1.9 SE, IL US","2019-10-28",,,,,,
"US1ILCK0148","OAK LAWN 1.9 SE, IL US","2019-10-29",,,,,,
"US1ILCK0148","OAK LAWN 1.9 SE, IL US","2019-10-30",,,,,,
"US1ILCK0148","OAK LAWN 1.9 SE, IL US","2019-10-31",,,,,,
"US1ILCK0148","OAK LAWN 1.9 SE, IL US","2019-11-03",,,,,,
"US1ILCK0148","OAK LAWN 1.9 SE, IL US","2019-11-04",,,,,,
"US1ILCK0148","OAK LAWN 1.9 SE, IL US","2019-11-05",,,,,,
"US1ILCK0148","OAK LAWN 1.9 SE, IL US","2019-11-06",,,,,,
"US1ILCK0148","OAK LAWN 1.9 SE, IL US","2019-11-07",,,,,,
"US1ILCK0148","OAK LAWN 1.9 SE, IL US","2019-11-08",,,,,,
"US1ILCK0148","OAK LAWN 1.9 SE, IL US","2019-11-09",,,,,,
"US1ILCK0148","OAK LAWN 1.9 SE, IL US","2019-11-10",,,,,,
"US1ILCK0148","OAK LAWN 1.9 SE, IL US","2019-11-13",,,,,,
"US1ILCK0148","OAK LAWN 1.9 SE, IL US","2019-11-15",,,,,,
"US1ILCK0148","OAK LAWN 1.9 SE, IL US","2019-11-16",,,,,,
"US1ILCK0148","OAK LAWN 1.9 SE, IL US","2019-11-17",,,,,,
"US1ILCK0148","OAK LAWN 1.9 SE, IL US","2019-11-19",,,,,,
"US1ILCK0148","OAK LAWN 1.9 SE, IL US","2019-11-22",,,,,,
"US1ILCK0148","OAK LAWN 1.9 SE, IL US","2019-11-23",,,,,,
"US1ILCK0148","OAK LAWN 1.9 SE, IL US","2019-11-24",,,,,,
"US1ILCK0148","OAK LAWN 1.9 SE, IL US","2019-11-25",,,,,,
"US1ILCK0148","OAK LAWN 1.9 SE, IL US","2019-11-26",,,,,,
"US1ILCK0148","OAK LAWN 1.9 SE, IL US","2019-11-27",,,,,,
"US1ILCK0148","OAK LAWN 1.9 SE, IL US","2019-11-28",,,,,,
"US1ILCK0148","OAK LAWN 1.9 SE, IL US","2019-11-29",,,,,,
"US1ILCK0148","OAK LAWN 1.9 SE, IL US","2019-11-30",,,,,,
"US1ILCK0148","OAK LAWN 1.9 SE, IL US","2019-12-01",,,,,,
"US1ILCK0148","OAK LAWN 1.9 SE, IL US","2019-12-02",,,,,,
"US1ILCK0148","OAK LAWN 1.9 SE, IL US","2019-12-03",,,,,,
"US1ILCK0148","OAK LAWN 1.9 SE, IL US","2019-12-04",,,,,,
"US1ILCK0148","OAK LAWN 1.9 SE, IL US","2019-12-05",,,,,,
"US1ILCK0148","OAK LAWN 1.9 SE, IL US","2019-12-06",,,,,,
"US1ILCK0148","OAK LAWN 1.9 SE, IL US","2019-12-07",,,,,,
"US1ILCK0148","OAK LAWN 1.9 SE, IL US","2019-12-08",,,,,,
"US1ILCK0148","OAK LAWN 1.9 SE, IL US","2019-12-09",,,,,,
"US1ILCK0148","OAK LAWN 1.9 SE, IL US","2019-12-10",,,,,,
"US1ILCK0148","OAK LAWN 1.9 SE, IL US","2019-12-28",,,,,,
"US1ILCK0148","OAK LAWN 1.9 SE, IL US","2019-12-29",,,,,,
"US1ILCK0148","OAK LAWN 1.9 SE, IL US","2019-12-30",,,,,,
"US1ILCK0148","OAK LAWN 1.9 SE, IL US","2020-01-04",,,,,,
"US1ILCK0148","OAK LAWN 1.9 SE, IL US","2020-01-10",,,,,,
"US1ILCK0148","OAK LAWN 1.9 SE, IL US","2020-01-11",,,,,,
"US1ILCK0148","OAK LAWN 1.9 SE, IL US","2020-03-04",,,,,,
"US1ILCK0148","OAK LAWN 1.9 SE, IL US","2020-03-05",,,,,,
"US1ILCK0148","OAK LAWN 1.9 SE, IL US","2020-03-07",,,,,,
"US1ILCK0148","OAK LAWN 1.9 SE, IL US","2020-03-09",,,,,,
"US1ILCK0148","OAK LAWN 1.9 SE, IL US","2020-03-10",,,,,,
"US1ILCK0148","OAK LAWN 1.9 SE, IL US","2020-03-11",,,,,,
"US1ILCK0148","OAK LAWN 1.9 SE, IL US","2020-03-12",,,,,,
"US1ILCK0148","OAK LAWN 1.9 SE, IL US","2020-03-13",,,,,,
"US1ILCK0148","OAK LAWN 1.9 SE, IL US","2020-03-14",,,,,,
"US1ILCK0148","OAK LAWN 1.9 SE, IL US","2020-03-16",,,,,,
"US1ILCK0148","OAK LAWN 1.9 SE, IL US","2020-03-17",,,,,,
"US1ILCK0148","OAK LAWN 1.9 SE, IL US","2020-03-18",,,,,,
"US1ILCK0148","OAK LAWN 1.9 SE, IL US","2020-03-19",,,,,,
"US1ILCK0148","OAK LAWN 1.9 SE, IL US","2020-03-20",,,,,,
"US1ILCK0148","OAK LAWN 1.9 SE, IL US","2020-03-21",,,,,,
"US1ILCK0148","OAK LAWN 1.9 SE, IL US","2020-03-24",,,,,,
"US1ILCK0148","OAK LAWN 1.9 SE, IL US","2020-03-25",,,,,,
"US1ILCK0148","OAK LAWN 1.9 SE, IL US","2020-03-26",,,,,,
"US1ILCK0148","OAK LAWN 1.9 SE, IL US","2020-03-27",,,,,,
"US1ILCK0148","OAK LAWN 1.9 SE, IL US","2020-03-28",,,,,,
"US1ILCK0148","OAK LAWN 1.9 SE, IL US","2020-03-29",,,,,,
"US1ILCK0148","OAK LAWN 1.9 SE, IL US","2020-03-30",,,,,,
"US1ILCK0148","OAK LAWN 1.9 SE, IL US","2020-03-31",,,,,,
"US1ILCK0148","OAK LAWN 1.9 SE, IL US","2020-04-01",,,,,,
"US1ILCK0148","OAK LAWN 1.9 SE, IL US","2020-04-03",,,,,,
"US1ILCK0148","OAK LAWN 1.9 SE, IL US","2020-04-04",,,,,,
"US1ILCK0148","OAK LAWN 1.9 SE, IL US","2020-04-05",,,,,,
"US1ILCK0148","OAK LAWN 1.9 SE, IL US","2020-04-06",,,,,,
"US1ILCK0148","OAK LAWN 1.9 SE, IL US","2020-04-07",,,,,,
"US1ILCK0148","OAK LAWN 1.9 SE, IL US","2020-04-08",,,,,,
"US1ILCK0148","OAK LAWN 1.9 SE, IL US","2020-04-09",,,,,,
"US1ILCK0148","OAK LAWN 1.9 SE, IL US","2020-04-10",,,,,,
"US1ILCK0148","OAK LAWN 1.9 SE, IL US","2020-04-11",,,,,,
"US1ILCK0148","OAK LAWN 1.9 SE, IL US","2020-04-12",,,,,,
"US1ILCK0148","OAK LAWN 1.9 SE, IL US","2020-04-13",,,,,,
"US1ILCK0148","OAK LAWN 1.9 SE, IL US","2020-04-14",,,,,,
"US1ILCK0148","OAK LAWN 1.9 SE, IL US","2020-04-15",,,,,,
"US1ILCK0148","OAK LAWN 1.9 SE, IL US","2020-04-16",,,,,,
"US1ILCK0148","OAK LAWN 1.9 SE, IL US","2020-04-18",,,,,,
"US1ILCK0148","OAK LAWN 1.9 SE, IL US","2020-04-19",,,,,,
"US1ILCK0148","OAK LAWN 1.9 SE, IL US","2020-04-20",,,,,,
"US1ILCK0148","OAK LAWN 1.9 SE, IL US","2020-04-21",,,,,,
"US1ILCK0148","OAK LAWN 1.9 SE, IL US","2020-04-22",,,,,,
"US1ILCK0148","OAK LAWN 1.9 SE, IL US","2020-04-23",,,,,,
"US1ILCK0148","OAK LAWN 1.9 SE, IL US","2020-04-24",,,,,,
"US1ILCK0148","OAK LAWN 1.9 SE, IL US","2020-04-25",,,,,,
"US1ILCK0148","OAK LAWN 1.9 SE, IL US","2020-04-26",,,,,,
"US1ILCK0148","OAK LAWN 1.9 SE, IL US","2020-04-27",,,,,,
"US1ILCK0148","OAK LAWN 1.9 SE, IL US","2020-04-28",,,,,,
"US1ILCK0148","OAK LAWN 1.9 SE, IL US","2020-04-29",,,,,,
"US1ILCK0148","OAK LAWN 1.9 SE, IL US","2020-04-30",,,,,,
"US1ILCK0148","OAK LAWN 1.9 SE, IL US","2020-05-01",,,,,,
"US1ILCK0148","OAK LAWN 1.9 SE, IL US","2020-05-02",,,,,,
"US1ILCK0148","OAK LAWN 1.9 SE, IL US","2020-05-03",,,,,,
"US1ILCK0148","OAK LAWN 1.9 SE, IL US","2020-05-04",,,,,,
"US1ILCK0148","OAK LAWN 1.9 SE, IL US","2020-05-05",,,,,,
"US1ILCK0148","OAK LAWN 1.9 SE, IL US","2020-05-06",,,,,,
"US1ILCK0148","OAK LAWN 1.9 SE, IL US","2020-05-07",,,,,,
"US1ILCK0148","OAK LAWN 1.9 SE, IL US","2020-05-08",,,,,,
"US1ILCK0148","OAK LAWN 1.9 SE, IL US","2020-05-09",,,,,,
"US1ILCK0148","OAK LAWN 1.9 SE, IL US","2020-05-10",,,,,,
"US1ILCK0148","OAK LAWN 1.9 SE, IL US","2020-05-11",,,,,,
"US1ILCK0148","OAK LAWN 1.9 SE, IL US","2020-05-12",,,,,,
"US1ILCK0148","OAK LAWN 1.9 SE, IL US","2020-05-13",,,,,,
"US1ILCK0148","OAK LAWN 1.9 SE, IL US","2020-05-14",,,,,,
"US1ILCK0148","OAK LAWN 1.9 SE, IL US","2020-05-15",,,,,,
"US1ILCK0148","OAK LAWN 1.9 SE, IL US","2020-05-16",,,,,,
"US1ILCK0148","OAK LAWN 1.9 SE, IL US","2020-05-17",,,,,,
"US1ILCK0148","OAK LAWN 1.9 SE, IL US","2020-05-18",,,,,,
"US1ILCK0148","OAK LAWN 1.9 SE, IL US","2020-05-19",,,,,,
"US1ILCK0148","OAK LAWN 1.9 SE, IL US","2020-05-20",,,,,,
"US1ILCK0148","OAK LAWN 1.9 SE, IL US","2020-05-21",,,,,,
"US1ILCK0148","OAK LAWN 1.9 SE, IL US","2020-05-22",,,,,,
"US1ILCK0148","OAK LAWN 1.9 SE, IL US","2020-05-23",,,,,,
"US1ILCK0148","OAK LAWN 1.9 SE, IL US","2020-05-24",,,,,,
"US1ILCK0148","OAK LAWN 1.9 SE, IL US","2020-05-25",,,,,,
"US1ILCK0148","OAK LAWN 1.9 SE, IL US","2020-05-26",,,,,,
"US1ILCK0148","OAK LAWN 1.9 SE, IL US","2020-05-27",,,,,,
"US1ILCK0148","OAK LAWN 1.9 SE, IL US","2020-05-28",,,,,,
"US1ILCK0148","OAK LAWN 1.9 SE, IL US","2020-05-29",,,,,,
"US1ILCK0148","OAK LAWN 1.9 SE, IL US","2020-05-30",,,,,,
"US1ILCK0148","OAK LAWN 1.9 SE, IL US","2020-05-31",,,,,,
"US1ILCK0148","OAK LAWN 1.9 SE, IL US","2020-06-01",,,,,,
"US1ILCK0148","OAK LAWN 1.9 SE, IL US","2020-06-02",,,,,,
"US1ILCK0148","OAK LAWN 1.9 SE, IL US","2020-06-03",,,,,,
"US1ILCK0148","OAK LAWN 1.9 SE, IL US","2020-06-04",,,,,,
"US1ILCK0148","OAK LAWN 1.9 SE, IL US","2020-06-05",,,,,,
"US1ILCK0148","OAK LAWN 1.9 SE, IL US","2020-06-06",,,,,,
"US1ILCK0148","OAK LAWN 1.9 SE, IL US","2020-06-07",,,,,,
"US1ILCK0148","OAK LAWN 1.9 SE, IL US","2020-06-08",,,,,,
"US1ILCK0148","OAK LAWN 1.9 SE, IL US","2020-06-09",,,,,,
"US1ILCK0148","OAK LAWN 1.9 SE, IL US","2020-06-10",,,,,,
"US1ILCK0148","OAK LAWN 1.9 SE, IL US","2020-06-11",,,,,,
"US1ILCK0148","OAK LAWN 1.9 SE, IL US","2020-06-12",,,,,,
"US1ILCK0148","OAK LAWN 1.9 SE, IL US","2020-06-13",,,,,,
"US1ILCK0148","OAK LAWN 1.9 SE, IL US","2020-06-14",,,,,,
"US1ILCK0148","OAK LAWN 1.9 SE, IL US","2020-06-15",,,,,,
"US1ILCK0148","OAK LAWN 1.9 SE, IL US","2020-06-16",,,,,,
"US1ILCK0148","OAK LAWN 1.9 SE, IL US","2020-06-17",,,,,,
"US1ILCK0148","OAK LAWN 1.9 SE, IL US","2020-06-18",,,,,,
"US1ILCK0148","OAK LAWN 1.9 SE, IL US","2020-06-19",,,,,,
"US1ILCK0148","OAK LAWN 1.9 SE, IL US","2020-06-20",,,,,,
"US1ILCK0148","OAK LAWN 1.9 SE, IL US","2020-06-21",,,,,,
"US1ILCK0148","OAK LAWN 1.9 SE, IL US","2020-06-22",,,,,,
"US1ILCK0148","OAK LAWN 1.9 SE, IL US","2020-06-23",,,,,,
"US1ILCK0148","OAK LAWN 1.9 SE, IL US","2020-06-25",,,,,,
"US1ILCK0148","OAK LAWN 1.9 SE, IL US","2020-06-26",,,,,,
"US1ILCK0148","OAK LAWN 1.9 SE, IL US","2020-06-27",,,,,,
"US1ILCK0148","OAK LAWN 1.9 SE, IL US","2020-06-28",,,,,,
"US1ILCK0148","OAK LAWN 1.9 SE, IL US","2020-06-29",,,,,,
"US1ILCK0148","OAK LAWN 1.9 SE, IL US","2020-06-30",,,,,,
"US1ILCK0148","OAK LAWN 1.9 SE, IL US","2020-07-01",,,,,,
"US1ILCK0148","OAK LAWN 1.9 SE, IL US","2020-07-02",,,,,,
"US1ILCK0148","OAK LAWN 1.9 SE, IL US","2020-07-03",,,,,,
"US1ILCK0148","OAK LAWN 1.9 SE, IL US","2020-07-04",,,,,,
"US1ILCK0148","OAK LAWN 1.9 SE, IL US","2020-07-05",,,,,,
"US1ILCK0148","OAK LAWN 1.9 SE, IL US","2020-07-06",,,,,,
"US1ILCK0148","OAK LAWN 1.9 SE, IL US","2020-07-07",,,,,,
"US1ILCK0148","OAK LAWN 1.9 SE, IL US","2020-07-08",,,,,,
"US1ILCK0148","OAK LAWN 1.9 SE, IL US","2020-07-09",,,,,,
"US1ILCK0148","OAK LAWN 1.9 SE, IL US","2020-07-10",,,,,,
"US1ILCK0148","OAK LAWN 1.9 SE, IL US","2020-07-11",,,,,,
"US1ILCK0148","OAK LAWN 1.9 SE, IL US","2020-07-12",,,,,,
"US1ILCK0148","OAK LAWN 1.9 SE, IL US","2020-07-13",,,,,,
"US1ILCK0148","OAK LAWN 1.9 SE, IL US","2020-07-14",,,,,,
"US1ILCK0148","OAK LAWN 1.9 SE, IL US","2020-07-15",,,,,,
"US1ILCK0148","OAK LAWN 1.9 SE, IL US","2020-07-16",,,,,,
"US1ILCK0148","OAK LAWN 1.9 SE, IL US","2020-07-17",,,,,,
"US1ILCK0148","OAK LAWN 1.9 SE, IL US","2020-07-18",,,,,,
"US1ILCK0148","OAK LAWN 1.9 SE, IL US","2020-07-20",,,,,,
"US1ILCK0148","OAK LAWN 1.9 SE, IL US","2020-07-21",,,,,,
"US1ILCK0148","OAK LAWN 1.9 SE, IL US","2020-07-22",,,,,,
"US1ILCK0148","OAK LAWN 1.9 SE, IL US","2020-07-23",,,,,,
"US1ILCK0148","OAK LAWN 1.9 SE, IL US","2020-07-25",,,,,,
"US1ILCK0148","OAK LAWN 1.9 SE, IL US","2020-07-26",,,,,,
"US1ILCK0148","OAK LAWN 1.9 SE, IL US","2020-07-27",,,,,,
"US1ILCK0148","OAK LAWN 1.9 SE, IL US","2020-07-29",,,,,,
"US1ILCK0148","OAK LAWN 1.9 SE, IL US","2020-07-30",,,,,,
"US1ILCK0148","OAK LAWN 1.9 SE, IL US","2020-07-31",,,,,,
"US1ILCK0148","OAK LAWN 1.9 SE, IL US","2020-08-01",,,,,,
"US1ILCK0148","OAK LAWN 1.9 SE, IL US","2020-08-02",,,,,,
"US1ILCK0148","OAK LAWN 1.9 SE, IL US","2020-08-03",,,,,,
"US1ILCK0148","OAK LAWN 1.9 SE, IL US","2020-08-04",,,,,,
"US1ILCK0148","OAK LAWN 1.9 SE, IL US","2020-08-05",,,,,,
"US1ILCK0148","OAK LAWN 1.9 SE, IL US","2020-08-08",,,,,,
"US1ILCK0148","OAK LAWN 1.9 SE, IL US","2020-08-09",,,,,,
"US1ILCK0148","OAK LAWN 1.9 SE, IL US","2020-08-10",,,,,,
"US1ILCK0148","OAK LAWN 1.9 SE, IL US","2020-08-11",,,,,,
"US1ILCK0148","OAK LAWN 1.9 SE, IL US","2020-08-12",,,,,,
"US1ILCK0148","OAK LAWN 1.9 SE, IL US","2020-08-13",,,,,,
"US1ILCK0148","OAK LAWN 1.9 SE, IL US","2020-08-14",,,,,,
"US1ILCK0148","OAK LAWN 1.9 SE, IL US","2020-08-15",,,,,,
"US1ILCK0148","OAK LAWN 1.9 SE, IL US","2020-08-16",,,,,,
"US1ILCK0148","OAK LAWN 1.9 SE, IL US","2020-08-17",,,,,,
"US1ILCK0148","OAK LAWN 1.9 SE, IL US","2020-08-18",,,,,,
"US1ILCK0148","OAK LAWN 1.9 SE, IL US","2020-08-19",,,,,,
"US1ILCK0148","OAK LAWN 1.9 SE, IL US","2020-08-20",,,,,,
"US1ILCK0148","OAK LAWN 1.9 SE, IL US","2020-08-21",,,,,,
"US1ILCK0148","OAK LAWN 1.9 SE, IL US","2020-08-22",,,,,,
"US1ILCK0148","OAK LAWN 1.9 SE, IL US","2020-08-23",,,,,,
"US1ILCK0148","OAK LAWN 1.9 SE, IL US","2020-08-24",,,,,,
"US1ILCK0148","OAK LAWN 1.9 SE, IL US","2020-08-25",,,,,,
"US1ILCK0148","OAK LAWN 1.9 SE, IL US","2020-08-26",,,,,,
"US1ILCK0148","OAK LAWN 1.9 SE, IL US","2020-08-27",,,,,,
"US1ILCK0148","OAK LAWN 1.9 SE, IL US","2020-08-28",,,,,,
"US1ILCK0148","OAK LAWN 1.9 SE, IL US","2020-08-29",,,,,,
"US1ILCK0148","OAK LAWN 1.9 SE, IL US","2020-08-30",,,,,,
"US1ILCK0148","OAK LAWN 1.9 SE, IL US","2020-08-31",,,,,,
"US1ILCK0148","OAK LAWN 1.9 SE, IL US","2020-09-01",,,,,,
"US1ILCK0148","OAK LAWN 1.9 SE, IL US","2020-09-02",,,,,,
"US1ILCK0148","OAK LAWN 1.9 SE, IL US","2020-09-03",,,,,,
"US1ILCK0148","OAK LAWN 1.9 SE, IL US","2020-09-04",,,,,,
"US1ILCK0148","OAK LAWN 1.9 SE, IL US","2020-09-06",,,,,,
"US1ILCK0148","OAK LAWN 1.9 SE, IL US","2020-09-07",,,,,,
"US1ILCK0148","OAK LAWN 1.9 SE, IL US","2020-09-08",,,,,,
"US1ILCK0149","OAK LAWN 0.5 SSW, IL US","2019-10-01",,,,,,
"US1ILCK0149","OAK LAWN 0.5 SSW, IL US","2019-10-02",,,,,,
"US1ILCK0149","OAK LAWN 0.5 SSW, IL US","2019-10-03",,,,,,
"US1ILCK0149","OAK LAWN 0.5 SSW, IL US","2019-10-04",,,,,,
"US1ILCK0149","OAK LAWN 0.5 SSW, IL US","2019-10-05",,,,,,
"US1ILCK0149","OAK LAWN 0.5 SSW, IL US","2019-10-06",,,,,,
"US1ILCK0149","OAK LAWN 0.5 SSW, IL US","2019-10-07",,,,,,
"US1ILCK0149","OAK LAWN 0.5 SSW, IL US","2019-10-08",,,,,,
"US1ILCK0149","OAK LAWN 0.5 SSW, IL US","2019-10-09",,,,,,
"US1ILCK0149","OAK LAWN 0.5 SSW, IL US","2019-10-10",,,,,,
"US1ILCK0149","OAK LAWN 0.5 SSW, IL US","2019-10-11",,,,,,
"US1ILCK0149","OAK LAWN 0.5 SSW, IL US","2019-10-13",,,,,,
"US1ILCK0149","OAK LAWN 0.5 SSW, IL US","2019-10-14",,,,,,
"US1ILCK0149","OAK LAWN 0.5 SSW, IL US","2019-10-15",,,,,,
"US1ILCK0149","OAK LAWN 0.5 SSW, IL US","2019-10-16",,,,,,
"US1ILCK0149","OAK LAWN 0.5 SSW, IL US","2019-10-17",,,,,,
"US1ILCK0149","OAK LAWN 0.5 SSW, IL US","2019-10-18",,,,,,
"US1ILCK0149","OAK LAWN 0.5 SSW, IL US","2019-10-19",,,,,,
"US1ILCK0149","OAK LAWN 0.5 SSW, IL US","2019-10-20",,,,,,
"US1ILCK0149","OAK LAWN 0.5 SSW, IL US","2019-10-21",,,,,,
"US1ILCK0149","OAK LAWN 0.5 SSW, IL US","2019-10-22",,,,,,
"US1ILCK0149","OAK LAWN 0.5 SSW, IL US","2019-10-23",,,,,,
"US1ILCK0149","OAK LAWN 0.5 SSW, IL US","2019-10-24",,,,,,
"US1ILCK0149","OAK LAWN 0.5 SSW, IL US","2019-10-25",,,,,,
"US1ILCK0149","OAK LAWN 0.5 SSW, IL US","2019-10-26",,,,,,
"US1ILCK0149","OAK LAWN 0.5 SSW, IL US","2019-10-27",,,,,,
"US1ILCK0149","OAK LAWN 0.5 SSW, IL US","2019-10-28",,,,,,
"US1ILCK0149","OAK LAWN 0.5 SSW, IL US","2019-10-29",,,,,,
"US1ILCK0149","OAK LAWN 0.5 SSW, IL US","2019-10-30",,,,,,
"US1ILCK0149","OAK LAWN 0.5 SSW, IL US","2019-10-31",,,,,,
"US1ILCK0149","OAK LAWN 0.5 SSW, IL US","2019-11-01",,,,,,
"US1ILCK0149","OAK LAWN 0.5 SSW, IL US","2019-11-02",,,,,,
"US1ILCK0149","OAK LAWN 0.5 SSW, IL US","2019-11-03",,,,,,
"US1ILCK0149","OAK LAWN 0.5 SSW, IL US","2019-11-04",,,,,,
"US1ILCK0149","OAK LAWN 0.5 SSW, IL US","2019-11-05",,,,,,
"US1ILCK0149","OAK LAWN 0.5 SSW, IL US","2019-11-06",,,,,,
"US1ILCK0149","OAK LAWN 0.5 SSW, IL US","2019-11-07",,,,,,
"US1ILCK0149","OAK LAWN 0.5 SSW, IL US","2019-11-08",,,,,,
"US1ILCK0149","OAK LAWN 0.5 SSW, IL US","2019-11-09",,,,,,
"US1ILCK0149","OAK LAWN 0.5 SSW, IL US","2019-11-10",,,,,,
"US1ILCK0149","OAK LAWN 0.5 SSW, IL US","2019-11-11",,,,,,
"US1ILCK0149","OAK LAWN 0.5 SSW, IL US","2019-11-12",,,,,,
"US1ILCK0149","OAK LAWN 0.5 SSW, IL US","2019-11-13",,,,,,
"US1ILCK0149","OAK LAWN 0.5 SSW, IL US","2019-11-14",,,,,,
"US1ILCK0149","OAK LAWN 0.5 SSW, IL US","2019-11-18",,,,,,
"US1ILCK0149","OAK LAWN 0.5 SSW, IL US","2019-11-19",,,,,,
"US1ILCK0149","OAK LAWN 0.5 SSW, IL US","2019-11-20",,,,,,
"US1ILCK0149","OAK LAWN 0.5 SSW, IL US","2019-11-25",,,,,,
"US1ILCK0149","OAK LAWN 0.5 SSW, IL US","2019-11-26",,,,,,
"US1ILCK0149","OAK LAWN 0.5 SSW, IL US","2019-11-27",,,,,,
"US1ILCK0149","OAK LAWN 0.5 SSW, IL US","2019-11-28",,,,,,
"US1ILCK0149","OAK LAWN 0.5 SSW, IL US","2019-12-01",,,,,,
"US1ILCK0149","OAK LAWN 0.5 SSW, IL US","2019-12-02",,,,,,
"US1ILCK0149","OAK LAWN 0.5 SSW, IL US","2019-12-03",,,,,,
"US1ILCK0149","OAK LAWN 0.5 SSW, IL US","2019-12-04",,,,,,
"US1ILCK0149","OAK LAWN 0.5 SSW, IL US","2019-12-05",,,,,,
"US1ILCK0149","OAK LAWN 0.5 SSW, IL US","2019-12-06",,,,,,
"US1ILCK0149","OAK LAWN 0.5 SSW, IL US","2019-12-07",,,,,,
"US1ILCK0149","OAK LAWN 0.5 SSW, IL US","2019-12-08",,,,,,
"US1ILCK0149","OAK LAWN 0.5 SSW, IL US","2019-12-09",,,,,,
"US1ILCK0149","OAK LAWN 0.5 SSW, IL US","2019-12-10",,,,,,
"US1ILCK0149","OAK LAWN 0.5 SSW, IL US","2019-12-11",,,,,,
"US1ILCK0149","OAK LAWN 0.5 SSW, IL US","2019-12-12",,,,,,
"US1ILCK0149","OAK LAWN 0.5 SSW, IL US","2019-12-13",,,,,,
"US1ILCK0149","OAK LAWN 0.5 SSW, IL US","2019-12-14",,,,,,
"US1ILCK0149","OAK LAWN 0.5 SSW, IL US","2019-12-15",,,,,,
"US1ILCK0149","OAK LAWN 0.5 SSW, IL US","2019-12-16",,,,,,
"US1ILCK0149","OAK LAWN 0.5 SSW, IL US","2019-12-17",,,,,,
"US1ILCK0149","OAK LAWN 0.5 SSW, IL US","2019-12-18",,,,,,
"US1ILCK0149","OAK LAWN 0.5 SSW, IL US","2019-12-19",,,,,,
"US1ILCK0149","OAK LAWN 0.5 SSW, IL US","2019-12-20",,,,,,
"US1ILCK0149","OAK LAWN 0.5 SSW, IL US","2019-12-21",,,,,,
"US1ILCK0149","OAK LAWN 0.5 SSW, IL US","2019-12-22",,,,,,
"US1ILCK0149","OAK LAWN 0.5 SSW, IL US","2019-12-23",,,,,,
"US1ILCK0149","OAK LAWN 0.5 SSW, IL US","2019-12-24",,,,,,
"US1ILCK0149","OAK LAWN 0.5 SSW, IL US","2019-12-25",,,,,,
"US1ILCK0149","OAK LAWN 0.5 SSW, IL US","2019-12-26",,,,,,
"US1ILCK0149","OAK LAWN 0.5 SSW, IL US","2019-12-27",,,,,,
"US1ILCK0149","OAK LAWN 0.5 SSW, IL US","2019-12-28",,,,,,
"US1ILCK0149","OAK LAWN 0.5 SSW, IL US","2019-12-29",,,,,,
"US1ILCK0149","OAK LAWN 0.5 SSW, IL US","2019-12-30",,,,,,
"US1ILCK0149","OAK LAWN 0.5 SSW, IL US","2019-12-31",,,,,,
"US1ILCK0149","OAK LAWN 0.5 SSW, IL US","2020-01-01",,,,,,
"US1ILCK0149","OAK LAWN 0.5 SSW, IL US","2020-01-02",,,,,,
"US1ILCK0149","OAK LAWN 0.5 SSW, IL US","2020-01-03",,,,,,
"US1ILCK0149","OAK LAWN 0.5 SSW, IL US","2020-01-04",,,,,,
"US1ILCK0149","OAK LAWN 0.5 SSW, IL US","2020-01-05",,,,,,
"US1ILCK0149","OAK LAWN 0.5 SSW, IL US","2020-01-06",,,,,,
"US1ILCK0149","OAK LAWN 0.5 SSW, IL US","2020-01-07",,,,,,
"US1ILCK0149","OAK LAWN 0.5 SSW, IL US","2020-01-08",,,,,,
"US1ILCK0149","OAK LAWN 0.5 SSW, IL US","2020-01-09",,,,,,
"US1ILCK0149","OAK LAWN 0.5 SSW, IL US","2020-01-10",,,,,,
"US1ILCK0149","OAK LAWN 0.5 SSW, IL US","2020-01-11",,,,,,
"US1ILCK0149","OAK LAWN 0.5 SSW, IL US","2020-01-12",,,,,,
"US1ILCK0149","OAK LAWN 0.5 SSW, IL US","2020-01-13",,,,,,
"US1ILCK0149","OAK LAWN 0.5 SSW, IL US","2020-01-14",,,,,,
"US1ILCK0149","OAK LAWN 0.5 SSW, IL US","2020-01-15",,,,,,
"US1ILCK0149","OAK LAWN 0.5 SSW, IL US","2020-01-16",,,,,,
"US1ILCK0149","OAK LAWN 0.5 SSW, IL US","2020-01-17",,,,,,
"US1ILCK0149","OAK LAWN 0.5 SSW, IL US","2020-01-18",,,,,,
"US1ILCK0149","OAK LAWN 0.5 SSW, IL US","2020-01-19",,,,,,
"US1ILCK0149","OAK LAWN 0.5 SSW, IL US","2020-01-20",,,,,,
"US1ILCK0149","OAK LAWN 0.5 SSW, IL US","2020-01-21",,,,,,
"US1ILCK0149","OAK LAWN 0.5 SSW, IL US","2020-01-22",,,,,,
"US1ILCK0149","OAK LAWN 0.5 SSW, IL US","2020-01-23",,,,,,
"US1ILCK0149","OAK LAWN 0.5 SSW, IL US","2020-01-24",,,,,,
"US1ILCK0149","OAK LAWN 0.5 SSW, IL US","2020-01-25",,,,,,
"US1ILCK0149","OAK LAWN 0.5 SSW, IL US","2020-01-26",,,,,,
"US1ILCK0149","OAK LAWN 0.5 SSW, IL US","2020-01-27",,,,,,
"US1ILCK0149","OAK LAWN 0.5 SSW, IL US","2020-01-28",,,,,,
"US1ILCK0149","OAK LAWN 0.5 SSW, IL US","2020-01-29",,,,,,
"US1ILCK0149","OAK LAWN 0.5 SSW, IL US","2020-01-30",,,,,,
"US1ILCK0149","OAK LAWN 0.5 SSW, IL US","2020-01-31",,,,,,
"US1ILCK0149","OAK LAWN 0.5 SSW, IL US","2020-02-01",,,,,,
"US1ILCK0149","OAK LAWN 0.5 SSW, IL US","2020-02-02",,,,,,
"US1ILCK0149","OAK LAWN 0.5 SSW, IL US","2020-02-03",,,,,,
"US1ILCK0149","OAK LAWN 0.5 SSW, IL US","2020-02-04",,,,,,
"US1ILCK0149","OAK LAWN 0.5 SSW, IL US","2020-02-05",,,,,,
"US1ILCK0149","OAK LAWN 0.5 SSW, IL US","2020-02-06",,,,,,
"US1ILCK0149","OAK LAWN 0.5 SSW, IL US","2020-02-07",,,,,,
"US1ILCK0149","OAK LAWN 0.5 SSW, IL US","2020-02-08",,,,,,
"US1ILCK0149","OAK LAWN 0.5 SSW, IL US","2020-02-09",,,,,,
"US1ILCK0149","OAK LAWN 0.5 SSW, IL US","2020-02-10",,,,,,
"US1ILCK0149","OAK LAWN 0.5 SSW, IL US","2020-02-11",,,,,,
"US1ILCK0149","OAK LAWN 0.5 SSW, IL US","2020-02-12",,,,,,
"US1ILCK0149","OAK LAWN 0.5 SSW, IL US","2020-02-13",,,,,,
"US1ILCK0149","OAK LAWN 0.5 SSW, IL US","2020-02-14",,,,,,
"US1ILCK0149","OAK LAWN 0.5 SSW, IL US","2020-02-15",,,,,,
"US1ILCK0149","OAK LAWN 0.5 SSW, IL US","2020-02-16",,,,,,
"US1ILCK0149","OAK LAWN 0.5 SSW, IL US","2020-02-17",,,,,,
"US1ILCK0149","OAK LAWN 0.5 SSW, IL US","2020-02-18",,,,,,
"US1ILCK0149","OAK LAWN 0.5 SSW, IL US","2020-02-19",,,,,,
"US1ILCK0149","OAK LAWN 0.5 SSW, IL US","2020-02-20",,,,,,
"US1ILCK0149","OAK LAWN 0.5 SSW, IL US","2020-02-21",,,,,,
"US1ILCK0149","OAK LAWN 0.5 SSW, IL US","2020-02-22",,,,,,
"US1ILCK0149","OAK LAWN 0.5 SSW, IL US","2020-02-23",,,,,,
"US1ILCK0149","OAK LAWN 0.5 SSW, IL US","2020-02-24",,,,,,
"US1ILCK0149","OAK LAWN 0.5 SSW, IL US","2020-02-25",,,,,,
"US1ILCK0149","OAK LAWN 0.5 SSW, IL US","2020-02-26",,,,,,
"US1ILCK0149","OAK LAWN 0.5 SSW, IL US","2020-02-27",,,,,,
"US1ILCK0149","OAK LAWN 0.5 SSW, IL US","2020-02-28",,,,,,
"US1ILCK0149","OAK LAWN 0.5 SSW, IL US","2020-02-29",,,,,,
"US1ILCK0149","OAK LAWN 0.5 SSW, IL US","2020-03-01",,,,,,
"US1ILCK0149","OAK LAWN 0.5 SSW, IL US","2020-03-02",,,,,,
"US1ILCK0149","OAK LAWN 0.5 SSW, IL US","2020-03-03",,,,,,
"US1ILCK0149","OAK LAWN 0.5 SSW, IL US","2020-03-04",,,,,,
"US1ILCK0149","OAK LAWN 0.5 SSW, IL US","2020-03-05",,,,,,
"US1ILCK0149","OAK LAWN 0.5 SSW, IL US","2020-03-06",,,,,,
"US1ILCK0149","OAK LAWN 0.5 SSW, IL US","2020-03-07",,,,,,
"US1ILCK0149","OAK LAWN 0.5 SSW, IL US","2020-03-08",,,,,,
"US1ILCK0149","OAK LAWN 0.5 SSW, IL US","2020-03-09",,,,,,
"US1ILCK0149","OAK LAWN 0.5 SSW, IL US","2020-03-10",,,,,,
"US1ILCK0149","OAK LAWN 0.5 SSW, IL US","2020-03-11",,,,,,
"US1ILCK0149","OAK LAWN 0.5 SSW, IL US","2020-03-17",,,,,,
"US1ILCK0149","OAK LAWN 0.5 SSW, IL US","2020-03-18",,,,,,
"US1ILCK0149","OAK LAWN 0.5 SSW, IL US","2020-03-19",,,,,,
"US1ILCK0149","OAK LAWN 0.5 SSW, IL US","2020-03-22",,,,,,
"US1ILCK0149","OAK LAWN 0.5 SSW, IL US","2020-03-23",,,,,,
"US1ILCK0149","OAK LAWN 0.5 SSW, IL US","2020-03-24",,,,,,
"US1ILCK0149","OAK LAWN 0.5 SSW, IL US","2020-03-25",,,,,,
"US1ILCK0149","OAK LAWN 0.5 SSW, IL US","2020-03-26",,,,,,
"US1ILCK0149","OAK LAWN 0.5 SSW, IL US","2020-03-27",,,,,,
"US1ILCK0149","OAK LAWN 0.5 SSW, IL US","2020-03-28",,,,,,
"US1ILCK0149","OAK LAWN 0.5 SSW, IL US","2020-03-29",,,,,,
"US1ILCK0149","OAK LAWN 0.5 SSW, IL US","2020-03-30",,,,,,
"US1ILCK0149","OAK LAWN 0.5 SSW, IL US","2020-03-31",,,,,,
"US1ILCK0149","OAK LAWN 0.5 SSW, IL US","2020-04-01",,,,,,
"US1ILCK0149","OAK LAWN 0.5 SSW, IL US","2020-04-02",,,,,,
"US1ILCK0149","OAK LAWN 0.5 SSW, IL US","2020-04-03",,,,,,
"US1ILCK0149","OAK LAWN 0.5 SSW, IL US","2020-04-04",,,,,,
"US1ILCK0149","OAK LAWN 0.5 SSW, IL US","2020-04-05",,,,,,
"US1ILCK0149","OAK LAWN 0.5 SSW, IL US","2020-04-06",,,,,,
"US1ILCK0149","OAK LAWN 0.5 SSW, IL US","2020-04-07",,,,,,
"US1ILCK0149","OAK LAWN 0.5 SSW, IL US","2020-04-08",,,,,,
"US1ILCK0149","OAK LAWN 0.5 SSW, IL US","2020-04-09",,,,,,
"US1ILCK0149","OAK LAWN 0.5 SSW, IL US","2020-04-10",,,,,,
"US1ILCK0149","OAK LAWN 0.5 SSW, IL US","2020-04-11",,,,,,
"US1ILCK0149","OAK LAWN 0.5 SSW, IL US","2020-04-12",,,,,,
"US1ILCK0149","OAK LAWN 0.5 SSW, IL US","2020-04-13",,,,,,
"US1ILCK0149","OAK LAWN 0.5 SSW, IL US","2020-04-14",,,,,,
"US1ILCK0149","OAK LAWN 0.5 SSW, IL US","2020-04-15",,,,,,
"US1ILCK0149","OAK LAWN 0.5 SSW, IL US","2020-04-16",,,,,,
"US1ILCK0149","OAK LAWN 0.5 SSW, IL US","2020-04-17",,,,,,
"US1ILCK0149","OAK LAWN 0.5 SSW, IL US","2020-04-18",,,,,,
"US1ILCK0149","OAK LAWN 0.5 SSW, IL US","2020-04-19",,,,,,
"US1ILCK0149","OAK LAWN 0.5 SSW, IL US","2020-04-20",,,,,,
"US1ILCK0149","OAK LAWN 0.5 SSW, IL US","2020-04-21",,,,,,
"US1ILCK0149","OAK LAWN 0.5 SSW, IL US","2020-04-22",,,,,,
"US1ILCK0149","OAK LAWN 0.5 SSW, IL US","2020-04-23",,,,,,
"US1ILCK0149","OAK LAWN 0.5 SSW, IL US","2020-04-24",,,,,,
"US1ILCK0149","OAK LAWN 0.5 SSW, IL US","2020-04-25",,,,,,
"US1ILCK0149","OAK LAWN 0.5 SSW, IL US","2020-04-26",,,,,,
"US1ILCK0149","OAK LAWN 0.5 SSW, IL US","2020-04-27",,,,,,
"US1ILCK0149","OAK LAWN 0.5 SSW, IL US","2020-04-28",,,,,,
"US1ILCK0149","OAK LAWN 0.5 SSW, IL US","2020-04-29",,,,,,
"US1ILCK0149","OAK LAWN 0.5 SSW, IL US","2020-04-30",,,,,,
"US1ILCK0149","OAK LAWN 0.5 SSW, IL US","2020-05-01",,,,,,
"US1ILCK0149","OAK LAWN 0.5 SSW, IL US","2020-05-02",,,,,,
"US1ILCK0149","OAK LAWN 0.5 SSW, IL US","2020-05-03",,,,,,
"US1ILCK0149","OAK LAWN 0.5 SSW, IL US","2020-05-04",,,,,,
"US1ILCK0149","OAK LAWN 0.5 SSW, IL US","2020-05-05",,,,,,
"US1ILCK0149","OAK LAWN 0.5 SSW, IL US","2020-05-06",,,,,,
"US1ILCK0149","OAK LAWN 0.5 SSW, IL US","2020-05-07",,,,,,
"US1ILCK0149","OAK LAWN 0.5 SSW, IL US","2020-05-08",,,,,,
"US1ILCK0149","OAK LAWN 0.5 SSW, IL US","2020-05-09",,,,,,
"US1ILCK0149","OAK LAWN 0.5 SSW, IL US","2020-05-10",,,,,,
"US1ILCK0149","OAK LAWN 0.5 SSW, IL US","2020-05-11",,,,,,
"US1ILCK0149","OAK LAWN 0.5 SSW, IL US","2020-05-12",,,,,,
"US1ILCK0149","OAK LAWN 0.5 SSW, IL US","2020-05-13",,,,,,
"US1ILCK0149","OAK LAWN 0.5 SSW, IL US","2020-05-14",,,,,,
"US1ILCK0149","OAK LAWN 0.5 SSW, IL US","2020-05-15",,,,,,
"US1ILCK0149","OAK LAWN 0.5 SSW, IL US","2020-05-16",,,,,,
"US1ILCK0149","OAK LAWN 0.5 SSW, IL US","2020-05-17",,,,,,
"US1ILCK0149","OAK LAWN 0.5 SSW, IL US","2020-05-18",,,,,,
"US1ILCK0149","OAK LAWN 0.5 SSW, IL US","2020-05-19",,,,,,
"US1ILCK0149","OAK LAWN 0.5 SSW, IL US","2020-05-20",,,,,,
"US1ILCK0149","OAK LAWN 0.5 SSW, IL US","2020-05-21",,,,,,
"US1ILCK0149","OAK LAWN 0.5 SSW, IL US","2020-05-22",,,,,,
"US1ILCK0149","OAK LAWN 0.5 SSW, IL US","2020-05-23",,,,,,
"US1ILCK0149","OAK LAWN 0.5 SSW, IL US","2020-05-24",,,,,,
"US1ILCK0149","OAK LAWN 0.5 SSW, IL US","2020-05-25",,,,,,
"US1ILCK0149","OAK LAWN 0.5 SSW, IL US","2020-05-26",,,,,,
"US1ILCK0149","OAK LAWN 0.5 SSW, IL US","2020-05-27",,,,,,
"US1ILCK0149","OAK LAWN 0.5 SSW, IL US","2020-05-28",,,,,,
"US1ILCK0149","OAK LAWN 0.5 SSW, IL US","2020-05-29",,,,,,
"US1ILCK0149","OAK LAWN 0.5 SSW, IL US","2020-05-30",,,,,,
"US1ILCK0149","OAK LAWN 0.5 SSW, IL US","2020-05-31",,,,,,
"US1ILCK0149","OAK LAWN 0.5 SSW, IL US","2020-06-01",,,,,,
"US1ILCK0149","OAK LAWN 0.5 SSW, IL US","2020-06-02",,,,,,
"US1ILCK0149","OAK LAWN 0.5 SSW, IL US","2020-06-03",,,,,,
"US1ILCK0149","OAK LAWN 0.5 SSW, IL US","2020-06-04",,,,,,
"US1ILCK0149","OAK LAWN 0.5 SSW, IL US","2020-06-05",,,,,,
"US1ILCK0149","OAK LAWN 0.5 SSW, IL US","2020-06-06",,,,,,
"US1ILCK0149","OAK LAWN 0.5 SSW, IL US","2020-06-07",,,,,,
"US1ILCK0149","OAK LAWN 0.5 SSW, IL US","2020-06-08",,,,,,
"US1ILCK0149","OAK LAWN 0.5 SSW, IL US","2020-06-09",,,,,,
"US1ILCK0149","OAK LAWN 0.5 SSW, IL US","2020-06-10",,,,,,
"US1ILCK0149","OAK LAWN 0.5 SSW, IL US","2020-06-11",,,,,,
"US1ILCK0149","OAK LAWN 0.5 SSW, IL US","2020-06-12",,,,,,
"US1ILCK0149","OAK LAWN 0.5 SSW, IL US","2020-06-13",,,,,,
"US1ILCK0149","OAK LAWN 0.5 SSW, IL US","2020-06-14",,,,,,
"US1ILCK0149","OAK LAWN 0.5 SSW, IL US","2020-06-15",,,,,,
"US1ILCK0149","OAK LAWN 0.5 SSW, IL US","2020-06-16",,,,,,
"US1ILCK0149","OAK LAWN 0.5 SSW, IL US","2020-06-17",,,,,,
"US1ILCK0149","OAK LAWN 0.5 SSW, IL US","2020-06-18",,,,,,
"US1ILCK0149","OAK LAWN 0.5 SSW, IL US","2020-06-19",,,,,,
"US1ILCK0149","OAK LAWN 0.5 SSW, IL US","2020-06-20",,,,,,
"US1ILCK0149","OAK LAWN 0.5 SSW, IL US","2020-06-21",,,,,,
"US1ILCK0149","OAK LAWN 0.5 SSW, IL US","2020-06-22",,,,,,
"US1ILCK0149","OAK LAWN 0.5 SSW, IL US","2020-06-24",,,,,,
"US1ILCK0149","OAK LAWN 0.5 SSW, IL US","2020-06-25",,,,,,
"US1ILCK0149","OAK LAWN 0.5 SSW, IL US","2020-06-26",,,,,,
"US1ILCK0149","OAK LAWN 0.5 SSW, IL US","2020-06-27",,,,,,
"US1ILCK0149","OAK LAWN 0.5 SSW, IL US","2020-06-28",,,,,,
"US1ILCK0149","OAK LAWN 0.5 SSW, IL US","2020-06-29",,,,,,
"US1ILCK0149","OAK LAWN 0.5 SSW, IL US","2020-06-30",,,,,,
"US1ILCK0149","OAK LAWN 0.5 SSW, IL US","2020-07-01",,,,,,
"US1ILCK0149","OAK LAWN 0.5 SSW, IL US","2020-07-02",,,,,,
"US1ILCK0149","OAK LAWN 0.5 SSW, IL US","2020-07-03",,,,,,
"US1ILCK0149","OAK LAWN 0.5 SSW, IL US","2020-07-04",,,,,,
"US1ILCK0149","OAK LAWN 0.5 SSW, IL US","2020-07-05",,,,,,
"US1ILCK0149","OAK LAWN 0.5 SSW, IL US","2020-07-06",,,,,,
"US1ILCK0149","OAK LAWN 0.5 SSW, IL US","2020-07-07",,,,,,
"US1ILCK0149","OAK LAWN 0.5 SSW, IL US","2020-07-08",,,,,,
"US1ILCK0149","OAK LAWN 0.5 SSW, IL US","2020-07-09",,,,,,
"US1ILCK0149","OAK LAWN 0.5 SSW, IL US","2020-07-10",,,,,,
"US1ILCK0149","OAK LAWN 0.5 SSW, IL US","2020-07-11",,,,,,
"US1ILCK0149","OAK LAWN 0.5 SSW, IL US","2020-07-12",,,,,,
"US1ILCK0149","OAK LAWN 0.5 SSW, IL US","2020-07-13",,,,,,
"US1ILCK0149","OAK LAWN 0.5 SSW, IL US","2020-07-14",,,,,,
"US1ILCK0149","OAK LAWN 0.5 SSW, IL US","2020-07-15",,,,,,
"US1ILCK0149","OAK LAWN 0.5 SSW, IL US","2020-07-16",,,,,,
"US1ILCK0149","OAK LAWN 0.5 SSW, IL US","2020-07-17",,,,,,
"US1ILCK0149","OAK LAWN 0.5 SSW, IL US","2020-07-18",,,,,,
"US1ILCK0149","OAK LAWN 0.5 SSW, IL US","2020-07-19",,,,,,
"US1ILCK0149","OAK LAWN 0.5 SSW, IL US","2020-07-20",,,,,,
"US1ILCK0149","OAK LAWN 0.5 SSW, IL US","2020-07-21",,,,,,
"US1ILCK0149","OAK LAWN 0.5 SSW, IL US","2020-07-22",,,,,,
"US1ILCK0149","OAK LAWN 0.5 SSW, IL US","2020-07-23",,,,,,
"US1ILCK0149","OAK LAWN 0.5 SSW, IL US","2020-07-24",,,,,,
"US1ILCK0149","OAK LAWN 0.5 SSW, IL US","2020-07-25",,,,,,
"US1ILCK0149","OAK LAWN 0.5 SSW, IL US","2020-07-26",,,,,,
"US1ILCK0149","OAK LAWN 0.5 SSW, IL US","2020-07-27",,,,,,
"US1ILCK0149","OAK LAWN 0.5 SSW, IL US","2020-07-28",,,,,,
"US1ILCK0149","OAK LAWN 0.5 SSW, IL US","2020-07-29",,,,,,
"US1ILCK0149","OAK LAWN 0.5 SSW, IL US","2020-07-30",,,,,,
"US1ILCK0149","OAK LAWN 0.5 SSW, IL US","2020-07-31",,,,,,
"US1ILCK0149","OAK LAWN 0.5 SSW, IL US","2020-08-01",,,,,,
"US1ILCK0149","OAK LAWN 0.5 SSW, IL US","2020-08-02",,,,,,
"US1ILCK0149","OAK LAWN 0.5 SSW, IL US","2020-08-03",,,,,,
"US1ILCK0149","OAK LAWN 0.5 SSW, IL US","2020-08-04",,,,,,
"US1ILCK0149","OAK LAWN 0.5 SSW, IL US","2020-08-05",,,,,,
"US1ILCK0149","OAK LAWN 0.5 SSW, IL US","2020-08-06",,,,,,
"US1ILCK0149","OAK LAWN 0.5 SSW, IL US","2020-08-07",,,,,,
"US1ILCK0149","OAK LAWN 0.5 SSW, IL US","2020-08-08",,,,,,
"US1ILCK0149","OAK LAWN 0.5 SSW, IL US","2020-08-09",,,,,,
"US1ILCK0149","OAK LAWN 0.5 SSW, IL US","2020-08-10",,,,,,
"US1ILCK0149","OAK LAWN 0.5 SSW, IL US","2020-08-11",,,,,,
"US1ILCK0149","OAK LAWN 0.5 SSW, IL US","2020-08-12",,,,,,
"US1ILCK0149","OAK LAWN 0.5 SSW, IL US","2020-08-13",,,,,,
"US1ILCK0149","OAK LAWN 0.5 SSW, IL US","2020-08-14",,,,,,
"US1ILCK0149","OAK LAWN 0.5 SSW, IL US","2020-08-15",,,,,,
"US1ILCK0149","OAK LAWN 0.5 SSW, IL US","2020-08-16",,,,,,
"US1ILCK0149","OAK LAWN 0.5 SSW, IL US","2020-08-17",,,,,,
"US1ILCK0149","OAK LAWN 0.5 SSW, IL US","2020-08-18",,,,,,
"US1ILCK0149","OAK LAWN 0.5 SSW, IL US","2020-08-19",,,,,,
"US1ILCK0149","OAK LAWN 0.5 SSW, IL US","2020-08-20",,,,,,
"US1ILCK0149","OAK LAWN 0.5 SSW, IL US","2020-08-21",,,,,,
"US1ILCK0149","OAK LAWN 0.5 SSW, IL US","2020-08-22",,,,,,
"US1ILCK0149","OAK LAWN 0.5 SSW, IL US","2020-08-23",,,,,,
"US1ILCK0149","OAK LAWN 0.5 SSW, IL US","2020-08-24",,,,,,
"US1ILCK0149","OAK LAWN 0.5 SSW, IL US","2020-08-25",,,,,,
"US1ILCK0149","OAK LAWN 0.5 SSW, IL US","2020-08-26",,,,,,
"US1ILCK0149","OAK LAWN 0.5 SSW, IL US","2020-08-27",,,,,,
"US1ILCK0149","OAK LAWN 0.5 SSW, IL US","2020-08-28",,,,,,
"US1ILCK0149","OAK LAWN 0.5 SSW, IL US","2020-08-29",,,,,,
"US1ILCK0149","OAK LAWN 0.5 SSW, IL US","2020-08-30",,,,,,
"US1ILCK0149","OAK LAWN 0.5 SSW, IL US","2020-08-31",,,,,,
"US1ILCK0149","OAK LAWN 0.5 SSW, IL US","2020-09-01",,,,,,
"US1ILCK0149","OAK LAWN 0.5 SSW, IL US","2020-09-02",,,,,,
"US1ILCK0149","OAK LAWN 0.5 SSW, IL US","2020-09-03",,,,,,
"US1ILCK0149","OAK LAWN 0.5 SSW, IL US","2020-09-04",,,,,,
"US1ILCK0149","OAK LAWN 0.5 SSW, IL US","2020-09-05",,,,,,
"US1ILCK0149","OAK LAWN 0.5 SSW, IL US","2020-09-06",,,,,,
"US1ILCK0149","OAK LAWN 0.5 SSW, IL US","2020-09-07",,,,,,
"US1ILCK0149","OAK LAWN 0.5 SSW, IL US","2020-09-08",,,,,,
"USC00115763","MONEE RESERVOIR, IL US","2019-10-01",,,,,,
"USC00115763","MONEE RESERVOIR, IL US","2019-10-02",,,,,,
"USC00115763","MONEE RESERVOIR, IL US","2019-10-03",,,,,,
"USC00115763","MONEE RESERVOIR, IL US","2019-10-06",,,,,,
"USC00115763","MONEE RESERVOIR, IL US","2019-10-07",,,,,,
"USC00115763","MONEE RESERVOIR, IL US","2019-10-08",,,,,,
"USC00115763","MONEE RESERVOIR, IL US","2019-10-09",,,,,,
"USC00115763","MONEE RESERVOIR, IL US","2019-10-10",,,,,,
"USC00115763","MONEE RESERVOIR, IL US","2019-10-11",,,,,,
"USC00115763","MONEE RESERVOIR, IL US","2019-10-12",,,,,,
"USC00115763","MONEE RESERVOIR, IL US","2019-10-13",,,,,,
"USC00115763","MONEE RESERVOIR, IL US","2019-10-14",,,,,,
"USC00115763","MONEE RESERVOIR, IL US","2019-10-15",,,,,,
"USC00115763","MONEE RESERVOIR, IL US","2019-10-16",,,,,,
"USC00115763","MONEE RESERVOIR, IL US","2019-10-17",,,,,,
"USC00115763","MONEE RESERVOIR, IL US","2019-10-18",,,,,,
"USC00115763","MONEE RESERVOIR, IL US","2019-10-19",,,,,,
"USC00115763","MONEE RESERVOIR, IL US","2019-10-20",,,,,,
"USC00115763","MONEE RESERVOIR, IL US","2019-10-21",,,,,,
"USC00115763","MONEE RESERVOIR, IL US","2019-10-22",,,,,,
"USC00115763","MONEE RESERVOIR, IL US","2019-10-23",,,,,,
"USC00115763","MONEE RESERVOIR, IL US","2019-10-24",,,,,,
"USC00115763","MONEE RESERVOIR, IL US","2019-10-25",,,,,,
"USC00115763","MONEE RESERVOIR, IL US","2019-10-26",,,,,,
"USC00115763","MONEE RESERVOIR, IL US","2019-10-27",,,,,,
"USC00115763","MONEE RESERVOIR, IL US","2019-10-28",,,,,,
"USC00115763","MONEE RESERVOIR, IL US","2019-10-29",,,,,,
"USC00115763","MONEE RESERVOIR, IL US","2019-10-30",,,,,,
"USC00115763","MONEE RESERVOIR, IL US","2019-10-31",,,,,,
"USC00115763","MONEE RESERVOIR, IL US","2019-11-01",,,,,,
"USC00115763","MONEE RESERVOIR, IL US","2019-11-02",,,,,,
"USC00115763","MONEE RESERVOIR, IL US","2019-11-03",,,,,,
"USC00115763","MONEE RESERVOIR, IL US","2019-11-04",,,,,,
"USC00115763","MONEE RESERVOIR, IL US","2019-11-05",,,,,,
"USC00115763","MONEE RESERVOIR, IL US","2019-11-06",,,,,,
"USC00115763","MONEE RESERVOIR, IL US","2019-11-07",,,,,,
"USC00115763","MONEE RESERVOIR, IL US","2019-11-08",,,,,,
"USC00115763","MONEE RESERVOIR, IL US","2019-11-09",,,,,,
"USC00115763","MONEE RESERVOIR, IL US","2019-11-10",,,,,,
"USC00115763","MONEE RESERVOIR, IL US","2019-11-12",,,,,,
"USC00115763","MONEE RESERVOIR, IL US","2019-11-13",,,,,,
"USC00115763","MONEE RESERVOIR, IL US","2019-11-14",,,,,,
"USC00115763","MONEE RESERVOIR, IL US","2019-11-15",,,,,,
"USC00115763","MONEE RESERVOIR, IL US","2019-11-16",,,,,,
"USC00115763","MONEE RESERVOIR, IL US","2019-11-17",,,,,,
"USC00115763","MONEE RESERVOIR, IL US","2019-11-18",,,,,,
"USC00115763","MONEE RESERVOIR, IL US","2019-11-19",,,,,,
"USC00115763","MONEE RESERVOIR, IL US","2019-11-20",,,,,,
"USC00115763","MONEE RESERVOIR, IL US","2019-11-21",,,,,,
"USC00115763","MONEE RESERVOIR, IL US","2019-11-22",,,,,,
"USC00115763","MONEE RESERVOIR, IL US","2019-11-23",,,,,,
"USC00115763","MONEE RESERVOIR, IL US","2019-11-24",,,,,,
"USC00115763","MONEE RESERVOIR, IL US","2019-11-25",,,,,,
"USC00115763","MONEE RESERVOIR, IL US","2019-11-26",,,,,,
"USC00115763","MONEE RESERVOIR, IL US","2019-11-27",,,,,,
"USC00115763","MONEE RESERVOIR, IL US","2019-11-30",,,,,,
"USC00115763","MONEE RESERVOIR, IL US","2019-12-02",,,,,,
"USC00115763","MONEE RESERVOIR, IL US","2019-12-03",,,,,,
"USC00115763","MONEE RESERVOIR, IL US","2019-12-04",,,,,,
"USC00115763","MONEE RESERVOIR, IL US","2019-12-05",,,,,,
"USC00115763","MONEE RESERVOIR, IL US","2019-12-06",,,,,,
"USC00115763","MONEE RESERVOIR, IL US","2019-12-07",,,,,,
"USC00115763","MONEE RESERVOIR, IL US","2019-12-08",,,,,,
"USC00115763","MONEE RESERVOIR, IL US","2019-12-09",,,,,,
"USC00115763","MONEE RESERVOIR, IL US","2019-12-10",,,,,,
"USC00115763","MONEE RESERVOIR, IL US","2019-12-11",,,,,,
"USC00115763","MONEE RESERVOIR, IL US","2019-12-12",,,,,,
"USC00115763","MONEE RESERVOIR, IL US","2019-12-13",,,,,,
"USC00115763","MONEE RESERVOIR, IL US","2019-12-14",,,,,,
"USC00115763","MONEE RESERVOIR, IL US","2019-12-15",,,,,,
"USC00115763","MONEE RESERVOIR, IL US","2019-12-16",,,,,,
"USC00115763","MONEE RESERVOIR, IL US","2019-12-17",,,,,,
"USC00115763","MONEE RESERVOIR, IL US","2019-12-18",,,,,,
"USC00115763","MONEE RESERVOIR, IL US","2019-12-19",,,,,,
"USC00115763","MONEE RESERVOIR, IL US","2019-12-20",,,,,,
"USC00115763","MONEE RESERVOIR, IL US","2019-12-21",,,,,,
"USC00115763","MONEE RESERVOIR, IL US","2019-12-22",,,,,,
"USC00115763","MONEE RESERVOIR, IL US","2019-12-23",,,,,,
"USC00115763","MONEE RESERVOIR, IL US","2019-12-24",,,,,,
"USC00115763","MONEE RESERVOIR, IL US","2019-12-25",,,,,,
"USC00115763","MONEE RESERVOIR, IL US","2019-12-26",,,,,,
"USC00115763","MONEE RESERVOIR, IL US","2019-12-27",,,,,,
"USC00115763","MONEE RESERVOIR, IL US","2019-12-28",,,,,,
"USC00115763","MONEE RESERVOIR, IL US","2019-12-29",,,,,,
"USC00115763","MONEE RESERVOIR, IL US","2019-12-30",,,,,,
"USC00115763","MONEE RESERVOIR, IL US","2020-01-02",,,,,,
"USC00115763","MONEE RESERVOIR, IL US","2020-01-03",,,,,,
"USC00115763","MONEE RESERVOIR, IL US","2020-01-06",,,,,,
"USC00115763","MONEE RESERVOIR, IL US","2020-01-07",,,,,,
"USC00115763","MONEE RESERVOIR, IL US","2020-01-08",,,,,,
"USC00115763","MONEE RESERVOIR, IL US","2020-01-09",,,,,,
"USC00115763","MONEE RESERVOIR, IL US","2020-01-10",,,,,,
"USC00115763","MONEE RESERVOIR, IL US","2020-01-13",,,,,,
"USC00115763","MONEE RESERVOIR, IL US","2020-01-14",,,,,,
"USC00115763","MONEE RESERVOIR, IL US","2020-01-15",,,,,,
"USC00115763","MONEE RESERVOIR, IL US","2020-01-16",,,,,,
"USC00115763","MONEE RESERVOIR, IL US","2020-01-17",,,,,,
"USC00115763","MONEE RESERVOIR, IL US","2020-01-21",,,,,,
"USC00115763","MONEE RESERVOIR, IL US","2020-01-22",,,,,,
"USC00115763","MONEE RESERVOIR, IL US","2020-01-23",,,,,,
"USC00115763","MONEE RESERVOIR, IL US","2020-01-24",,,,,,
"USC00115763","MONEE RESERVOIR, IL US","2020-01-28",,,,,,
"USC00115763","MONEE RESERVOIR, IL US","2020-01-29",,,,,,
"USC00115763","MONEE RESERVOIR, IL US","2020-01-30",,,,,,
"USC00115763","MONEE RESERVOIR, IL US","2020-01-31",,,,,,
"USC00115763","MONEE RESERVOIR, IL US","2020-02-03",,,,,,
"USC00115763","MONEE RESERVOIR, IL US","2020-02-04",,,,,,
"USC00115763","MONEE RESERVOIR, IL US","2020-02-05",,,,,,
"USC00115763","MONEE RESERVOIR, IL US","2020-02-06",,,,,,
"USC00115763","MONEE RESERVOIR, IL US","2020-02-07",,,,,,
"USC00115763","MONEE RESERVOIR, IL US","2020-02-10",,,,,,
"USC00115763","MONEE RESERVOIR, IL US","2020-02-11",,,,,,
"USC00115763","MONEE RESERVOIR, IL US","2020-02-12",,,,,,
"USC00115763","MONEE RESERVOIR, IL US","2020-02-13",,,,,,
"USC00115763","MONEE RESERVOIR, IL US","2020-02-14",,,,,,
"USC00115763","MONEE RESERVOIR, IL US","2020-02-18",,,,,,
"USC00115763","MONEE RESERVOIR, IL US","2020-02-19",,,,,,
"USC00115763","MONEE RESERVOIR, IL US","2020-02-20",,,,,,
"USC00115763","MONEE RESERVOIR, IL US","2020-02-21",,,,,,
"USC00115763","MONEE RESERVOIR, IL US","2020-02-22",,,,,,
"USC00115763","MONEE RESERVOIR, IL US","2020-02-23",,,,,,
"USC00115763","MONEE RESERVOIR, IL US","2020-02-24",,,,,,
"USC00115763","MONEE RESERVOIR, IL US","2020-02-25",,,,,,
"USC00115763","MONEE RESERVOIR, IL US","2020-02-26",,,,,,
"USC00115763","MONEE RESERVOIR, IL US","2020-02-27",,,,,,
"USC00115763","MONEE RESERVOIR, IL US","2020-02-28",,,,,,
"USC00115763","MONEE RESERVOIR, IL US","2020-02-29",,,,,,
"USC00115763","MONEE RESERVOIR, IL US","2020-03-06",,,,,,
"USC00115763","MONEE RESERVOIR, IL US","2020-03-08",,,,,,
"USC00115763","MONEE RESERVOIR, IL US","2020-03-10",,,,,,
"USC00115763","MONEE RESERVOIR, IL US","2020-03-11",,,,,,
"USC00115763","MONEE RESERVOIR, IL US","2020-06-06",,,,,,
"USC00115763","MONEE RESERVOIR, IL US","2020-06-07",,,,,,
"USC00115763","MONEE RESERVOIR, IL US","2020-06-08",,,,,,
"USC00115763","MONEE RESERVOIR, IL US","2020-06-09",,,,,,
"USC00115763","MONEE RESERVOIR, IL US","2020-06-10",,,,,,
"USC00115763","MONEE RESERVOIR, IL US","2020-06-11",,,,,,
"USC00115763","MONEE RESERVOIR, IL US","2020-06-12",,,,,,
"USC00115763","MONEE RESERVOIR, IL US","2020-06-13",,,,,,
"USC00115763","MONEE RESERVOIR, IL US","2020-06-14",,,,,,
"USC00115763","MONEE RESERVOIR, IL US","2020-06-15",,,,,,
"USC00115763","MONEE RESERVOIR, IL US","2020-06-16",,,,,,
"USC00115763","MONEE RESERVOIR, IL US","2020-06-17",,,,,,
"USC00115763","MONEE RESERVOIR, IL US","2020-06-18",,,,,,
"USC00115763","MONEE RESERVOIR, IL US","2020-06-19",,,,,,
"USC00115763","MONEE RESERVOIR, IL US","2020-06-20",,,,,,
"USC00115763","MONEE RESERVOIR, IL US","2020-06-21",,,,,,
"USC00115763","MONEE RESERVOIR, IL US","2020-06-22",,,,,,
"USC00115763","MONEE RESERVOIR, IL US","2020-06-23",,,,,,
"USC00115763","MONEE RESERVOIR, IL US","2020-06-24",,,,,,
"USC00115763","MONEE RESERVOIR, IL US","2020-06-25",,,,,,
"USC00115763","MONEE RESERVOIR, IL US","2020-06-26",,,,,,
"USC00115763","MONEE RESERVOIR, IL US","2020-06-27",,,,,,
"USC00115763","MONEE RESERVOIR, IL US","2020-06-28",,,,,,
"USC00115763","MONEE RESERVOIR, IL US","2020-06-29",,,,,,
"USC00115763","MONEE RESERVOIR, IL US","2020-06-30",,,,,,
"USC00115763","MONEE RESERVOIR, IL US","2020-07-02",,,,,,
"USC00115763","MONEE RESERVOIR, IL US","2020-07-03",,,,,,
"USC00115763","MONEE RESERVOIR, IL US","2020-07-04",,,,,,
"USC00115763","MONEE RESERVOIR, IL US","2020-07-05",,,,,,
"USC00115763","MONEE RESERVOIR, IL US","2020-07-06",,,,,,
"USC00115763","MONEE RESERVOIR, IL US","2020-07-07",,,,,,
"USC00115763","MONEE RESERVOIR, IL US","2020-07-08",,,,,,
"USC00115763","MONEE RESERVOIR, IL US","2020-07-09",,,,,,
"USC00115763","MONEE RESERVOIR, IL US","2020-07-10",,,,,,
"USC00115763","MONEE RESERVOIR, IL US","2020-07-11",,,,,,
"USC00115763","MONEE RESERVOIR, IL US","2020-07-12",,,,,,
"USC00115763","MONEE RESERVOIR, IL US","2020-07-13",,,,,,
"USC00115763","MONEE RESERVOIR, IL US","2020-07-14",,,,,,
"USC00115763","MONEE RESERVOIR, IL US","2020-07-15",,,,,,
"USC00115763","MONEE RESERVOIR, IL US","2020-07-16",,,,,,
"USC00115763","MONEE RESERVOIR, IL US","2020-07-17",,,,,,
"USC00115763","MONEE RESERVOIR, IL US","2020-07-18",,,,,,
"USC00115763","MONEE RESERVOIR, IL US","2020-07-19",,,,,,
"USC00115763","MONEE RESERVOIR, IL US","2020-07-20",,,,,,
"USC00115763","MONEE RESERVOIR, IL US","2020-07-21",,,,,,
"USC00115763","MONEE RESERVOIR, IL US","2020-07-22",,,,,,
"USC00115763","MONEE RESERVOIR, IL US","2020-07-23",,,,,,
"USC00115763","MONEE RESERVOIR, IL US","2020-07-24",,,,,,
"USC00115763","MONEE RESERVOIR, IL US","2020-07-25",,,,,,
"USC00115763","MONEE RESERVOIR, IL US","2020-07-26",,,,,,
"USC00115763","MONEE RESERVOIR, IL US","2020-07-27",,,,,,
"USC00115763","MONEE RESERVOIR, IL US","2020-07-28",,,,,,
"USC00115763","MONEE RESERVOIR, IL US","2020-07-31",,,,,,
"USC00115763","MONEE RESERVOIR, IL US","2020-08-01",,,,,,
"USC00115763","MONEE RESERVOIR, IL US","2020-08-02",,,,,,
"USC00115763","MONEE RESERVOIR, IL US","2020-08-03",,,,,,
"USC00115763","MONEE RESERVOIR, IL US","2020-08-04",,,,,,
"USC00115763","MONEE RESERVOIR, IL US","2020-08-05",,,,,,
"USC00115763","MONEE RESERVOIR, IL US","2020-08-06",,,,,,
"USC00115763","MONEE RESERVOIR, IL US","2020-08-07",,,,,,
"USC00115763","MONEE RESERVOIR, IL US","2020-08-08",,,,,,
"USC00115763","MONEE RESERVOIR, IL US","2020-08-09",,,,,,
"USC00115763","MONEE RESERVOIR, IL US","2020-08-10",,,,,,
"USC00115763","MONEE RESERVOIR, IL US","2020-08-13",,,,,,
"USC00115763","MONEE RESERVOIR, IL US","2020-08-14",,,,,,
"USC00115763","MONEE RESERVOIR, IL US","2020-08-15",,,,,,
"USC00115763","MONEE RESERVOIR, IL US","2020-08-16",,,,,,
"USC00115763","MONEE RESERVOIR, IL US","2020-08-18",,,,,,
"USC00115763","MONEE RESERVOIR, IL US","2020-08-19",,,,,,
"USC00115763","MONEE RESERVOIR, IL US","2020-08-21",,,,,,
"USC00115763","MONEE RESERVOIR, IL US","2020-08-22",,,,,,
"USC00115763","MONEE RESERVOIR, IL US","2020-08-26",,,,,,
"USC00115763","MONEE RESERVOIR, IL US","2020-08-28",,,,,,
"USC00115763","MONEE RESERVOIR, IL US","2020-08-29",,,,,,
"USC00115763","MONEE RESERVOIR, IL US","2020-08-30",,,,,,
"USC00115763","MONEE RESERVOIR, IL US","2020-09-02",,,,,,
"USC00115763","MONEE RESERVOIR, IL US","2020-09-03",,,,,,
"USC00115763","MONEE RESERVOIR, IL US","2020-09-04",,,,,,
"USC00115763","MONEE RESERVOIR, IL US","2020-09-07",,,,,,
"USC00115763","MONEE RESERVOIR, IL US","2020-09-08",,,,,,
"USC00116616","PARK FOREST, IL US","2019-10-01",,,,,,
"USC00116616","PARK FOREST, IL US","2019-10-02",,,,,,
"USC00116616","PARK FOREST, IL US","2019-10-03",,,,,,
"USC00116616","PARK FOREST, IL US","2019-10-04",,,,,,
"USC00116616","PARK FOREST, IL US","2019-10-05",,,,,,
"USC00116616","PARK FOREST, IL US","2019-10-06",,,,,,
"USC00116616","PARK FOREST, IL US","2019-10-07",,,,,,
"USC00116616","PARK FOREST, IL US","2019-10-08",,,,,,
"USC00116616","PARK FOREST, IL US","2019-10-09",,,,,,
"USC00116616","PARK FOREST, IL US","2019-10-10",,,,,,
"USC00116616","PARK FOREST, IL US","2019-10-11",,,,,,
"USC00116616","PARK FOREST, IL US","2019-10-12",,,,,,
"USC00116616","PARK FOREST, IL US","2019-10-13",,,,,,
"USC00116616","PARK FOREST, IL US","2019-10-14",,,,,,
"USC00116616","PARK FOREST, IL US","2019-10-15",,,,,,
"USC00116616","PARK FOREST, IL US","2019-10-16",,,,,,
"USC00116616","PARK FOREST, IL US","2019-10-17",,,,,,
"USC00116616","PARK FOREST, IL US","2019-10-18",,,,,,
"USC00116616","PARK FOREST, IL US","2019-10-19",,,,,,
"USC00116616","PARK FOREST, IL US","2019-10-20",,,,,,
"USC00116616","PARK FOREST, IL US","2019-10-21",,,,,,
"USC00116616","PARK FOREST, IL US","2019-10-22",,,,,,
"USC00116616","PARK FOREST, IL US","2019-10-23",,,,,,
"USC00116616","PARK FOREST, IL US","2019-10-24",,,,,,
"USC00116616","PARK FOREST, IL US","2019-10-25",,,,,,
"USC00116616","PARK FOREST, IL US","2019-10-26",,,,,,
"USC00116616","PARK FOREST, IL US","2019-10-27",,,,,,
"USC00116616","PARK FOREST, IL US","2019-10-28",,,,,,
"USC00116616","PARK FOREST, IL US","2019-10-29",,,,,,
"USC00116616","PARK FOREST, IL US","2019-10-30",,,,,,
"USC00116616","PARK FOREST, IL US","2019-10-31",,,,,,
"USC00116616","PARK FOREST, IL US","2019-11-01",,,,,,
"USC00116616","PARK FOREST, IL US","2019-11-02",,,,,,
"USC00116616","PARK FOREST, IL US","2019-11-03",,,,,,
"USC00116616","PARK FOREST, IL US","2019-11-04",,,,,,
"USC00116616","PARK FOREST, IL US","2019-11-05",,,,,,
"USC00116616","PARK FOREST, IL US","2019-11-06",,,,,,
"USC00116616","PARK FOREST, IL US","2019-11-07",,,,,,
"USC00116616","PARK FOREST, IL US","2019-11-08",,,,,,
"USC00116616","PARK FOREST, IL US","2019-11-09",,,,,,
"USC00116616","PARK FOREST, IL US","2019-11-10",,,,,,
"USC00116616","PARK FOREST, IL US","2019-11-11",,,,,,
"USC00116616","PARK FOREST, IL US","2019-11-12",,,,,,
"USC00116616","PARK FOREST, IL US","2019-11-13",,,,,,
"USC00116616","PARK FOREST, IL US","2019-11-14",,,,,,
"USC00116616","PARK FOREST, IL US","2019-11-15",,,,,,
"USC00116616","PARK FOREST, IL US","2019-11-16",,,,,,
"USC00116616","PARK FOREST, IL US","2019-11-17",,,,,,
"USC00116616","PARK FOREST, IL US","2019-11-18",,,,,,
"USC00116616","PARK FOREST, IL US","2019-11-19",,,,,,
"USC00116616","PARK FOREST, IL US","2019-11-20",,,,,,
"USC00116616","PARK FOREST, IL US","2019-11-21",,,,,,
"USC00116616","PARK FOREST, IL US","2019-11-22",,,,,,
"USC00116616","PARK FOREST, IL US","2019-11-23",,,,,,
"USC00116616","PARK FOREST, IL US","2019-11-24",,,,,,
"USC00116616","PARK FOREST, IL US","2019-11-25",,,,,,
"USC00116616","PARK FOREST, IL US","2019-11-26",,,,,,
"USC00116616","PARK FOREST, IL US","2019-11-27",,,,,,
"USC00116616","PARK FOREST, IL US","2019-11-28",,,,,,
"USC00116616","PARK FOREST, IL US","2019-11-29",,,,,,
"USC00116616","PARK FOREST, IL US","2019-11-30",,,,,,
"USC00116616","PARK FOREST, IL US","2019-12-01",,,,,,
"USC00116616","PARK FOREST, IL US","2019-12-02",,,,,,
"USC00116616","PARK FOREST, IL US","2019-12-03",,,,,,
"USC00116616","PARK FOREST, IL US","2019-12-04",,,,,,
"USC00116616","PARK FOREST, IL US","2019-12-05",,,,,,
"USC00116616","PARK FOREST, IL US","2019-12-06",,,,,,
"USC00116616","PARK FOREST, IL US","2019-12-07",,,,,,
"USC00116616","PARK FOREST, IL US","2019-12-08",,,,,,
"USC00116616","PARK FOREST, IL US","2019-12-09",,,,,,
"USC00116616","PARK FOREST, IL US","2019-12-10",,,,,,
"USC00116616","PARK FOREST, IL US","2019-12-11",,,,,,
"USC00116616","PARK FOREST, IL US","2019-12-12",,,,,,
"USC00116616","PARK FOREST, IL US","2019-12-13",,,,,,
"USC00116616","PARK FOREST, IL US","2019-12-14",,,,,,
"USC00116616","PARK FOREST, IL US","2019-12-15",,,,,,
"USC00116616","PARK FOREST, IL US","2019-12-16",,,,,,
"USC00116616","PARK FOREST, IL US","2019-12-17",,,,,,
"USC00116616","PARK FOREST, IL US","2019-12-18",,,,,,
"USC00116616","PARK FOREST, IL US","2019-12-19",,,,,,
"USC00116616","PARK FOREST, IL US","2019-12-20",,,,,,
"USC00116616","PARK FOREST, IL US","2019-12-21",,,,,,
"USC00116616","PARK FOREST, IL US","2019-12-22",,,,,,
"USC00116616","PARK FOREST, IL US","2019-12-23",,,,,,
"USC00116616","PARK FOREST, IL US","2019-12-24",,,,,,
"USC00116616","PARK FOREST, IL US","2019-12-25",,,,,,
"USC00116616","PARK FOREST, IL US","2019-12-26",,,,,,
"USC00116616","PARK FOREST, IL US","2019-12-27",,,,,,
"USC00116616","PARK FOREST, IL US","2019-12-28",,,,,,
"USC00116616","PARK FOREST, IL US","2019-12-29",,,,,,
"USC00116616","PARK FOREST, IL US","2019-12-30",,,,,,
"USC00116616","PARK FOREST, IL US","2019-12-31",,,,,,
"USC00116616","PARK FOREST, IL US","2020-01-01",,,,,,
"USC00116616","PARK FOREST, IL US","2020-01-02",,,,,,
"USC00116616","PARK FOREST, IL US","2020-01-03",,,,,,
"USC00116616","PARK FOREST, IL US","2020-01-04",,,,,,
"USC00116616","PARK FOREST, IL US","2020-01-05",,,,,,
"USC00116616","PARK FOREST, IL US","2020-01-06",,,,,,
"USC00116616","PARK FOREST, IL US","2020-01-07",,,,,,
"USC00116616","PARK FOREST, IL US","2020-01-08",,,,,,
"USC00116616","PARK FOREST, IL US","2020-01-09",,,,,,
"USC00116616","PARK FOREST, IL US","2020-01-10",,,,,,
"USC00116616","PARK FOREST, IL US","2020-01-11",,,,,,
"USC00116616","PARK FOREST, IL US","2020-01-12",,,,,,
"USC00116616","PARK FOREST, IL US","2020-01-13",,,,,,
"USC00116616","PARK FOREST, IL US","2020-01-14",,,,,,
"USC00116616","PARK FOREST, IL US","2020-01-15",,,,,,
"USC00116616","PARK FOREST, IL US","2020-01-16",,,,,,
"USC00116616","PARK FOREST, IL US","2020-01-17",,,,,,
"USC00116616","PARK FOREST, IL US","2020-01-18",,,,,,
"USC00116616","PARK FOREST, IL US","2020-01-19",,,,,,
"USC00116616","PARK FOREST, IL US","2020-01-20",,,,,,
"USC00116616","PARK FOREST, IL US","2020-01-21",,,,,,
"USC00116616","PARK FOREST, IL US","2020-01-22",,,,,,
"USC00116616","PARK FOREST, IL US","2020-01-23",,,,,,
"USC00116616","PARK FOREST, IL US","2020-01-24",,,,,,
"USC00116616","PARK FOREST, IL US","2020-01-25",,,,,,
"USC00116616","PARK FOREST, IL US","2020-01-26",,,,,,
"USC00116616","PARK FOREST, IL US","2020-01-27",,,,,,
"USC00116616","PARK FOREST, IL US","2020-01-28",,,,,,
"USC00116616","PARK FOREST, IL US","2020-01-29",,,,,,
"USC00116616","PARK FOREST, IL US","2020-01-30",,,,,,
"USC00116616","PARK FOREST, IL US","2020-01-31",,,,,,
"USC00116616","PARK FOREST, IL US","2020-02-01",,,,,,
"USC00116616","PARK FOREST, IL US","2020-02-02",,,,,,
"USC00116616","PARK FOREST, IL US","2020-02-03",,,,,,
"USC00116616","PARK FOREST, IL US","2020-02-04",,,,,,
"USC00116616","PARK FOREST, IL US","2020-02-05",,,,,,
"USC00116616","PARK FOREST, IL US","2020-02-06",,,,,,
"USC00116616","PARK FOREST, IL US","2020-02-07",,,,,,
"USC00116616","PARK FOREST, IL US","2020-02-08",,,,,,
"USC00116616","PARK FOREST, IL US","2020-02-09",,,,,,
"USC00116616","PARK FOREST, IL US","2020-02-10",,,,,,
"USC00116616","PARK FOREST, IL US","2020-02-11",,,,,,
"USC00116616","PARK FOREST, IL US","2020-02-12",,,,,,
"USC00116616","PARK FOREST, IL US","2020-02-13",,,,,,
"USC00116616","PARK FOREST, IL US","2020-02-14",,,,,,
"USC00116616","PARK FOREST, IL US","2020-02-15",,,,,,
"USC00116616","PARK FOREST, IL US","2020-02-16",,,,,,
"USC00116616","PARK FOREST, IL US","2020-02-17",,,,,,
"USC00116616","PARK FOREST, IL US","2020-02-18",,,,,,
"USC00116616","PARK FOREST, IL US","2020-02-19",,,,,,
"USC00116616","PARK FOREST, IL US","2020-02-20",,,,,,
"USC00116616","PARK FOREST, IL US","2020-02-21",,,,,,
"USC00116616","PARK FOREST, IL US","2020-02-22",,,,,,
"USC00116616","PARK FOREST, IL US","2020-02-23",,,,,,
"USC00116616","PARK FOREST, IL US","2020-02-24",,,,,,
"USC00116616","PARK FOREST, IL US","2020-02-25",,,,,,
"USC00116616","PARK FOREST, IL US","2020-02-26",,,,,,
"USC00116616","PARK FOREST, IL US","2020-02-27",,,,,,
"USC00116616","PARK FOREST, IL US","2020-02-28",,,,,,
"USC00116616","PARK FOREST, IL US","2020-02-29",,,,,,
"USC00116616","PARK FOREST, IL US","2020-03-01",,,,,,
"USC00116616","PARK FOREST, IL US","2020-03-02",,,,,,
"USC00116616","PARK FOREST, IL US","2020-03-03",,,,,,
"USC00116616","PARK FOREST, IL US","2020-03-04",,,,,,
"USC00116616","PARK FOREST, IL US","2020-03-05",,,,,,
"USC00116616","PARK FOREST, IL US","2020-03-06",,,,,,
"USC00116616","PARK FOREST, IL US","2020-03-07",,,,,,
"USC00116616","PARK FOREST, IL US","2020-03-08",,,,,,
"USC00116616","PARK FOREST, IL US","2020-03-09",,,,,,
"USC00116616","PARK FOREST, IL US","2020-03-10",,,,,,
"USC00116616","PARK FOREST, IL US","2020-03-11",,,,,,
"USC00116616","PARK FOREST, IL US","2020-03-12",,,,,,
"USC00116616","PARK FOREST, IL US","2020-03-13",,,,,,
"USC00116616","PARK FOREST, IL US","2020-03-14",,,,,,
"USC00116616","PARK FOREST, IL US","2020-03-15",,,,,,
"USC00116616","PARK FOREST, IL US","2020-03-16",,,,,,
"USC00116616","PARK FOREST, IL US","2020-03-17",,,,,,
"USC00116616","PARK FOREST, IL US","2020-03-18",,,,,,
"USC00116616","PARK FOREST, IL US","2020-03-19",,,,,,
"USC00116616","PARK FOREST, IL US","2020-03-20",,,,,,
"USC00116616","PARK FOREST, IL US","2020-03-21",,,,,,
"USC00116616","PARK FOREST, IL US","2020-03-22",,,,,,
"USC00116616","PARK FOREST, IL US","2020-03-23",,,,,,
"USC00116616","PARK FOREST, IL US","2020-03-24",,,,,,
"USC00116616","PARK FOREST, IL US","2020-03-25",,,,,,
"USC00116616","PARK FOREST, IL US","2020-03-26",,,,,,
"USC00116616","PARK FOREST, IL US","2020-03-27",,,,,,
"USC00116616","PARK FOREST, IL US","2020-03-28",,,,,,
"USC00116616","PARK FOREST, IL US","2020-03-29",,,,,,
"USC00116616","PARK FOREST, IL US","2020-03-30",,,,,,
"USC00116616","PARK FOREST, IL US","2020-03-31",,,,,,
"USC00116616","PARK FOREST, IL US","2020-04-01",,,,,,
"USC00116616","PARK FOREST, IL US","2020-04-02",,,,,,
"USC00116616","PARK FOREST, IL US","2020-04-03",,,,,,
"USC00116616","PARK FOREST, IL US","2020-04-04",,,,,,
"USC00116616","PARK FOREST, IL US","2020-04-05",,,,,,
"USC00116616","PARK FOREST, IL US","2020-04-06",,,,,,
"USC00116616","PARK FOREST, IL US","2020-04-07",,,,,,
"USC00116616","PARK FOREST, IL US","2020-04-08",,,,,,
"USC00116616","PARK FOREST, IL US","2020-04-09",,,,,,
"USC00116616","PARK FOREST, IL US","2020-04-10",,,,,,
"USC00116616","PARK FOREST, IL US","2020-04-11",,,,,,
"USC00116616","PARK FOREST, IL US","2020-04-12",,,,,,
"USC00116616","PARK FOREST, IL US","2020-04-13",,,,,,
"USC00116616","PARK FOREST, IL US","2020-04-14",,,,,,
"USC00116616","PARK FOREST, IL US","2020-04-15",,,,,,
"USC00116616","PARK FOREST, IL US","2020-04-16",,,,,,
"USC00116616","PARK FOREST, IL US","2020-04-17",,,,,,
"USC00116616","PARK FOREST, IL US","2020-04-18",,,,,,
"USC00116616","PARK FOREST, IL US","2020-04-19",,,,,,
"USC00116616","PARK FOREST, IL US","2020-04-20",,,,,,
"USC00116616","PARK FOREST, IL US","2020-04-21",,,,,,
"USC00116616","PARK FOREST, IL US","2020-04-22",,,,,,
"USC00116616","PARK FOREST, IL US","2020-04-23",,,,,,
"USC00116616","PARK FOREST, IL US","2020-04-24",,,,,,
"USC00116616","PARK FOREST, IL US","2020-04-25",,,,,,
"USC00116616","PARK FOREST, IL US","2020-04-26",,,,,,
"USC00116616","PARK FOREST, IL US","2020-04-27",,,,,,
"USC00116616","PARK FOREST, IL US","2020-04-28",,,,,,
"USC00116616","PARK FOREST, IL US","2020-04-29",,,,,,
"USC00116616","PARK FOREST, IL US","2020-04-30",,,,,,
"USC00116616","PARK FOREST, IL US","2020-05-01",,,,,,
"USC00116616","PARK FOREST, IL US","2020-05-02",,,,,,
"USC00116616","PARK FOREST, IL US","2020-05-03",,,,,,
"USC00116616","PARK FOREST, IL US","2020-05-04",,,,,,
"USC00116616","PARK FOREST, IL US","2020-05-05",,,,,,
"USC00116616","PARK FOREST, IL US","2020-05-06",,,,,,
"USC00116616","PARK FOREST, IL US","2020-05-07",,,,,,
"USC00116616","PARK FOREST, IL US","2020-05-08",,,,,,
"USC00116616","PARK FOREST, IL US","2020-05-09",,,,,,
"USC00116616","PARK FOREST, IL US","2020-05-10",,,,,,
"USC00116616","PARK FOREST, IL US","2020-05-11",,,,,,
"USC00116616","PARK FOREST, IL US","2020-05-12",,,,,,
"USC00116616","PARK FOREST, IL US","2020-05-13",,,,,,
"USC00116616","PARK FOREST, IL US","2020-05-14",,,,,,
"USC00116616","PARK FOREST, IL US","2020-05-15",,,,,,
"USC00116616","PARK FOREST, IL US","2020-05-16",,,,,,
"USC00116616","PARK FOREST, IL US","2020-05-17",,,,,,
"USC00116616","PARK FOREST, IL US","2020-05-18",,,,,,
"USC00116616","PARK FOREST, IL US","2020-05-19",,,,,,
"USC00116616","PARK FOREST, IL US","2020-05-20",,,,,,
"USC00116616","PARK FOREST, IL US","2020-05-21",,,,,,
"USC00116616","PARK FOREST, IL US","2020-05-22",,,,,,
"USC00116616","PARK FOREST, IL US","2020-05-23",,,,,,
"USC00116616","PARK FOREST, IL US","2020-05-24",,,,,,
"USC00116616","PARK FOREST, IL US","2020-05-25",,,,,,
"USC00116616","PARK FOREST, IL US","2020-05-26",,,,,,
"USC00116616","PARK FOREST, IL US","2020-05-27",,,,,,
"USC00116616","PARK FOREST, IL US","2020-05-28",,,,,,
"USC00116616","PARK FOREST, IL US","2020-05-29",,,,,,
"USC00116616","PARK FOREST, IL US","2020-05-30",,,,,,
"USC00116616","PARK FOREST, IL US","2020-05-31",,,,,,
"USC00116616","PARK FOREST, IL US","2020-06-01",,,,,,
"USC00116616","PARK FOREST, IL US","2020-06-02",,,,,,
"USC00116616","PARK FOREST, IL US","2020-06-03",,,,,,
"USC00116616","PARK FOREST, IL US","2020-06-04",,,,,,
"USC00116616","PARK FOREST, IL US","2020-06-05",,,,,,
"USC00116616","PARK FOREST, IL US","2020-06-06",,,,,,
"USC00116616","PARK FOREST, IL US","2020-06-07",,,,,,
"USC00116616","PARK FOREST, IL US","2020-06-08",,,,,,
"USC00116616","PARK FOREST, IL US","2020-06-09",,,,,,
"USC00116616","PARK FOREST, IL US","2020-06-10",,,,,,
"USC00116616","PARK FOREST, IL US","2020-06-11",,,,,,
"USC00116616","PARK FOREST, IL US","2020-06-12",,,,,,
"USC00116616","PARK FOREST, IL US","2020-06-13",,,,,,
"USC00116616","PARK FOREST, IL US","2020-06-14",,,,,,
"USC00116616","PARK FOREST, IL US","2020-06-15",,,,,,
"USC00116616","PARK FOREST, IL US","2020-06-16",,,,,,
"USC00116616","PARK FOREST, IL US","2020-06-17",,,,,,
"USC00116616","PARK FOREST, IL US","2020-06-18",,,,,,
"USC00116616","PARK FOREST, IL US","2020-06-19",,,,,,
"USC00116616","PARK FOREST, IL US","2020-06-20",,,,,,
"USC00116616","PARK FOREST, IL US","2020-06-21",,,,,,
"USC00116616","PARK FOREST, IL US","2020-06-22",,,,,,
"USC00116616","PARK FOREST, IL US","2020-06-23",,,,,,
"USC00116616","PARK FOREST, IL US","2020-06-24",,,,,,
"USC00116616","PARK FOREST, IL US","2020-06-25",,,,,,
"USC00116616","PARK FOREST, IL US","2020-06-26",,,,,,
"USC00116616","PARK FOREST, IL US","2020-06-27",,,,,,
"USC00116616","PARK FOREST, IL US","2020-06-28",,,,,,
"USC00116616","PARK FOREST, IL US","2020-06-29",,,,,,
"USC00116616","PARK FOREST, IL US","2020-06-30",,,,,,
"USC00116616","PARK FOREST, IL US","2020-07-01",,,,,,
"USC00116616","PARK FOREST, IL US","2020-07-02",,,,,,
"USC00116616","PARK FOREST, IL US","2020-07-03",,,,,,
"USC00116616","PARK FOREST, IL US","2020-07-04",,,,,,
"USC00116616","PARK FOREST, IL US","2020-07-05",,,,,,
"USC00116616","PARK FOREST, IL US","2020-07-06",,,,,,
"USC00116616","PARK FOREST, IL US","2020-07-07",,,,,,
"USC00116616","PARK FOREST, IL US","2020-07-08",,,,,,
"USC00116616","PARK FOREST, IL US","2020-07-09",,,,,,
"USC00116616","PARK FOREST, IL US","2020-07-10",,,,,,
"USC00116616","PARK FOREST, IL US","2020-07-11",,,,,,
"USC00116616","PARK FOREST, IL US","2020-07-12",,,,,,
"USC00116616","PARK FOREST, IL US","2020-07-14",,,,,,
"USC00116616","PARK FOREST, IL US","2020-07-15",,,,,,
"USC00116616","PARK FOREST, IL US","2020-07-16",,,,,,
"USC00116616","PARK FOREST, IL US","2020-07-17",,,,,,
"USC00116616","PARK FOREST, IL US","2020-07-18",,,,,,
"USC00116616","PARK FOREST, IL US","2020-07-19",,,,,,
"USC00116616","PARK FOREST, IL US","2020-07-20",,,,,,
"USC00116616","PARK FOREST, IL US","2020-07-21",,,,,,
"USC00116616","PARK FOREST, IL US","2020-07-22",,,,,,
"USC00116616","PARK FOREST, IL US","2020-07-23",,,,,,
"USC00116616","PARK FOREST, IL US","2020-07-24",,,,,,
"USC00116616","PARK FOREST, IL US","2020-07-25",,,,,,
"USC00116616","PARK FOREST, IL US","2020-07-26",,,,,,
"USC00116616","PARK FOREST, IL US","2020-07-27",,,,,,
"USC00116616","PARK FOREST, IL US","2020-07-28",,,,,,
"USC00116616","PARK FOREST, IL US","2020-07-29",,,,,,
"USC00116616","PARK FOREST, IL US","2020-07-30",,,,,,
"USC00116616","PARK FOREST, IL US","2020-07-31",,,,,,
"USC00116616","PARK FOREST, IL US","2020-08-01",,,,,,
"USC00116616","PARK FOREST, IL US","2020-08-02",,,,,,
"USC00116616","PARK FOREST, IL US","2020-08-03",,,,,,
"USC00116616","PARK FOREST, IL US","2020-08-04",,,,,,
"USC00116616","PARK FOREST, IL US","2020-08-05",,,,,,
"USC00116616","PARK FOREST, IL US","2020-08-06",,,,,,
"USC00116616","PARK FOREST, IL US","2020-08-07",,,,,,
"USC00116616","PARK FOREST, IL US","2020-08-08",,,,,,
"USC00116616","PARK FOREST, IL US","2020-08-09",,,,,,
"USC00116616","PARK FOREST, IL US","2020-08-10",,,,,,
"USC00116616","PARK FOREST, IL US","2020-08-11",,,,,,
"USC00116616","PARK FOREST, IL US","2020-08-12",,,,,,
"USC00116616","PARK FOREST, IL US","2020-08-13",,,,,,
"USC00116616","PARK FOREST, IL US","2020-08-14",,,,,,
"USC00116616","PARK FOREST, IL US","2020-08-15",,,,,,
"USC00116616","PARK FOREST, IL US","2020-08-16",,,,,,
"USC00116616","PARK FOREST, IL US","2020-08-17",,,,,,
"USC00116616","PARK FOREST, IL US","2020-08-18",,,,,,
"USC00116616","PARK FOREST, IL US","2020-08-19",,,,,,
"USC00116616","PARK FOREST, IL US","2020-08-20",,,,,,
"USC00116616","PARK FOREST, IL US","2020-08-21",,,,,,
"USC00116616","PARK FOREST, IL US","2020-08-22",,,,,,
"USC00116616","PARK FOREST, IL US","2020-08-23",,,,,,
"USC00116616","PARK FOREST, IL US","2020-08-24",,,,,,
"USC00116616","PARK FOREST, IL US","2020-08-25",,,,,,
"USC00116616","PARK FOREST, IL US","2020-08-26",,,,,,
"USC00116616","PARK FOREST, IL US","2020-08-27",,,,,,
"USC00116616","PARK FOREST, IL US","2020-08-28",,,,,,
"USC00116616","PARK FOREST, IL US","2020-08-29",,,,,,
"USC00116616","PARK FOREST, IL US","2020-08-31",,,,,,
"USC00116616","PARK FOREST, IL US","2020-09-01",,,,,,
"USC00116616","PARK FOREST, IL US","2020-09-02",,,,,,
"USC00116616","PARK FOREST, IL US","2020-09-03",,,,,,
"USC00116616","PARK FOREST, IL US","2020-09-04",,,,,,
"USC00116616","PARK FOREST, IL US","2020-09-05",,,,,,
"USC00116616","PARK FOREST, IL US","2020-09-06",,,,,,
"USC00116616","PARK FOREST, IL US","2020-09-07",,,,,,
"USC00116616","PARK FOREST, IL US","2020-09-08",,,,,,
"US1ILWL0042","MOKENA 1.3 W, IL US","2020-02-06",,,,,,
"US1ILWL0042","MOKENA 1.3 W, IL US","2020-02-07",,,,,,
"US1ILWL0042","MOKENA 1.3 W, IL US","2020-02-13",,,,,,
"US1ILWL0042","MOKENA 1.3 W, IL US","2020-02-26",,,,,,
"US1ILWL0042","MOKENA 1.3 W, IL US","2020-03-23",,,,,,
"US1ILWL0042","MOKENA 1.3 W, IL US","2020-04-07",,,,,,
"US1ILWL0042","MOKENA 1.3 W, IL US","2020-04-08",,,,,,
"US1ILWL0042","MOKENA 1.3 W, IL US","2020-04-09",,,,,,
"US1ILWL0042","MOKENA 1.3 W, IL US","2020-04-10",,,,,,
"US1ILWL0042","MOKENA 1.3 W, IL US","2020-04-11",,,,,,
"US1ILWL0042","MOKENA 1.3 W, IL US","2020-04-12",,,,,,
"US1ILWL0042","MOKENA 1.3 W, IL US","2020-04-13",,,,,,
"US1ILWL0042","MOKENA 1.3 W, IL US","2020-04-14",,,,,,
"US1ILWL0042","MOKENA 1.3 W, IL US","2020-04-15",,,,,,
"US1ILWL0042","MOKENA 1.3 W, IL US","2020-04-16",,,,,,
"US1ILWL0042","MOKENA 1.3 W, IL US","2020-04-17",,,,,,
"US1ILWL0042","MOKENA 1.3 W, IL US","2020-04-18",,,,,,
"US1ILWL0042","MOKENA 1.3 W, IL US","2020-04-19",,,,,,
"US1ILWL0042","MOKENA 1.3 W, IL US","2020-04-20",,,,,,
"US1ILWL0042","MOKENA 1.3 W, IL US","2020-04-21",,,,,,
"US1ILWL0042","MOKENA 1.3 W, IL US","2020-04-22",,,,,,
"US1ILWL0042","MOKENA 1.3 W, IL US","2020-04-23",,,,,,
"US1ILWL0042","MOKENA 1.3 W, IL US","2020-04-24",,,,,,
"US1ILWL0042","MOKENA 1.3 W, IL US","2020-04-25",,,,,,
"US1ILWL0042","MOKENA 1.3 W, IL US","2020-04-26",,,,,,
"US1ILWL0042","MOKENA 1.3 W, IL US","2020-04-27",,,,,,
"US1ILWL0042","MOKENA 1.3 W, IL US","2020-04-28",,,,,,
"US1ILWL0042","MOKENA 1.3 W, IL US","2020-04-29",,,,,,
"US1ILWL0042","MOKENA 1.3 W, IL US","2020-04-30",,,,,,
"US1ILWL0042","MOKENA 1.3 W, IL US","2020-05-01",,,,,,
"US1ILWL0042","MOKENA 1.3 W, IL US","2020-05-02",,,,,,
"US1ILWL0042","MOKENA 1.3 W, IL US","2020-05-03",,,,,,
"US1ILWL0042","MOKENA 1.3 W, IL US","2020-05-04",,,,,,
"US1ILWL0042","MOKENA 1.3 W, IL US","2020-05-05",,,,,,
"US1ILWL0042","MOKENA 1.3 W, IL US","2020-05-06",,,,,,
"US1ILWL0042","MOKENA 1.3 W, IL US","2020-05-07",,,,,,
"US1ILWL0042","MOKENA 1.3 W, IL US","2020-05-08",,,,,,
"US1ILWL0042","MOKENA 1.3 W, IL US","2020-05-09",,,,,,
"US1ILWL0042","MOKENA 1.3 W, IL US","2020-05-10",,,,,,
"US1ILWL0042","MOKENA 1.3 W, IL US","2020-05-11",,,,,,
"US1ILWL0042","MOKENA 1.3 W, IL US","2020-05-12",,,,,,
"US1ILWL0042","MOKENA 1.3 W, IL US","2020-05-13",,,,,,
"US1ILWL0042","MOKENA 1.3 W, IL US","2020-05-14",,,,,,
"US1ILWL0042","MOKENA 1.3 W, IL US","2020-05-15",,,,,,
"US1ILWL0042","MOKENA 1.3 W, IL US","2020-05-16",,,,,,
"US1ILWL0042","MOKENA 1.3 W, IL US","2020-05-17",,,,,,
"US1ILWL0042","MOKENA 1.3 W, IL US","2020-05-18",,,,,,
"US1ILWL0042","MOKENA 1.3 W, IL US","2020-05-19",,,,,,
"US1ILWL0042","MOKENA 1.3 W, IL US","2020-05-20",,,,,,
"US1ILWL0042","MOKENA 1.3 W, IL US","2020-05-21",,,,,,
"US1ILWL0042","MOKENA 1.3 W, IL US","2020-05-22",,,,,,
"US1ILWL0042","MOKENA 1.3 W, IL US","2020-05-23",,,,,,
"US1ILWL0042","MOKENA 1.3 W, IL US","2020-05-24",,,,,,
"US1ILWL0042","MOKENA 1.3 W, IL US","2020-05-25",,,,,,
"US1ILWL0042","MOKENA 1.3 W, IL US","2020-05-27",,,,,,
"US1ILWL0042","MOKENA 1.3 W, IL US","2020-05-28",,,,,,
"US1ILWL0042","MOKENA 1.3 W, IL US","2020-05-29",,,,,,
"US1ILWL0042","MOKENA 1.3 W, IL US","2020-05-30",,,,,,
"US1ILWL0042","MOKENA 1.3 W, IL US","2020-05-31",,,,,,
"US1ILWL0042","MOKENA 1.3 W, IL US","2020-06-01",,,,,,
"US1ILWL0042","MOKENA 1.3 W, IL US","2020-06-02",,,,,,
"US1ILWL0042","MOKENA 1.3 W, IL US","2020-06-03",,,,,,
"US1ILWL0042","MOKENA 1.3 W, IL US","2020-06-04",,,,,,
"US1ILWL0042","MOKENA 1.3 W, IL US","2020-06-05",,,,,,
"US1ILWL0042","MOKENA 1.3 W, IL US","2020-06-06",,,,,,
"US1ILWL0042","MOKENA 1.3 W, IL US","2020-06-07",,,,,,
"US1ILWL0042","MOKENA 1.3 W, IL US","2020-06-08",,,,,,
"US1ILWL0042","MOKENA 1.3 W, IL US","2020-06-09",,,,,,
"US1ILWL0042","MOKENA 1.3 W, IL US","2020-06-10",,,,,,
"US1ILWL0042","MOKENA 1.3 W, IL US","2020-06-11",,,,,,
"US1ILWL0042","MOKENA 1.3 W, IL US","2020-06-12",,,,,,
"US1ILWL0042","MOKENA 1.3 W, IL US","2020-06-13",,,,,,
"US1ILWL0042","MOKENA 1.3 W, IL US","2020-06-14",,,,,,
"US1ILWL0042","MOKENA 1.3 W, IL US","2020-06-15",,,,,,
"US1ILWL0042","MOKENA 1.3 W, IL US","2020-06-16",,,,,,
"US1ILWL0042","MOKENA 1.3 W, IL US","2020-06-17",,,,,,
"US1ILWL0042","MOKENA 1.3 W, IL US","2020-06-18",,,,,,
"US1ILWL0042","MOKENA 1.3 W, IL US","2020-06-19",,,,,,
"US1ILWL0042","MOKENA 1.3 W, IL US","2020-06-20",,,,,,
"US1ILWL0042","MOKENA 1.3 W, IL US","2020-06-21",,,,,,
"US1ILWL0042","MOKENA 1.3 W, IL US","2020-06-22",,,,,,
"US1ILWL0042","MOKENA 1.3 W, IL US","2020-06-23",,,,,,
"US1ILWL0042","MOKENA 1.3 W, IL US","2020-06-24",,,,,,
"US1ILWL0042","MOKENA 1.3 W, IL US","2020-06-25",,,,,,
"US1ILWL0042","MOKENA 1.3 W, IL US","2020-06-26",,,,,,
"US1ILWL0042","MOKENA 1.3 W, IL US","2020-06-27",,,,,,
"US1ILWL0042","MOKENA 1.3 W, IL US","2020-06-28",,,,,,
"US1ILWL0042","MOKENA 1.3 W, IL US","2020-06-29",,,,,,
"US1ILWL0042","MOKENA 1.3 W, IL US","2020-06-30",,,,,,
"US1ILWL0042","MOKENA 1.3 W, IL US","2020-07-01",,,,,,
"US1ILWL0042","MOKENA 1.3 W, IL US","2020-07-02",,,,,,
"US1ILWL0042","MOKENA 1.3 W, IL US","2020-07-03",,,,,,
"US1ILWL0042","MOKENA 1.3 W, IL US","2020-07-04",,,,,,
"US1ILWL0042","MOKENA 1.3 W, IL US","2020-07-05",,,,,,
"US1ILWL0042","MOKENA 1.3 W, IL US","2020-07-06",,,,,,
"US1ILWL0042","MOKENA 1.3 W, IL US","2020-07-07",,,,,,
"US1ILWL0042","MOKENA 1.3 W, IL US","2020-07-08",,,,,,
"US1ILWL0042","MOKENA 1.3 W, IL US","2020-07-09",,,,,,
"US1ILWL0042","MOKENA 1.3 W, IL US","2020-07-10",,,,,,
"US1ILWL0042","MOKENA 1.3 W, IL US","2020-07-11",,,,,,
"US1ILWL0042","MOKENA 1.3 W, IL US","2020-07-12",,,,,,
"US1ILWL0042","MOKENA 1.3 W, IL US","2020-07-13",,,,,,
"US1ILWL0042","MOKENA 1.3 W, IL US","2020-07-14",,,,,,
"US1ILWL0042","MOKENA 1.3 W, IL US","2020-07-15",,,,,,
"US1ILWL0042","MOKENA 1.3 W, IL US","2020-07-16",,,,,,
"US1ILWL0042","MOKENA 1.3 W, IL US","2020-07-17",,,,,,
"US1ILWL0042","MOKENA 1.3 W, IL US","2020-07-18",,,,,,
"US1ILWL0042","MOKENA 1.3 W, IL US","2020-07-19",,,,,,
"US1ILWL0042","MOKENA 1.3 W, IL US","2020-07-20",,,,,,
"US1ILWL0042","MOKENA 1.3 W, IL US","2020-07-21",,,,,,
"US1ILWL0042","MOKENA 1.3 W, IL US","2020-07-22",,,,,,
"US1ILWL0042","MOKENA 1.3 W, IL US","2020-07-23",,,,,,
"US1ILWL0042","MOKENA 1.3 W, IL US","2020-07-24",,,,,,
"US1ILWL0042","MOKENA 1.3 W, IL US","2020-07-25",,,,,,
"US1ILWL0042","MOKENA 1.3 W, IL US","2020-07-26",,,,,,
"US1ILWL0042","MOKENA 1.3 W, IL US","2020-07-27",,,,,,
"US1ILWL0042","MOKENA 1.3 W, IL US","2020-07-28",,,,,,
"US1ILWL0042","MOKENA 1.3 W, IL US","2020-07-29",,,,,,
"US1ILWL0042","MOKENA 1.3 W, IL US","2020-07-30",,,,,,
"US1ILWL0042","MOKENA 1.3 W, IL US","2020-07-31",,,,,,
"US1ILWL0042","MOKENA 1.3 W, IL US","2020-08-01",,,,,,
"US1ILWL0042","MOKENA 1.3 W, IL US","2020-08-02",,,,,,
"US1ILWL0042","MOKENA 1.3 W, IL US","2020-08-03",,,,,,
"US1ILWL0042","MOKENA 1.3 W, IL US","2020-08-04",,,,,,
"US1ILWL0042","MOKENA 1.3 W, IL US","2020-08-05",,,,,,
"US1ILWL0042","MOKENA 1.3 W, IL US","2020-08-06",,,,,,
"US1ILWL0042","MOKENA 1.3 W, IL US","2020-08-07",,,,,,
"US1ILWL0042","MOKENA 1.3 W, IL US","2020-08-08",,,,,,
"US1ILWL0042","MOKENA 1.3 W, IL US","2020-08-09",,,,,,
"US1ILWL0042","MOKENA 1.3 W, IL US","2020-08-10",,,,,,
"US1ILWL0042","MOKENA 1.3 W, IL US","2020-08-11",,,,,,
"US1ILWL0042","MOKENA 1.3 W, IL US","2020-08-12",,,,,,
"US1ILWL0042","MOKENA 1.3 W, IL US","2020-08-13",,,,,,
"US1ILWL0042","MOKENA 1.3 W, IL US","2020-08-14",,,,,,
"US1ILWL0042","MOKENA 1.3 W, IL US","2020-08-15",,,,,,
"US1ILWL0042","MOKENA 1.3 W, IL US","2020-08-16",,,,,,
"US1ILWL0042","MOKENA 1.3 W, IL US","2020-08-17",,,,,,
"US1ILWL0042","MOKENA 1.3 W, IL US","2020-08-18",,,,,,
"US1ILWL0042","MOKENA 1.3 W, IL US","2020-08-19",,,,,,
"US1ILWL0042","MOKENA 1.3 W, IL US","2020-08-20",,,,,,
"US1ILWL0042","MOKENA 1.3 W, IL US","2020-08-21",,,,,,
"US1ILWL0042","MOKENA 1.3 W, IL US","2020-08-22",,,,,,
"US1ILWL0042","MOKENA 1.3 W, IL US","2020-08-23",,,,,,
"US1ILWL0042","MOKENA 1.3 W, IL US","2020-08-24",,,,,,
"US1ILWL0042","MOKENA 1.3 W, IL US","2020-08-25",,,,,,
"US1ILWL0042","MOKENA 1.3 W, IL US","2020-08-26",,,,,,
"US1ILWL0042","MOKENA 1.3 W, IL US","2020-08-27",,,,,,
"US1ILWL0042","MOKENA 1.3 W, IL US","2020-08-28",,,,,,
"US1ILWL0042","MOKENA 1.3 W, IL US","2020-08-29",,,,,,
"US1ILWL0042","MOKENA 1.3 W, IL US","2020-08-30",,,,,,
"US1ILWL0042","MOKENA 1.3 W, IL US","2020-08-31",,,,,,
"US1ILWL0042","MOKENA 1.3 W, IL US","2020-09-01",,,,,,
"US1ILWL0042","MOKENA 1.3 W, IL US","2020-09-02",,,,,,
"US1ILWL0042","MOKENA 1.3 W, IL US","2020-09-03",,,,,,
"US1ILWL0042","MOKENA 1.3 W, IL US","2020-09-04",,,,,,
"US1ILWL0042","MOKENA 1.3 W, IL US","2020-09-05",,,,,,
"US1ILWL0042","MOKENA 1.3 W, IL US","2020-09-07",,,,,,
"US1ILWL0042","MOKENA 1.3 W, IL US","2020-09-08",,,,,,
"USC00115097","LISLE MORTON ARBORETUM, IL US","2019-10-01",,,,,,
"USC00115097","LISLE MORTON ARBORETUM, IL US","2019-10-02",,,,,,
"USC00115097","LISLE MORTON ARBORETUM, IL US","2019-10-03",,,,,,
"USC00115097","LISLE MORTON ARBORETUM, IL US","2019-10-04",,,,,,
"USC00115097","LISLE MORTON ARBORETUM, IL US","2019-10-05",,,,,,
"USC00115097","LISLE MORTON ARBORETUM, IL US","2019-10-06",,,,,,
"USC00115097","LISLE MORTON ARBORETUM, IL US","2019-10-07",,,,,,
"USC00115097","LISLE MORTON ARBORETUM, IL US","2019-10-08",,,,,,
"USC00115097","LISLE MORTON ARBORETUM, IL US","2019-10-09",,,,,,
"USC00115097","LISLE MORTON ARBORETUM, IL US","2019-10-10",,,,,,
"USC00115097","LISLE MORTON ARBORETUM, IL US","2019-10-11",,,,,,
"USC00115097","LISLE MORTON ARBORETUM, IL US","2019-10-12",,,,,,
"USC00115097","LISLE MORTON ARBORETUM, IL US","2019-10-13",,,,,,
"USC00115097","LISLE MORTON ARBORETUM, IL US","2019-10-14",,,,,,
"USC00115097","LISLE MORTON ARBORETUM, IL US","2019-10-15",,,,,,
"USC00115097","LISLE MORTON ARBORETUM, IL US","2019-10-16",,,,,,
"USC00115097","LISLE MORTON ARBORETUM, IL US","2019-10-17",,,,,,
"USC00115097","LISLE MORTON ARBORETUM, IL US","2019-10-18",,,,,,
"USC00115097","LISLE MORTON ARBORETUM, IL US","2019-10-19",,,,,,
"USC00115097","LISLE MORTON ARBORETUM, IL US","2019-10-20",,,,,,
"USC00115097","LISLE MORTON ARBORETUM, IL US","2019-10-21",,,,,,
"USC00115097","LISLE MORTON ARBORETUM, IL US","2019-10-22",,,,,,
"USC00115097","LISLE MORTON ARBORETUM, IL US","2019-10-23",,,,,,
"USC00115097","LISLE MORTON ARBORETUM, IL US","2019-10-24",,,,,,
"USC00115097","LISLE MORTON ARBORETUM, IL US","2019-10-25",,,,,,
"USC00115097","LISLE MORTON ARBORETUM, IL US","2019-10-26",,,,,,
"USC00115097","LISLE MORTON ARBORETUM, IL US","2019-10-27",,,,,,
"USC00115097","LISLE MORTON ARBORETUM, IL US","2019-10-28",,,,,,
"USC00115097","LISLE MORTON ARBORETUM, IL US","2019-10-29",,,,,,
"USC00115097","LISLE MORTON ARBORETUM, IL US","2019-10-30",,,,,,
"USC00115097","LISLE MORTON ARBORETUM, IL US","2019-10-31",,,,,,
"USC00115097","LISLE MORTON ARBORETUM, IL US","2019-11-01",,,,,,
"USC00115097","LISLE MORTON ARBORETUM, IL US","2019-11-02",,,,,,
"USC00115097","LISLE MORTON ARBORETUM, IL US","2019-11-03",,,,,,
"USC00115097","LISLE MORTON ARBORETUM, IL US","2019-11-04",,,,,,
"USC00115097","LISLE MORTON ARBORETUM, IL US","2019-11-05",,,,,,
"USC00115097","LISLE MORTON ARBORETUM, IL US","2019-11-06",,,,,,
"USC00115097","LISLE MORTON ARBORETUM, IL US","2019-11-07",,,,,,
"USC00115097","LISLE MORTON ARBORETUM, IL US","2019-11-08",,,,,,
"USC00115097","LISLE MORTON ARBORETUM, IL US","2019-11-09",,,,,,
"USC00115097","LISLE MORTON ARBORETUM, IL US","2019-11-10",,,,,,
"USC00115097","LISLE MORTON ARBORETUM, IL US","2019-11-11",,,,,,
"USC00115097","LISLE MORTON ARBORETUM, IL US","2019-11-12",,,,,,
"USC00115097","LISLE MORTON ARBORETUM, IL US","2019-11-13",,,,,,
"USC00115097","LISLE MORTON ARBORETUM, IL US","2019-11-14",,,,,,
"USC00115097","LISLE MORTON ARBORETUM, IL US","2019-11-15",,,,,,
"USC00115097","LISLE MORTON ARBORETUM, IL US","2019-11-16",,,,,,
"USC00115097","LISLE MORTON ARBORETUM, IL US","2019-11-17",,,,,,
"USC00115097","LISLE MORTON ARBORETUM, IL US","2019-11-18",,,,,,
"USC00115097","LISLE MORTON ARBORETUM, IL US","2019-11-19",,,,,,
"USC00115097","LISLE MORTON ARBORETUM, IL US","2019-11-20",,,,,,
"USC00115097","LISLE MORTON ARBORETUM, IL US","2019-11-21",,,,,,
"USC00115097","LISLE MORTON ARBORETUM, IL US","2019-11-22",,,,,,
"USC00115097","LISLE MORTON ARBORETUM, IL US","2019-11-23",,,,,,
"USC00115097","LISLE MORTON ARBORETUM, IL US","2019-11-24",,,,,,
"USC00115097","LISLE MORTON ARBORETUM, IL US","2019-11-25",,,,,,
"USC00115097","LISLE MORTON ARBORETUM, IL US","2019-11-26",,,,,,
"USC00115097","LISLE MORTON ARBORETUM, IL US","2019-11-27",,,,,,
"USC00115097","LISLE MORTON ARBORETUM, IL US","2019-11-28",,,,,,
"USC00115097","LISLE MORTON ARBORETUM, IL US","2019-11-29",,,,,,
"USC00115097","LISLE MORTON ARBORETUM, IL US","2019-11-30",,,,,,
"USC00115097","LISLE MORTON ARBORETUM, IL US","2019-12-01",,,,,,
"USC00115097","LISLE MORTON ARBORETUM, IL US","2019-12-02",,,,,,
"USC00115097","LISLE MORTON ARBORETUM, IL US","2019-12-03",,,,,,
"USC00115097","LISLE MORTON ARBORETUM, IL US","2019-12-04",,,,,,
"USC00115097","LISLE MORTON ARBORETUM, IL US","2019-12-05",,,,,,
"USC00115097","LISLE MORTON ARBORETUM, IL US","2019-12-06",,,,,,
"USC00115097","LISLE MORTON ARBORETUM, IL US","2019-12-07",,,,,,
"USC00115097","LISLE MORTON ARBORETUM, IL US","2019-12-08",,,,,,
"USC00115097","LISLE MORTON ARBORETUM, IL US","2019-12-09",,,,,,
"USC00115097","LISLE MORTON ARBORETUM, IL US","2019-12-10",,,,,,
"USC00115097","LISLE MORTON ARBORETUM, IL US","2019-12-11",,,,,,
"USC00115097","LISLE MORTON ARBORETUM, IL US","2019-12-12",,,,,,
"USC00115097","LISLE MORTON ARBORETUM, IL US","2019-12-13",,,,,,
"USC00115097","LISLE MORTON ARBORETUM, IL US","2019-12-14",,,,,,
"USC00115097","LISLE MORTON ARBORETUM, IL US","2019-12-15",,,,,,
"USC00115097","LISLE MORTON ARBORETUM, IL US","2019-12-16",,,,,,
"USC00115097","LISLE MORTON ARBORETUM, IL US","2019-12-17",,,,,,
"USC00115097","LISLE MORTON ARBORETUM, IL US","2019-12-18",,,,,,
"USC00115097","LISLE MORTON ARBORETUM, IL US","2019-12-19",,,,,,
"USC00115097","LISLE MORTON ARBORETUM, IL US","2019-12-20",,,,,,
"USC00115097","LISLE MORTON ARBORETUM, IL US","2019-12-21",,,,,,
"USC00115097","LISLE MORTON ARBORETUM, IL US","2019-12-22",,,,,,
"USC00115097","LISLE MORTON ARBORETUM, IL US","2019-12-23",,,,,,
"USC00115097","LISLE MORTON ARBORETUM, IL US","2019-12-26",,,,,,
"USC00115097","LISLE MORTON ARBORETUM, IL US","2019-12-27",,,,,,
"USC00115097","LISLE MORTON ARBORETUM, IL US","2019-12-28",,,,,,
"USC00115097","LISLE MORTON ARBORETUM, IL US","2019-12-29",,,,,,
"USC00115097","LISLE MORTON ARBORETUM, IL US","2019-12-30",,,,,,
"USC00115097","LISLE MORTON ARBORETUM, IL US","2019-12-31",,,,,,
"USC00115097","LISLE MORTON ARBORETUM, IL US","2020-01-02",,,,,,
"USC00115097","LISLE MORTON ARBORETUM, IL US","2020-01-03",,,,,,
"USC00115097","LISLE MORTON ARBORETUM, IL US","2020-01-04",,,,,,
"USC00115097","LISLE MORTON ARBORETUM, IL US","2020-01-05",,,,,,
"USC00115097","LISLE MORTON ARBORETUM, IL US","2020-01-06",,,,,,
"USC00115097","LISLE MORTON ARBORETUM, IL US","2020-01-07",,,,,,
"USC00115097","LISLE MORTON ARBORETUM, IL US","2020-01-08",,,,,,
"USC00115097","LISLE MORTON ARBORETUM, IL US","2020-01-09",,,,,,
"USC00115097","LISLE MORTON ARBORETUM, IL US","2020-01-10",,,,,,
"USC00115097","LISLE MORTON ARBORETUM, IL US","2020-01-11",,,,,,
"USC00115097","LISLE MORTON ARBORETUM, IL US","2020-01-12",,,,,,
"USC00115097","LISLE MORTON ARBORETUM, IL US","2020-01-13",,,,,,
"USC00115097","LISLE MORTON ARBORETUM, IL US","2020-01-14",,,,,,
"USC00115097","LISLE MORTON ARBORETUM, IL US","2020-01-15",,,,,,
"USC00115097","LISLE MORTON ARBORETUM, IL US","2020-01-16",,,,,,
"USC00115097","LISLE MORTON ARBORETUM, IL US","2020-01-17",,,,,,
"USC00115097","LISLE MORTON ARBORETUM, IL US","2020-01-18",,,,,,
"USC00115097","LISLE MORTON ARBORETUM, IL US","2020-01-19",,,,,,
"USC00115097","LISLE MORTON ARBORETUM, IL US","2020-01-20",,,,,,
"USC00115097","LISLE MORTON ARBORETUM, IL US","2020-01-21",,,,,,
"USC00115097","LISLE MORTON ARBORETUM, IL US","2020-01-22",,,,,,
"USC00115097","LISLE MORTON ARBORETUM, IL US","2020-01-23",,,,,,
"USC00115097","LISLE MORTON ARBORETUM, IL US","2020-01-24",,,,,,
"USC00115097","LISLE MORTON ARBORETUM, IL US","2020-01-25",,,,,,
"USC00115097","LISLE MORTON ARBORETUM, IL US","2020-01-26",,,,,,
"USC00115097","LISLE MORTON ARBORETUM, IL US","2020-01-27",,,,,,
"USC00115097","LISLE MORTON ARBORETUM, IL US","2020-01-28",,,,,,
"USC00115097","LISLE MORTON ARBORETUM, IL US","2020-01-29",,,,,,
"USC00115097","LISLE MORTON ARBORETUM, IL US","2020-01-30",,,,,,
"USC00115097","LISLE MORTON ARBORETUM, IL US","2020-01-31",,,,,,
"USC00115097","LISLE MORTON ARBORETUM, IL US","2020-02-01",,,,,,
"USC00115097","LISLE MORTON ARBORETUM, IL US","2020-02-02",,,,,,
"USC00115097","LISLE MORTON ARBORETUM, IL US","2020-02-03",,,,,,
"USC00115097","LISLE MORTON ARBORETUM, IL US","2020-02-04",,,,,,
"USC00115097","LISLE MORTON ARBORETUM, IL US","2020-02-05",,,,,,
"USC00115097","LISLE MORTON ARBORETUM, IL US","2020-02-06",,,,,,
"USC00115097","LISLE MORTON ARBORETUM, IL US","2020-02-07",,,,,,
"USC00115097","LISLE MORTON ARBORETUM, IL US","2020-02-08",,,,,,
"USC00115097","LISLE MORTON ARBORETUM, IL US","2020-02-09",,,,,,
"USC00115097","LISLE MORTON ARBORETUM, IL US","2020-02-10",,,,,,
"USC00115097","LISLE MORTON ARBORETUM, IL US","2020-02-11",,,,,,
"USC00115097","LISLE MORTON ARBORETUM, IL US","2020-02-12",,,,,,
"USC00115097","LISLE MORTON ARBORETUM, IL US","2020-02-13",,,,,,
"USC00115097","LISLE MORTON ARBORETUM, IL US","2020-02-14",,,,,,
"USC00115097","LISLE MORTON ARBORETUM, IL US","2020-02-15",,,,,,
"USC00115097","LISLE MORTON ARBORETUM, IL US","2020-02-16",,,,,,
"USC00115097","LISLE MORTON ARBORETUM, IL US","2020-02-17",,,,,,
"USC00115097","LISLE MORTON ARBORETUM, IL US","2020-02-18",,,,,,
"USC00115097","LISLE MORTON ARBORETUM, IL US","2020-02-19",,,,,,
"USC00115097","LISLE MORTON ARBORETUM, IL US","2020-02-20",,,,,,
"USC00115097","LISLE MORTON ARBORETUM, IL US","2020-02-21",,,,,,
"USC00115097","LISLE MORTON ARBORETUM, IL US","2020-02-22",,,,,,
"USC00115097","LISLE MORTON ARBORETUM, IL US","2020-02-23",,,,,,
"USC00115097","LISLE MORTON ARBORETUM, IL US","2020-02-24",,,,,,
"USC00115097","LISLE MORTON ARBORETUM, IL US","2020-02-25",,,,,,
"USC00115097","LISLE MORTON ARBORETUM, IL US","2020-02-26",,,,,,
"USC00115097","LISLE MORTON ARBORETUM, IL US","2020-02-27",,,,,,
"USC00115097","LISLE MORTON ARBORETUM, IL US","2020-02-28",,,,,,
"USC00115097","LISLE MORTON ARBORETUM, IL US","2020-02-29",,,,,,
"USC00115097","LISLE MORTON ARBORETUM, IL US","2020-03-01",,,,,,
"USC00115097","LISLE MORTON ARBORETUM, IL US","2020-03-02",,,,,,
"USC00115097","LISLE MORTON ARBORETUM, IL US","2020-03-03",,,,,,
"USC00115097","LISLE MORTON ARBORETUM, IL US","2020-03-04",,,,,,
"USC00115097","LISLE MORTON ARBORETUM, IL US","2020-03-05",,,,,,
"USC00115097","LISLE MORTON ARBORETUM, IL US","2020-03-06",,,,,,
"USC00115097","LISLE MORTON ARBORETUM, IL US","2020-03-07",,,,,,
"USC00115097","LISLE MORTON ARBORETUM, IL US","2020-03-08",,,,,,
"USC00115097","LISLE MORTON ARBORETUM, IL US","2020-03-09",,,,,,
"USC00115097","LISLE MORTON ARBORETUM, IL US","2020-03-10",,,,,,
"USC00115097","LISLE MORTON ARBORETUM, IL US","2020-03-11",,,,,,
"USC00115097","LISLE MORTON ARBORETUM, IL US","2020-03-12",,,,,,
"USC00115097","LISLE MORTON ARBORETUM, IL US","2020-03-13",,,,,,
"USC00115097","LISLE MORTON ARBORETUM, IL US","2020-03-14",,,,,,
"USC00115097","LISLE MORTON ARBORETUM, IL US","2020-03-15",,,,,,
"USC00115097","LISLE MORTON ARBORETUM, IL US","2020-03-16",,,,,,
"USC00115097","LISLE MORTON ARBORETUM, IL US","2020-03-17",,,,,,
"USC00115097","LISLE MORTON ARBORETUM, IL US","2020-03-18",,,,,,
"USC00115097","LISLE MORTON ARBORETUM, IL US","2020-03-19",,,,,,
"USC00115097","LISLE MORTON ARBORETUM, IL US","2020-03-20",,,,,,
"USC00115097","LISLE MORTON ARBORETUM, IL US","2020-03-21",,,,,,
"USC00115097","LISLE MORTON ARBORETUM, IL US","2020-03-22",,,,,,
"USC00115097","LISLE MORTON ARBORETUM, IL US","2020-03-23",,,,,,
"USC00115097","LISLE MORTON ARBORETUM, IL US","2020-03-24",,,,,,
"USC00115097","LISLE MORTON ARBORETUM, IL US","2020-03-25",,,,,,
"USC00115097","LISLE MORTON ARBORETUM, IL US","2020-03-26",,,,,,
"USC00115097","LISLE MORTON ARBORETUM, IL US","2020-03-27",,,,,,
"USC00115097","LISLE MORTON ARBORETUM, IL US","2020-03-28",,,,,,
"USC00115097","LISLE MORTON ARBORETUM, IL US","2020-03-29",,,,,,
"USC00115097","LISLE MORTON ARBORETUM, IL US","2020-03-30",,,,,,
"USC00115097","LISLE MORTON ARBORETUM, IL US","2020-03-31",,,,,,
"USC00115097","LISLE MORTON ARBORETUM, IL US","2020-04-01",,,,,,
"USC00115097","LISLE MORTON ARBORETUM, IL US","2020-04-02",,,,,,
"USC00115097","LISLE MORTON ARBORETUM, IL US","2020-04-03",,,,,,
"USC00115097","LISLE MORTON ARBORETUM, IL US","2020-04-04",,,,,,
"USC00115097","LISLE MORTON ARBORETUM, IL US","2020-04-05",,,,,,
"USC00115097","LISLE MORTON ARBORETUM, IL US","2020-04-06",,,,,,
"USC00115097","LISLE MORTON ARBORETUM, IL US","2020-04-07",,,,,,
"USC00115097","LISLE MORTON ARBORETUM, IL US","2020-04-08",,,,,,
"USC00115097","LISLE MORTON ARBORETUM, IL US","2020-04-09",,,,,,
"USC00115097","LISLE MORTON ARBORETUM, IL US","2020-04-10",,,,,,
"USC00115097","LISLE MORTON ARBORETUM, IL US","2020-04-11",,,,,,
"USC00115097","LISLE MORTON ARBORETUM, IL US","2020-04-12",,,,,,
"USC00115097","LISLE MORTON ARBORETUM, IL US","2020-04-13",,,,,,
"USC00115097","LISLE MORTON ARBORETUM, IL US","2020-04-14",,,,,,
"USC00115097","LISLE MORTON ARBORETUM, IL US","2020-04-15",,,,,,
"USC00115097","LISLE MORTON ARBORETUM, IL US","2020-04-16",,,,,,
"USC00115097","LISLE MORTON ARBORETUM, IL US","2020-04-17",,,,,,
"USC00115097","LISLE MORTON ARBORETUM, IL US","2020-04-18",,,,,,
"USC00115097","LISLE MORTON ARBORETUM, IL US","2020-04-19",,,,,,
"USC00115097","LISLE MORTON ARBORETUM, IL US","2020-04-20",,,,,,
"USC00115097","LISLE MORTON ARBORETUM, IL US","2020-04-21",,,,,,
"USC00115097","LISLE MORTON ARBORETUM, IL US","2020-04-22",,,,,,
"USC00115097","LISLE MORTON ARBORETUM, IL US","2020-04-23",,,,,,
"USC00115097","LISLE MORTON ARBORETUM, IL US","2020-04-24",,,,,,
"USC00115097","LISLE MORTON ARBORETUM, IL US","2020-04-25",,,,,,
"USC00115097","LISLE MORTON ARBORETUM, IL US","2020-04-26",,,,,,
"USC00115097","LISLE MORTON ARBORETUM, IL US","2020-04-27",,,,,,
"USC00115097","LISLE MORTON ARBORETUM, IL US","2020-04-28",,,,,,
"USC00115097","LISLE MORTON ARBORETUM, IL US","2020-04-29",,,,,,
"USC00115097","LISLE MORTON ARBORETUM, IL US","2020-04-30",,,,,,
"USC00115097","LISLE MORTON ARBORETUM, IL US","2020-05-01",,,,,,
"USC00115097","LISLE MORTON ARBORETUM, IL US","2020-05-04",,,,,,
"USC00115097","LISLE MORTON ARBORETUM, IL US","2020-05-05",,,,,,
"USC00115097","LISLE MORTON ARBORETUM, IL US","2020-05-06",,,,,,
"USC00115097","LISLE MORTON ARBORETUM, IL US","2020-05-07",,,,,,
"USC00115097","LISLE MORTON ARBORETUM, IL US","2020-05-08",,,,,,
"USC00115097","LISLE MORTON ARBORETUM, IL US","2020-05-09",,,,,,
"USC00115097","LISLE MORTON ARBORETUM, IL US","2020-05-10",,,,,,
"USC00115097","LISLE MORTON ARBORETUM, IL US","2020-05-11",,,,,,
"USC00115097","LISLE MORTON ARBORETUM, IL US","2020-05-12",,,,,,
"USC00115097","LISLE MORTON ARBORETUM, IL US","2020-05-13",,,,,,
"USC00115097","LISLE MORTON ARBORETUM, IL US","2020-05-14",,,,,,
"USC00115097","LISLE MORTON ARBORETUM, IL US","2020-05-15",,,,,,
"USC00115097","LISLE MORTON ARBORETUM, IL US","2020-05-16",,,,,,
"USC00115097","LISLE MORTON ARBORETUM, IL US","2020-05-17",,,,,,
"USC00115097","LISLE MORTON ARBORETUM, IL US","2020-05-18",,,,,,
"USC00115097","LISLE MORTON ARBORETUM, IL US","2020-05-19",,,,,,
"USC00115097","LISLE MORTON ARBORETUM, IL US","2020-05-20",,,,,,
"USC00115097","LISLE MORTON ARBORETUM, IL US","2020-05-21",,,,,,
"USC00115097","LISLE MORTON ARBORETUM, IL US","2020-05-22",,,,,,
"USC00115097","LISLE MORTON ARBORETUM, IL US","2020-05-23",,,,,,
"USC00115097","LISLE MORTON ARBORETUM, IL US","2020-05-24",,,,,,
"USC00115097","LISLE MORTON ARBORETUM, IL US","2020-05-25",,,,,,
"USC00115097","LISLE MORTON ARBORETUM, IL US","2020-05-26",,,,,,
"USC00115097","LISLE MORTON ARBORETUM, IL US","2020-05-27",,,,,,
"USC00115097","LISLE MORTON ARBORETUM, IL US","2020-05-28",,,,,,
"USC00115097","LISLE MORTON ARBORETUM, IL US","2020-05-29",,,,,,
"USC00115097","LISLE MORTON ARBORETUM, IL US","2020-05-30",,,,,,
"USC00115097","LISLE MORTON ARBORETUM, IL US","2020-05-31",,,,,,
"USC00115097","LISLE MORTON ARBORETUM, IL US","2020-06-01",,,,,,
"USC00115097","LISLE MORTON ARBORETUM, IL US","2020-06-02",,,,,,
"USC00115097","LISLE MORTON ARBORETUM, IL US","2020-06-03",,,,,,
"USC00115097","LISLE MORTON ARBORETUM, IL US","2020-06-04",,,,,,
"USC00115097","LISLE MORTON ARBORETUM, IL US","2020-06-05",,,,,,
"USC00115097","LISLE MORTON ARBORETUM, IL US","2020-06-06",,,,,,
"USC00115097","LISLE MORTON ARBORETUM, IL US","2020-06-07",,,,,,
"USC00115097","LISLE MORTON ARBORETUM, IL US","2020-06-08",,,,,,
"USC00115097","LISLE MORTON ARBORETUM, IL US","2020-06-09",,,,,,
"USC00115097","LISLE MORTON ARBORETUM, IL US","2020-06-10",,,,,,
"USC00115097","LISLE MORTON ARBORETUM, IL US","2020-06-11",,,,,,
"USC00115097","LISLE MORTON ARBORETUM, IL US","2020-06-12",,,,,,
"USC00115097","LISLE MORTON ARBORETUM, IL US","2020-06-13",,,,,,
"USC00115097","LISLE MORTON ARBORETUM, IL US","2020-06-14",,,,,,
"USC00115097","LISLE MORTON ARBORETUM, IL US","2020-06-15",,,,,,
"USC00115097","LISLE MORTON ARBORETUM, IL US","2020-06-16",,,,,,
"USC00115097","LISLE MORTON ARBORETUM, IL US","2020-06-17",,,,,,
"USC00115097","LISLE MORTON ARBORETUM, IL US","2020-06-18",,,,,,
"USC00115097","LISLE MORTON ARBORETUM, IL US","2020-06-19",,,,,,
"USC00115097","LISLE MORTON ARBORETUM, IL US","2020-06-20",,,,,,
"USC00115097","LISLE MORTON ARBORETUM, IL US","2020-06-21",,,,,,
"USC00115097","LISLE MORTON ARBORETUM, IL US","2020-06-22",,,,,,
"USC00115097","LISLE MORTON ARBORETUM, IL US","2020-06-23",,,,,,
"USC00115097","LISLE MORTON ARBORETUM, IL US","2020-06-24",,,,,,
"USC00115097","LISLE MORTON ARBORETUM, IL US","2020-06-25",,,,,,
"USC00115097","LISLE MORTON ARBORETUM, IL US","2020-06-26",,,,,,
"USC00115097","LISLE MORTON ARBORETUM, IL US","2020-06-27",,,,,,
"USC00115097","LISLE MORTON ARBORETUM, IL US","2020-06-28",,,,,,
"USC00115097","LISLE MORTON ARBORETUM, IL US","2020-06-29",,,,,,
"USC00115097","LISLE MORTON ARBORETUM, IL US","2020-06-30",,,,,,
"USC00115097","LISLE MORTON ARBORETUM, IL US","2020-07-01",,,,,,
"USC00115097","LISLE MORTON ARBORETUM, IL US","2020-07-02",,,,,,
"USC00115097","LISLE MORTON ARBORETUM, IL US","2020-07-03",,,,,,
"USC00115097","LISLE MORTON ARBORETUM, IL US","2020-07-04",,,,,,
"USC00115097","LISLE MORTON ARBORETUM, IL US","2020-07-05",,,,,,
"USC00115097","LISLE MORTON ARBORETUM, IL US","2020-07-06",,,,,,
"USC00115097","LISLE MORTON ARBORETUM, IL US","2020-07-07",,,,,,
"USC00115097","LISLE MORTON ARBORETUM, IL US","2020-07-08",,,,,,
"USC00115097","LISLE MORTON ARBORETUM, IL US","2020-07-09",,,,,,
"USC00115097","LISLE MORTON ARBORETUM, IL US","2020-07-10",,,,,,
"USC00115097","LISLE MORTON ARBORETUM, IL US","2020-07-11",,,,,,
"USC00115097","LISLE MORTON ARBORETUM, IL US","2020-07-12",,,,,,
"USC00115097","LISLE MORTON ARBORETUM, IL US","2020-07-13",,,,,,
"USC00115097","LISLE MORTON ARBORETUM, IL US","2020-07-14",,,,,,
"USC00115097","LISLE MORTON ARBORETUM, IL US","2020-07-15",,,,,,
"USC00115097","LISLE MORTON ARBORETUM, IL US","2020-07-16",,,,,,
"USC00115097","LISLE MORTON ARBORETUM, IL US","2020-07-17",,,,,,
"USC00115097","LISLE MORTON ARBORETUM, IL US","2020-07-18",,,,,,
"USC00115097","LISLE MORTON ARBORETUM, IL US","2020-07-19",,,,,,
"USC00115097","LISLE MORTON ARBORETUM, IL US","2020-07-20",,,,,,
"USC00115097","LISLE MORTON ARBORETUM, IL US","2020-07-21",,,,,,
"USC00115097","LISLE MORTON ARBORETUM, IL US","2020-07-22",,,,,,
"USC00115097","LISLE MORTON ARBORETUM, IL US","2020-07-23",,,,,,
"USC00115097","LISLE MORTON ARBORETUM, IL US","2020-07-24",,,,,,
"USC00115097","LISLE MORTON ARBORETUM, IL US","2020-07-25",,,,,,
"USC00115097","LISLE MORTON ARBORETUM, IL US","2020-07-26",,,,,,
"USC00115097","LISLE MORTON ARBORETUM, IL US","2020-07-27",,,,,,
"USC00115097","LISLE MORTON ARBORETUM, IL US","2020-07-28",,,,,,
"USC00115097","LISLE MORTON ARBORETUM, IL US","2020-07-29",,,,,,
"USC00115097","LISLE MORTON ARBORETUM, IL US","2020-07-30",,,,,,
"USC00115097","LISLE MORTON ARBORETUM, IL US","2020-07-31",,,,,,
"USC00115097","LISLE MORTON ARBORETUM, IL US","2020-08-01",,,,,,
"USC00115097","LISLE MORTON ARBORETUM, IL US","2020-08-02",,,,,,
"USC00115097","LISLE MORTON ARBORETUM, IL US","2020-08-03",,,,,,
"USC00115097","LISLE MORTON ARBORETUM, IL US","2020-08-04",,,,,,
"USC00115097","LISLE MORTON ARBORETUM, IL US","2020-08-05",,,,,,
"USC00115097","LISLE MORTON ARBORETUM, IL US","2020-08-06",,,,,,
"USC00115097","LISLE MORTON ARBORETUM, IL US","2020-08-07",,,,,,
"USC00115097","LISLE MORTON ARBORETUM, IL US","2020-08-08",,,,,,
"USC00115097","LISLE MORTON ARBORETUM, IL US","2020-08-09",,,,,,
"USC00115097","LISLE MORTON ARBORETUM, IL US","2020-08-10",,,,,,
"USC00115097","LISLE MORTON ARBORETUM, IL US","2020-08-11",,,,,,
"USC00115097","LISLE MORTON ARBORETUM, IL US","2020-08-12",,,,,,
"USC00115097","LISLE MORTON ARBORETUM, IL US","2020-08-13",,,,,,
"USC00115097","LISLE MORTON ARBORETUM, IL US","2020-08-14",,,,,,
"USC00115097","LISLE MORTON ARBORETUM, IL US","2020-08-15",,,,,,
"USC00115097","LISLE MORTON ARBORETUM, IL US","2020-08-16",,,,,,
"USC00115097","LISLE MORTON ARBORETUM, IL US","2020-08-17",,,,,,
"USC00115097","LISLE MORTON ARBORETUM, IL US","2020-08-18",,,,,,
"USC00115097","LISLE MORTON ARBORETUM, IL US","2020-08-19",,,,,,
"USC00115097","LISLE MORTON ARBORETUM, IL US","2020-08-20",,,,,,
"USC00115097","LISLE MORTON ARBORETUM, IL US","2020-08-21",,,,,,
"USC00115097","LISLE MORTON ARBORETUM, IL US","2020-08-23",,,,,,
"USC00115097","LISLE MORTON ARBORETUM, IL US","2020-08-24",,,,,,
"USC00115097","LISLE MORTON ARBORETUM, IL US","2020-08-25",,,,,,
"USC00115097","LISLE MORTON ARBORETUM, IL US","2020-08-26",,,,,,
"USC00115097","LISLE MORTON ARBORETUM, IL US","2020-08-27",,,,,,
"USC00115097","LISLE MORTON ARBORETUM, IL US","2020-08-28",,,,,,
"USC00115097","LISLE MORTON ARBORETUM, IL US","2020-08-29",,,,,,
"USC00115097","LISLE MORTON ARBORETUM, IL US","2020-08-30",,,,,,
"USC00115097","LISLE MORTON ARBORETUM, IL US","2020-08-31",,,,,,
"USC00115097","LISLE MORTON ARBORETUM, IL US","2020-09-01",,,,,,
"USC00115097","LISLE MORTON ARBORETUM, IL US","2020-09-02",,,,,,
"USC00115097","LISLE MORTON ARBORETUM, IL US","2020-09-03",,,,,,
"USC00115097","LISLE MORTON ARBORETUM, IL US","2020-09-04",,,,,,
"USC00115097","LISLE MORTON ARBORETUM, IL US","2020-09-05",,,,,,
"USC00115097","LISLE MORTON ARBORETUM, IL US","2020-09-06",,,,,,
"USC00115097","LISLE MORTON ARBORETUM, IL US","2020-09-07",,,,,,
"USC00115097","LISLE MORTON ARBORETUM, IL US","2020-09-08",,,,,,
"US1ILDP0127","DOWNERS GROVE 0.4 NNE, IL US","2019-10-01",,,,,,
"US1ILDP0127","DOWNERS GROVE 0.4 NNE, IL US","2019-10-02",,,,,,
"US1ILDP0127","DOWNERS GROVE 0.4 NNE, IL US","2019-10-03",,,,,,
"US1ILDP0127","DOWNERS GROVE 0.4 NNE, IL US","2019-10-04",,,,,,
"US1ILDP0127","DOWNERS GROVE 0.4 NNE, IL US","2019-10-05",,,,,,
"US1ILDP0127","DOWNERS GROVE 0.4 NNE, IL US","2019-10-06",,,,,,
"US1ILDP0127","DOWNERS GROVE 0.4 NNE, IL US","2019-10-07",,,,,,
"US1ILDP0127","DOWNERS GROVE 0.4 NNE, IL US","2019-10-08",,,,,,
"US1ILDP0127","DOWNERS GROVE 0.4 NNE, IL US","2019-10-09",,,,,,
"US1ILDP0127","DOWNERS GROVE 0.4 NNE, IL US","2019-10-10",,,,,,
"US1ILDP0127","DOWNERS GROVE 0.4 NNE, IL US","2019-10-11",,,,,,
"US1ILDP0127","DOWNERS GROVE 0.4 NNE, IL US","2019-10-12",,,,,,
"US1ILDP0127","DOWNERS GROVE 0.4 NNE, IL US","2019-10-13",,,,,,
"US1ILDP0127","DOWNERS GROVE 0.4 NNE, IL US","2019-10-14",,,,,,
"US1ILDP0127","DOWNERS GROVE 0.4 NNE, IL US","2019-10-15",,,,,,
"US1ILDP0127","DOWNERS GROVE 0.4 NNE, IL US","2019-10-16",,,,,,
"US1ILDP0127","DOWNERS GROVE 0.4 NNE, IL US","2019-10-17",,,,,,
"US1ILDP0127","DOWNERS GROVE 0.4 NNE, IL US","2019-10-18",,,,,,
"US1ILDP0127","DOWNERS GROVE 0.4 NNE, IL US","2019-10-19",,,,,,
"US1ILDP0127","DOWNERS GROVE 0.4 NNE, IL US","2019-10-20",,,,,,
"US1ILDP0127","DOWNERS GROVE 0.4 NNE, IL US","2019-10-21",,,,,,
"US1ILDP0127","DOWNERS GROVE 0.4 NNE, IL US","2019-10-22",,,,,,
"US1ILDP0127","DOWNERS GROVE 0.4 NNE, IL US","2019-10-23",,,,,,
"US1ILDP0127","DOWNERS GROVE 0.4 NNE, IL US","2019-10-24",,,,,,
"US1ILDP0127","DOWNERS GROVE 0.4 NNE, IL US","2019-10-25",,,,,,
"US1ILDP0127","DOWNERS GROVE 0.4 NNE, IL US","2019-10-26",,,,,,
"US1ILDP0127","DOWNERS GROVE 0.4 NNE, IL US","2019-10-27",,,,,,
"US1ILDP0127","DOWNERS GROVE 0.4 NNE, IL US","2019-10-28",,,,,,
"US1ILDP0127","DOWNERS GROVE 0.4 NNE, IL US","2019-10-29",,,,,,
"US1ILDP0127","DOWNERS GROVE 0.4 NNE, IL US","2019-10-30",,,,,,
"US1ILDP0127","DOWNERS GROVE 0.4 NNE, IL US","2019-10-31",,,,,,
"US1ILDP0127","DOWNERS GROVE 0.4 NNE, IL US","2019-11-01",,,,,,
"US1ILDP0127","DOWNERS GROVE 0.4 NNE, IL US","2019-11-02",,,,,,
"US1ILDP0127","DOWNERS GROVE 0.4 NNE, IL US","2019-11-03",,,,,,
"US1ILDP0127","DOWNERS GROVE 0.4 NNE, IL US","2019-11-04",,,,,,
"US1ILDP0127","DOWNERS GROVE 0.4 NNE, IL US","2019-11-05",,,,,,
"US1ILDP0127","DOWNERS GROVE 0.4 NNE, IL US","2019-11-06",,,,,,
"US1ILDP0127","DOWNERS GROVE 0.4 NNE, IL US","2019-11-07",,,,,,
"US1ILDP0127","DOWNERS GROVE 0.4 NNE, IL US","2019-11-08",,,,,,
"US1ILDP0127","DOWNERS GROVE 0.4 NNE, IL US","2019-11-09",,,,,,
"US1ILDP0127","DOWNERS GROVE 0.4 NNE, IL US","2019-11-10",,,,,,
"US1ILDP0127","DOWNERS GROVE 0.4 NNE, IL US","2019-11-11",,,,,,
"US1ILDP0127","DOWNERS GROVE 0.4 NNE, IL US","2019-11-12",,,,,,
"US1ILDP0127","DOWNERS GROVE 0.4 NNE, IL US","2019-11-13",,,,,,
"US1ILDP0127","DOWNERS GROVE 0.4 NNE, IL US","2019-11-14",,,,,,
"US1ILDP0127","DOWNERS GROVE 0.4 NNE, IL US","2019-11-15",,,,,,
"US1ILDP0127","DOWNERS GROVE 0.4 NNE, IL US","2019-11-16",,,,,,
"US1ILDP0127","DOWNERS GROVE 0.4 NNE, IL US","2019-11-17",,,,,,
"US1ILDP0127","DOWNERS GROVE 0.4 NNE, IL US","2019-11-18",,,,,,
"US1ILDP0127","DOWNERS GROVE 0.4 NNE, IL US","2019-11-19",,,,,,
"US1ILDP0127","DOWNERS GROVE 0.4 NNE, IL US","2019-11-20",,,,,,
"US1ILDP0127","DOWNERS GROVE 0.4 NNE, IL US","2019-11-21",,,,,,
"US1ILDP0127","DOWNERS GROVE 0.4 NNE, IL US","2019-11-22",,,,,,
"US1ILDP0127","DOWNERS GROVE 0.4 NNE, IL US","2019-11-23",,,,,,
"US1ILDP0127","DOWNERS GROVE 0.4 NNE, IL US","2019-11-24",,,,,,
"US1ILDP0127","DOWNERS GROVE 0.4 NNE, IL US","2019-11-25",,,,,,
"US1ILDP0127","DOWNERS GROVE 0.4 NNE, IL US","2019-11-26",,,,,,
"US1ILDP0127","DOWNERS GROVE 0.4 NNE, IL US","2019-11-27",,,,,,
"US1ILDP0127","DOWNERS GROVE 0.4 NNE, IL US","2019-11-28",,,,,,
"US1ILDP0127","DOWNERS GROVE 0.4 NNE, IL US","2019-11-29",,,,,,
"US1ILDP0127","DOWNERS GROVE 0.4 NNE, IL US","2019-11-30",,,,,,
"US1ILDP0127","DOWNERS GROVE 0.4 NNE, IL US","2019-12-01",,,,,,
"US1ILDP0127","DOWNERS GROVE 0.4 NNE, IL US","2019-12-02",,,,,,
"US1ILDP0127","DOWNERS GROVE 0.4 NNE, IL US","2019-12-03",,,,,,
"US1ILDP0127","DOWNERS GROVE 0.4 NNE, IL US","2019-12-04",,,,,,
"US1ILDP0127","DOWNERS GROVE 0.4 NNE, IL US","2019-12-05",,,,,,
"US1ILDP0127","DOWNERS GROVE 0.4 NNE, IL US","2019-12-06",,,,,,
"US1ILDP0127","DOWNERS GROVE 0.4 NNE, IL US","2019-12-07",,,,,,
"US1ILDP0127","DOWNERS GROVE 0.4 NNE, IL US","2019-12-08",,,,,,
"US1ILDP0127","DOWNERS GROVE 0.4 NNE, IL US","2019-12-09",,,,,,
"US1ILDP0127","DOWNERS GROVE 0.4 NNE, IL US","2019-12-10",,,,,,
"US1ILDP0127","DOWNERS GROVE 0.4 NNE, IL US","2019-12-11",,,,,,
"US1ILDP0127","DOWNERS GROVE 0.4 NNE, IL US","2019-12-12",,,,,,
"US1ILDP0127","DOWNERS GROVE 0.4 NNE, IL US","2019-12-13",,,,,,
"US1ILDP0127","DOWNERS GROVE 0.4 NNE, IL US","2019-12-14",,,,,,
"US1ILDP0127","DOWNERS GROVE 0.4 NNE, IL US","2019-12-15",,,,,,
"US1ILDP0127","DOWNERS GROVE 0.4 NNE, IL US","2019-12-16",,,,,,
"US1ILDP0127","DOWNERS GROVE 0.4 NNE, IL US","2019-12-17",,,,,,
"US1ILDP0127","DOWNERS GROVE 0.4 NNE, IL US","2019-12-18",,,,,,
"US1ILDP0127","DOWNERS GROVE 0.4 NNE, IL US","2019-12-19",,,,,,
"US1ILDP0127","DOWNERS GROVE 0.4 NNE, IL US","2019-12-20",,,,,,
"US1ILDP0127","DOWNERS GROVE 0.4 NNE, IL US","2019-12-21",,,,,,
"US1ILDP0127","DOWNERS GROVE 0.4 NNE, IL US","2019-12-22",,,,,,
"US1ILDP0127","DOWNERS GROVE 0.4 NNE, IL US","2019-12-23",,,,,,
"US1ILDP0127","DOWNERS GROVE 0.4 NNE, IL US","2019-12-24",,,,,,
"US1ILDP0127","DOWNERS GROVE 0.4 NNE, IL US","2019-12-25",,,,,,
"US1ILDP0127","DOWNERS GROVE 0.4 NNE, IL US","2019-12-26",,,,,,
"US1ILDP0127","DOWNERS GROVE 0.4 NNE, IL US","2019-12-27",,,,,,
"US1ILDP0127","DOWNERS GROVE 0.4 NNE, IL US","2019-12-28",,,,,,
"US1ILDP0127","DOWNERS GROVE 0.4 NNE, IL US","2019-12-29",,,,,,
"US1ILDP0127","DOWNERS GROVE 0.4 NNE, IL US","2019-12-30",,,,,,
"US1ILDP0127","DOWNERS GROVE 0.4 NNE, IL US","2019-12-31",,,,,,
"US1ILDP0127","DOWNERS GROVE 0.4 NNE, IL US","2020-01-01",,,,,,
"US1ILDP0127","DOWNERS GROVE 0.4 NNE, IL US","2020-01-02",,,,,,
"US1ILDP0127","DOWNERS GROVE 0.4 NNE, IL US","2020-01-03",,,,,,
"US1ILDP0127","DOWNERS GROVE 0.4 NNE, IL US","2020-01-04",,,,,,
"US1ILDP0127","DOWNERS GROVE 0.4 NNE, IL US","2020-01-05",,,,,,
"US1ILDP0127","DOWNERS GROVE 0.4 NNE, IL US","2020-01-06",,,,,,
"US1ILDP0127","DOWNERS GROVE 0.4 NNE, IL US","2020-01-07",,,,,,
"US1ILDP0127","DOWNERS GROVE 0.4 NNE, IL US","2020-01-08",,,,,,
"US1ILDP0127","DOWNERS GROVE 0.4 NNE, IL US","2020-01-09",,,,,,
"US1ILDP0127","DOWNERS GROVE 0.4 NNE, IL US","2020-01-10",,,,,,
"US1ILDP0127","DOWNERS GROVE 0.4 NNE, IL US","2020-01-11",,,,,,
"US1ILDP0127","DOWNERS GROVE 0.4 NNE, IL US","2020-01-12",,,,,,
"US1ILDP0127","DOWNERS GROVE 0.4 NNE, IL US","2020-01-13",,,,,,
"US1ILDP0127","DOWNERS GROVE 0.4 NNE, IL US","2020-01-14",,,,,,
"US1ILDP0127","DOWNERS GROVE 0.4 NNE, IL US","2020-01-15",,,,,,
"US1ILDP0127","DOWNERS GROVE 0.4 NNE, IL US","2020-01-16",,,,,,
"US1ILDP0127","DOWNERS GROVE 0.4 NNE, IL US","2020-01-17",,,,,,
"US1ILDP0127","DOWNERS GROVE 0.4 NNE, IL US","2020-01-18",,,,,,
"US1ILDP0127","DOWNERS GROVE 0.4 NNE, IL US","2020-01-19",,,,,,
"US1ILDP0127","DOWNERS GROVE 0.4 NNE, IL US","2020-01-20",,,,,,
"US1ILDP0127","DOWNERS GROVE 0.4 NNE, IL US","2020-01-21",,,,,,
"US1ILDP0127","DOWNERS GROVE 0.4 NNE, IL US","2020-01-22",,,,,,
"US1ILDP0127","DOWNERS GROVE 0.4 NNE, IL US","2020-01-23",,,,,,
"US1ILDP0127","DOWNERS GROVE 0.4 NNE, IL US","2020-01-24",,,,,,
"US1ILDP0127","DOWNERS GROVE 0.4 NNE, IL US","2020-01-25",,,,,,
"US1ILDP0127","DOWNERS GROVE 0.4 NNE, IL US","2020-01-26",,,,,,
"US1ILDP0127","DOWNERS GROVE 0.4 NNE, IL US","2020-01-27",,,,,,
"US1ILDP0127","DOWNERS GROVE 0.4 NNE, IL US","2020-01-28",,,,,,
"US1ILDP0127","DOWNERS GROVE 0.4 NNE, IL US","2020-01-29",,,,,,
"US1ILDP0127","DOWNERS GROVE 0.4 NNE, IL US","2020-01-30",,,,,,
"US1ILDP0127","DOWNERS GROVE 0.4 NNE, IL US","2020-01-31",,,,,,
"US1ILDP0127","DOWNERS GROVE 0.4 NNE, IL US","2020-02-01",,,,,,
"US1ILDP0127","DOWNERS GROVE 0.4 NNE, IL US","2020-02-02",,,,,,
"US1ILDP0127","DOWNERS GROVE 0.4 NNE, IL US","2020-02-03",,,,,,
"US1ILDP0127","DOWNERS GROVE 0.4 NNE, IL US","2020-02-04",,,,,,
"US1ILDP0127","DOWNERS GROVE 0.4 NNE, IL US","2020-02-05",,,,,,
"US1ILDP0127","DOWNERS GROVE 0.4 NNE, IL US","2020-02-06",,,,,,
"US1ILDP0127","DOWNERS GROVE 0.4 NNE, IL US","2020-02-07",,,,,,
"US1ILDP0127","DOWNERS GROVE 0.4 NNE, IL US","2020-02-08",,,,,,
"US1ILDP0127","DOWNERS GROVE 0.4 NNE, IL US","2020-02-09",,,,,,
"US1ILDP0127","DOWNERS GROVE 0.4 NNE, IL US","2020-02-10",,,,,,
"US1ILDP0127","DOWNERS GROVE 0.4 NNE, IL US","2020-02-11",,,,,,
"US1ILDP0127","DOWNERS GROVE 0.4 NNE, IL US","2020-02-12",,,,,,
"US1ILDP0127","DOWNERS GROVE 0.4 NNE, IL US","2020-02-13",,,,,,
"US1ILDP0127","DOWNERS GROVE 0.4 NNE, IL US","2020-02-14",,,,,,
"US1ILDP0127","DOWNERS GROVE 0.4 NNE, IL US","2020-02-15",,,,,,
"US1ILDP0127","DOWNERS GROVE 0.4 NNE, IL US","2020-02-16",,,,,,
"US1ILDP0127","DOWNERS GROVE 0.4 NNE, IL US","2020-02-17",,,,,,
"US1ILDP0127","DOWNERS GROVE 0.4 NNE, IL US","2020-02-18",,,,,,
"US1ILDP0127","DOWNERS GROVE 0.4 NNE, IL US","2020-02-19",,,,,,
"US1ILDP0127","DOWNERS GROVE 0.4 NNE, IL US","2020-02-20",,,,,,
"US1ILDP0127","DOWNERS GROVE 0.4 NNE, IL US","2020-02-21",,,,,,
"US1ILDP0127","DOWNERS GROVE 0.4 NNE, IL US","2020-02-22",,,,,,
"US1ILDP0127","DOWNERS GROVE 0.4 NNE, IL US","2020-02-23",,,,,,
"US1ILDP0127","DOWNERS GROVE 0.4 NNE, IL US","2020-02-24",,,,,,
"US1ILDP0127","DOWNERS GROVE 0.4 NNE, IL US","2020-02-25",,,,,,
"US1ILDP0127","DOWNERS GROVE 0.4 NNE, IL US","2020-02-26",,,,,,
"US1ILDP0127","DOWNERS GROVE 0.4 NNE, IL US","2020-02-27",,,,,,
"US1ILDP0127","DOWNERS GROVE 0.4 NNE, IL US","2020-02-28",,,,,,
"US1ILDP0127","DOWNERS GROVE 0.4 NNE, IL US","2020-02-29",,,,,,
"US1ILDP0127","DOWNERS GROVE 0.4 NNE, IL US","2020-03-01",,,,,,
"US1ILDP0127","DOWNERS GROVE 0.4 NNE, IL US","2020-03-02",,,,,,
"US1ILDP0127","DOWNERS GROVE 0.4 NNE, IL US","2020-03-03",,,,,,
"US1ILDP0127","DOWNERS GROVE 0.4 NNE, IL US","2020-03-04",,,,,,
"US1ILDP0127","DOWNERS GROVE 0.4 NNE, IL US","2020-03-05",,,,,,
"US1ILDP0127","DOWNERS GROVE 0.4 NNE, IL US","2020-03-06",,,,,,
"US1ILDP0127","DOWNERS GROVE 0.4 NNE, IL US","2020-03-07",,,,,,
"US1ILDP0127","DOWNERS GROVE 0.4 NNE, IL US","2020-03-08",,,,,,
"US1ILDP0127","DOWNERS GROVE 0.4 NNE, IL US","2020-03-09",,,,,,
"US1ILDP0127","DOWNERS GROVE 0.4 NNE, IL US","2020-03-10",,,,,,
"US1ILDP0127","DOWNERS GROVE 0.4 NNE, IL US","2020-03-11",,,,,,
"US1ILDP0127","DOWNERS GROVE 0.4 NNE, IL US","2020-03-12",,,,,,
"US1ILDP0127","DOWNERS GROVE 0.4 NNE, IL US","2020-03-13",,,,,,
"US1ILDP0127","DOWNERS GROVE 0.4 NNE, IL US","2020-03-14",,,,,,
"US1ILDP0127","DOWNERS GROVE 0.4 NNE, IL US","2020-03-15",,,,,,
"US1ILDP0127","DOWNERS GROVE 0.4 NNE, IL US","2020-03-16",,,,,,
"US1ILDP0127","DOWNERS GROVE 0.4 NNE, IL US","2020-03-17",,,,,,
"US1ILDP0127","DOWNERS GROVE 0.4 NNE, IL US","2020-03-18",,,,,,
"US1ILDP0127","DOWNERS GROVE 0.4 NNE, IL US","2020-03-19",,,,,,
"US1ILDP0127","DOWNERS GROVE 0.4 NNE, IL US","2020-03-20",,,,,,
"US1ILDP0127","DOWNERS GROVE 0.4 NNE, IL US","2020-03-21",,,,,,
"US1ILDP0127","DOWNERS GROVE 0.4 NNE, IL US","2020-03-22",,,,,,
"US1ILDP0127","DOWNERS GROVE 0.4 NNE, IL US","2020-03-23",,,,,,
"US1ILDP0127","DOWNERS GROVE 0.4 NNE, IL US","2020-03-24",,,,,,
"US1ILDP0127","DOWNERS GROVE 0.4 NNE, IL US","2020-03-25",,,,,,
"US1ILDP0127","DOWNERS GROVE 0.4 NNE, IL US","2020-03-26",,,,,,
"US1ILDP0127","DOWNERS GROVE 0.4 NNE, IL US","2020-03-27",,,,,,
"US1ILDP0127","DOWNERS GROVE 0.4 NNE, IL US","2020-03-28",,,,,,
"US1ILDP0127","DOWNERS GROVE 0.4 NNE, IL US","2020-03-29",,,,,,
"US1ILDP0127","DOWNERS GROVE 0.4 NNE, IL US","2020-03-30",,,,,,
"US1ILDP0127","DOWNERS GROVE 0.4 NNE, IL US","2020-03-31",,,,,,
"US1ILDP0127","DOWNERS GROVE 0.4 NNE, IL US","2020-04-01",,,,,,
"US1ILDP0127","DOWNERS GROVE 0.4 NNE, IL US","2020-04-02",,,,,,
"US1ILDP0127","DOWNERS GROVE 0.4 NNE, IL US","2020-04-03",,,,,,
"US1ILDP0127","DOWNERS GROVE 0.4 NNE, IL US","2020-04-04",,,,,,
"US1ILDP0127","DOWNERS GROVE 0.4 NNE, IL US","2020-04-05",,,,,,
"US1ILDP0127","DOWNERS GROVE 0.4 NNE, IL US","2020-04-06",,,,,,
"US1ILDP0127","DOWNERS GROVE 0.4 NNE, IL US","2020-04-07",,,,,,
"US1ILDP0127","DOWNERS GROVE 0.4 NNE, IL US","2020-04-08",,,,,,
"US1ILDP0127","DOWNERS GROVE 0.4 NNE, IL US","2020-04-09",,,,,,
"US1ILDP0127","DOWNERS GROVE 0.4 NNE, IL US","2020-04-10",,,,,,
"US1ILDP0127","DOWNERS GROVE 0.4 NNE, IL US","2020-04-11",,,,,,
"US1ILDP0127","DOWNERS GROVE 0.4 NNE, IL US","2020-04-12",,,,,,
"US1ILDP0127","DOWNERS GROVE 0.4 NNE, IL US","2020-04-13",,,,,,
"US1ILDP0127","DOWNERS GROVE 0.4 NNE, IL US","2020-04-14",,,,,,
"US1ILDP0127","DOWNERS GROVE 0.4 NNE, IL US","2020-04-15",,,,,,
"US1ILDP0127","DOWNERS GROVE 0.4 NNE, IL US","2020-04-16",,,,,,
"US1ILDP0127","DOWNERS GROVE 0.4 NNE, IL US","2020-04-17",,,,,,
"US1ILDP0127","DOWNERS GROVE 0.4 NNE, IL US","2020-04-18",,,,,,
"US1ILDP0127","DOWNERS GROVE 0.4 NNE, IL US","2020-04-19",,,,,,
"US1ILDP0127","DOWNERS GROVE 0.4 NNE, IL US","2020-04-20",,,,,,
"US1ILDP0127","DOWNERS GROVE 0.4 NNE, IL US","2020-04-21",,,,,,
"US1ILDP0127","DOWNERS GROVE 0.4 NNE, IL US","2020-04-22",,,,,,
"US1ILDP0127","DOWNERS GROVE 0.4 NNE, IL US","2020-04-23",,,,,,
"US1ILDP0127","DOWNERS GROVE 0.4 NNE, IL US","2020-04-24",,,,,,
"US1ILDP0127","DOWNERS GROVE 0.4 NNE, IL US","2020-04-25",,,,,,
"US1ILDP0127","DOWNERS GROVE 0.4 NNE, IL US","2020-04-26",,,,,,
"US1ILDP0127","DOWNERS GROVE 0.4 NNE, IL US","2020-04-27",,,,,,
"US1ILDP0127","DOWNERS GROVE 0.4 NNE, IL US","2020-04-28",,,,,,
"US1ILDP0127","DOWNERS GROVE 0.4 NNE, IL US","2020-04-29",,,,,,
"US1ILDP0127","DOWNERS GROVE 0.4 NNE, IL US","2020-04-30",,,,,,
"US1ILDP0127","DOWNERS GROVE 0.4 NNE, IL US","2020-05-01",,,,,,
"US1ILDP0127","DOWNERS GROVE 0.4 NNE, IL US","2020-05-02",,,,,,
"US1ILDP0127","DOWNERS GROVE 0.4 NNE, IL US","2020-05-03",,,,,,
"US1ILDP0127","DOWNERS GROVE 0.4 NNE, IL US","2020-05-04",,,,,,
"US1ILDP0127","DOWNERS GROVE 0.4 NNE, IL US","2020-05-05",,,,,,
"US1ILDP0127","DOWNERS GROVE 0.4 NNE, IL US","2020-05-06",,,,,,
"US1ILDP0127","DOWNERS GROVE 0.4 NNE, IL US","2020-05-07",,,,,,
"US1ILDP0127","DOWNERS GROVE 0.4 NNE, IL US","2020-05-08",,,,,,
"US1ILDP0127","DOWNERS GROVE 0.4 NNE, IL US","2020-05-09",,,,,,
"US1ILDP0127","DOWNERS GROVE 0.4 NNE, IL US","2020-05-10",,,,,,
"US1ILDP0127","DOWNERS GROVE 0.4 NNE, IL US","2020-05-11",,,,,,
"US1ILDP0127","DOWNERS GROVE 0.4 NNE, IL US","2020-05-12",,,,,,
"US1ILDP0127","DOWNERS GROVE 0.4 NNE, IL US","2020-05-13",,,,,,
"US1ILDP0127","DOWNERS GROVE 0.4 NNE, IL US","2020-05-14",,,,,,
"US1ILDP0127","DOWNERS GROVE 0.4 NNE, IL US","2020-05-15",,,,,,
"US1ILDP0127","DOWNERS GROVE 0.4 NNE, IL US","2020-05-16",,,,,,
"US1ILDP0127","DOWNERS GROVE 0.4 NNE, IL US","2020-05-17",,,,,,
"US1ILDP0127","DOWNERS GROVE 0.4 NNE, IL US","2020-05-18",,,,,,
"US1ILDP0127","DOWNERS GROVE 0.4 NNE, IL US","2020-05-19",,,,,,
"US1ILDP0127","DOWNERS GROVE 0.4 NNE, IL US","2020-05-20",,,,,,
"US1ILDP0127","DOWNERS GROVE 0.4 NNE, IL US","2020-05-21",,,,,,
"US1ILDP0127","DOWNERS GROVE 0.4 NNE, IL US","2020-05-22",,,,,,
"US1ILDP0127","DOWNERS GROVE 0.4 NNE, IL US","2020-05-23",,,,,,
"US1ILDP0127","DOWNERS GROVE 0.4 NNE, IL US","2020-05-24",,,,,,
"US1ILDP0127","DOWNERS GROVE 0.4 NNE, IL US","2020-05-25",,,,,,
"US1ILDP0127","DOWNERS GROVE 0.4 NNE, IL US","2020-05-26",,,,,,
"US1ILDP0127","DOWNERS GROVE 0.4 NNE, IL US","2020-05-27",,,,,,
"US1ILDP0127","DOWNERS GROVE 0.4 NNE, IL US","2020-05-28",,,,,,
"US1ILDP0127","DOWNERS GROVE 0.4 NNE, IL US","2020-05-29",,,,,,
"US1ILDP0127","DOWNERS GROVE 0.4 NNE, IL US","2020-05-30",,,,,,
"US1ILDP0127","DOWNERS GROVE 0.4 NNE, IL US","2020-05-31",,,,,,
"US1ILDP0127","DOWNERS GROVE 0.4 NNE, IL US","2020-06-01",,,,,,
"US1ILDP0127","DOWNERS GROVE 0.4 NNE, IL US","2020-06-02",,,,,,
"US1ILDP0127","DOWNERS GROVE 0.4 NNE, IL US","2020-06-03",,,,,,
"US1ILDP0127","DOWNERS GROVE 0.4 NNE, IL US","2020-06-04",,,,,,
"US1ILDP0127","DOWNERS GROVE 0.4 NNE, IL US","2020-06-05",,,,,,
"US1ILDP0127","DOWNERS GROVE 0.4 NNE, IL US","2020-06-06",,,,,,
"US1ILDP0127","DOWNERS GROVE 0.4 NNE, IL US","2020-06-07",,,,,,
"US1ILDP0127","DOWNERS GROVE 0.4 NNE, IL US","2020-06-08",,,,,,
"US1ILDP0127","DOWNERS GROVE 0.4 NNE, IL US","2020-06-09",,,,,,
"US1ILDP0127","DOWNERS GROVE 0.4 NNE, IL US","2020-06-10",,,,,,
"US1ILDP0127","DOWNERS GROVE 0.4 NNE, IL US","2020-06-11",,,,,,
"US1ILDP0127","DOWNERS GROVE 0.4 NNE, IL US","2020-06-12",,,,,,
"US1ILDP0127","DOWNERS GROVE 0.4 NNE, IL US","2020-06-13",,,,,,
"US1ILDP0127","DOWNERS GROVE 0.4 NNE, IL US","2020-06-14",,,,,,
"US1ILDP0127","DOWNERS GROVE 0.4 NNE, IL US","2020-06-15",,,,,,
"US1ILDP0127","DOWNERS GROVE 0.4 NNE, IL US","2020-06-16",,,,,,
"US1ILDP0127","DOWNERS GROVE 0.4 NNE, IL US","2020-06-17",,,,,,
"US1ILDP0127","DOWNERS GROVE 0.4 NNE, IL US","2020-06-18",,,,,,
"US1ILDP0127","DOWNERS GROVE 0.4 NNE, IL US","2020-06-19",,,,,,
"US1ILDP0127","DOWNERS GROVE 0.4 NNE, IL US","2020-06-20",,,,,,
"US1ILDP0127","DOWNERS GROVE 0.4 NNE, IL US","2020-06-21",,,,,,
"US1ILDP0127","DOWNERS GROVE 0.4 NNE, IL US","2020-06-22",,,,,,
"US1ILDP0127","DOWNERS GROVE 0.4 NNE, IL US","2020-06-23",,,,,,
"US1ILDP0127","DOWNERS GROVE 0.4 NNE, IL US","2020-06-24",,,,,,
"US1ILDP0127","DOWNERS GROVE 0.4 NNE, IL US","2020-06-25",,,,,,
"US1ILDP0127","DOWNERS GROVE 0.4 NNE, IL US","2020-06-26",,,,,,
"US1ILDP0127","DOWNERS GROVE 0.4 NNE, IL US","2020-06-27",,,,,,
"US1ILDP0127","DOWNERS GROVE 0.4 NNE, IL US","2020-06-28",,,,,,
"US1ILDP0127","DOWNERS GROVE 0.4 NNE, IL US","2020-06-29",,,,,,
"US1ILDP0127","DOWNERS GROVE 0.4 NNE, IL US","2020-06-30",,,,,,
"US1ILDP0127","DOWNERS GROVE 0.4 NNE, IL US","2020-07-01",,,,,,
"US1ILDP0127","DOWNERS GROVE 0.4 NNE, IL US","2020-07-02",,,,,,
"US1ILDP0127","DOWNERS GROVE 0.4 NNE, IL US","2020-07-03",,,,,,
"US1ILDP0127","DOWNERS GROVE 0.4 NNE, IL US","2020-07-04",,,,,,
"US1ILDP0127","DOWNERS GROVE 0.4 NNE, IL US","2020-07-05",,,,,,
"US1ILDP0127","DOWNERS GROVE 0.4 NNE, IL US","2020-07-06",,,,,,
"US1ILDP0127","DOWNERS GROVE 0.4 NNE, IL US","2020-07-07",,,,,,
"US1ILDP0127","DOWNERS GROVE 0.4 NNE, IL US","2020-07-08",,,,,,
"US1ILDP0127","DOWNERS GROVE 0.4 NNE, IL US","2020-07-09",,,,,,
"US1ILDP0127","DOWNERS GROVE 0.4 NNE, IL US","2020-07-10",,,,,,
"US1ILDP0127","DOWNERS GROVE 0.4 NNE, IL US","2020-07-11",,,,,,
"US1ILDP0127","DOWNERS GROVE 0.4 NNE, IL US","2020-07-12",,,,,,
"US1ILDP0127","DOWNERS GROVE 0.4 NNE, IL US","2020-07-13",,,,,,
"US1ILDP0127","DOWNERS GROVE 0.4 NNE, IL US","2020-07-14",,,,,,
"US1ILDP0127","DOWNERS GROVE 0.4 NNE, IL US","2020-07-15",,,,,,
"US1ILDP0127","DOWNERS GROVE 0.4 NNE, IL US","2020-07-16",,,,,,
"US1ILDP0127","DOWNERS GROVE 0.4 NNE, IL US","2020-07-17",,,,,,
"US1ILDP0127","DOWNERS GROVE 0.4 NNE, IL US","2020-07-18",,,,,,
"US1ILDP0127","DOWNERS GROVE 0.4 NNE, IL US","2020-07-19",,,,,,
"US1ILDP0127","DOWNERS GROVE 0.4 NNE, IL US","2020-07-20",,,,,,
"US1ILDP0127","DOWNERS GROVE 0.4 NNE, IL US","2020-07-21",,,,,,
"US1ILDP0127","DOWNERS GROVE 0.4 NNE, IL US","2020-07-22",,,,,,
"US1ILDP0127","DOWNERS GROVE 0.4 NNE, IL US","2020-07-23",,,,,,
"US1ILDP0127","DOWNERS GROVE 0.4 NNE, IL US","2020-07-24",,,,,,
"US1ILDP0127","DOWNERS GROVE 0.4 NNE, IL US","2020-07-25",,,,,,
"US1ILDP0127","DOWNERS GROVE 0.4 NNE, IL US","2020-07-26",,,,,,
"US1ILDP0127","DOWNERS GROVE 0.4 NNE, IL US","2020-07-27",,,,,,
"US1ILDP0127","DOWNERS GROVE 0.4 NNE, IL US","2020-07-28",,,,,,
"US1ILDP0127","DOWNERS GROVE 0.4 NNE, IL US","2020-07-29",,,,,,
"US1ILDP0127","DOWNERS GROVE 0.4 NNE, IL US","2020-07-30",,,,,,
"US1ILDP0127","DOWNERS GROVE 0.4 NNE, IL US","2020-07-31",,,,,,
"US1ILDP0127","DOWNERS GROVE 0.4 NNE, IL US","2020-08-01",,,,,,
"US1ILDP0127","DOWNERS GROVE 0.4 NNE, IL US","2020-08-02",,,,,,
"US1ILDP0127","DOWNERS GROVE 0.4 NNE, IL US","2020-08-03",,,,,,
"US1ILDP0127","DOWNERS GROVE 0.4 NNE, IL US","2020-08-04",,,,,,
"US1ILDP0127","DOWNERS GROVE 0.4 NNE, IL US","2020-08-05",,,,,,
"US1ILDP0127","DOWNERS GROVE 0.4 NNE, IL US","2020-08-06",,,,,,
"US1ILDP0127","DOWNERS GROVE 0.4 NNE, IL US","2020-08-07",,,,,,
"US1ILDP0127","DOWNERS GROVE 0.4 NNE, IL US","2020-08-08",,,,,,
"US1ILDP0127","DOWNERS GROVE 0.4 NNE, IL US","2020-08-09",,,,,,
"US1ILDP0127","DOWNERS GROVE 0.4 NNE, IL US","2020-08-10",,,,,,
"US1ILDP0127","DOWNERS GROVE 0.4 NNE, IL US","2020-08-11",,,,,,
"US1ILDP0127","DOWNERS GROVE 0.4 NNE, IL US","2020-08-12",,,,,,
"US1ILDP0127","DOWNERS GROVE 0.4 NNE, IL US","2020-08-13",,,,,,
"US1ILDP0127","DOWNERS GROVE 0.4 NNE, IL US","2020-08-14",,,,,,
"US1ILDP0127","DOWNERS GROVE 0.4 NNE, IL US","2020-08-15",,,,,,
"US1ILDP0127","DOWNERS GROVE 0.4 NNE, IL US","2020-08-16",,,,,,
"US1ILDP0127","DOWNERS GROVE 0.4 NNE, IL US","2020-08-17",,,,,,
"US1ILDP0127","DOWNERS GROVE 0.4 NNE, IL US","2020-08-18",,,,,,
"US1ILDP0127","DOWNERS GROVE 0.4 NNE, IL US","2020-08-19",,,,,,
"US1ILDP0127","DOWNERS GROVE 0.4 NNE, IL US","2020-08-20",,,,,,
"US1ILDP0127","DOWNERS GROVE 0.4 NNE, IL US","2020-08-21",,,,,,
"US1ILDP0127","DOWNERS GROVE 0.4 NNE, IL US","2020-08-22",,,,,,
"US1ILDP0127","DOWNERS GROVE 0.4 NNE, IL US","2020-08-23",,,,,,
"US1ILDP0127","DOWNERS GROVE 0.4 NNE, IL US","2020-08-24",,,,,,
"US1ILDP0127","DOWNERS GROVE 0.4 NNE, IL US","2020-08-25",,,,,,
"US1ILDP0127","DOWNERS GROVE 0.4 NNE, IL US","2020-08-26",,,,,,
"US1ILDP0127","DOWNERS GROVE 0.4 NNE, IL US","2020-08-27",,,,,,
"US1ILDP0127","DOWNERS GROVE 0.4 NNE, IL US","2020-08-28",,,,,,
"US1ILDP0127","DOWNERS GROVE 0.4 NNE, IL US","2020-08-29",,,,,,
"US1ILDP0127","DOWNERS GROVE 0.4 NNE, IL US","2020-08-30",,,,,,
"US1ILDP0127","DOWNERS GROVE 0.4 NNE, IL US","2020-08-31",,,,,,
"US1ILDP0127","DOWNERS GROVE 0.4 NNE, IL US","2020-09-01",,,,,,
"US1ILDP0127","DOWNERS GROVE 0.4 NNE, IL US","2020-09-02",,,,,,
"US1ILDP0127","DOWNERS GROVE 0.4 NNE, IL US","2020-09-03",,,,,,
"US1ILDP0127","DOWNERS GROVE 0.4 NNE, IL US","2020-09-04",,,,,,
"US1ILDP0127","DOWNERS GROVE 0.4 NNE, IL US","2020-09-05",,,,,,
"US1ILDP0127","DOWNERS GROVE 0.4 NNE, IL US","2020-09-06",,,,,,
"US1ILDP0127","DOWNERS GROVE 0.4 NNE, IL US","2020-09-07",,,,,,
"US1ILDP0127","DOWNERS GROVE 0.4 NNE, IL US","2020-09-08",,,,,,
"US1INLK0034","HOBART 1.2 SSW, IN US","2019-10-01",,,,,,
"US1INLK0034","HOBART 1.2 SSW, IN US","2019-10-02",,,,,,
"US1INLK0034","HOBART 1.2 SSW, IN US","2019-10-03",,,,,,
"US1INLK0034","HOBART 1.2 SSW, IN US","2019-10-06",,,,,,
"US1INLK0034","HOBART 1.2 SSW, IN US","2019-10-07",,,,,,
"US1INLK0034","HOBART 1.2 SSW, IN US","2019-10-08",,,,,,
"US1INLK0034","HOBART 1.2 SSW, IN US","2019-10-10",,,,,,
"US1INLK0034","HOBART 1.2 SSW, IN US","2019-10-11",,,,,,
"US1INLK0034","HOBART 1.2 SSW, IN US","2019-10-12",,,,,,
"US1INLK0034","HOBART 1.2 SSW, IN US","2019-10-13",,,,,,
"US1INLK0034","HOBART 1.2 SSW, IN US","2019-10-14",,,,,,
"US1INLK0034","HOBART 1.2 SSW, IN US","2019-10-15",,,,,,
"US1INLK0034","HOBART 1.2 SSW, IN US","2019-10-16",,,,,,
"US1INLK0034","HOBART 1.2 SSW, IN US","2019-10-17",,,,,,
"US1INLK0034","HOBART 1.2 SSW, IN US","2019-10-18",,,,,,
"US1INLK0034","HOBART 1.2 SSW, IN US","2019-10-20",,,,,,
"US1INLK0034","HOBART 1.2 SSW, IN US","2019-10-21",,,,,,
"US1INLK0034","HOBART 1.2 SSW, IN US","2019-10-22",,,,,,
"US1INLK0034","HOBART 1.2 SSW, IN US","2019-10-24",,,,,,
"US1INLK0034","HOBART 1.2 SSW, IN US","2019-10-27",,,,,,
"US1INLK0034","HOBART 1.2 SSW, IN US","2019-10-28",,,,,,
"US1INLK0034","HOBART 1.2 SSW, IN US","2019-10-29",,,,,,
"US1INLK0034","HOBART 1.2 SSW, IN US","2019-10-30",,,,,,
"US1INLK0034","HOBART 1.2 SSW, IN US","2019-10-31",,,,,,
"US1INLK0034","HOBART 1.2 SSW, IN US","2019-11-01",,,,,,
"US1INLK0034","HOBART 1.2 SSW, IN US","2019-11-02",,,,,,
"US1INLK0034","HOBART 1.2 SSW, IN US","2019-11-04",,,,,,
"US1INLK0034","HOBART 1.2 SSW, IN US","2019-11-07",,,,,,
"US1INLK0034","HOBART 1.2 SSW, IN US","2020-01-08",,,,,,
"US1INLK0034","HOBART 1.2 SSW, IN US","2020-03-28",,,,,,
"US1INLK0034","HOBART 1.2 SSW, IN US","2020-03-29",,,,,,
"US1INLK0034","HOBART 1.2 SSW, IN US","2020-03-30",,,,,,
"US1INLK0034","HOBART 1.2 SSW, IN US","2020-04-01",,,,,,
"US1INLK0034","HOBART 1.2 SSW, IN US","2020-04-03",,,,,,
"US1INLK0034","HOBART 1.2 SSW, IN US","2020-04-06",,,,,,
"US1INLK0034","HOBART 1.2 SSW, IN US","2020-04-07",,,,,,
"US1INLK0034","HOBART 1.2 SSW, IN US","2020-04-08",,,,,,
"US1INLK0034","HOBART 1.2 SSW, IN US","2020-04-11",,,,,,
"US1INLK0034","HOBART 1.2 SSW, IN US","2020-04-12",,,,,,
"US1INLK0034","HOBART 1.2 SSW, IN US","2020-04-13",,,,,,
"US1INLK0034","HOBART 1.2 SSW, IN US","2020-04-14",,,,,,
"US1INLK0034","HOBART 1.2 SSW, IN US","2020-04-15",,,,,,
"US1INLK0034","HOBART 1.2 SSW, IN US","2020-04-16",,,,,,
"US1INLK0034","HOBART 1.2 SSW, IN US","2020-04-18",,,,,,
"US1INLK0034","HOBART 1.2 SSW, IN US","2020-04-19",,,,,,
"US1INLK0034","HOBART 1.2 SSW, IN US","2020-04-21",,,,,,
"US1INLK0034","HOBART 1.2 SSW, IN US","2020-04-22",,,,,,
"US1INLK0034","HOBART 1.2 SSW, IN US","2020-04-23",,,,,,
"US1INLK0034","HOBART 1.2 SSW, IN US","2020-04-24",,,,,,
"US1INLK0034","HOBART 1.2 SSW, IN US","2020-04-25",,,,,,
"US1INLK0034","HOBART 1.2 SSW, IN US","2020-04-26",,,,,,
"US1INLK0034","HOBART 1.2 SSW, IN US","2020-04-27",,,,,,
"US1INLK0034","HOBART 1.2 SSW, IN US","2020-04-28",,,,,,
"US1INLK0034","HOBART 1.2 SSW, IN US","2020-04-29",,,,,,
"US1INLK0034","HOBART 1.2 SSW, IN US","2020-04-30",,,,,,
"US1INLK0034","HOBART 1.2 SSW, IN US","2020-05-01",,,,,,
"US1INLK0034","HOBART 1.2 SSW, IN US","2020-05-02",,,,,,
"US1INLK0034","HOBART 1.2 SSW, IN US","2020-05-03",,,,,,
"US1INLK0034","HOBART 1.2 SSW, IN US","2020-05-04",,,,,,
"US1INLK0034","HOBART 1.2 SSW, IN US","2020-05-05",,,,,,
"US1INLK0034","HOBART 1.2 SSW, IN US","2020-05-06",,,,,,
"US1INLK0034","HOBART 1.2 SSW, IN US","2020-05-07",,,,,,
"US1INLK0034","HOBART 1.2 SSW, IN US","2020-05-08",,,,,,
"US1INLK0034","HOBART 1.2 SSW, IN US","2020-05-09",,,,,,
"US1INLK0034","HOBART 1.2 SSW, IN US","2020-05-10",,,,,,
"US1INLK0034","HOBART 1.2 SSW, IN US","2020-05-11",,,,,,
"US1INLK0034","HOBART 1.2 SSW, IN US","2020-05-12",,,,,,
"US1INLK0034","HOBART 1.2 SSW, IN US","2020-05-13",,,,,,
"US1INLK0034","HOBART 1.2 SSW, IN US","2020-05-14",,,,,,
"US1INLK0034","HOBART 1.2 SSW, IN US","2020-05-15",,,,,,
"US1INLK0034","HOBART 1.2 SSW, IN US","2020-05-16",,,,,,
"US1INLK0034","HOBART 1.2 SSW, IN US","2020-05-17",,,,,,
"US1INLK0034","HOBART 1.2 SSW, IN US","2020-05-18",,,,,,
"US1INLK0034","HOBART 1.2 SSW, IN US","2020-05-19",,,,,,
"US1INLK0034","HOBART 1.2 SSW, IN US","2020-05-20",,,,,,
"US1INLK0034","HOBART 1.2 SSW, IN US","2020-05-21",,,,,,
"US1INLK0034","HOBART 1.2 SSW, IN US","2020-05-22",,,,,,
"US1INLK0034","HOBART 1.2 SSW, IN US","2020-05-23",,,,,,
"US1INLK0034","HOBART 1.2 SSW, IN US","2020-05-24",,,,,,
"US1INLK0034","HOBART 1.2 SSW, IN US","2020-05-25",,,,,,
"US1INLK0034","HOBART 1.2 SSW, IN US","2020-05-26",,,,,,
"US1INLK0034","HOBART 1.2 SSW, IN US","2020-05-27",,,,,,
"US1INLK0034","HOBART 1.2 SSW, IN US","2020-05-28",,,,,,
"US1INLK0034","HOBART 1.2 SSW, IN US","2020-05-29",,,,,,
"US1INLK0034","HOBART 1.2 SSW, IN US","2020-05-30",,,,,,
"US1INLK0034","HOBART 1.2 SSW, IN US","2020-05-31",,,,,,
"US1INLK0034","HOBART 1.2 SSW, IN US","2020-06-01",,,,,,
"US1INLK0034","HOBART 1.2 SSW, IN US","2020-06-02",,,,,,
"US1INLK0034","HOBART 1.2 SSW, IN US","2020-06-03",,,,,,
"US1INLK0034","HOBART 1.2 SSW, IN US","2020-06-04",,,,,,
"US1INLK0034","HOBART 1.2 SSW, IN US","2020-06-05",,,,,,
"US1INLK0034","HOBART 1.2 SSW, IN US","2020-06-06",,,,,,
"US1INLK0034","HOBART 1.2 SSW, IN US","2020-06-07",,,,,,
"US1INLK0034","HOBART 1.2 SSW, IN US","2020-06-08",,,,,,
"US1INLK0034","HOBART 1.2 SSW, IN US","2020-06-09",,,,,,
"US1INLK0034","HOBART 1.2 SSW, IN US","2020-06-10",,,,,,
"US1INLK0034","HOBART 1.2 SSW, IN US","2020-06-11",,,,,,
"US1INLK0034","HOBART 1.2 SSW, IN US","2020-06-12",,,,,,
"US1INLK0034","HOBART 1.2 SSW, IN US","2020-06-13",,,,,,
"US1INLK0034","HOBART 1.2 SSW, IN US","2020-06-14",,,,,,
"US1INLK0034","HOBART 1.2 SSW, IN US","2020-06-15",,,,,,
"US1INLK0034","HOBART 1.2 SSW, IN US","2020-06-16",,,,,,
"US1INLK0034","HOBART 1.2 SSW, IN US","2020-06-17",,,,,,
"US1INLK0034","HOBART 1.2 SSW, IN US","2020-06-18",,,,,,
"US1INLK0034","HOBART 1.2 SSW, IN US","2020-06-19",,,,,,
"US1INLK0034","HOBART 1.2 SSW, IN US","2020-06-20",,,,,,
"US1INLK0034","HOBART 1.2 SSW, IN US","2020-06-21",,,,,,
"US1INLK0034","HOBART 1.2 SSW, IN US","2020-06-22",,,,,,
"US1INLK0034","HOBART 1.2 SSW, IN US","2020-06-23",,,,,,
"US1INLK0034","HOBART 1.2 SSW, IN US","2020-06-24",,,,,,
"US1INLK0034","HOBART 1.2 SSW, IN US","2020-06-25",,,,,,
"US1INLK0034","HOBART 1.2 SSW, IN US","2020-06-26",,,,,,
"US1INLK0034","HOBART 1.2 SSW, IN US","2020-06-27",,,,,,
"US1INLK0034","HOBART 1.2 SSW, IN US","2020-06-28",,,,,,
"US1INLK0034","HOBART 1.2 SSW, IN US","2020-06-29",,,,,,
"US1INLK0034","HOBART 1.2 SSW, IN US","2020-06-30",,,,,,
"US1INLK0034","HOBART 1.2 SSW, IN US","2020-07-01",,,,,,
"US1INLK0034","HOBART 1.2 SSW, IN US","2020-07-02",,,,,,
"US1INLK0034","HOBART 1.2 SSW, IN US","2020-07-03",,,,,,
"US1INLK0034","HOBART 1.2 SSW, IN US","2020-07-04",,,,,,
"US1INLK0034","HOBART 1.2 SSW, IN US","2020-07-05",,,,,,
"US1INLK0034","HOBART 1.2 SSW, IN US","2020-07-06",,,,,,
"US1INLK0034","HOBART 1.2 SSW, IN US","2020-07-07",,,,,,
"US1INLK0034","HOBART 1.2 SSW, IN US","2020-07-08",,,,,,
"US1INLK0034","HOBART 1.2 SSW, IN US","2020-07-09",,,,,,
"US1INLK0034","HOBART 1.2 SSW, IN US","2020-07-10",,,,,,
"US1INLK0034","HOBART 1.2 SSW, IN US","2020-07-11",,,,,,
"US1INLK0034","HOBART 1.2 SSW, IN US","2020-07-12",,,,,,
"US1INLK0034","HOBART 1.2 SSW, IN US","2020-07-13",,,,,,
"US1INLK0034","HOBART 1.2 SSW, IN US","2020-07-14",,,,,,
"US1INLK0034","HOBART 1.2 SSW, IN US","2020-07-15",,,,,,
"US1INLK0034","HOBART 1.2 SSW, IN US","2020-07-16",,,,,,
"US1INLK0034","HOBART 1.2 SSW, IN US","2020-07-17",,,,,,
"US1INLK0034","HOBART 1.2 SSW, IN US","2020-07-18",,,,,,
"US1INLK0034","HOBART 1.2 SSW, IN US","2020-07-19",,,,,,
"US1INLK0034","HOBART 1.2 SSW, IN US","2020-07-20",,,,,,
"US1INLK0034","HOBART 1.2 SSW, IN US","2020-07-21",,,,,,
"US1INLK0034","HOBART 1.2 SSW, IN US","2020-07-22",,,,,,
"US1INLK0034","HOBART 1.2 SSW, IN US","2020-07-23",,,,,,
"US1INLK0034","HOBART 1.2 SSW, IN US","2020-07-24",,,,,,
"US1INLK0034","HOBART 1.2 SSW, IN US","2020-07-25",,,,,,
"US1INLK0034","HOBART 1.2 SSW, IN US","2020-07-26",,,,,,
"US1INLK0034","HOBART 1.2 SSW, IN US","2020-07-27",,,,,,
"US1INLK0034","HOBART 1.2 SSW, IN US","2020-07-28",,,,,,
"US1INLK0034","HOBART 1.2 SSW, IN US","2020-07-29",,,,,,
"US1INLK0034","HOBART 1.2 SSW, IN US","2020-07-30",,,,,,
"US1INLK0034","HOBART 1.2 SSW, IN US","2020-07-31",,,,,,
"US1INLK0034","HOBART 1.2 SSW, IN US","2020-08-01",,,,,,
"US1INLK0034","HOBART 1.2 SSW, IN US","2020-08-02",,,,,,
"US1INLK0034","HOBART 1.2 SSW, IN US","2020-08-03",,,,,,
"US1INLK0034","HOBART 1.2 SSW, IN US","2020-08-04",,,,,,
"US1INLK0034","HOBART 1.2 SSW, IN US","2020-08-05",,,,,,
"US1INLK0034","HOBART 1.2 SSW, IN US","2020-08-06",,,,,,
"US1INLK0034","HOBART 1.2 SSW, IN US","2020-08-07",,,,,,
"US1INLK0034","HOBART 1.2 SSW, IN US","2020-08-08",,,,,,
"US1INLK0034","HOBART 1.2 SSW, IN US","2020-08-09",,,,,,
"US1INLK0034","HOBART 1.2 SSW, IN US","2020-08-10",,,,,,
"US1INLK0034","HOBART 1.2 SSW, IN US","2020-08-11",,,,,,
"US1INLK0034","HOBART 1.2 SSW, IN US","2020-08-12",,,,,,
"US1INLK0034","HOBART 1.2 SSW, IN US","2020-08-13",,,,,,
"US1INLK0034","HOBART 1.2 SSW, IN US","2020-08-14",,,,,,
"US1INLK0034","HOBART 1.2 SSW, IN US","2020-08-15",,,,,,
"US1INLK0034","HOBART 1.2 SSW, IN US","2020-08-16",,,,,,
"US1INLK0034","HOBART 1.2 SSW, IN US","2020-08-17",,,,,,
"US1INLK0034","HOBART 1.2 SSW, IN US","2020-08-18",,,,,,
"US1INLK0034","HOBART 1.2 SSW, IN US","2020-08-19",,,,,,
"US1INLK0034","HOBART 1.2 SSW, IN US","2020-08-20",,,,,,
"US1INLK0034","HOBART 1.2 SSW, IN US","2020-08-21",,,,,,
"US1INLK0034","HOBART 1.2 SSW, IN US","2020-08-22",,,,,,
"US1INLK0034","HOBART 1.2 SSW, IN US","2020-08-23",,,,,,
"US1INLK0034","HOBART 1.2 SSW, IN US","2020-08-24",,,,,,
"US1INLK0034","HOBART 1.2 SSW, IN US","2020-08-25",,,,,,
"US1INLK0034","HOBART 1.2 SSW, IN US","2020-08-26",,,,,,
"US1INLK0034","HOBART 1.2 SSW, IN US","2020-08-27",,,,,,
"US1INLK0034","HOBART 1.2 SSW, IN US","2020-08-28",,,,,,
"US1INLK0034","HOBART 1.2 SSW, IN US","2020-08-29",,,,,,
"US1INLK0034","HOBART 1.2 SSW, IN US","2020-08-30",,,,,,
"US1INLK0034","HOBART 1.2 SSW, IN US","2020-08-31",,,,,,
"US1INLK0034","HOBART 1.2 SSW, IN US","2020-09-01",,,,,,
"US1INLK0034","HOBART 1.2 SSW, IN US","2020-09-02",,,,,,
"US1INLK0034","HOBART 1.2 SSW, IN US","2020-09-03",,,,,,
"US1INLK0034","HOBART 1.2 SSW, IN US","2020-09-04",,,,,,
"US1INLK0034","HOBART 1.2 SSW, IN US","2020-09-05",,,,,,
"US1INLK0034","HOBART 1.2 SSW, IN US","2020-09-06",,,,,,
"US1INLK0034","HOBART 1.2 SSW, IN US","2020-09-07",,,,,,
"US1INLK0034","HOBART 1.2 SSW, IN US","2020-09-08",,,,,,
"US1ILCK0036","CHICAGO 4.7 NE, IL US","2019-10-01",,,,,,
"US1ILCK0036","CHICAGO 4.7 NE, IL US","2019-10-04",,,,,,
"US1ILCK0036","CHICAGO 4.7 NE, IL US","2019-10-05",,,,,,
"US1ILCK0036","CHICAGO 4.7 NE, IL US","2019-10-06",,,,,,
"US1ILCK0036","CHICAGO 4.7 NE, IL US","2019-10-07",,,,,,
"US1ILCK0036","CHICAGO 4.7 NE, IL US","2019-10-08",,,,,,
"US1ILCK0036","CHICAGO 4.7 NE, IL US","2019-10-09",,,,,,
"US1ILCK0036","CHICAGO 4.7 NE, IL US","2019-10-10",,,,,,
"US1ILCK0036","CHICAGO 4.7 NE, IL US","2019-10-11",,,,,,
"US1ILCK0036","CHICAGO 4.7 NE, IL US","2019-10-12",,,,,,
"US1ILCK0036","CHICAGO 4.7 NE, IL US","2019-10-13",,,,,,
"US1ILCK0036","CHICAGO 4.7 NE, IL US","2019-10-14",,,,,,
"US1ILCK0036","CHICAGO 4.7 NE, IL US","2019-10-15",,,,,,
"US1ILCK0036","CHICAGO 4.7 NE, IL US","2019-10-16",,,,,,
"US1ILCK0036","CHICAGO 4.7 NE, IL US","2019-10-17",,,,,,
"US1ILCK0036","CHICAGO 4.7 NE, IL US","2019-10-18",,,,,,
"US1ILCK0036","CHICAGO 4.7 NE, IL US","2019-10-19",,,,,,
"US1ILCK0036","CHICAGO 4.7 NE, IL US","2019-10-20",,,,,,
"US1ILCK0036","CHICAGO 4.7 NE, IL US","2019-10-21",,,,,,
"US1ILCK0036","CHICAGO 4.7 NE, IL US","2019-10-23",,,,,,
"US1ILCK0036","CHICAGO 4.7 NE, IL US","2019-10-24",,,,,,
"US1ILCK0036","CHICAGO 4.7 NE, IL US","2019-10-25",,,,,,
"US1ILCK0036","CHICAGO 4.7 NE, IL US","2019-10-26",,,,,,
"US1ILCK0036","CHICAGO 4.7 NE, IL US","2019-10-27",,,,,,
"US1ILCK0036","CHICAGO 4.7 NE, IL US","2019-10-28",,,,,,
"US1ILCK0036","CHICAGO 4.7 NE, IL US","2019-10-30",,,,,,
"US1ILCK0036","CHICAGO 4.7 NE, IL US","2019-10-31",,,,,,
"US1ILCK0036","CHICAGO 4.7 NE, IL US","2019-11-01",,,,,,
"US1ILCK0036","CHICAGO 4.7 NE, IL US","2019-11-02",,,,,,
"US1ILCK0036","CHICAGO 4.7 NE, IL US","2019-11-03",,,,,,
"US1ILCK0036","CHICAGO 4.7 NE, IL US","2019-11-04",,,,,,
"US1ILCK0036","CHICAGO 4.7 NE, IL US","2019-11-05",,,,,,
"US1ILCK0036","CHICAGO 4.7 NE, IL US","2019-11-06",,,,,,
"US1ILCK0036","CHICAGO 4.7 NE, IL US","2019-11-07",,,,,,
"US1ILCK0036","CHICAGO 4.7 NE, IL US","2019-11-08",,,,,,
"US1ILCK0036","CHICAGO 4.7 NE, IL US","2019-11-09",,,,,,
"US1ILCK0036","CHICAGO 4.7 NE, IL US","2019-11-10",,,,,,
"US1ILCK0036","CHICAGO 4.7 NE, IL US","2019-11-11",,,,,,
"US1ILCK0036","CHICAGO 4.7 NE, IL US","2019-11-12",,,,,,
"US1ILCK0036","CHICAGO 4.7 NE, IL US","2019-11-13",,,,,,
"US1ILCK0036","CHICAGO 4.7 NE, IL US","2019-11-14",,,,,,
"US1ILCK0036","CHICAGO 4.7 NE, IL US","2019-11-15",,,,,,
"US1ILCK0036","CHICAGO 4.7 NE, IL US","2019-11-16",,,,,,
"US1ILCK0036","CHICAGO 4.7 NE, IL US","2019-11-17",,,,,,
"US1ILCK0036","CHICAGO 4.7 NE, IL US","2019-11-18",,,,,,
"US1ILCK0036","CHICAGO 4.7 NE, IL US","2019-11-19",,,,,,
"US1ILCK0036","CHICAGO 4.7 NE, IL US","2019-11-20",,,,,,
"US1ILCK0036","CHICAGO 4.7 NE, IL US","2019-11-21",,,,,,
"US1ILCK0036","CHICAGO 4.7 NE, IL US","2019-11-22",,,,,,
"US1ILCK0036","CHICAGO 4.7 NE, IL US","2019-11-23",,,,,,
"US1ILCK0036","CHICAGO 4.7 NE, IL US","2019-11-24",,,,,,
"US1ILCK0036","CHICAGO 4.7 NE, IL US","2019-11-25",,,,,,
"US1ILCK0036","CHICAGO 4.7 NE, IL US","2019-11-26",,,,,,
"US1ILCK0036","CHICAGO 4.7 NE, IL US","2019-11-27",,,,,,
"US1ILCK0036","CHICAGO 4.7 NE, IL US","2019-11-28",,,,,,
"US1ILCK0036","CHICAGO 4.7 NE, IL US","2019-11-29",,,,,,
"US1ILCK0036","CHICAGO 4.7 NE, IL US","2019-11-30",,,,,,
"US1ILCK0036","CHICAGO 4.7 NE, IL US","2019-12-01",,,,,,
"US1ILCK0036","CHICAGO 4.7 NE, IL US","2019-12-02",,,,,,
"US1ILCK0036","CHICAGO 4.7 NE, IL US","2019-12-03",,,,,,
"US1ILCK0036","CHICAGO 4.7 NE, IL US","2019-12-04",,,,,,
"US1ILCK0036","CHICAGO 4.7 NE, IL US","2019-12-05",,,,,,
"US1ILCK0036","CHICAGO 4.7 NE, IL US","2019-12-06",,,,,,
"US1ILCK0036","CHICAGO 4.7 NE, IL US","2019-12-07",,,,,,
"US1ILCK0036","CHICAGO 4.7 NE, IL US","2019-12-08",,,,,,
"US1ILCK0036","CHICAGO 4.7 NE, IL US","2019-12-09",,,,,,
"US1ILCK0036","CHICAGO 4.7 NE, IL US","2019-12-10",,,,,,
"US1ILCK0036","CHICAGO 4.7 NE, IL US","2019-12-11",,,,,,
"US1ILCK0036","CHICAGO 4.7 NE, IL US","2019-12-12",,,,,,
"US1ILCK0036","CHICAGO 4.7 NE, IL US","2019-12-13",,,,,,
"US1ILCK0036","CHICAGO 4.7 NE, IL US","2019-12-14",,,,,,
"US1ILCK0036","CHICAGO 4.7 NE, IL US","2019-12-15",,,,,,
"US1ILCK0036","CHICAGO 4.7 NE, IL US","2019-12-16",,,,,,
"US1ILCK0036","CHICAGO 4.7 NE, IL US","2019-12-17",,,,,,
"US1ILCK0036","CHICAGO 4.7 NE, IL US","2019-12-18",,,,,,
"US1ILCK0036","CHICAGO 4.7 NE, IL US","2019-12-19",,,,,,
"US1ILCK0036","CHICAGO 4.7 NE, IL US","2019-12-20",,,,,,
"US1ILCK0036","CHICAGO 4.7 NE, IL US","2019-12-22",,,,,,
"US1ILCK0036","CHICAGO 4.7 NE, IL US","2019-12-23",,,,,,
"US1ILCK0036","CHICAGO 4.7 NE, IL US","2019-12-24",,,,,,
"US1ILCK0036","CHICAGO 4.7 NE, IL US","2019-12-25",,,,,,
"US1ILCK0036","CHICAGO 4.7 NE, IL US","2019-12-26",,,,,,
"US1ILCK0036","CHICAGO 4.7 NE, IL US","2019-12-27",,,,,,
"US1ILCK0036","CHICAGO 4.7 NE, IL US","2019-12-28",,,,,,
"US1ILCK0036","CHICAGO 4.7 NE, IL US","2019-12-29",,,,,,
"US1ILCK0036","CHICAGO 4.7 NE, IL US","2019-12-30",,,,,,
"US1ILCK0036","CHICAGO 4.7 NE, IL US","2019-12-31",,,,,,
"US1ILCK0036","CHICAGO 4.7 NE, IL US","2020-01-01",,,,,,
"US1ILCK0036","CHICAGO 4.7 NE, IL US","2020-01-02",,,,,,
"US1ILCK0036","CHICAGO 4.7 NE, IL US","2020-01-03",,,,,,
"US1ILCK0036","CHICAGO 4.7 NE, IL US","2020-01-05",,,,,,
"US1ILCK0036","CHICAGO 4.7 NE, IL US","2020-01-06",,,,,,
"US1ILCK0036","CHICAGO 4.7 NE, IL US","2020-01-07",,,,,,
"US1ILCK0036","CHICAGO 4.7 NE, IL US","2020-01-08",,,,,,
"US1ILCK0036","CHICAGO 4.7 NE, IL US","2020-01-09",,,,,,
"US1ILCK0036","CHICAGO 4.7 NE, IL US","2020-01-12",,,,,,
"US1ILCK0036","CHICAGO 4.7 NE, IL US","2020-01-13",,,,,,
"US1ILCK0036","CHICAGO 4.7 NE, IL US","2020-01-14",,,,,,
"US1ILCK0036","CHICAGO 4.7 NE, IL US","2020-01-15",,,,,,
"US1ILCK0036","CHICAGO 4.7 NE, IL US","2020-01-16",,,,,,
"US1ILCK0036","CHICAGO 4.7 NE, IL US","2020-01-18",,,,,,
"US1ILCK0036","CHICAGO 4.7 NE, IL US","2020-01-19",,,,,,
"US1ILCK0036","CHICAGO 4.7 NE, IL US","2020-01-20",,,,,,
"US1ILCK0036","CHICAGO 4.7 NE, IL US","2020-01-21",,,,,,
"US1ILCK0036","CHICAGO 4.7 NE, IL US","2020-01-22",,,,,,
"US1ILCK0036","CHICAGO 4.7 NE, IL US","2020-01-23",,,,,,
"US1ILCK0036","CHICAGO 4.7 NE, IL US","2020-01-26",,,,,,
"US1ILCK0036","CHICAGO 4.7 NE, IL US","2020-01-27",,,,,,
"US1ILCK0036","CHICAGO 4.7 NE, IL US","2020-01-28",,,,,,
"US1ILCK0036","CHICAGO 4.7 NE, IL US","2020-01-29",,,,,,
"US1ILCK0036","CHICAGO 4.7 NE, IL US","2020-01-30",,,,,,
"US1ILCK0036","CHICAGO 4.7 NE, IL US","2020-01-31",,,,,,
"US1ILCK0036","CHICAGO 4.7 NE, IL US","2020-02-01",,,,,,
"US1ILCK0036","CHICAGO 4.7 NE, IL US","2020-02-02",,,,,,
"US1ILCK0036","CHICAGO 4.7 NE, IL US","2020-02-03",,,,,,
"US1ILCK0036","CHICAGO 4.7 NE, IL US","2020-02-04",,,,,,
"US1ILCK0036","CHICAGO 4.7 NE, IL US","2020-02-05",,,,,,
"US1ILCK0036","CHICAGO 4.7 NE, IL US","2020-02-06",,,,,,
"US1ILCK0036","CHICAGO 4.7 NE, IL US","2020-02-07",,,,,,
"US1ILCK0036","CHICAGO 4.7 NE, IL US","2020-02-08",,,,,,
"US1ILCK0036","CHICAGO 4.7 NE, IL US","2020-02-09",,,,,,
"US1ILCK0036","CHICAGO 4.7 NE, IL US","2020-02-10",,,,,,
"US1ILCK0036","CHICAGO 4.7 NE, IL US","2020-02-11",,,,,,
"US1ILCK0036","CHICAGO 4.7 NE, IL US","2020-02-12",,,,,,
"US1ILCK0036","CHICAGO 4.7 NE, IL US","2020-02-13",,,,,,
"US1ILCK0036","CHICAGO 4.7 NE, IL US","2020-02-14",,,,,,
"US1ILCK0036","CHICAGO 4.7 NE, IL US","2020-02-15",,,,,,
"US1ILCK0036","CHICAGO 4.7 NE, IL US","2020-02-16",,,,,,
"US1ILCK0036","CHICAGO 4.7 NE, IL US","2020-02-17",,,,,,
"US1ILCK0036","CHICAGO 4.7 NE, IL US","2020-02-18",,,,,,
"US1ILCK0036","CHICAGO 4.7 NE, IL US","2020-02-19",,,,,,
"US1ILCK0036","CHICAGO 4.7 NE, IL US","2020-02-20",,,,,,
"US1ILCK0036","CHICAGO 4.7 NE, IL US","2020-02-21",,,,,,
"US1ILCK0036","CHICAGO 4.7 NE, IL US","2020-02-22",,,,,,
"US1ILCK0036","CHICAGO 4.7 NE, IL US","2020-02-23",,,,,,
"US1ILCK0036","CHICAGO 4.7 NE, IL US","2020-02-24",,,,,,
"US1ILCK0036","CHICAGO 4.7 NE, IL US","2020-02-25",,,,,,
"US1ILCK0036","CHICAGO 4.7 NE, IL US","2020-02-26",,,,,,
"US1ILCK0036","CHICAGO 4.7 NE, IL US","2020-02-27",,,,,,
"US1ILCK0036","CHICAGO 4.7 NE, IL US","2020-02-28",,,,,,
"US1ILCK0036","CHICAGO 4.7 NE, IL US","2020-02-29",,,,,,
"US1ILCK0036","CHICAGO 4.7 NE, IL US","2020-03-01",,,,,,
"US1ILCK0036","CHICAGO 4.7 NE, IL US","2020-03-02",,,,,,
"US1ILCK0036","CHICAGO 4.7 NE, IL US","2020-03-03",,,,,,
"US1ILCK0036","CHICAGO 4.7 NE, IL US","2020-03-04",,,,,,
"US1ILCK0036","CHICAGO 4.7 NE, IL US","2020-03-05",,,,,,
"US1ILCK0036","CHICAGO 4.7 NE, IL US","2020-03-06",,,,,,
"US1ILCK0036","CHICAGO 4.7 NE, IL US","2020-03-07",,,,,,
"US1ILCK0036","CHICAGO 4.7 NE, IL US","2020-03-08",,,,,,
"US1ILCK0036","CHICAGO 4.7 NE, IL US","2020-03-09",,,,,,
"US1ILCK0036","CHICAGO 4.7 NE, IL US","2020-03-10",,,,,,
"US1ILCK0036","CHICAGO 4.7 NE, IL US","2020-03-11",,,,,,
"US1ILCK0036","CHICAGO 4.7 NE, IL US","2020-03-12",,,,,,
"US1ILCK0036","CHICAGO 4.7 NE, IL US","2020-03-13",,,,,,
"US1ILCK0036","CHICAGO 4.7 NE, IL US","2020-03-14",,,,,,
"US1ILCK0036","CHICAGO 4.7 NE, IL US","2020-03-15",,,,,,
"US1ILCK0036","CHICAGO 4.7 NE, IL US","2020-03-16",,,,,,
"US1ILCK0036","CHICAGO 4.7 NE, IL US","2020-03-17",,,,,,
"US1ILCK0036","CHICAGO 4.7 NE, IL US","2020-03-18",,,,,,
"US1ILCK0036","CHICAGO 4.7 NE, IL US","2020-03-19",,,,,,
"US1ILCK0036","CHICAGO 4.7 NE, IL US","2020-03-20",,,,,,
"US1ILCK0036","CHICAGO 4.7 NE, IL US","2020-03-21",,,,,,
"US1ILCK0036","CHICAGO 4.7 NE, IL US","2020-03-22",,,,,,
"US1ILCK0036","CHICAGO 4.7 NE, IL US","2020-03-23",,,,,,
"US1ILCK0036","CHICAGO 4.7 NE, IL US","2020-03-24",,,,,,
"US1ILCK0036","CHICAGO 4.7 NE, IL US","2020-03-25",,,,,,
"US1ILCK0036","CHICAGO 4.7 NE, IL US","2020-03-26",,,,,,
"US1ILCK0036","CHICAGO 4.7 NE, IL US","2020-03-27",,,,,,
"US1ILCK0036","CHICAGO 4.7 NE, IL US","2020-03-28",,,,,,
"US1ILCK0036","CHICAGO 4.7 NE, IL US","2020-03-29",,,,,,
"US1ILCK0036","CHICAGO 4.7 NE, IL US","2020-03-30",,,,,,
"US1ILCK0036","CHICAGO 4.7 NE, IL US","2020-03-31",,,,,,
"US1ILCK0036","CHICAGO 4.7 NE, IL US","2020-04-01",,,,,,
"US1ILCK0036","CHICAGO 4.7 NE, IL US","2020-04-02",,,,,,
"US1ILCK0036","CHICAGO 4.7 NE, IL US","2020-04-03",,,,,,
"US1ILCK0036","CHICAGO 4.7 NE, IL US","2020-04-04",,,,,,
"US1ILCK0036","CHICAGO 4.7 NE, IL US","2020-04-05",,,,,,
"US1ILCK0036","CHICAGO 4.7 NE, IL US","2020-04-06",,,,,,
"US1ILCK0036","CHICAGO 4.7 NE, IL US","2020-04-07",,,,,,
"US1ILCK0036","CHICAGO 4.7 NE, IL US","2020-04-08",,,,,,
"US1ILCK0036","CHICAGO 4.7 NE, IL US","2020-04-09",,,,,,
"US1ILCK0036","CHICAGO 4.7 NE, IL US","2020-04-10",,,,,,
"US1ILCK0036","CHICAGO 4.7 NE, IL US","2020-04-11",,,,,,
"US1ILCK0036","CHICAGO 4.7 NE, IL US","2020-04-12",,,,,,
"US1ILCK0036","CHICAGO 4.7 NE, IL US","2020-04-13",,,,,,
"US1ILCK0036","CHICAGO 4.7 NE, IL US","2020-04-14",,,,,,
"US1ILCK0036","CHICAGO 4.7 NE, IL US","2020-04-15",,,,,,
"US1ILCK0036","CHICAGO 4.7 NE, IL US","2020-04-16",,,,,,
"US1ILCK0036","CHICAGO 4.7 NE, IL US","2020-04-17",,,,,,
"US1ILCK0036","CHICAGO 4.7 NE, IL US","2020-04-18",,,,,,
"US1ILCK0036","CHICAGO 4.7 NE, IL US","2020-04-19",,,,,,
"US1ILCK0036","CHICAGO 4.7 NE, IL US","2020-04-20",,,,,,
"US1ILCK0036","CHICAGO 4.7 NE, IL US","2020-04-21",,,,,,
"US1ILCK0036","CHICAGO 4.7 NE, IL US","2020-04-22",,,,,,
"US1ILCK0036","CHICAGO 4.7 NE, IL US","2020-04-23",,,,,,
"US1ILCK0036","CHICAGO 4.7 NE, IL US","2020-04-24",,,,,,
"US1ILCK0036","CHICAGO 4.7 NE, IL US","2020-04-25",,,,,,
"US1ILCK0036","CHICAGO 4.7 NE, IL US","2020-04-26",,,,,,
"US1ILCK0036","CHICAGO 4.7 NE, IL US","2020-04-27",,,,,,
"US1ILCK0036","CHICAGO 4.7 NE, IL US","2020-04-28",,,,,,
"US1ILCK0036","CHICAGO 4.7 NE, IL US","2020-04-29",,,,,,
"US1ILCK0036","CHICAGO 4.7 NE, IL US","2020-04-30",,,,,,
"US1ILCK0036","CHICAGO 4.7 NE, IL US","2020-05-01",,,,,,
"US1ILCK0036","CHICAGO 4.7 NE, IL US","2020-05-02",,,,,,
"US1ILCK0036","CHICAGO 4.7 NE, IL US","2020-05-03",,,,,,
"US1ILCK0036","CHICAGO 4.7 NE, IL US","2020-05-04",,,,,,
"US1ILCK0036","CHICAGO 4.7 NE, IL US","2020-05-05",,,,,,
"US1ILCK0036","CHICAGO 4.7 NE, IL US","2020-05-06",,,,,,
"US1ILCK0036","CHICAGO 4.7 NE, IL US","2020-05-07",,,,,,
"US1ILCK0036","CHICAGO 4.7 NE, IL US","2020-05-08",,,,,,
"US1ILCK0036","CHICAGO 4.7 NE, IL US","2020-05-09",,,,,,
"US1ILCK0036","CHICAGO 4.7 NE, IL US","2020-05-10",,,,,,
"US1ILCK0036","CHICAGO 4.7 NE, IL US","2020-05-11",,,,,,
"US1ILCK0036","CHICAGO 4.7 NE, IL US","2020-05-12",,,,,,
"US1ILCK0036","CHICAGO 4.7 NE, IL US","2020-05-13",,,,,,
"US1ILCK0036","CHICAGO 4.7 NE, IL US","2020-05-14",,,,,,
"US1ILCK0036","CHICAGO 4.7 NE, IL US","2020-05-15",,,,,,
"US1ILCK0036","CHICAGO 4.7 NE, IL US","2020-05-16",,,,,,
"US1ILCK0036","CHICAGO 4.7 NE, IL US","2020-05-18",,,,,,
"US1ILCK0036","CHICAGO 4.7 NE, IL US","2020-05-20",,,,,,
"US1ILCK0036","CHICAGO 4.7 NE, IL US","2020-05-21",,,,,,
"US1ILCK0036","CHICAGO 4.7 NE, IL US","2020-05-22",,,,,,
"US1ILCK0036","CHICAGO 4.7 NE, IL US","2020-05-23",,,,,,
"US1ILCK0036","CHICAGO 4.7 NE, IL US","2020-05-24",,,,,,
"US1ILCK0036","CHICAGO 4.7 NE, IL US","2020-05-25",,,,,,
"US1ILCK0036","CHICAGO 4.7 NE, IL US","2020-05-26",,,,,,
"US1ILCK0036","CHICAGO 4.7 NE, IL US","2020-05-27",,,,,,
"US1ILCK0036","CHICAGO 4.7 NE, IL US","2020-05-28",,,,,,
"US1ILCK0036","CHICAGO 4.7 NE, IL US","2020-05-29",,,,,,
"US1ILCK0036","CHICAGO 4.7 NE, IL US","2020-05-30",,,,,,
"US1ILCK0036","CHICAGO 4.7 NE, IL US","2020-05-31",,,,,,
"US1ILCK0036","CHICAGO 4.7 NE, IL US","2020-06-01",,,,,,
"US1ILCK0036","CHICAGO 4.7 NE, IL US","2020-06-02",,,,,,
"US1ILCK0036","CHICAGO 4.7 NE, IL US","2020-06-03",,,,,,
"US1ILCK0036","CHICAGO 4.7 NE, IL US","2020-06-04",,,,,,
"US1ILCK0036","CHICAGO 4.7 NE, IL US","2020-06-05",,,,,,
"US1ILCK0036","CHICAGO 4.7 NE, IL US","2020-06-06",,,,,,
"US1ILCK0036","CHICAGO 4.7 NE, IL US","2020-06-07",,,,,,
"US1ILCK0036","CHICAGO 4.7 NE, IL US","2020-06-08",,,,,,
"US1ILCK0036","CHICAGO 4.7 NE, IL US","2020-06-09",,,,,,
"US1ILCK0036","CHICAGO 4.7 NE, IL US","2020-06-10",,,,,,
"US1ILCK0036","CHICAGO 4.7 NE, IL US","2020-06-11",,,,,,
"US1ILCK0036","CHICAGO 4.7 NE, IL US","2020-06-12",,,,,,
"US1ILCK0036","CHICAGO 4.7 NE, IL US","2020-06-13",,,,,,
"US1ILCK0036","CHICAGO 4.7 NE, IL US","2020-06-14",,,,,,
"US1ILCK0036","CHICAGO 4.7 NE, IL US","2020-06-15",,,,,,
"US1ILCK0036","CHICAGO 4.7 NE, IL US","2020-06-16",,,,,,
"US1ILCK0036","CHICAGO 4.7 NE, IL US","2020-06-17",,,,,,
"US1ILCK0036","CHICAGO 4.7 NE, IL US","2020-06-18",,,,,,
"US1ILCK0036","CHICAGO 4.7 NE, IL US","2020-06-19",,,,,,
"US1ILCK0036","CHICAGO 4.7 NE, IL US","2020-06-20",,,,,,
"US1ILCK0036","CHICAGO 4.7 NE, IL US","2020-06-21",,,,,,
"US1ILCK0036","CHICAGO 4.7 NE, IL US","2020-06-22",,,,,,
"US1ILCK0036","CHICAGO 4.7 NE, IL US","2020-06-23",,,,,,
"US1ILCK0036","CHICAGO 4.7 NE, IL US","2020-06-24",,,,,,
"US1ILCK0036","CHICAGO 4.7 NE, IL US","2020-06-25",,,,,,
"US1ILCK0036","CHICAGO 4.7 NE, IL US","2020-06-26",,,,,,
"US1ILCK0036","CHICAGO 4.7 NE, IL US","2020-06-27",,,,,,
"US1ILCK0036","CHICAGO 4.7 NE, IL US","2020-06-28",,,,,,
"US1ILCK0036","CHICAGO 4.7 NE, IL US","2020-06-29",,,,,,
"US1ILCK0036","CHICAGO 4.7 NE, IL US","2020-06-30",,,,,,
"US1ILCK0036","CHICAGO 4.7 NE, IL US","2020-07-01",,,,,,
"US1ILCK0036","CHICAGO 4.7 NE, IL US","2020-07-02",,,,,,
"US1ILCK0036","CHICAGO 4.7 NE, IL US","2020-07-03",,,,,,
"US1ILCK0036","CHICAGO 4.7 NE, IL US","2020-07-04",,,,,,
"US1ILCK0036","CHICAGO 4.7 NE, IL US","2020-07-05",,,,,,
"US1ILCK0036","CHICAGO 4.7 NE, IL US","2020-07-06",,,,,,
"US1ILCK0036","CHICAGO 4.7 NE, IL US","2020-07-07",,,,,,
"US1ILCK0278","HOFFMAN ESTATES 1.6 SE, IL US","2019-10-01",,,,,,
"US1ILCK0278","HOFFMAN ESTATES 1.6 SE, IL US","2019-10-02",,,,,,
"US1ILCK0278","HOFFMAN ESTATES 1.6 SE, IL US","2019-10-03",,,,,,
"US1ILCK0278","HOFFMAN ESTATES 1.6 SE, IL US","2019-10-04",,,,,,
"US1ILCK0278","HOFFMAN ESTATES 1.6 SE, IL US","2019-10-05",,,,,,
"US1ILCK0278","HOFFMAN ESTATES 1.6 SE, IL US","2019-10-06",,,,,,
"US1ILCK0278","HOFFMAN ESTATES 1.6 SE, IL US","2019-10-07",,,,,,
"US1ILCK0278","HOFFMAN ESTATES 1.6 SE, IL US","2019-10-08",,,,,,
"US1ILCK0278","HOFFMAN ESTATES 1.6 SE, IL US","2019-10-09",,,,,,
"US1ILCK0278","HOFFMAN ESTATES 1.6 SE, IL US","2019-10-10",,,,,,
"US1ILCK0278","HOFFMAN ESTATES 1.6 SE, IL US","2019-10-11",,,,,,
"US1ILCK0278","HOFFMAN ESTATES 1.6 SE, IL US","2019-10-12",,,,,,
"US1ILCK0278","HOFFMAN ESTATES 1.6 SE, IL US","2019-10-13",,,,,,
"US1ILCK0278","HOFFMAN ESTATES 1.6 SE, IL US","2019-10-14",,,,,,
"US1ILCK0278","HOFFMAN ESTATES 1.6 SE, IL US","2019-10-15",,,,,,
"US1ILCK0278","HOFFMAN ESTATES 1.6 SE, IL US","2019-10-16",,,,,,
"US1ILCK0278","HOFFMAN ESTATES 1.6 SE, IL US","2019-10-17",,,,,,
"US1ILCK0278","HOFFMAN ESTATES 1.6 SE, IL US","2019-10-18",,,,,,
"US1ILCK0278","HOFFMAN ESTATES 1.6 SE, IL US","2019-10-19",,,,,,
"US1ILCK0278","HOFFMAN ESTATES 1.6 SE, IL US","2019-10-20",,,,,,
"US1ILCK0278","HOFFMAN ESTATES 1.6 SE, IL US","2019-10-21",,,,,,
"US1ILCK0278","HOFFMAN ESTATES 1.6 SE, IL US","2019-10-22",,,,,,
"US1ILCK0278","HOFFMAN ESTATES 1.6 SE, IL US","2019-10-23",,,,,,
"US1ILCK0278","HOFFMAN ESTATES 1.6 SE, IL US","2019-10-24",,,,,,
"US1ILCK0278","HOFFMAN ESTATES 1.6 SE, IL US","2019-10-25",,,,,,
"US1ILCK0278","HOFFMAN ESTATES 1.6 SE, IL US","2019-10-26",,,,,,
"US1ILCK0278","HOFFMAN ESTATES 1.6 SE, IL US","2019-10-28",,,,,,
"US1ILCK0278","HOFFMAN ESTATES 1.6 SE, IL US","2019-10-29",,,,,,
"US1ILCK0278","HOFFMAN ESTATES 1.6 SE, IL US","2019-10-30",,,,,,
"US1ILCK0278","HOFFMAN ESTATES 1.6 SE, IL US","2019-10-31",,,,,,
"US1ILCK0278","HOFFMAN ESTATES 1.6 SE, IL US","2019-11-01",,,,,,
"US1ILCK0278","HOFFMAN ESTATES 1.6 SE, IL US","2019-11-02",,,,,,
"US1ILCK0278","HOFFMAN ESTATES 1.6 SE, IL US","2019-11-03",,,,,,
"US1ILCK0278","HOFFMAN ESTATES 1.6 SE, IL US","2019-11-04",,,,,,
"US1ILCK0278","HOFFMAN ESTATES 1.6 SE, IL US","2019-11-05",,,,,,
"US1ILCK0278","HOFFMAN ESTATES 1.6 SE, IL US","2019-11-06",,,,,,
"US1ILCK0278","HOFFMAN ESTATES 1.6 SE, IL US","2019-11-07",,,,,,
"US1ILCK0278","HOFFMAN ESTATES 1.6 SE, IL US","2019-11-08",,,,,,
"US1ILCK0278","HOFFMAN ESTATES 1.6 SE, IL US","2019-11-09",,,,,,
"US1ILCK0278","HOFFMAN ESTATES 1.6 SE, IL US","2019-11-10",,,,,,
"US1ILCK0278","HOFFMAN ESTATES 1.6 SE, IL US","2019-11-11",,,,,,
"US1ILCK0278","HOFFMAN ESTATES 1.6 SE, IL US","2019-11-12",,,,,,
"US1ILCK0278","HOFFMAN ESTATES 1.6 SE, IL US","2019-11-13",,,,,,
"US1ILCK0278","HOFFMAN ESTATES 1.6 SE, IL US","2019-11-14",,,,,,
"US1ILCK0278","HOFFMAN ESTATES 1.6 SE, IL US","2019-11-15",,,,,,
"US1ILCK0278","HOFFMAN ESTATES 1.6 SE, IL US","2019-11-16",,,,,,
"US1ILCK0278","HOFFMAN ESTATES 1.6 SE, IL US","2019-11-17",,,,,,
"US1ILCK0278","HOFFMAN ESTATES 1.6 SE, IL US","2019-11-18",,,,,,
"US1ILCK0278","HOFFMAN ESTATES 1.6 SE, IL US","2019-11-19",,,,,,
"US1ILCK0278","HOFFMAN ESTATES 1.6 SE, IL US","2019-11-20",,,,,,
"US1ILCK0278","HOFFMAN ESTATES 1.6 SE, IL US","2019-11-21",,,,,,
"US1ILCK0278","HOFFMAN ESTATES 1.6 SE, IL US","2019-11-22",,,,,,
"US1ILCK0278","HOFFMAN ESTATES 1.6 SE, IL US","2019-11-23",,,,,,
"US1ILCK0278","HOFFMAN ESTATES 1.6 SE, IL US","2019-11-24",,,,,,
"US1ILCK0278","HOFFMAN ESTATES 1.6 SE, IL US","2019-11-25",,,,,,
"US1ILCK0278","HOFFMAN ESTATES 1.6 SE, IL US","2019-11-26",,,,,,
"US1ILCK0278","HOFFMAN ESTATES 1.6 SE, IL US","2019-11-27",,,,,,
"US1ILCK0278","HOFFMAN ESTATES 1.6 SE, IL US","2019-11-28",,,,,,
"US1ILCK0278","HOFFMAN ESTATES 1.6 SE, IL US","2019-11-29",,,,,,
"US1ILCK0278","HOFFMAN ESTATES 1.6 SE, IL US","2019-11-30",,,,,,
"US1ILCK0278","HOFFMAN ESTATES 1.6 SE, IL US","2019-12-01",,,,,,
"US1ILCK0278","HOFFMAN ESTATES 1.6 SE, IL US","2019-12-02",,,,,,
"US1ILCK0278","HOFFMAN ESTATES 1.6 SE, IL US","2019-12-03",,,,,,
"US1ILCK0278","HOFFMAN ESTATES 1.6 SE, IL US","2019-12-04",,,,,,
"US1ILCK0278","HOFFMAN ESTATES 1.6 SE, IL US","2019-12-05",,,,,,
"US1ILCK0278","HOFFMAN ESTATES 1.6 SE, IL US","2019-12-06",,,,,,
"US1ILCK0278","HOFFMAN ESTATES 1.6 SE, IL US","2019-12-07",,,,,,
"US1ILCK0278","HOFFMAN ESTATES 1.6 SE, IL US","2019-12-08",,,,,,
"US1ILCK0278","HOFFMAN ESTATES 1.6 SE, IL US","2019-12-09",,,,,,
"US1ILCK0278","HOFFMAN ESTATES 1.6 SE, IL US","2019-12-10",,,,,,
"US1ILCK0278","HOFFMAN ESTATES 1.6 SE, IL US","2019-12-11",,,,,,
"US1ILCK0278","HOFFMAN ESTATES 1.6 SE, IL US","2019-12-12",,,,,,
"US1ILCK0278","HOFFMAN ESTATES 1.6 SE, IL US","2019-12-13",,,,,,
"US1ILCK0278","HOFFMAN ESTATES 1.6 SE, IL US","2019-12-14",,,,,,
"US1ILCK0278","HOFFMAN ESTATES 1.6 SE, IL US","2019-12-15",,,,,,
"US1ILCK0278","HOFFMAN ESTATES 1.6 SE, IL US","2019-12-16",,,,,,
"US1ILCK0278","HOFFMAN ESTATES 1.6 SE, IL US","2019-12-17",,,,,,
"US1ILCK0278","HOFFMAN ESTATES 1.6 SE, IL US","2019-12-18",,,,,,
"US1ILCK0278","HOFFMAN ESTATES 1.6 SE, IL US","2019-12-19",,,,,,
"US1ILCK0278","HOFFMAN ESTATES 1.6 SE, IL US","2019-12-20",,,,,,
"US1ILCK0278","HOFFMAN ESTATES 1.6 SE, IL US","2019-12-21",,,,,,
"US1ILCK0278","HOFFMAN ESTATES 1.6 SE, IL US","2019-12-22",,,,,,
"US1ILCK0278","HOFFMAN ESTATES 1.6 SE, IL US","2019-12-23",,,,,,
"US1ILCK0278","HOFFMAN ESTATES 1.6 SE, IL US","2019-12-24",,,,,,
"US1ILCK0278","HOFFMAN ESTATES 1.6 SE, IL US","2019-12-25",,,,,,
"US1ILCK0278","HOFFMAN ESTATES 1.6 SE, IL US","2019-12-26",,,,,,
"US1ILCK0278","HOFFMAN ESTATES 1.6 SE, IL US","2019-12-27",,,,,,
"US1ILCK0278","HOFFMAN ESTATES 1.6 SE, IL US","2019-12-28",,,,,,
"US1ILCK0278","HOFFMAN ESTATES 1.6 SE, IL US","2019-12-29",,,,,,
"US1ILCK0278","HOFFMAN ESTATES 1.6 SE, IL US","2019-12-30",,,,,,
"US1ILCK0278","HOFFMAN ESTATES 1.6 SE, IL US","2019-12-31",,,,,,
"US1ILCK0278","HOFFMAN ESTATES 1.6 SE, IL US","2020-01-01",,,,,,
"US1ILCK0278","HOFFMAN ESTATES 1.6 SE, IL US","2020-01-02",,,,,,
"US1ILCK0278","HOFFMAN ESTATES 1.6 SE, IL US","2020-01-03",,,,,,
"US1ILCK0278","HOFFMAN ESTATES 1.6 SE, IL US","2020-01-04",,,,,,
"US1ILCK0278","HOFFMAN ESTATES 1.6 SE, IL US","2020-01-05",,,,,,
"US1ILCK0278","HOFFMAN ESTATES 1.6 SE, IL US","2020-01-06",,,,,,
"US1ILCK0278","HOFFMAN ESTATES 1.6 SE, IL US","2020-01-07",,,,,,
"US1ILCK0278","HOFFMAN ESTATES 1.6 SE, IL US","2020-01-08",,,,,,
"US1ILCK0278","HOFFMAN ESTATES 1.6 SE, IL US","2020-01-09",,,,,,
"US1ILCK0278","HOFFMAN ESTATES 1.6 SE, IL US","2020-01-10",,,,,,
"US1ILCK0278","HOFFMAN ESTATES 1.6 SE, IL US","2020-01-11",,,,,,
"US1ILCK0278","HOFFMAN ESTATES 1.6 SE, IL US","2020-01-12",,,,,,
"US1ILCK0278","HOFFMAN ESTATES 1.6 SE, IL US","2020-01-13",,,,,,
"US1ILCK0278","HOFFMAN ESTATES 1.6 SE, IL US","2020-01-14",,,,,,
"US1ILCK0278","HOFFMAN ESTATES 1.6 SE, IL US","2020-01-15",,,,,,
"US1ILCK0278","HOFFMAN ESTATES 1.6 SE, IL US","2020-01-16",,,,,,
"US1ILCK0278","HOFFMAN ESTATES 1.6 SE, IL US","2020-01-17",,,,,,
"US1ILCK0278","HOFFMAN ESTATES 1.6 SE, IL US","2020-01-18",,,,,,
"US1ILCK0278","HOFFMAN ESTATES 1.6 SE, IL US","2020-01-19",,,,,,
"US1ILCK0278","HOFFMAN ESTATES 1.6 SE, IL US","2020-01-20",,,,,,
"US1ILCK0278","HOFFMAN ESTATES 1.6 SE, IL US","2020-01-21",,,,,,
"US1ILCK0278","HOFFMAN ESTATES 1.6 SE, IL US","2020-01-22",,,,,,
"US1ILCK0278","HOFFMAN ESTATES 1.6 SE, IL US","2020-01-23",,,,,,
"US1ILCK0278","HOFFMAN ESTATES 1.6 SE, IL US","2020-01-24",,,,,,
"US1ILCK0278","HOFFMAN ESTATES 1.6 SE, IL US","2020-01-25",,,,,,
"US1ILCK0278","HOFFMAN ESTATES 1.6 SE, IL US","2020-01-26",,,,,,
"US1ILCK0278","HOFFMAN ESTATES 1.6 SE, IL US","2020-01-27",,,,,,
"US1ILCK0278","HOFFMAN ESTATES 1.6 SE, IL US","2020-01-28",,,,,,
"US1ILCK0278","HOFFMAN ESTATES 1.6 SE, IL US","2020-01-29",,,,,,
"US1ILCK0278","HOFFMAN ESTATES 1.6 SE, IL US","2020-01-30",,,,,,
"US1ILCK0278","HOFFMAN ESTATES 1.6 SE, IL US","2020-01-31",,,,,,
"US1ILCK0278","HOFFMAN ESTATES 1.6 SE, IL US","2020-02-01",,,,,,
"US1ILCK0278","HOFFMAN ESTATES 1.6 SE, IL US","2020-02-02",,,,,,
"US1ILCK0278","HOFFMAN ESTATES 1.6 SE, IL US","2020-02-03",,,,,,
"US1ILCK0278","HOFFMAN ESTATES 1.6 SE, IL US","2020-02-04",,,,,,
"US1ILCK0278","HOFFMAN ESTATES 1.6 SE, IL US","2020-02-05",,,,,,
"US1ILCK0278","HOFFMAN ESTATES 1.6 SE, IL US","2020-02-06",,,,,,
"US1ILCK0278","HOFFMAN ESTATES 1.6 SE, IL US","2020-02-07",,,,,,
"US1ILCK0278","HOFFMAN ESTATES 1.6 SE, IL US","2020-02-08",,,,,,
"US1ILCK0278","HOFFMAN ESTATES 1.6 SE, IL US","2020-02-09",,,,,,
"US1ILCK0278","HOFFMAN ESTATES 1.6 SE, IL US","2020-02-10",,,,,,
"US1ILCK0278","HOFFMAN ESTATES 1.6 SE, IL US","2020-02-11",,,,,,
"US1ILCK0278","HOFFMAN ESTATES 1.6 SE, IL US","2020-02-12",,,,,,
"US1ILCK0278","HOFFMAN ESTATES 1.6 SE, IL US","2020-02-13",,,,,,
"US1ILCK0278","HOFFMAN ESTATES 1.6 SE, IL US","2020-02-14",,,,,,
"US1ILCK0278","HOFFMAN ESTATES 1.6 SE, IL US","2020-02-15",,,,,,
"US1ILCK0278","HOFFMAN ESTATES 1.6 SE, IL US","2020-02-16",,,,,,
"US1ILCK0278","HOFFMAN ESTATES 1.6 SE, IL US","2020-02-17",,,,,,
"US1ILCK0278","HOFFMAN ESTATES 1.6 SE, IL US","2020-02-18",,,,,,
"US1ILCK0278","HOFFMAN ESTATES 1.6 SE, IL US","2020-02-19",,,,,,
"US1ILCK0278","HOFFMAN ESTATES 1.6 SE, IL US","2020-02-20",,,,,,
"US1ILCK0278","HOFFMAN ESTATES 1.6 SE, IL US","2020-02-21",,,,,,
"US1ILCK0278","HOFFMAN ESTATES 1.6 SE, IL US","2020-02-22",,,,,,
"US1ILCK0278","HOFFMAN ESTATES 1.6 SE, IL US","2020-02-23",,,,,,
"US1ILCK0278","HOFFMAN ESTATES 1.6 SE, IL US","2020-02-24",,,,,,
"US1ILCK0278","HOFFMAN ESTATES 1.6 SE, IL US","2020-02-25",,,,,,
"US1ILCK0278","HOFFMAN ESTATES 1.6 SE, IL US","2020-02-26",,,,,,
"US1ILCK0278","HOFFMAN ESTATES 1.6 SE, IL US","2020-02-27",,,,,,
"US1ILCK0278","HOFFMAN ESTATES 1.6 SE, IL US","2020-02-28",,,,,,
"US1ILCK0278","HOFFMAN ESTATES 1.6 SE, IL US","2020-02-29",,,,,,
"US1ILCK0278","HOFFMAN ESTATES 1.6 SE, IL US","2020-03-01",,,,,,
"US1ILCK0278","HOFFMAN ESTATES 1.6 SE, IL US","2020-03-02",,,,,,
"US1ILCK0278","HOFFMAN ESTATES 1.6 SE, IL US","2020-03-03",,,,,,
"US1ILCK0278","HOFFMAN ESTATES 1.6 SE, IL US","2020-03-04",,,,,,
"US1ILCK0278","HOFFMAN ESTATES 1.6 SE, IL US","2020-03-05",,,,,,
"US1ILCK0278","HOFFMAN ESTATES 1.6 SE, IL US","2020-03-06",,,,,,
"US1ILCK0278","HOFFMAN ESTATES 1.6 SE, IL US","2020-03-07",,,,,,
"US1ILCK0278","HOFFMAN ESTATES 1.6 SE, IL US","2020-03-08",,,,,,
"US1ILCK0278","HOFFMAN ESTATES 1.6 SE, IL US","2020-03-09",,,,,,
"US1ILCK0278","HOFFMAN ESTATES 1.6 SE, IL US","2020-03-10",,,,,,
"US1ILCK0278","HOFFMAN ESTATES 1.6 SE, IL US","2020-03-11",,,,,,
"US1ILCK0278","HOFFMAN ESTATES 1.6 SE, IL US","2020-03-12",,,,,,
"US1ILCK0278","HOFFMAN ESTATES 1.6 SE, IL US","2020-03-13",,,,,,
"US1ILCK0278","HOFFMAN ESTATES 1.6 SE, IL US","2020-03-14",,,,,,
"US1ILCK0278","HOFFMAN ESTATES 1.6 SE, IL US","2020-03-15",,,,,,
"US1ILCK0278","HOFFMAN ESTATES 1.6 SE, IL US","2020-03-16",,,,,,
"US1ILCK0278","HOFFMAN ESTATES 1.6 SE, IL US","2020-03-17",,,,,,
"US1ILCK0278","HOFFMAN ESTATES 1.6 SE, IL US","2020-03-18",,,,,,
"US1ILCK0278","HOFFMAN ESTATES 1.6 SE, IL US","2020-03-19",,,,,,
"US1ILCK0278","HOFFMAN ESTATES 1.6 SE, IL US","2020-03-20",,,,,,
"US1ILCK0278","HOFFMAN ESTATES 1.6 SE, IL US","2020-03-21",,,,,,
"US1ILCK0278","HOFFMAN ESTATES 1.6 SE, IL US","2020-03-22",,,,,,
"US1ILCK0278","HOFFMAN ESTATES 1.6 SE, IL US","2020-03-23",,,,,,
"US1ILCK0278","HOFFMAN ESTATES 1.6 SE, IL US","2020-03-24",,,,,,
"US1ILCK0278","HOFFMAN ESTATES 1.6 SE, IL US","2020-03-25",,,,,,
"US1ILCK0278","HOFFMAN ESTATES 1.6 SE, IL US","2020-03-26",,,,,,
"US1ILCK0278","HOFFMAN ESTATES 1.6 SE, IL US","2020-03-27",,,,,,
"US1ILCK0278","HOFFMAN ESTATES 1.6 SE, IL US","2020-03-28",,,,,,
"US1ILCK0278","HOFFMAN ESTATES 1.6 SE, IL US","2020-03-29",,,,,,
"US1ILCK0278","HOFFMAN ESTATES 1.6 SE, IL US","2020-03-30",,,,,,
"US1ILCK0278","HOFFMAN ESTATES 1.6 SE, IL US","2020-03-31",,,,,,
"US1ILCK0278","HOFFMAN ESTATES 1.6 SE, IL US","2020-04-01",,,,,,
"US1ILCK0278","HOFFMAN ESTATES 1.6 SE, IL US","2020-04-02",,,,,,
"US1ILCK0278","HOFFMAN ESTATES 1.6 SE, IL US","2020-04-03",,,,,,
"US1ILCK0278","HOFFMAN ESTATES 1.6 SE, IL US","2020-04-04",,,,,,
"US1ILCK0278","HOFFMAN ESTATES 1.6 SE, IL US","2020-04-05",,,,,,
"US1ILCK0278","HOFFMAN ESTATES 1.6 SE, IL US","2020-04-06",,,,,,
"US1ILCK0278","HOFFMAN ESTATES 1.6 SE, IL US","2020-04-07",,,,,,
"US1ILCK0278","HOFFMAN ESTATES 1.6 SE, IL US","2020-04-08",,,,,,
"US1ILCK0278","HOFFMAN ESTATES 1.6 SE, IL US","2020-04-09",,,,,,
"US1ILCK0278","HOFFMAN ESTATES 1.6 SE, IL US","2020-04-10",,,,,,
"US1ILCK0278","HOFFMAN ESTATES 1.6 SE, IL US","2020-04-11",,,,,,
"US1ILCK0278","HOFFMAN ESTATES 1.6 SE, IL US","2020-04-12",,,,,,
"US1ILCK0278","HOFFMAN ESTATES 1.6 SE, IL US","2020-04-13",,,,,,
"US1ILCK0278","HOFFMAN ESTATES 1.6 SE, IL US","2020-04-14",,,,,,
"US1ILCK0278","HOFFMAN ESTATES 1.6 SE, IL US","2020-04-15",,,,,,
"US1ILCK0278","HOFFMAN ESTATES 1.6 SE, IL US","2020-04-16",,,,,,
"US1ILCK0278","HOFFMAN ESTATES 1.6 SE, IL US","2020-04-17",,,,,,
"US1ILCK0278","HOFFMAN ESTATES 1.6 SE, IL US","2020-04-18",,,,,,
"US1ILCK0278","HOFFMAN ESTATES 1.6 SE, IL US","2020-04-19",,,,,,
"US1ILCK0278","HOFFMAN ESTATES 1.6 SE, IL US","2020-04-20",,,,,,
"US1ILCK0278","HOFFMAN ESTATES 1.6 SE, IL US","2020-04-21",,,,,,
"US1ILCK0278","HOFFMAN ESTATES 1.6 SE, IL US","2020-04-22",,,,,,
"US1ILCK0278","HOFFMAN ESTATES 1.6 SE, IL US","2020-04-23",,,,,,
"US1ILCK0278","HOFFMAN ESTATES 1.6 SE, IL US","2020-04-24",,,,,,
"US1ILCK0278","HOFFMAN ESTATES 1.6 SE, IL US","2020-04-25",,,,,,
"US1ILCK0278","HOFFMAN ESTATES 1.6 SE, IL US","2020-04-26",,,,,,
"US1ILCK0278","HOFFMAN ESTATES 1.6 SE, IL US","2020-04-27",,,,,,
"US1ILCK0278","HOFFMAN ESTATES 1.6 SE, IL US","2020-04-28",,,,,,
"US1ILCK0278","HOFFMAN ESTATES 1.6 SE, IL US","2020-04-29",,,,,,
"US1ILCK0278","HOFFMAN ESTATES 1.6 SE, IL US","2020-04-30",,,,,,
"US1ILCK0278","HOFFMAN ESTATES 1.6 SE, IL US","2020-05-01",,,,,,
"US1ILCK0278","HOFFMAN ESTATES 1.6 SE, IL US","2020-05-02",,,,,,
"US1ILCK0278","HOFFMAN ESTATES 1.6 SE, IL US","2020-05-03",,,,,,
"US1ILCK0278","HOFFMAN ESTATES 1.6 SE, IL US","2020-05-04",,,,,,
"US1ILCK0278","HOFFMAN ESTATES 1.6 SE, IL US","2020-05-05",,,,,,
"US1ILCK0278","HOFFMAN ESTATES 1.6 SE, IL US","2020-05-06",,,,,,
"US1ILCK0278","HOFFMAN ESTATES 1.6 SE, IL US","2020-05-07",,,,,,
"US1ILCK0278","HOFFMAN ESTATES 1.6 SE, IL US","2020-05-08",,,,,,
"US1ILCK0278","HOFFMAN ESTATES 1.6 SE, IL US","2020-05-09",,,,,,
"US1ILCK0278","HOFFMAN ESTATES 1.6 SE, IL US","2020-05-10",,,,,,
"US1ILCK0278","HOFFMAN ESTATES 1.6 SE, IL US","2020-05-11",,,,,,
"US1ILCK0278","HOFFMAN ESTATES 1.6 SE, IL US","2020-05-12",,,,,,
"US1ILCK0278","HOFFMAN ESTATES 1.6 SE, IL US","2020-05-13",,,,,,
"US1ILCK0278","HOFFMAN ESTATES 1.6 SE, IL US","2020-05-14",,,,,,
"US1ILCK0278","HOFFMAN ESTATES 1.6 SE, IL US","2020-05-15",,,,,,
"US1ILCK0278","HOFFMAN ESTATES 1.6 SE, IL US","2020-05-16",,,,,,
"US1ILCK0278","HOFFMAN ESTATES 1.6 SE, IL US","2020-05-17",,,,,,
"US1ILCK0278","HOFFMAN ESTATES 1.6 SE, IL US","2020-05-18",,,,,,
"US1ILCK0278","HOFFMAN ESTATES 1.6 SE, IL US","2020-05-19",,,,,,
"US1ILCK0278","HOFFMAN ESTATES 1.6 SE, IL US","2020-05-20",,,,,,
"US1ILCK0278","HOFFMAN ESTATES 1.6 SE, IL US","2020-05-21",,,,,,
"US1ILCK0278","HOFFMAN ESTATES 1.6 SE, IL US","2020-05-22",,,,,,
"US1ILCK0278","HOFFMAN ESTATES 1.6 SE, IL US","2020-05-23",,,,,,
"US1ILCK0278","HOFFMAN ESTATES 1.6 SE, IL US","2020-05-24",,,,,,
"US1ILCK0278","HOFFMAN ESTATES 1.6 SE, IL US","2020-05-25",,,,,,
"US1ILCK0278","HOFFMAN ESTATES 1.6 SE, IL US","2020-05-26",,,,,,
"US1ILCK0278","HOFFMAN ESTATES 1.6 SE, IL US","2020-05-27",,,,,,
"US1ILCK0278","HOFFMAN ESTATES 1.6 SE, IL US","2020-05-28",,,,,,
"US1ILCK0278","HOFFMAN ESTATES 1.6 SE, IL US","2020-05-29",,,,,,
"US1ILCK0278","HOFFMAN ESTATES 1.6 SE, IL US","2020-05-30",,,,,,
"US1ILCK0278","HOFFMAN ESTATES 1.6 SE, IL US","2020-05-31",,,,,,
"US1ILCK0278","HOFFMAN ESTATES 1.6 SE, IL US","2020-06-01",,,,,,
"US1ILCK0278","HOFFMAN ESTATES 1.6 SE, IL US","2020-06-02",,,,,,
"US1ILCK0278","HOFFMAN ESTATES 1.6 SE, IL US","2020-06-03",,,,,,
"US1ILCK0278","HOFFMAN ESTATES 1.6 SE, IL US","2020-06-04",,,,,,
"US1ILCK0278","HOFFMAN ESTATES 1.6 SE, IL US","2020-06-05",,,,,,
"US1ILCK0278","HOFFMAN ESTATES 1.6 SE, IL US","2020-06-06",,,,,,
"US1ILCK0278","HOFFMAN ESTATES 1.6 SE, IL US","2020-06-07",,,,,,
"US1ILCK0278","HOFFMAN ESTATES 1.6 SE, IL US","2020-06-08",,,,,,
"US1ILCK0278","HOFFMAN ESTATES 1.6 SE, IL US","2020-06-09",,,,,,
"US1ILCK0278","HOFFMAN ESTATES 1.6 SE, IL US","2020-06-10",,,,,,
"US1ILCK0278","HOFFMAN ESTATES 1.6 SE, IL US","2020-06-11",,,,,,
"US1ILCK0278","HOFFMAN ESTATES 1.6 SE, IL US","2020-06-12",,,,,,
"US1ILCK0278","HOFFMAN ESTATES 1.6 SE, IL US","2020-06-13",,,,,,
"US1ILCK0278","HOFFMAN ESTATES 1.6 SE, IL US","2020-06-14",,,,,,
"US1ILCK0278","HOFFMAN ESTATES 1.6 SE, IL US","2020-06-15",,,,,,
"US1ILCK0278","HOFFMAN ESTATES 1.6 SE, IL US","2020-06-16",,,,,,
"US1ILCK0278","HOFFMAN ESTATES 1.6 SE, IL US","2020-06-17",,,,,,
"US1ILCK0278","HOFFMAN ESTATES 1.6 SE, IL US","2020-06-18",,,,,,
"US1ILCK0278","HOFFMAN ESTATES 1.6 SE, IL US","2020-06-19",,,,,,
"US1ILCK0278","HOFFMAN ESTATES 1.6 SE, IL US","2020-06-20",,,,,,
"US1ILCK0278","HOFFMAN ESTATES 1.6 SE, IL US","2020-06-21",,,,,,
"US1ILCK0278","HOFFMAN ESTATES 1.6 SE, IL US","2020-06-22",,,,,,
"US1ILCK0278","HOFFMAN ESTATES 1.6 SE, IL US","2020-06-23",,,,,,
"US1ILCK0278","HOFFMAN ESTATES 1.6 SE, IL US","2020-06-24",,,,,,
"US1ILCK0278","HOFFMAN ESTATES 1.6 SE, IL US","2020-06-25",,,,,,
"US1ILCK0278","HOFFMAN ESTATES 1.6 SE, IL US","2020-06-26",,,,,,
"US1ILCK0278","HOFFMAN ESTATES 1.6 SE, IL US","2020-06-27",,,,,,
"US1ILCK0278","HOFFMAN ESTATES 1.6 SE, IL US","2020-06-28",,,,,,
"US1ILCK0278","HOFFMAN ESTATES 1.6 SE, IL US","2020-06-29",,,,,,
"US1ILCK0278","HOFFMAN ESTATES 1.6 SE, IL US","2020-06-30",,,,,,
"US1ILCK0278","HOFFMAN ESTATES 1.6 SE, IL US","2020-07-01",,,,,,
"US1ILCK0278","HOFFMAN ESTATES 1.6 SE, IL US","2020-07-02",,,,,,
"US1ILCK0278","HOFFMAN ESTATES 1.6 SE, IL US","2020-07-03",,,,,,
"US1ILCK0278","HOFFMAN ESTATES 1.6 SE, IL US","2020-07-04",,,,,,
"US1ILCK0278","HOFFMAN ESTATES 1.6 SE, IL US","2020-07-05",,,,,,
"US1ILCK0278","HOFFMAN ESTATES 1.6 SE, IL US","2020-07-06",,,,,,
"US1ILCK0278","HOFFMAN ESTATES 1.6 SE, IL US","2020-07-07",,,,,,
"US1ILCK0278","HOFFMAN ESTATES 1.6 SE, IL US","2020-07-08",,,,,,
"US1ILCK0278","HOFFMAN ESTATES 1.6 SE, IL US","2020-07-09",,,,,,
"US1ILCK0278","HOFFMAN ESTATES 1.6 SE, IL US","2020-07-10",,,,,,
"US1ILCK0278","HOFFMAN ESTATES 1.6 SE, IL US","2020-07-11",,,,,,
"US1ILCK0278","HOFFMAN ESTATES 1.6 SE, IL US","2020-07-12",,,,,,
"US1ILCK0278","HOFFMAN ESTATES 1.6 SE, IL US","2020-07-13",,,,,,
"US1ILCK0278","HOFFMAN ESTATES 1.6 SE, IL US","2020-07-14",,,,,,
"US1ILCK0278","HOFFMAN ESTATES 1.6 SE, IL US","2020-07-15",,,,,,
"US1ILCK0278","HOFFMAN ESTATES 1.6 SE, IL US","2020-07-16",,,,,,
"US1ILCK0278","HOFFMAN ESTATES 1.6 SE, IL US","2020-07-17",,,,,,
"US1ILCK0278","HOFFMAN ESTATES 1.6 SE, IL US","2020-07-18",,,,,,
"US1ILCK0278","HOFFMAN ESTATES 1.6 SE, IL US","2020-07-19",,,,,,
"US1ILCK0278","HOFFMAN ESTATES 1.6 SE, IL US","2020-07-20",,,,,,
"US1ILCK0278","HOFFMAN ESTATES 1.6 SE, IL US","2020-07-21",,,,,,
"US1ILCK0278","HOFFMAN ESTATES 1.6 SE, IL US","2020-07-22",,,,,,
"US1ILCK0278","HOFFMAN ESTATES 1.6 SE, IL US","2020-07-23",,,,,,
"US1ILCK0278","HOFFMAN ESTATES 1.6 SE, IL US","2020-07-24",,,,,,
"US1ILCK0278","HOFFMAN ESTATES 1.6 SE, IL US","2020-07-25",,,,,,
"US1ILCK0278","HOFFMAN ESTATES 1.6 SE, IL US","2020-07-26",,,,,,
"US1ILCK0278","HOFFMAN ESTATES 1.6 SE, IL US","2020-07-27",,,,,,
"US1ILCK0278","HOFFMAN ESTATES 1.6 SE, IL US","2020-07-28",,,,,,
"US1ILCK0278","HOFFMAN ESTATES 1.6 SE, IL US","2020-07-29",,,,,,
"US1ILCK0278","HOFFMAN ESTATES 1.6 SE, IL US","2020-07-30",,,,,,
"US1ILCK0278","HOFFMAN ESTATES 1.6 SE, IL US","2020-07-31",,,,,,
"US1ILCK0278","HOFFMAN ESTATES 1.6 SE, IL US","2020-08-01",,,,,,
"US1ILCK0278","HOFFMAN ESTATES 1.6 SE, IL US","2020-08-02",,,,,,
"US1ILCK0278","HOFFMAN ESTATES 1.6 SE, IL US","2020-08-03",,,,,,
"US1ILCK0278","HOFFMAN ESTATES 1.6 SE, IL US","2020-08-04",,,,,,
"US1ILCK0278","HOFFMAN ESTATES 1.6 SE, IL US","2020-08-05",,,,,,
"US1ILCK0278","HOFFMAN ESTATES 1.6 SE, IL US","2020-08-06",,,,,,
"US1ILCK0278","HOFFMAN ESTATES 1.6 SE, IL US","2020-08-07",,,,,,
"US1ILCK0278","HOFFMAN ESTATES 1.6 SE, IL US","2020-08-08",,,,,,
"US1ILCK0278","HOFFMAN ESTATES 1.6 SE, IL US","2020-08-09",,,,,,
"US1ILCK0278","HOFFMAN ESTATES 1.6 SE, IL US","2020-08-10",,,,,,
"US1ILCK0278","HOFFMAN ESTATES 1.6 SE, IL US","2020-08-11",,,,,,
"US1ILCK0278","HOFFMAN ESTATES 1.6 SE, IL US","2020-08-12",,,,,,
"US1ILCK0278","HOFFMAN ESTATES 1.6 SE, IL US","2020-08-13",,,,,,
"US1ILCK0278","HOFFMAN ESTATES 1.6 SE, IL US","2020-08-14",,,,,,
"US1ILCK0278","HOFFMAN ESTATES 1.6 SE, IL US","2020-08-15",,,,,,
"US1ILCK0278","HOFFMAN ESTATES 1.6 SE, IL US","2020-08-16",,,,,,
"US1ILCK0278","HOFFMAN ESTATES 1.6 SE, IL US","2020-08-17",,,,,,
"US1ILCK0278","HOFFMAN ESTATES 1.6 SE, IL US","2020-08-18",,,,,,
"US1ILCK0278","HOFFMAN ESTATES 1.6 SE, IL US","2020-08-19",,,,,,
"US1ILCK0278","HOFFMAN ESTATES 1.6 SE, IL US","2020-08-20",,,,,,
"US1ILCK0278","HOFFMAN ESTATES 1.6 SE, IL US","2020-08-21",,,,,,
"US1ILCK0278","HOFFMAN ESTATES 1.6 SE, IL US","2020-08-22",,,,,,
"US1ILCK0278","HOFFMAN ESTATES 1.6 SE, IL US","2020-08-23",,,,,,
"US1ILCK0278","HOFFMAN ESTATES 1.6 SE, IL US","2020-08-24",,,,,,
"US1ILCK0278","HOFFMAN ESTATES 1.6 SE, IL US","2020-08-25",,,,,,
"US1ILCK0278","HOFFMAN ESTATES 1.6 SE, IL US","2020-08-26",,,,,,
"US1ILCK0278","HOFFMAN ESTATES 1.6 SE, IL US","2020-08-27",,,,,,
"US1ILCK0278","HOFFMAN ESTATES 1.6 SE, IL US","2020-08-28",,,,,,
"US1ILCK0278","HOFFMAN ESTATES 1.6 SE, IL US","2020-08-29",,,,,,
"US1ILCK0278","HOFFMAN ESTATES 1.6 SE, IL US","2020-08-30",,,,,,
"US1ILCK0278","HOFFMAN ESTATES 1.6 SE, IL US","2020-08-31",,,,,,
"US1ILCK0278","HOFFMAN ESTATES 1.6 SE, IL US","2020-09-01",,,,,,
"US1ILCK0278","HOFFMAN ESTATES 1.6 SE, IL US","2020-09-02",,,,,,
"US1ILCK0278","HOFFMAN ESTATES 1.6 SE, IL US","2020-09-03",,,,,,
"US1ILCK0278","HOFFMAN ESTATES 1.6 SE, IL US","2020-09-04",,,,,,
"US1ILCK0278","HOFFMAN ESTATES 1.6 SE, IL US","2020-09-05",,,,,,
"US1ILCK0278","HOFFMAN ESTATES 1.6 SE, IL US","2020-09-06",,,,,,
"US1ILCK0278","HOFFMAN ESTATES 1.6 SE, IL US","2020-09-07",,,,,,
"US1ILCK0278","HOFFMAN ESTATES 1.6 SE, IL US","2020-09-08",,,,,,
"US1ILCK0150","ARLINGTON HEIGHTS 1.2 S, IL US","2019-10-01",,,,,,
"US1ILCK0150","ARLINGTON HEIGHTS 1.2 S, IL US","2019-10-02",,,,,,
"US1ILCK0150","ARLINGTON HEIGHTS 1.2 S, IL US","2019-10-03",,,,,,
"US1ILCK0150","ARLINGTON HEIGHTS 1.2 S, IL US","2019-10-04",,,,,,
"US1ILCK0150","ARLINGTON HEIGHTS 1.2 S, IL US","2019-10-05",,,,,,
"US1ILCK0150","ARLINGTON HEIGHTS 1.2 S, IL US","2019-10-06",,,,,,
"US1ILCK0150","ARLINGTON HEIGHTS 1.2 S, IL US","2019-10-07",,,,,,
"US1ILCK0150","ARLINGTON HEIGHTS 1.2 S, IL US","2019-10-08",,,,,,
"US1ILCK0150","ARLINGTON HEIGHTS 1.2 S, IL US","2019-10-09",,,,,,
"US1ILCK0150","ARLINGTON HEIGHTS 1.2 S, IL US","2019-10-10",,,,,,
"US1ILCK0150","ARLINGTON HEIGHTS 1.2 S, IL US","2019-10-11",,,,,,
"US1ILCK0150","ARLINGTON HEIGHTS 1.2 S, IL US","2019-10-12",,,,,,
"US1ILCK0150","ARLINGTON HEIGHTS 1.2 S, IL US","2019-10-13",,,,,,
"US1ILCK0150","ARLINGTON HEIGHTS 1.2 S, IL US","2019-10-14",,,,,,
"US1ILCK0150","ARLINGTON HEIGHTS 1.2 S, IL US","2019-10-15",,,,,,
"US1ILCK0150","ARLINGTON HEIGHTS 1.2 S, IL US","2019-10-16",,,,,,
"US1ILCK0150","ARLINGTON HEIGHTS 1.2 S, IL US","2019-10-17",,,,,,
"US1ILCK0150","ARLINGTON HEIGHTS 1.2 S, IL US","2019-10-18",,,,,,
"US1ILCK0150","ARLINGTON HEIGHTS 1.2 S, IL US","2019-10-19",,,,,,
"US1ILCK0150","ARLINGTON HEIGHTS 1.2 S, IL US","2019-10-20",,,,,,
"US1ILCK0150","ARLINGTON HEIGHTS 1.2 S, IL US","2019-10-21",,,,,,
"US1ILCK0150","ARLINGTON HEIGHTS 1.2 S, IL US","2019-10-26",,,,,,
"US1ILCK0150","ARLINGTON HEIGHTS 1.2 S, IL US","2019-10-27",,,,,,
"US1ILCK0150","ARLINGTON HEIGHTS 1.2 S, IL US","2019-10-29",,,,,,
"US1ILCK0150","ARLINGTON HEIGHTS 1.2 S, IL US","2019-10-31",,,,,,
"US1ILCK0150","ARLINGTON HEIGHTS 1.2 S, IL US","2020-03-28",,,,,,
"US1ILCK0150","ARLINGTON HEIGHTS 1.2 S, IL US","2020-03-29",,,,,,
"US1ILCK0150","ARLINGTON HEIGHTS 1.2 S, IL US","2020-03-30",,,,,,
"US1ILCK0150","ARLINGTON HEIGHTS 1.2 S, IL US","2020-03-31",,,,,,
"US1ILCK0150","ARLINGTON HEIGHTS 1.2 S, IL US","2020-04-01",,,,,,
"US1ILCK0150","ARLINGTON HEIGHTS 1.2 S, IL US","2020-04-02",,,,,,
"US1ILCK0150","ARLINGTON HEIGHTS 1.2 S, IL US","2020-04-03",,,,,,
"US1ILCK0150","ARLINGTON HEIGHTS 1.2 S, IL US","2020-04-04",,,,,,
"US1ILCK0150","ARLINGTON HEIGHTS 1.2 S, IL US","2020-04-05",,,,,,
"US1ILCK0150","ARLINGTON HEIGHTS 1.2 S, IL US","2020-04-06",,,,,,
"US1ILCK0150","ARLINGTON HEIGHTS 1.2 S, IL US","2020-04-07",,,,,,
"US1ILCK0150","ARLINGTON HEIGHTS 1.2 S, IL US","2020-04-08",,,,,,
"US1ILCK0150","ARLINGTON HEIGHTS 1.2 S, IL US","2020-04-09",,,,,,
"US1ILCK0150","ARLINGTON HEIGHTS 1.2 S, IL US","2020-04-10",,,,,,
"US1ILCK0150","ARLINGTON HEIGHTS 1.2 S, IL US","2020-04-11",,,,,,
"US1ILCK0150","ARLINGTON HEIGHTS 1.2 S, IL US","2020-04-12",,,,,,
"US1ILCK0150","ARLINGTON HEIGHTS 1.2 S, IL US","2020-04-13",,,,,,
"US1ILCK0150","ARLINGTON HEIGHTS 1.2 S, IL US","2020-04-14",,,,,,
"US1ILCK0150","ARLINGTON HEIGHTS 1.2 S, IL US","2020-04-15",,,,,,
"US1ILCK0150","ARLINGTON HEIGHTS 1.2 S, IL US","2020-04-20",,,,,,
"US1ILCK0150","ARLINGTON HEIGHTS 1.2 S, IL US","2020-04-26",,,,,,
"US1ILCK0150","ARLINGTON HEIGHTS 1.2 S, IL US","2020-04-27",,,,,,
"US1ILCK0150","ARLINGTON HEIGHTS 1.2 S, IL US","2020-04-28",,,,,,
"US1ILCK0150","ARLINGTON HEIGHTS 1.2 S, IL US","2020-04-29",,,,,,
"US1ILCK0150","ARLINGTON HEIGHTS 1.2 S, IL US","2020-04-30",,,,,,
"US1ILCK0150","ARLINGTON HEIGHTS 1.2 S, IL US","2020-05-01",,,,,,
"US1ILCK0150","ARLINGTON HEIGHTS 1.2 S, IL US","2020-05-02",,,,,,
"US1ILCK0150","ARLINGTON HEIGHTS 1.2 S, IL US","2020-05-03",,,,,,
"US1ILCK0150","ARLINGTON HEIGHTS 1.2 S, IL US","2020-05-04",,,,,,
"US1ILCK0150","ARLINGTON HEIGHTS 1.2 S, IL US","2020-05-05",,,,,,
"US1ILCK0150","ARLINGTON HEIGHTS 1.2 S, IL US","2020-05-06",,,,,,
"US1ILCK0150","ARLINGTON HEIGHTS 1.2 S, IL US","2020-05-07",,,,,,
"US1ILCK0150","ARLINGTON HEIGHTS 1.2 S, IL US","2020-05-08",,,,,,
"US1ILCK0150","ARLINGTON HEIGHTS 1.2 S, IL US","2020-05-09",,,,,,
"US1ILCK0150","ARLINGTON HEIGHTS 1.2 S, IL US","2020-05-10",,,,,,
"US1ILCK0150","ARLINGTON HEIGHTS 1.2 S, IL US","2020-05-11",,,,,,
"US1ILCK0150","ARLINGTON HEIGHTS 1.2 S, IL US","2020-05-12",,,,,,
"US1ILCK0150","ARLINGTON HEIGHTS 1.2 S, IL US","2020-05-13",,,,,,
"US1ILCK0150","ARLINGTON HEIGHTS 1.2 S, IL US","2020-05-14",,,,,,
"US1ILCK0150","ARLINGTON HEIGHTS 1.2 S, IL US","2020-05-15",,,,,,
"US1ILCK0150","ARLINGTON HEIGHTS 1.2 S, IL US","2020-05-17",,,,,,
"US1ILCK0150","ARLINGTON HEIGHTS 1.2 S, IL US","2020-05-18",,,,,,
"US1ILCK0150","ARLINGTON HEIGHTS 1.2 S, IL US","2020-05-19",,,,,,
"US1ILCK0150","ARLINGTON HEIGHTS 1.2 S, IL US","2020-05-20",,,,,,
"US1ILCK0150","ARLINGTON HEIGHTS 1.2 S, IL US","2020-05-21",,,,,,
"US1ILCK0150","ARLINGTON HEIGHTS 1.2 S, IL US","2020-05-22",,,,,,
"US1ILCK0150","ARLINGTON HEIGHTS 1.2 S, IL US","2020-05-23",,,,,,
"US1ILCK0150","ARLINGTON HEIGHTS 1.2 S, IL US","2020-05-24",,,,,,
"US1ILCK0150","ARLINGTON HEIGHTS 1.2 S, IL US","2020-05-25",,,,,,
"US1ILCK0150","ARLINGTON HEIGHTS 1.2 S, IL US","2020-05-26",,,,,,
"US1ILCK0150","ARLINGTON HEIGHTS 1.2 S, IL US","2020-05-27",,,,,,
"US1ILCK0150","ARLINGTON HEIGHTS 1.2 S, IL US","2020-05-28",,,,,,
"US1ILCK0150","ARLINGTON HEIGHTS 1.2 S, IL US","2020-05-29",,,,,,
"US1ILCK0150","ARLINGTON HEIGHTS 1.2 S, IL US","2020-05-30",,,,,,
"US1ILCK0150","ARLINGTON HEIGHTS 1.2 S, IL US","2020-05-31",,,,,,
"US1ILCK0150","ARLINGTON HEIGHTS 1.2 S, IL US","2020-06-01",,,,,,
"US1ILCK0150","ARLINGTON HEIGHTS 1.2 S, IL US","2020-06-02",,,,,,
"US1ILCK0150","ARLINGTON HEIGHTS 1.2 S, IL US","2020-06-03",,,,,,
"US1ILCK0150","ARLINGTON HEIGHTS 1.2 S, IL US","2020-06-06",,,,,,
"US1ILCK0150","ARLINGTON HEIGHTS 1.2 S, IL US","2020-06-12",,,,,,
"US1ILCK0150","ARLINGTON HEIGHTS 1.2 S, IL US","2020-06-14",,,,,,
"US1ILCK0150","ARLINGTON HEIGHTS 1.2 S, IL US","2020-06-15",,,,,,
"US1ILCK0150","ARLINGTON HEIGHTS 1.2 S, IL US","2020-06-16",,,,,,
"US1ILCK0150","ARLINGTON HEIGHTS 1.2 S, IL US","2020-06-17",,,,,,
"US1ILCK0150","ARLINGTON HEIGHTS 1.2 S, IL US","2020-06-21",,,,,,
"US1ILCK0150","ARLINGTON HEIGHTS 1.2 S, IL US","2020-06-22",,,,,,
"US1ILCK0150","ARLINGTON HEIGHTS 1.2 S, IL US","2020-06-23",,,,,,
"US1ILCK0150","ARLINGTON HEIGHTS 1.2 S, IL US","2020-06-24",,,,,,
"US1ILCK0150","ARLINGTON HEIGHTS 1.2 S, IL US","2020-06-25",,,,,,
"US1ILCK0150","ARLINGTON HEIGHTS 1.2 S, IL US","2020-06-26",,,,,,
"US1ILCK0150","ARLINGTON HEIGHTS 1.2 S, IL US","2020-06-27",,,,,,
"US1ILCK0150","ARLINGTON HEIGHTS 1.2 S, IL US","2020-06-28",,,,,,
"US1ILCK0150","ARLINGTON HEIGHTS 1.2 S, IL US","2020-06-29",,,,,,
"US1ILCK0150","ARLINGTON HEIGHTS 1.2 S, IL US","2020-06-30",,,,,,
"US1ILCK0150","ARLINGTON HEIGHTS 1.2 S, IL US","2020-07-01",,,,,,
"US1ILCK0150","ARLINGTON HEIGHTS 1.2 S, IL US","2020-07-02",,,,,,
"US1ILCK0150","ARLINGTON HEIGHTS 1.2 S, IL US","2020-07-03",,,,,,
"US1ILCK0150","ARLINGTON HEIGHTS 1.2 S, IL US","2020-07-04",,,,,,
"US1ILCK0150","ARLINGTON HEIGHTS 1.2 S, IL US","2020-07-05",,,,,,
"US1ILCK0150","ARLINGTON HEIGHTS 1.2 S, IL US","2020-07-06",,,,,,
"US1ILCK0150","ARLINGTON HEIGHTS 1.2 S, IL US","2020-07-07",,,,,,
"US1ILCK0150","ARLINGTON HEIGHTS 1.2 S, IL US","2020-07-08",,,,,,
"US1ILCK0150","ARLINGTON HEIGHTS 1.2 S, IL US","2020-07-09",,,,,,
"US1ILCK0150","ARLINGTON HEIGHTS 1.2 S, IL US","2020-07-10",,,,,,
"US1ILCK0150","ARLINGTON HEIGHTS 1.2 S, IL US","2020-07-11",,,,,,
"US1ILCK0150","ARLINGTON HEIGHTS 1.2 S, IL US","2020-07-12",,,,,,
"US1ILCK0150","ARLINGTON HEIGHTS 1.2 S, IL US","2020-07-13",,,,,,
"US1ILCK0150","ARLINGTON HEIGHTS 1.2 S, IL US","2020-07-14",,,,,,
"US1ILCK0150","ARLINGTON HEIGHTS 1.2 S, IL US","2020-07-15",,,,,,
"US1ILCK0150","ARLINGTON HEIGHTS 1.2 S, IL US","2020-07-16",,,,,,
"US1ILCK0150","ARLINGTON HEIGHTS 1.2 S, IL US","2020-07-17",,,,,,
"US1ILCK0150","ARLINGTON HEIGHTS 1.2 S, IL US","2020-07-18",,,,,,
"US1ILCK0150","ARLINGTON HEIGHTS 1.2 S, IL US","2020-07-20",,,,,,
"US1ILCK0150","ARLINGTON HEIGHTS 1.2 S, IL US","2020-07-21",,,,,,
"US1ILCK0150","ARLINGTON HEIGHTS 1.2 S, IL US","2020-07-22",,,,,,
"US1ILCK0150","ARLINGTON HEIGHTS 1.2 S, IL US","2020-07-23",,,,,,
"US1ILCK0150","ARLINGTON HEIGHTS 1.2 S, IL US","2020-07-24",,,,,,
"US1ILCK0150","ARLINGTON HEIGHTS 1.2 S, IL US","2020-07-25",,,,,,
"US1ILCK0150","ARLINGTON HEIGHTS 1.2 S, IL US","2020-07-26",,,,,,
"US1ILCK0150","ARLINGTON HEIGHTS 1.2 S, IL US","2020-07-28",,,,,,
"US1ILCK0150","ARLINGTON HEIGHTS 1.2 S, IL US","2020-07-30",,,,,,
"US1ILCK0150","ARLINGTON HEIGHTS 1.2 S, IL US","2020-08-03",,,,,,
"US1ILCK0150","ARLINGTON HEIGHTS 1.2 S, IL US","2020-08-04",,,,,,
"US1ILCK0150","ARLINGTON HEIGHTS 1.2 S, IL US","2020-08-05",,,,,,
"US1ILCK0150","ARLINGTON HEIGHTS 1.2 S, IL US","2020-08-06",,,,,,
"US1ILCK0150","ARLINGTON HEIGHTS 1.2 S, IL US","2020-08-07",,,,,,
"US1ILCK0150","ARLINGTON HEIGHTS 1.2 S, IL US","2020-08-08",,,,,,
"US1ILCK0150","ARLINGTON HEIGHTS 1.2 S, IL US","2020-08-09",,,,,,
"US1ILCK0150","ARLINGTON HEIGHTS 1.2 S, IL US","2020-08-10",,,,,,
"US1ILCK0150","ARLINGTON HEIGHTS 1.2 S, IL US","2020-08-11",,,,,,
"US1ILCK0150","ARLINGTON HEIGHTS 1.2 S, IL US","2020-08-20",,,,,,
"US1ILCK0150","ARLINGTON HEIGHTS 1.2 S, IL US","2020-08-21",,,,,,
"US1ILCK0150","ARLINGTON HEIGHTS 1.2 S, IL US","2020-08-22",,,,,,
"US1ILCK0150","ARLINGTON HEIGHTS 1.2 S, IL US","2020-08-23",,,,,,
"US1ILCK0150","ARLINGTON HEIGHTS 1.2 S, IL US","2020-08-24",,,,,,
"US1ILCK0150","ARLINGTON HEIGHTS 1.2 S, IL US","2020-08-25",,,,,,
"US1ILCK0150","ARLINGTON HEIGHTS 1.2 S, IL US","2020-08-26",,,,,,
"US1ILCK0150","ARLINGTON HEIGHTS 1.2 S, IL US","2020-08-27",,,,,,
"US1ILCK0150","ARLINGTON HEIGHTS 1.2 S, IL US","2020-08-28",,,,,,
"US1ILCK0150","ARLINGTON HEIGHTS 1.2 S, IL US","2020-08-29",,,,,,
"US1ILCK0152","CHICAGO RIDGE 0.2 WSW, IL US","2019-10-01",,,,,,
"US1ILCK0152","CHICAGO RIDGE 0.2 WSW, IL US","2019-10-02",,,,,,
"US1ILCK0152","CHICAGO RIDGE 0.2 WSW, IL US","2019-10-03",,,,,,
"US1ILCK0152","CHICAGO RIDGE 0.2 WSW, IL US","2019-10-04",,,,,,
"US1ILCK0152","CHICAGO RIDGE 0.2 WSW, IL US","2019-10-05",,,,,,
"US1ILCK0152","CHICAGO RIDGE 0.2 WSW, IL US","2019-10-06",,,,,,
"US1ILCK0152","CHICAGO RIDGE 0.2 WSW, IL US","2019-10-07",,,,,,
"US1ILCK0152","CHICAGO RIDGE 0.2 WSW, IL US","2019-10-08",,,,,,
"US1ILCK0152","CHICAGO RIDGE 0.2 WSW, IL US","2019-10-09",,,,,,
"US1ILCK0152","CHICAGO RIDGE 0.2 WSW, IL US","2019-10-10",,,,,,
"US1ILCK0152","CHICAGO RIDGE 0.2 WSW, IL US","2019-10-11",,,,,,
"US1ILCK0152","CHICAGO RIDGE 0.2 WSW, IL US","2019-10-12",,,,,,
"US1ILCK0152","CHICAGO RIDGE 0.2 WSW, IL US","2019-10-13",,,,,,
"US1ILCK0152","CHICAGO RIDGE 0.2 WSW, IL US","2019-10-14",,,,,,
"US1ILCK0152","CHICAGO RIDGE 0.2 WSW, IL US","2019-10-15",,,,,,
"US1ILCK0152","CHICAGO RIDGE 0.2 WSW, IL US","2019-10-18",,,,,,
"US1ILCK0152","CHICAGO RIDGE 0.2 WSW, IL US","2019-10-20",,,,,,
"US1ILCK0152","CHICAGO RIDGE 0.2 WSW, IL US","2019-10-21",,,,,,
"US1ILCK0152","CHICAGO RIDGE 0.2 WSW, IL US","2019-10-22",,,,,,
"US1ILCK0152","CHICAGO RIDGE 0.2 WSW, IL US","2019-10-23",,,,,,
"US1ILCK0152","CHICAGO RIDGE 0.2 WSW, IL US","2019-10-24",,,,,,
"US1ILCK0152","CHICAGO RIDGE 0.2 WSW, IL US","2019-10-26",,,,,,
"US1ILCK0152","CHICAGO RIDGE 0.2 WSW, IL US","2019-10-27",,,,,,
"US1ILCK0152","CHICAGO RIDGE 0.2 WSW, IL US","2019-10-28",,,,,,
"US1ILCK0152","CHICAGO RIDGE 0.2 WSW, IL US","2019-10-29",,,,,,
"US1ILCK0152","CHICAGO RIDGE 0.2 WSW, IL US","2019-10-30",,,,,,
"US1ILCK0152","CHICAGO RIDGE 0.2 WSW, IL US","2019-10-31",,,,,,
"US1ILCK0152","CHICAGO RIDGE 0.2 WSW, IL US","2019-11-01",,,,,,
"US1ILCK0152","CHICAGO RIDGE 0.2 WSW, IL US","2019-11-02",,,,,,
"US1ILCK0152","CHICAGO RIDGE 0.2 WSW, IL US","2019-11-04",,,,,,
"US1ILCK0152","CHICAGO RIDGE 0.2 WSW, IL US","2019-11-05",,,,,,
"US1ILCK0152","CHICAGO RIDGE 0.2 WSW, IL US","2019-11-06",,,,,,
"US1ILCK0152","CHICAGO RIDGE 0.2 WSW, IL US","2019-11-07",,,,,,
"US1ILCK0152","CHICAGO RIDGE 0.2 WSW, IL US","2019-11-08",,,,,,
"US1ILCK0152","CHICAGO RIDGE 0.2 WSW, IL US","2019-11-09",,,,,,
"US1ILCK0152","CHICAGO RIDGE 0.2 WSW, IL US","2019-11-10",,,,,,
"US1ILCK0152","CHICAGO RIDGE 0.2 WSW, IL US","2019-11-11",,,,,,
"US1ILCK0152","CHICAGO RIDGE 0.2 WSW, IL US","2019-11-12",,,,,,
"US1ILCK0152","CHICAGO RIDGE 0.2 WSW, IL US","2019-11-13",,,,,,
"US1ILCK0152","CHICAGO RIDGE 0.2 WSW, IL US","2019-11-14",,,,,,
"US1ILCK0152","CHICAGO RIDGE 0.2 WSW, IL US","2019-11-15",,,,,,
"US1ILCK0152","CHICAGO RIDGE 0.2 WSW, IL US","2019-11-16",,,,,,
"US1ILCK0152","CHICAGO RIDGE 0.2 WSW, IL US","2019-11-17",,,,,,
"US1ILCK0152","CHICAGO RIDGE 0.2 WSW, IL US","2019-11-18",,,,,,
"US1ILCK0152","CHICAGO RIDGE 0.2 WSW, IL US","2019-11-19",,,,,,
"US1ILCK0152","CHICAGO RIDGE 0.2 WSW, IL US","2019-11-20",,,,,,
"US1ILCK0152","CHICAGO RIDGE 0.2 WSW, IL US","2019-11-21",,,,,,
"US1ILCK0152","CHICAGO RIDGE 0.2 WSW, IL US","2019-11-22",,,,,,
"US1ILCK0152","CHICAGO RIDGE 0.2 WSW, IL US","2019-11-23",,,,,,
"US1ILCK0152","CHICAGO RIDGE 0.2 WSW, IL US","2019-11-24",,,,,,
"US1ILCK0152","CHICAGO RIDGE 0.2 WSW, IL US","2019-11-25",,,,,,
"US1ILCK0152","CHICAGO RIDGE 0.2 WSW, IL US","2019-11-26",,,,,,
"US1ILCK0152","CHICAGO RIDGE 0.2 WSW, IL US","2019-11-27",,,,,,
"US1ILCK0152","CHICAGO RIDGE 0.2 WSW, IL US","2019-11-28",,,,,,
"US1ILCK0152","CHICAGO RIDGE 0.2 WSW, IL US","2019-11-29",,,,,,
"US1ILCK0152","CHICAGO RIDGE 0.2 WSW, IL US","2019-11-30",,,,,,
"US1ILCK0152","CHICAGO RIDGE 0.2 WSW, IL US","2019-12-01",,,,,,
"US1ILCK0152","CHICAGO RIDGE 0.2 WSW, IL US","2019-12-02",,,,,,
"US1ILCK0152","CHICAGO RIDGE 0.2 WSW, IL US","2019-12-03",,,,,,
"US1ILCK0152","CHICAGO RIDGE 0.2 WSW, IL US","2019-12-04",,,,,,
"US1ILCK0152","CHICAGO RIDGE 0.2 WSW, IL US","2019-12-08",,,,,,
"US1ILCK0152","CHICAGO RIDGE 0.2 WSW, IL US","2019-12-09",,,,,,
"US1ILCK0152","CHICAGO RIDGE 0.2 WSW, IL US","2019-12-10",,,,,,
"US1ILCK0152","CHICAGO RIDGE 0.2 WSW, IL US","2019-12-11",,,,,,
"US1ILCK0152","CHICAGO RIDGE 0.2 WSW, IL US","2019-12-12",,,,,,
"US1ILCK0152","CHICAGO RIDGE 0.2 WSW, IL US","2019-12-13",,,,,,
"US1ILCK0152","CHICAGO RIDGE 0.2 WSW, IL US","2019-12-14",,,,,,
"US1ILCK0152","CHICAGO RIDGE 0.2 WSW, IL US","2019-12-15",,,,,,
"US1ILCK0152","CHICAGO RIDGE 0.2 WSW, IL US","2019-12-16",,,,,,
"US1ILCK0152","CHICAGO RIDGE 0.2 WSW, IL US","2019-12-17",,,,,,
"US1ILCK0152","CHICAGO RIDGE 0.2 WSW, IL US","2019-12-18",,,,,,
"US1ILCK0152","CHICAGO RIDGE 0.2 WSW, IL US","2019-12-19",,,,,,
"US1ILCK0152","CHICAGO RIDGE 0.2 WSW, IL US","2019-12-21",,,,,,
"US1ILCK0152","CHICAGO RIDGE 0.2 WSW, IL US","2019-12-22",,,,,,
"US1ILCK0152","CHICAGO RIDGE 0.2 WSW, IL US","2019-12-23",,,,,,
"US1ILCK0152","CHICAGO RIDGE 0.2 WSW, IL US","2019-12-24",,,,,,
"US1ILCK0152","CHICAGO RIDGE 0.2 WSW, IL US","2019-12-25",,,,,,
"US1ILCK0152","CHICAGO RIDGE 0.2 WSW, IL US","2019-12-27",,,,,,
"US1ILCK0152","CHICAGO RIDGE 0.2 WSW, IL US","2019-12-28",,,,,,
"US1ILCK0152","CHICAGO RIDGE 0.2 WSW, IL US","2019-12-29",,,,,,
"US1ILCK0152","CHICAGO RIDGE 0.2 WSW, IL US","2019-12-30",,,,,,
"US1ILCK0152","CHICAGO RIDGE 0.2 WSW, IL US","2019-12-31",,,,,,
"US1ILCK0152","CHICAGO RIDGE 0.2 WSW, IL US","2020-01-01",,,,,,
"US1ILCK0152","CHICAGO RIDGE 0.2 WSW, IL US","2020-01-02",,,,,,
"US1ILCK0152","CHICAGO RIDGE 0.2 WSW, IL US","2020-01-03",,,,,,
"US1ILCK0152","CHICAGO RIDGE 0.2 WSW, IL US","2020-01-04",,,,,,
"US1ILCK0152","CHICAGO RIDGE 0.2 WSW, IL US","2020-01-05",,,,,,
"US1ILCK0152","CHICAGO RIDGE 0.2 WSW, IL US","2020-01-06",,,,,,
"US1ILCK0152","CHICAGO RIDGE 0.2 WSW, IL US","2020-01-07",,,,,,
"US1ILCK0152","CHICAGO RIDGE 0.2 WSW, IL US","2020-01-08",,,,,,
"US1ILCK0152","CHICAGO RIDGE 0.2 WSW, IL US","2020-01-09",,,,,,
"US1ILCK0152","CHICAGO RIDGE 0.2 WSW, IL US","2020-01-10",,,,,,
"US1ILCK0152","CHICAGO RIDGE 0.2 WSW, IL US","2020-01-11",,,,,,
"US1ILCK0152","CHICAGO RIDGE 0.2 WSW, IL US","2020-01-12",,,,,,
"US1ILCK0152","CHICAGO RIDGE 0.2 WSW, IL US","2020-01-13",,,,,,
"US1ILCK0152","CHICAGO RIDGE 0.2 WSW, IL US","2020-01-14",,,,,,
"US1ILCK0152","CHICAGO RIDGE 0.2 WSW, IL US","2020-01-15",,,,,,
"US1ILCK0152","CHICAGO RIDGE 0.2 WSW, IL US","2020-01-16",,,,,,
"US1ILCK0152","CHICAGO RIDGE 0.2 WSW, IL US","2020-01-17",,,,,,
"US1ILCK0152","CHICAGO RIDGE 0.2 WSW, IL US","2020-01-18",,,,,,
"US1ILCK0152","CHICAGO RIDGE 0.2 WSW, IL US","2020-01-19",,,,,,
"US1ILCK0152","CHICAGO RIDGE 0.2 WSW, IL US","2020-01-20",,,,,,
"US1ILCK0152","CHICAGO RIDGE 0.2 WSW, IL US","2020-01-21",,,,,,
"US1ILCK0152","CHICAGO RIDGE 0.2 WSW, IL US","2020-01-22",,,,,,
"US1ILCK0152","CHICAGO RIDGE 0.2 WSW, IL US","2020-01-23",,,,,,
"US1ILCK0152","CHICAGO RIDGE 0.2 WSW, IL US","2020-01-24",,,,,,
"US1ILCK0152","CHICAGO RIDGE 0.2 WSW, IL US","2020-01-25",,,,,,
"US1ILCK0152","CHICAGO RIDGE 0.2 WSW, IL US","2020-01-26",,,,,,
"US1ILCK0152","CHICAGO RIDGE 0.2 WSW, IL US","2020-01-27",,,,,,
"US1ILCK0152","CHICAGO RIDGE 0.2 WSW, IL US","2020-01-28",,,,,,
"US1ILCK0152","CHICAGO RIDGE 0.2 WSW, IL US","2020-01-29",,,,,,
"US1ILCK0152","CHICAGO RIDGE 0.2 WSW, IL US","2020-01-30",,,,,,
"US1ILCK0152","CHICAGO RIDGE 0.2 WSW, IL US","2020-01-31",,,,,,
"US1ILCK0152","CHICAGO RIDGE 0.2 WSW, IL US","2020-02-01",,,,,,
"US1ILCK0152","CHICAGO RIDGE 0.2 WSW, IL US","2020-02-03",,,,,,
"US1ILCK0152","CHICAGO RIDGE 0.2 WSW, IL US","2020-02-04",,,,,,
"US1ILCK0152","CHICAGO RIDGE 0.2 WSW, IL US","2020-02-05",,,,,,
"US1ILCK0152","CHICAGO RIDGE 0.2 WSW, IL US","2020-02-06",,,,,,
"US1ILCK0152","CHICAGO RIDGE 0.2 WSW, IL US","2020-02-07",,,,,,
"US1ILCK0152","CHICAGO RIDGE 0.2 WSW, IL US","2020-02-08",,,,,,
"US1ILCK0152","CHICAGO RIDGE 0.2 WSW, IL US","2020-02-09",,,,,,
"US1ILCK0152","CHICAGO RIDGE 0.2 WSW, IL US","2020-02-10",,,,,,
"US1ILCK0152","CHICAGO RIDGE 0.2 WSW, IL US","2020-02-12",,,,,,
"US1ILCK0152","CHICAGO RIDGE 0.2 WSW, IL US","2020-02-13",,,,,,
"US1ILCK0152","CHICAGO RIDGE 0.2 WSW, IL US","2020-02-14",,,,,,
"US1ILCK0152","CHICAGO RIDGE 0.2 WSW, IL US","2020-02-15",,,,,,
"US1ILCK0152","CHICAGO RIDGE 0.2 WSW, IL US","2020-02-16",,,,,,
"US1ILCK0152","CHICAGO RIDGE 0.2 WSW, IL US","2020-02-17",,,,,,
"US1ILCK0152","CHICAGO RIDGE 0.2 WSW, IL US","2020-02-18",,,,,,
"US1ILCK0152","CHICAGO RIDGE 0.2 WSW, IL US","2020-02-19",,,,,,
"US1ILCK0152","CHICAGO RIDGE 0.2 WSW, IL US","2020-02-22",,,,,,
"US1ILCK0152","CHICAGO RIDGE 0.2 WSW, IL US","2020-02-23",,,,,,
"US1ILCK0152","CHICAGO RIDGE 0.2 WSW, IL US","2020-02-24",,,,,,
"US1ILCK0152","CHICAGO RIDGE 0.2 WSW, IL US","2020-02-25",,,,,,
"US1ILCK0152","CHICAGO RIDGE 0.2 WSW, IL US","2020-02-26",,,,,,
"US1ILCK0152","CHICAGO RIDGE 0.2 WSW, IL US","2020-02-27",,,,,,
"US1ILCK0152","CHICAGO RIDGE 0.2 WSW, IL US","2020-02-28",,,,,,
"US1ILCK0152","CHICAGO RIDGE 0.2 WSW, IL US","2020-02-29",,,,,,
"US1ILCK0152","CHICAGO RIDGE 0.2 WSW, IL US","2020-03-01",,,,,,
"US1ILCK0152","CHICAGO RIDGE 0.2 WSW, IL US","2020-03-02",,,,,,
"US1ILCK0152","CHICAGO RIDGE 0.2 WSW, IL US","2020-03-03",,,,,,
"US1ILCK0152","CHICAGO RIDGE 0.2 WSW, IL US","2020-03-04",,,,,,
"US1ILCK0152","CHICAGO RIDGE 0.2 WSW, IL US","2020-03-05",,,,,,
"US1ILCK0152","CHICAGO RIDGE 0.2 WSW, IL US","2020-03-06",,,,,,
"US1ILCK0152","CHICAGO RIDGE 0.2 WSW, IL US","2020-03-07",,,,,,
"US1ILCK0152","CHICAGO RIDGE 0.2 WSW, IL US","2020-03-08",,,,,,
"US1ILCK0152","CHICAGO RIDGE 0.2 WSW, IL US","2020-03-09",,,,,,
"US1ILCK0152","CHICAGO RIDGE 0.2 WSW, IL US","2020-03-10",,,,,,
"US1ILCK0152","CHICAGO RIDGE 0.2 WSW, IL US","2020-03-11",,,,,,
"US1ILCK0152","CHICAGO RIDGE 0.2 WSW, IL US","2020-03-12",,,,,,
"US1ILCK0152","CHICAGO RIDGE 0.2 WSW, IL US","2020-03-13",,,,,,
"US1ILCK0152","CHICAGO RIDGE 0.2 WSW, IL US","2020-03-14",,,,,,
"US1ILCK0152","CHICAGO RIDGE 0.2 WSW, IL US","2020-03-15",,,,,,
"US1ILCK0152","CHICAGO RIDGE 0.2 WSW, IL US","2020-03-16",,,,,,
"US1ILCK0152","CHICAGO RIDGE 0.2 WSW, IL US","2020-03-17",,,,,,
"US1ILCK0152","CHICAGO RIDGE 0.2 WSW, IL US","2020-03-18",,,,,,
"US1ILCK0152","CHICAGO RIDGE 0.2 WSW, IL US","2020-03-19",,,,,,
"US1ILCK0152","CHICAGO RIDGE 0.2 WSW, IL US","2020-03-20",,,,,,
"US1ILCK0152","CHICAGO RIDGE 0.2 WSW, IL US","2020-03-21",,,,,,
"US1ILCK0152","CHICAGO RIDGE 0.2 WSW, IL US","2020-03-22",,,,,,
"US1ILCK0152","CHICAGO RIDGE 0.2 WSW, IL US","2020-03-23",,,,,,
"US1ILCK0152","CHICAGO RIDGE 0.2 WSW, IL US","2020-03-25",,,,,,
"US1ILCK0152","CHICAGO RIDGE 0.2 WSW, IL US","2020-03-26",,,,,,
"US1ILCK0152","CHICAGO RIDGE 0.2 WSW, IL US","2020-03-27",,,,,,
"US1ILCK0152","CHICAGO RIDGE 0.2 WSW, IL US","2020-03-28",,,,,,
"US1ILCK0152","CHICAGO RIDGE 0.2 WSW, IL US","2020-03-29",,,,,,
"US1ILCK0152","CHICAGO RIDGE 0.2 WSW, IL US","2020-03-30",,,,,,
"US1ILCK0152","CHICAGO RIDGE 0.2 WSW, IL US","2020-03-31",,,,,,
"US1ILCK0152","CHICAGO RIDGE 0.2 WSW, IL US","2020-04-01",,,,,,
"US1ILCK0152","CHICAGO RIDGE 0.2 WSW, IL US","2020-04-02",,,,,,
"US1ILCK0152","CHICAGO RIDGE 0.2 WSW, IL US","2020-04-03",,,,,,
"US1ILCK0152","CHICAGO RIDGE 0.2 WSW, IL US","2020-04-04",,,,,,
"US1ILCK0152","CHICAGO RIDGE 0.2 WSW, IL US","2020-04-05",,,,,,
"US1ILCK0152","CHICAGO RIDGE 0.2 WSW, IL US","2020-04-06",,,,,,
"US1ILCK0152","CHICAGO RIDGE 0.2 WSW, IL US","2020-04-07",,,,,,
"US1ILCK0152","CHICAGO RIDGE 0.2 WSW, IL US","2020-04-08",,,,,,
"US1ILCK0152","CHICAGO RIDGE 0.2 WSW, IL US","2020-04-09",,,,,,
"US1ILCK0152","CHICAGO RIDGE 0.2 WSW, IL US","2020-04-10",,,,,,
"US1ILCK0152","CHICAGO RIDGE 0.2 WSW, IL US","2020-04-11",,,,,,
"US1ILCK0152","CHICAGO RIDGE 0.2 WSW, IL US","2020-04-12",,,,,,
"US1ILCK0152","CHICAGO RIDGE 0.2 WSW, IL US","2020-04-13",,,,,,
"US1ILCK0152","CHICAGO RIDGE 0.2 WSW, IL US","2020-04-14",,,,,,
"US1ILCK0152","CHICAGO RIDGE 0.2 WSW, IL US","2020-04-15",,,,,,
"US1ILCK0152","CHICAGO RIDGE 0.2 WSW, IL US","2020-04-16",,,,,,
"US1ILCK0152","CHICAGO RIDGE 0.2 WSW, IL US","2020-04-17",,,,,,
"US1ILCK0152","CHICAGO RIDGE 0.2 WSW, IL US","2020-04-18",,,,,,
"US1ILCK0152","CHICAGO RIDGE 0.2 WSW, IL US","2020-04-19",,,,,,
"US1ILCK0152","CHICAGO RIDGE 0.2 WSW, IL US","2020-04-20",,,,,,
"US1ILCK0152","CHICAGO RIDGE 0.2 WSW, IL US","2020-04-21",,,,,,
"US1ILCK0152","CHICAGO RIDGE 0.2 WSW, IL US","2020-04-22",,,,,,
"US1ILCK0152","CHICAGO RIDGE 0.2 WSW, IL US","2020-04-23",,,,,,
"US1ILCK0152","CHICAGO RIDGE 0.2 WSW, IL US","2020-04-24",,,,,,
"US1ILCK0152","CHICAGO RIDGE 0.2 WSW, IL US","2020-04-26",,,,,,
"US1ILCK0152","CHICAGO RIDGE 0.2 WSW, IL US","2020-04-27",,,,,,
"US1ILCK0152","CHICAGO RIDGE 0.2 WSW, IL US","2020-04-28",,,,,,
"US1ILCK0152","CHICAGO RIDGE 0.2 WSW, IL US","2020-04-29",,,,,,
"US1ILCK0152","CHICAGO RIDGE 0.2 WSW, IL US","2020-04-30",,,,,,
"US1ILCK0152","CHICAGO RIDGE 0.2 WSW, IL US","2020-05-01",,,,,,
"US1ILCK0152","CHICAGO RIDGE 0.2 WSW, IL US","2020-05-02",,,,,,
"US1ILCK0152","CHICAGO RIDGE 0.2 WSW, IL US","2020-05-03",,,,,,
"US1ILCK0152","CHICAGO RIDGE 0.2 WSW, IL US","2020-05-04",,,,,,
"US1ILCK0152","CHICAGO RIDGE 0.2 WSW, IL US","2020-05-05",,,,,,
"US1ILCK0152","CHICAGO RIDGE 0.2 WSW, IL US","2020-05-06",,,,,,
"US1ILCK0152","CHICAGO RIDGE 0.2 WSW, IL US","2020-05-07",,,,,,
"US1ILCK0152","CHICAGO RIDGE 0.2 WSW, IL US","2020-05-08",,,,,,
"US1ILCK0152","CHICAGO RIDGE 0.2 WSW, IL US","2020-05-09",,,,,,
"US1ILCK0152","CHICAGO RIDGE 0.2 WSW, IL US","2020-05-10",,,,,,
"US1ILCK0152","CHICAGO RIDGE 0.2 WSW, IL US","2020-05-11",,,,,,
"US1ILCK0152","CHICAGO RIDGE 0.2 WSW, IL US","2020-05-12",,,,,,
"US1ILCK0152","CHICAGO RIDGE 0.2 WSW, IL US","2020-05-13",,,,,,
"US1ILCK0152","CHICAGO RIDGE 0.2 WSW, IL US","2020-05-14",,,,,,
"US1ILCK0152","CHICAGO RIDGE 0.2 WSW, IL US","2020-05-15",,,,,,
"US1ILCK0152","CHICAGO RIDGE 0.2 WSW, IL US","2020-05-16",,,,,,
"US1ILCK0152","CHICAGO RIDGE 0.2 WSW, IL US","2020-05-17",,,,,,
"US1ILCK0152","CHICAGO RIDGE 0.2 WSW, IL US","2020-05-18",,,,,,
"US1ILCK0152","CHICAGO RIDGE 0.2 WSW, IL US","2020-05-19",,,,,,
"US1ILCK0152","CHICAGO RIDGE 0.2 WSW, IL US","2020-05-20",,,,,,
"US1ILCK0152","CHICAGO RIDGE 0.2 WSW, IL US","2020-05-21",,,,,,
"US1ILCK0152","CHICAGO RIDGE 0.2 WSW, IL US","2020-05-22",,,,,,
"US1ILCK0152","CHICAGO RIDGE 0.2 WSW, IL US","2020-05-24",,,,,,
"US1ILCK0152","CHICAGO RIDGE 0.2 WSW, IL US","2020-05-25",,,,,,
"US1ILCK0152","CHICAGO RIDGE 0.2 WSW, IL US","2020-05-26",,,,,,
"US1ILCK0152","CHICAGO RIDGE 0.2 WSW, IL US","2020-05-27",,,,,,
"US1ILCK0152","CHICAGO RIDGE 0.2 WSW, IL US","2020-05-28",,,,,,
"US1ILCK0152","CHICAGO RIDGE 0.2 WSW, IL US","2020-05-29",,,,,,
"US1ILCK0152","CHICAGO RIDGE 0.2 WSW, IL US","2020-05-30",,,,,,
"US1ILCK0152","CHICAGO RIDGE 0.2 WSW, IL US","2020-05-31",,,,,,
"US1ILCK0152","CHICAGO RIDGE 0.2 WSW, IL US","2020-06-01",,,,,,
"US1ILCK0152","CHICAGO RIDGE 0.2 WSW, IL US","2020-06-02",,,,,,
"US1ILCK0152","CHICAGO RIDGE 0.2 WSW, IL US","2020-06-03",,,,,,
"US1ILCK0152","CHICAGO RIDGE 0.2 WSW, IL US","2020-06-04",,,,,,
"US1ILCK0152","CHICAGO RIDGE 0.2 WSW, IL US","2020-06-05",,,,,,
"US1ILCK0152","CHICAGO RIDGE 0.2 WSW, IL US","2020-06-06",,,,,,
"US1ILCK0152","CHICAGO RIDGE 0.2 WSW, IL US","2020-06-07",,,,,,
"US1ILCK0152","CHICAGO RIDGE 0.2 WSW, IL US","2020-06-08",,,,,,
"US1ILCK0152","CHICAGO RIDGE 0.2 WSW, IL US","2020-06-09",,,,,,
"US1ILCK0152","CHICAGO RIDGE 0.2 WSW, IL US","2020-06-10",,,,,,
"US1ILCK0152","CHICAGO RIDGE 0.2 WSW, IL US","2020-06-11",,,,,,
"US1ILCK0152","CHICAGO RIDGE 0.2 WSW, IL US","2020-06-12",,,,,,
"US1ILCK0152","CHICAGO RIDGE 0.2 WSW, IL US","2020-06-13",,,,,,
"US1ILCK0152","CHICAGO RIDGE 0.2 WSW, IL US","2020-06-14",,,,,,
"US1ILCK0152","CHICAGO RIDGE 0.2 WSW, IL US","2020-06-15",,,,,,
"US1ILCK0152","CHICAGO RIDGE 0.2 WSW, IL US","2020-06-16",,,,,,
"US1ILCK0152","CHICAGO RIDGE 0.2 WSW, IL US","2020-06-17",,,,,,
"US1ILCK0152","CHICAGO RIDGE 0.2 WSW, IL US","2020-06-19",,,,,,
"US1ILCK0152","CHICAGO RIDGE 0.2 WSW, IL US","2020-06-20",,,,,,
"US1ILCK0152","CHICAGO RIDGE 0.2 WSW, IL US","2020-06-21",,,,,,
"US1ILCK0152","CHICAGO RIDGE 0.2 WSW, IL US","2020-06-22",,,,,,
"US1ILCK0152","CHICAGO RIDGE 0.2 WSW, IL US","2020-06-23",,,,,,
"US1ILCK0152","CHICAGO RIDGE 0.2 WSW, IL US","2020-06-24",,,,,,
"US1ILCK0152","CHICAGO RIDGE 0.2 WSW, IL US","2020-06-25",,,,,,
"US1ILCK0152","CHICAGO RIDGE 0.2 WSW, IL US","2020-06-26",,,,,,
"US1ILCK0152","CHICAGO RIDGE 0.2 WSW, IL US","2020-06-27",,,,,,
"US1ILCK0152","CHICAGO RIDGE 0.2 WSW, IL US","2020-06-28",,,,,,
"US1ILCK0152","CHICAGO RIDGE 0.2 WSW, IL US","2020-06-29",,,,,,
"US1ILCK0152","CHICAGO RIDGE 0.2 WSW, IL US","2020-06-30",,,,,,
"US1ILCK0152","CHICAGO RIDGE 0.2 WSW, IL US","2020-07-01",,,,,,
"US1ILCK0152","CHICAGO RIDGE 0.2 WSW, IL US","2020-07-02",,,,,,
"US1ILCK0152","CHICAGO RIDGE 0.2 WSW, IL US","2020-07-04",,,,,,
"US1ILCK0152","CHICAGO RIDGE 0.2 WSW, IL US","2020-07-05",,,,,,
"US1ILCK0152","CHICAGO RIDGE 0.2 WSW, IL US","2020-07-06",,,,,,
"US1ILCK0152","CHICAGO RIDGE 0.2 WSW, IL US","2020-07-07",,,,,,
"US1ILCK0152","CHICAGO RIDGE 0.2 WSW, IL US","2020-07-08",,,,,,
"US1ILCK0152","CHICAGO RIDGE 0.2 WSW, IL US","2020-07-09",,,,,,
"US1ILCK0152","CHICAGO RIDGE 0.2 WSW, IL US","2020-07-10",,,,,,
"US1ILCK0152","CHICAGO RIDGE 0.2 WSW, IL US","2020-07-11",,,,,,
"US1ILCK0152","CHICAGO RIDGE 0.2 WSW, IL US","2020-07-12",,,,,,
"US1ILCK0152","CHICAGO RIDGE 0.2 WSW, IL US","2020-07-13",,,,,,
"US1ILCK0152","CHICAGO RIDGE 0.2 WSW, IL US","2020-07-14",,,,,,
"US1ILCK0152","CHICAGO RIDGE 0.2 WSW, IL US","2020-07-15",,,,,,
"US1ILCK0152","CHICAGO RIDGE 0.2 WSW, IL US","2020-07-16",,,,,,
"US1ILCK0152","CHICAGO RIDGE 0.2 WSW, IL US","2020-07-17",,,,,,
"US1ILCK0152","CHICAGO RIDGE 0.2 WSW, IL US","2020-07-18",,,,,,
"US1ILCK0152","CHICAGO RIDGE 0.2 WSW, IL US","2020-07-19",,,,,,
"US1ILCK0152","CHICAGO RIDGE 0.2 WSW, IL US","2020-07-20",,,,,,
"US1ILCK0152","CHICAGO RIDGE 0.2 WSW, IL US","2020-07-21",,,,,,
"US1ILCK0152","CHICAGO RIDGE 0.2 WSW, IL US","2020-07-22",,,,,,
"US1ILCK0152","CHICAGO RIDGE 0.2 WSW, IL US","2020-07-23",,,,,,
"US1ILCK0152","CHICAGO RIDGE 0.2 WSW, IL US","2020-07-24",,,,,,
"US1ILCK0152","CHICAGO RIDGE 0.2 WSW, IL US","2020-07-25",,,,,,
"US1ILCK0152","CHICAGO RIDGE 0.2 WSW, IL US","2020-07-26",,,,,,
"US1ILCK0152","CHICAGO RIDGE 0.2 WSW, IL US","2020-07-27",,,,,,
"US1ILCK0152","CHICAGO RIDGE 0.2 WSW, IL US","2020-07-28",,,,,,
"US1ILCK0152","CHICAGO RIDGE 0.2 WSW, IL US","2020-07-29",,,,,,
"US1ILCK0152","CHICAGO RIDGE 0.2 WSW, IL US","2020-07-30",,,,,,
"US1ILCK0152","CHICAGO RIDGE 0.2 WSW, IL US","2020-07-31",,,,,,
"US1ILCK0152","CHICAGO RIDGE 0.2 WSW, IL US","2020-08-01",,,,,,
"US1ILCK0152","CHICAGO RIDGE 0.2 WSW, IL US","2020-08-02",,,,,,
"US1ILCK0152","CHICAGO RIDGE 0.2 WSW, IL US","2020-08-03",,,,,,
"US1ILCK0152","CHICAGO RIDGE 0.2 WSW, IL US","2020-08-04",,,,,,
"US1ILCK0152","CHICAGO RIDGE 0.2 WSW, IL US","2020-08-05",,,,,,
"US1ILCK0152","CHICAGO RIDGE 0.2 WSW, IL US","2020-08-06",,,,,,
"US1ILCK0152","CHICAGO RIDGE 0.2 WSW, IL US","2020-08-07",,,,,,
"US1ILCK0152","CHICAGO RIDGE 0.2 WSW, IL US","2020-08-09",,,,,,
"US1ILCK0152","CHICAGO RIDGE 0.2 WSW, IL US","2020-08-10",,,,,,
"US1ILCK0152","CHICAGO RIDGE 0.2 WSW, IL US","2020-08-11",,,,,,
"US1ILCK0152","CHICAGO RIDGE 0.2 WSW, IL US","2020-08-12",,,,,,
"US1ILCK0152","CHICAGO RIDGE 0.2 WSW, IL US","2020-08-13",,,,,,
"US1ILCK0152","CHICAGO RIDGE 0.2 WSW, IL US","2020-08-14",,,,,,
"US1ILCK0152","CHICAGO RIDGE 0.2 WSW, IL US","2020-08-15",,,,,,
"US1ILCK0152","CHICAGO RIDGE 0.2 WSW, IL US","2020-08-16",,,,,,
"US1ILCK0152","CHICAGO RIDGE 0.2 WSW, IL US","2020-08-17",,,,,,
"US1ILCK0152","CHICAGO RIDGE 0.2 WSW, IL US","2020-08-18",,,,,,
"US1ILCK0152","CHICAGO RIDGE 0.2 WSW, IL US","2020-08-19",,,,,,
"US1ILCK0152","CHICAGO RIDGE 0.2 WSW, IL US","2020-08-20",,,,,,
"US1ILCK0152","CHICAGO RIDGE 0.2 WSW, IL US","2020-08-21",,,,,,
"US1ILCK0152","CHICAGO RIDGE 0.2 WSW, IL US","2020-08-23",,,,,,
"US1ILCK0152","CHICAGO RIDGE 0.2 WSW, IL US","2020-08-24",,,,,,
"US1ILCK0152","CHICAGO RIDGE 0.2 WSW, IL US","2020-08-25",,,,,,
"US1ILCK0152","CHICAGO RIDGE 0.2 WSW, IL US","2020-08-26",,,,,,
"US1ILCK0152","CHICAGO RIDGE 0.2 WSW, IL US","2020-08-27",,,,,,
"US1ILCK0152","CHICAGO RIDGE 0.2 WSW, IL US","2020-08-28",,,,,,
"US1ILCK0152","CHICAGO RIDGE 0.2 WSW, IL US","2020-08-29",,,,,,
"US1ILCK0152","CHICAGO RIDGE 0.2 WSW, IL US","2020-08-30",,,,,,
"US1ILCK0152","CHICAGO RIDGE 0.2 WSW, IL US","2020-08-31",,,,,,
"US1ILCK0152","CHICAGO RIDGE 0.2 WSW, IL US","2020-09-01",,,,,,
"US1ILCK0152","CHICAGO RIDGE 0.2 WSW, IL US","2020-09-02",,,,,,
"US1ILCK0152","CHICAGO RIDGE 0.2 WSW, IL US","2020-09-03",,,,,,
"US1ILCK0152","CHICAGO RIDGE 0.2 WSW, IL US","2020-09-04",,,,,,
"US1ILCK0152","CHICAGO RIDGE 0.2 WSW, IL US","2020-09-05",,,,,,
"US1ILCK0152","CHICAGO RIDGE 0.2 WSW, IL US","2020-09-06",,,,,,
"US1ILCK0152","CHICAGO RIDGE 0.2 WSW, IL US","2020-09-07",,,,,,
"US1ILCK0152","CHICAGO RIDGE 0.2 WSW, IL US","2020-09-08",,,,,,
"US1ILDP0122","CLARENDON HILLS 0.5 NW, IL US","2020-04-07",,,,,,
"US1ILDP0122","CLARENDON HILLS 0.5 NW, IL US","2020-04-08",,,,,,
"US1ILDP0122","CLARENDON HILLS 0.5 NW, IL US","2020-04-13",,,,,,
"US1ILDP0122","CLARENDON HILLS 0.5 NW, IL US","2020-04-21",,,,,,
"US1ILDP0122","CLARENDON HILLS 0.5 NW, IL US","2020-04-23",,,,,,
"US1ILDP0122","CLARENDON HILLS 0.5 NW, IL US","2020-04-25",,,,,,
"US1ILDP0122","CLARENDON HILLS 0.5 NW, IL US","2020-05-05",,,,,,
"US1ILDP0122","CLARENDON HILLS 0.5 NW, IL US","2020-05-06",,,,,,
"US1ILDP0122","CLARENDON HILLS 0.5 NW, IL US","2020-05-07",,,,,,
"US1ILDP0122","CLARENDON HILLS 0.5 NW, IL US","2020-05-08",,,,,,
"US1ILDP0122","CLARENDON HILLS 0.5 NW, IL US","2020-05-11",,,,,,
"US1ILDP0122","CLARENDON HILLS 0.5 NW, IL US","2020-05-12",,,,,,
"US1ILDP0122","CLARENDON HILLS 0.5 NW, IL US","2020-05-17",,,,,,
"US1ILDP0122","CLARENDON HILLS 0.5 NW, IL US","2020-05-18",,,,,,
"US1ILDP0122","CLARENDON HILLS 0.5 NW, IL US","2020-05-19",,,,,,
"US1ILDP0122","CLARENDON HILLS 0.5 NW, IL US","2020-05-20",,,,,,
"US1ILDP0122","CLARENDON HILLS 0.5 NW, IL US","2020-05-21",,,,,,
"US1ILDP0122","CLARENDON HILLS 0.5 NW, IL US","2020-05-24",,,,,,
"US1ILDP0122","CLARENDON HILLS 0.5 NW, IL US","2020-05-25",,,,,,
"US1ILDP0122","CLARENDON HILLS 0.5 NW, IL US","2020-05-26",,,,,,
"US1ILDP0122","CLARENDON HILLS 0.5 NW, IL US","2020-05-27",,,,,,
"US1ILDP0122","CLARENDON HILLS 0.5 NW, IL US","2020-05-28",,,,,,
"US1ILDP0122","CLARENDON HILLS 0.5 NW, IL US","2020-05-29",,,,,,
"US1ILDP0122","CLARENDON HILLS 0.5 NW, IL US","2020-05-30",,,,,,
"US1ILDP0122","CLARENDON HILLS 0.5 NW, IL US","2020-05-31",,,,,,
"US1ILDP0122","CLARENDON HILLS 0.5 NW, IL US","2020-06-10",,,,,,
"US1ILDP0122","CLARENDON HILLS 0.5 NW, IL US","2020-06-11",,,,,,
"US1ILDP0122","CLARENDON HILLS 0.5 NW, IL US","2020-06-21",,,,,,
"US1ILDP0122","CLARENDON HILLS 0.5 NW, IL US","2020-06-22",,,,,,
"US1ILDP0122","CLARENDON HILLS 0.5 NW, IL US","2020-06-24",,,,,,
"US1ILDP0122","CLARENDON HILLS 0.5 NW, IL US","2020-06-30",,,,,,
"US1ILDP0122","CLARENDON HILLS 0.5 NW, IL US","2020-07-01",,,,,,
"US1ILDP0122","CLARENDON HILLS 0.5 NW, IL US","2020-07-02",,,,,,
"US1ILDP0122","CLARENDON HILLS 0.5 NW, IL US","2020-07-06",,,,,,
"US1ILDP0122","CLARENDON HILLS 0.5 NW, IL US","2020-07-07",,,,,,
"US1ILDP0122","CLARENDON HILLS 0.5 NW, IL US","2020-07-08",,,,,,
"US1ILDP0122","CLARENDON HILLS 0.5 NW, IL US","2020-07-16",,,,,,
"US1ILDP0122","CLARENDON HILLS 0.5 NW, IL US","2020-08-10",,,,,,
"US1ILDP0122","CLARENDON HILLS 0.5 NW, IL US","2020-08-11",,,,,,
"US1ILDP0122","CLARENDON HILLS 0.5 NW, IL US","2020-08-16",,,,,,
"US1ILDP0122","CLARENDON HILLS 0.5 NW, IL US","2020-09-02",,,,,,
"US1ILDP0122","CLARENDON HILLS 0.5 NW, IL US","2020-09-06",,,,,,
"US1ILDP0122","CLARENDON HILLS 0.5 NW, IL US","2020-09-07",,,,,,
"US1ILDP0122","CLARENDON HILLS 0.5 NW, IL US","2020-09-08",,,,,,
"US1ILCK0032","CHICAGO 6.4 NNE, IL US","2019-10-02",,,,,,
"US1ILCK0032","CHICAGO 6.4 NNE, IL US","2019-10-03",,,,,,
"US1ILCK0032","CHICAGO 6.4 NNE, IL US","2019-10-27",,,,,,
"US1ILCK0032","CHICAGO 6.4 NNE, IL US","2020-03-10",,,,,,
"US1ILCK0032","CHICAGO 6.4 NNE, IL US","2020-03-19",,,,,,
"US1ILCK0032","CHICAGO 6.4 NNE, IL US","2020-03-23",,,,,,
"US1ILCK0032","CHICAGO 6.4 NNE, IL US","2020-03-28",,,,,,
"US1ILCK0032","CHICAGO 6.4 NNE, IL US","2020-04-07",,,,,,
"US1ILCK0032","CHICAGO 6.4 NNE, IL US","2020-04-23",,,,,,
"US1ILCK0032","CHICAGO 6.4 NNE, IL US","2020-04-26",,,,,,
"US1ILCK0032","CHICAGO 6.4 NNE, IL US","2020-04-29",,,,,,
"US1ILCK0032","CHICAGO 6.4 NNE, IL US","2020-04-30",,,,,,
"US1ILCK0032","CHICAGO 6.4 NNE, IL US","2020-05-14",,,,,,
"US1ILCK0032","CHICAGO 6.4 NNE, IL US","2020-05-15",,,,,,
"US1ILCK0032","CHICAGO 6.4 NNE, IL US","2020-05-16",,,,,,
"US1ILCK0032","CHICAGO 6.4 NNE, IL US","2020-05-17",,,,,,
"US1ILCK0032","CHICAGO 6.4 NNE, IL US","2020-05-18",,,,,,
"US1ILCK0032","CHICAGO 6.4 NNE, IL US","2020-05-24",,,,,,
"US1ILCK0032","CHICAGO 6.4 NNE, IL US","2020-05-27",,,,,,
"US1ILCK0032","CHICAGO 6.4 NNE, IL US","2020-05-29",,,,,,
"US1ILCK0032","CHICAGO 6.4 NNE, IL US","2020-06-05",,,,,,
"US1ILCK0032","CHICAGO 6.4 NNE, IL US","2020-06-10",,,,,,
"US1ILCK0032","CHICAGO 6.4 NNE, IL US","2020-06-21",,,,,,
"US1ILCK0032","CHICAGO 6.4 NNE, IL US","2020-06-23",,,,,,
"US1ILCK0032","CHICAGO 6.4 NNE, IL US","2020-06-24",,,,,,
"US1ILCK0032","CHICAGO 6.4 NNE, IL US","2020-06-27",,,,,,
"US1ILCK0032","CHICAGO 6.4 NNE, IL US","2020-06-30",,,,,,
"US1ILCK0032","CHICAGO 6.4 NNE, IL US","2020-07-08",,,,,,
"US1ILCK0032","CHICAGO 6.4 NNE, IL US","2020-07-10",,,,,,
"US1ILCK0032","CHICAGO 6.4 NNE, IL US","2020-07-16",,,,,,
"US1ILCK0032","CHICAGO 6.4 NNE, IL US","2020-07-20",,,,,,
"US1ILCK0032","CHICAGO 6.4 NNE, IL US","2020-08-10",,,,,,
"US1ILCK0032","CHICAGO 6.4 NNE, IL US","2020-08-28",,,,,,
"US1ILCK0032","CHICAGO 6.4 NNE, IL US","2020-09-02",,,,,,
"US1ILCK0032","CHICAGO 6.4 NNE, IL US","2020-09-06",,,,,,
"US1ILCK0032","CHICAGO 6.4 NNE, IL US","2020-09-08",,,,,,
"US1ILDP0141","GLEN ELLYN 1.1 WSW, IL US","2019-10-01",,,,,,
"US1ILDP0141","GLEN ELLYN 1.1 WSW, IL US","2019-10-02",,,,,,
"US1ILDP0141","GLEN ELLYN 1.1 WSW, IL US","2019-10-03",,,,,,
"US1ILDP0141","GLEN ELLYN 1.1 WSW, IL US","2019-10-04",,,,,,
"US1ILDP0141","GLEN ELLYN 1.1 WSW, IL US","2019-10-05",,,,,,
"US1ILDP0141","GLEN ELLYN 1.1 WSW, IL US","2019-10-06",,,,,,
"US1ILDP0141","GLEN ELLYN 1.1 WSW, IL US","2019-10-07",,,,,,
"US1ILDP0141","GLEN ELLYN 1.1 WSW, IL US","2019-10-08",,,,,,
"US1ILDP0141","GLEN ELLYN 1.1 WSW, IL US","2019-10-09",,,,,,
"US1ILDP0141","GLEN ELLYN 1.1 WSW, IL US","2019-10-10",,,,,,
"US1ILDP0141","GLEN ELLYN 1.1 WSW, IL US","2019-10-11",,,,,,
"US1ILDP0141","GLEN ELLYN 1.1 WSW, IL US","2019-10-12",,,,,,
"US1ILDP0141","GLEN ELLYN 1.1 WSW, IL US","2019-10-13",,,,,,
"US1ILDP0141","GLEN ELLYN 1.1 WSW, IL US","2019-10-14",,,,,,
"US1ILDP0141","GLEN ELLYN 1.1 WSW, IL US","2019-10-15",,,,,,
"US1ILDP0141","GLEN ELLYN 1.1 WSW, IL US","2019-10-16",,,,,,
"US1ILDP0141","GLEN ELLYN 1.1 WSW, IL US","2019-10-17",,,,,,
"US1ILDP0141","GLEN ELLYN 1.1 WSW, IL US","2019-10-18",,,,,,
"US1ILDP0141","GLEN ELLYN 1.1 WSW, IL US","2019-10-19",,,,,,
"US1ILDP0141","GLEN ELLYN 1.1 WSW, IL US","2019-10-20",,,,,,
"US1ILDP0141","GLEN ELLYN 1.1 WSW, IL US","2019-10-21",,,,,,
"US1ILDP0141","GLEN ELLYN 1.1 WSW, IL US","2019-10-22",,,,,,
"US1ILDP0141","GLEN ELLYN 1.1 WSW, IL US","2019-10-23",,,,,,
"US1ILDP0141","GLEN ELLYN 1.1 WSW, IL US","2019-10-24",,,,,,
"US1ILDP0141","GLEN ELLYN 1.1 WSW, IL US","2019-10-25",,,,,,
"US1ILDP0141","GLEN ELLYN 1.1 WSW, IL US","2019-10-26",,,,,,
"US1ILDP0141","GLEN ELLYN 1.1 WSW, IL US","2019-10-27",,,,,,
"US1ILDP0141","GLEN ELLYN 1.1 WSW, IL US","2019-10-28",,,,,,
"US1ILDP0141","GLEN ELLYN 1.1 WSW, IL US","2019-10-29",,,,,,
"US1ILDP0141","GLEN ELLYN 1.1 WSW, IL US","2019-10-30",,,,,,
"US1ILDP0141","GLEN ELLYN 1.1 WSW, IL US","2019-10-31",,,,,,
"US1ILDP0141","GLEN ELLYN 1.1 WSW, IL US","2019-11-01",,,,,,
"US1ILDP0141","GLEN ELLYN 1.1 WSW, IL US","2019-11-02",,,,,,
"US1ILDP0141","GLEN ELLYN 1.1 WSW, IL US","2019-11-03",,,,,,
"US1ILDP0141","GLEN ELLYN 1.1 WSW, IL US","2019-11-04",,,,,,
"US1ILDP0141","GLEN ELLYN 1.1 WSW, IL US","2019-11-05",,,,,,
"US1ILDP0141","GLEN ELLYN 1.1 WSW, IL US","2019-11-06",,,,,,
"US1ILDP0141","GLEN ELLYN 1.1 WSW, IL US","2019-11-07",,,,,,
"US1ILDP0141","GLEN ELLYN 1.1 WSW, IL US","2019-11-08",,,,,,
"US1ILDP0141","GLEN ELLYN 1.1 WSW, IL US","2019-11-09",,,,,,
"US1ILDP0141","GLEN ELLYN 1.1 WSW, IL US","2019-11-10",,,,,,
"US1ILDP0141","GLEN ELLYN 1.1 WSW, IL US","2019-11-11",,,,,,
"US1ILDP0141","GLEN ELLYN 1.1 WSW, IL US","2019-11-12",,,,,,
"US1ILDP0141","GLEN ELLYN 1.1 WSW, IL US","2019-11-13",,,,,,
"US1ILDP0141","GLEN ELLYN 1.1 WSW, IL US","2019-11-14",,,,,,
"US1ILDP0141","GLEN ELLYN 1.1 WSW, IL US","2019-11-15",,,,,,
"US1ILDP0141","GLEN ELLYN 1.1 WSW, IL US","2019-11-16",,,,,,
"US1ILDP0141","GLEN ELLYN 1.1 WSW, IL US","2019-11-17",,,,,,
"US1ILDP0141","GLEN ELLYN 1.1 WSW, IL US","2019-11-18",,,,,,
"US1ILDP0141","GLEN ELLYN 1.1 WSW, IL US","2019-11-19",,,,,,
"US1ILDP0141","GLEN ELLYN 1.1 WSW, IL US","2019-11-20",,,,,,
"US1ILDP0141","GLEN ELLYN 1.1 WSW, IL US","2019-11-21",,,,,,
"US1ILDP0141","GLEN ELLYN 1.1 WSW, IL US","2019-11-22",,,,,,
"US1ILDP0141","GLEN ELLYN 1.1 WSW, IL US","2019-11-23",,,,,,
"US1ILDP0141","GLEN ELLYN 1.1 WSW, IL US","2019-11-24",,,,,,
"US1ILDP0141","GLEN ELLYN 1.1 WSW, IL US","2019-11-25",,,,,,
"US1ILDP0141","GLEN ELLYN 1.1 WSW, IL US","2019-11-26",,,,,,
"US1ILDP0141","GLEN ELLYN 1.1 WSW, IL US","2019-11-27",,,,,,
"US1ILDP0141","GLEN ELLYN 1.1 WSW, IL US","2019-11-30",,,,,,
"US1ILDP0141","GLEN ELLYN 1.1 WSW, IL US","2019-12-01",,,,,,
"US1ILDP0141","GLEN ELLYN 1.1 WSW, IL US","2019-12-02",,,,,,
"US1ILDP0141","GLEN ELLYN 1.1 WSW, IL US","2019-12-03",,,,,,
"US1ILDP0141","GLEN ELLYN 1.1 WSW, IL US","2019-12-04",,,,,,
"US1ILDP0141","GLEN ELLYN 1.1 WSW, IL US","2019-12-05",,,,,,
"US1ILDP0141","GLEN ELLYN 1.1 WSW, IL US","2019-12-06",,,,,,
"US1ILDP0141","GLEN ELLYN 1.1 WSW, IL US","2019-12-07",,,,,,
"US1ILDP0141","GLEN ELLYN 1.1 WSW, IL US","2019-12-08",,,,,,
"US1ILDP0141","GLEN ELLYN 1.1 WSW, IL US","2019-12-09",,,,,,
"US1ILDP0141","GLEN ELLYN 1.1 WSW, IL US","2019-12-10",,,,,,
"US1ILDP0141","GLEN ELLYN 1.1 WSW, IL US","2019-12-11",,,,,,
"US1ILDP0141","GLEN ELLYN 1.1 WSW, IL US","2019-12-12",,,,,,
"US1ILDP0141","GLEN ELLYN 1.1 WSW, IL US","2019-12-13",,,,,,
"US1ILDP0141","GLEN ELLYN 1.1 WSW, IL US","2019-12-14",,,,,,
"US1ILDP0141","GLEN ELLYN 1.1 WSW, IL US","2019-12-15",,,,,,
"US1ILDP0141","GLEN ELLYN 1.1 WSW, IL US","2019-12-16",,,,,,
"US1ILDP0141","GLEN ELLYN 1.1 WSW, IL US","2019-12-17",,,,,,
"US1ILDP0141","GLEN ELLYN 1.1 WSW, IL US","2019-12-18",,,,,,
"US1ILDP0141","GLEN ELLYN 1.1 WSW, IL US","2019-12-19",,,,,,
"US1ILDP0141","GLEN ELLYN 1.1 WSW, IL US","2019-12-20",,,,,,
"US1ILDP0141","GLEN ELLYN 1.1 WSW, IL US","2019-12-21",,,,,,
"US1ILDP0141","GLEN ELLYN 1.1 WSW, IL US","2019-12-22",,,,,,
"US1ILDP0141","GLEN ELLYN 1.1 WSW, IL US","2019-12-23",,,,,,
"US1ILDP0141","GLEN ELLYN 1.1 WSW, IL US","2019-12-24",,,,,,
"US1ILDP0141","GLEN ELLYN 1.1 WSW, IL US","2019-12-25",,,,,,
"US1ILDP0141","GLEN ELLYN 1.1 WSW, IL US","2019-12-26",,,,,,
"US1ILDP0141","GLEN ELLYN 1.1 WSW, IL US","2019-12-27",,,,,,
"US1ILDP0141","GLEN ELLYN 1.1 WSW, IL US","2019-12-30",,,,,,
"US1ILDP0141","GLEN ELLYN 1.1 WSW, IL US","2019-12-31",,,,,,
"US1ILDP0141","GLEN ELLYN 1.1 WSW, IL US","2020-01-01",,,,,,
"US1ILDP0141","GLEN ELLYN 1.1 WSW, IL US","2020-01-02",,,,,,
"US1ILDP0141","GLEN ELLYN 1.1 WSW, IL US","2020-01-03",,,,,,
"US1ILDP0141","GLEN ELLYN 1.1 WSW, IL US","2020-01-04",,,,,,
"US1ILDP0141","GLEN ELLYN 1.1 WSW, IL US","2020-01-05",,,,,,
"US1ILDP0141","GLEN ELLYN 1.1 WSW, IL US","2020-01-06",,,,,,
"US1ILDP0141","GLEN ELLYN 1.1 WSW, IL US","2020-01-07",,,,,,
"US1ILDP0141","GLEN ELLYN 1.1 WSW, IL US","2020-01-08",,,,,,
"US1ILDP0141","GLEN ELLYN 1.1 WSW, IL US","2020-01-09",,,,,,
"US1ILDP0141","GLEN ELLYN 1.1 WSW, IL US","2020-01-10",,,,,,
"US1ILDP0141","GLEN ELLYN 1.1 WSW, IL US","2020-01-11",,,,,,
"US1ILDP0141","GLEN ELLYN 1.1 WSW, IL US","2020-01-12",,,,,,
"US1ILDP0141","GLEN ELLYN 1.1 WSW, IL US","2020-01-13",,,,,,
"US1ILDP0141","GLEN ELLYN 1.1 WSW, IL US","2020-01-14",,,,,,
"US1ILDP0141","GLEN ELLYN 1.1 WSW, IL US","2020-01-15",,,,,,
"US1ILDP0141","GLEN ELLYN 1.1 WSW, IL US","2020-01-16",,,,,,
"US1ILDP0141","GLEN ELLYN 1.1 WSW, IL US","2020-01-17",,,,,,
"US1ILDP0141","GLEN ELLYN 1.1 WSW, IL US","2020-01-18",,,,,,
"US1ILDP0141","GLEN ELLYN 1.1 WSW, IL US","2020-01-19",,,,,,
"US1ILDP0141","GLEN ELLYN 1.1 WSW, IL US","2020-01-20",,,,,,
"US1ILDP0141","GLEN ELLYN 1.1 WSW, IL US","2020-01-21",,,,,,
"US1ILDP0141","GLEN ELLYN 1.1 WSW, IL US","2020-01-22",,,,,,
"US1ILDP0141","GLEN ELLYN 1.1 WSW, IL US","2020-01-23",,,,,,
"US1ILDP0141","GLEN ELLYN 1.1 WSW, IL US","2020-01-24",,,,,,
"US1ILDP0141","GLEN ELLYN 1.1 WSW, IL US","2020-01-25",,,,,,
"US1ILDP0141","GLEN ELLYN 1.1 WSW, IL US","2020-01-26",,,,,,
"US1ILDP0141","GLEN ELLYN 1.1 WSW, IL US","2020-01-27",,,,,,
"US1ILDP0141","GLEN ELLYN 1.1 WSW, IL US","2020-01-28",,,,,,
"US1ILDP0141","GLEN ELLYN 1.1 WSW, IL US","2020-01-29",,,,,,
"US1ILDP0141","GLEN ELLYN 1.1 WSW, IL US","2020-01-30",,,,,,
"US1ILDP0141","GLEN ELLYN 1.1 WSW, IL US","2020-01-31",,,,,,
"US1ILDP0141","GLEN ELLYN 1.1 WSW, IL US","2020-02-01",,,,,,
"US1ILDP0141","GLEN ELLYN 1.1 WSW, IL US","2020-02-02",,,,,,
"US1ILDP0141","GLEN ELLYN 1.1 WSW, IL US","2020-02-03",,,,,,
"US1ILDP0141","GLEN ELLYN 1.1 WSW, IL US","2020-02-04",,,,,,
"US1ILDP0141","GLEN ELLYN 1.1 WSW, IL US","2020-02-05",,,,,,
"US1ILDP0141","GLEN ELLYN 1.1 WSW, IL US","2020-02-06",,,,,,
"US1ILDP0141","GLEN ELLYN 1.1 WSW, IL US","2020-02-07",,,,,,
"US1ILDP0141","GLEN ELLYN 1.1 WSW, IL US","2020-02-08",,,,,,
"US1ILDP0141","GLEN ELLYN 1.1 WSW, IL US","2020-02-09",,,,,,
"US1ILDP0141","GLEN ELLYN 1.1 WSW, IL US","2020-02-10",,,,,,
"US1ILDP0141","GLEN ELLYN 1.1 WSW, IL US","2020-02-11",,,,,,
"US1ILDP0141","GLEN ELLYN 1.1 WSW, IL US","2020-02-12",,,,,,
"US1ILDP0141","GLEN ELLYN 1.1 WSW, IL US","2020-02-13",,,,,,
"US1ILDP0141","GLEN ELLYN 1.1 WSW, IL US","2020-02-14",,,,,,
"US1ILDP0141","GLEN ELLYN 1.1 WSW, IL US","2020-02-15",,,,,,
"US1ILDP0141","GLEN ELLYN 1.1 WSW, IL US","2020-02-16",,,,,,
"US1ILDP0141","GLEN ELLYN 1.1 WSW, IL US","2020-02-17",,,,,,
"US1ILDP0141","GLEN ELLYN 1.1 WSW, IL US","2020-02-18",,,,,,
"US1ILDP0141","GLEN ELLYN 1.1 WSW, IL US","2020-02-19",,,,,,
"US1ILDP0141","GLEN ELLYN 1.1 WSW, IL US","2020-02-20",,,,,,
"US1ILDP0141","GLEN ELLYN 1.1 WSW, IL US","2020-02-21",,,,,,
"US1ILDP0141","GLEN ELLYN 1.1 WSW, IL US","2020-02-22",,,,,,
"US1ILDP0141","GLEN ELLYN 1.1 WSW, IL US","2020-02-23",,,,,,
"US1ILDP0141","GLEN ELLYN 1.1 WSW, IL US","2020-02-24",,,,,,
"US1ILDP0141","GLEN ELLYN 1.1 WSW, IL US","2020-02-25",,,,,,
"US1ILDP0141","GLEN ELLYN 1.1 WSW, IL US","2020-02-26",,,,,,
"US1ILDP0141","GLEN ELLYN 1.1 WSW, IL US","2020-02-27",,,,,,
"US1ILDP0141","GLEN ELLYN 1.1 WSW, IL US","2020-02-28",,,,,,
"US1ILDP0141","GLEN ELLYN 1.1 WSW, IL US","2020-02-29",,,,,,
"US1ILDP0141","GLEN ELLYN 1.1 WSW, IL US","2020-03-01",,,,,,
"US1ILDP0141","GLEN ELLYN 1.1 WSW, IL US","2020-03-02",,,,,,
"US1ILDP0141","GLEN ELLYN 1.1 WSW, IL US","2020-03-03",,,,,,
"US1ILDP0141","GLEN ELLYN 1.1 WSW, IL US","2020-03-04",,,,,,
"US1ILDP0141","GLEN ELLYN 1.1 WSW, IL US","2020-03-05",,,,,,
"US1ILDP0141","GLEN ELLYN 1.1 WSW, IL US","2020-03-06",,,,,,
"US1ILDP0141","GLEN ELLYN 1.1 WSW, IL US","2020-03-07",,,,,,
"US1ILDP0141","GLEN ELLYN 1.1 WSW, IL US","2020-03-08",,,,,,
"US1ILDP0141","GLEN ELLYN 1.1 WSW, IL US","2020-03-09",,,,,,
"US1ILDP0141","GLEN ELLYN 1.1 WSW, IL US","2020-03-10",,,,,,
"US1ILDP0141","GLEN ELLYN 1.1 WSW, IL US","2020-03-11",,,,,,
"US1ILDP0141","GLEN ELLYN 1.1 WSW, IL US","2020-03-12",,,,,,
"US1ILDP0141","GLEN ELLYN 1.1 WSW, IL US","2020-03-13",,,,,,
"US1ILDP0141","GLEN ELLYN 1.1 WSW, IL US","2020-03-14",,,,,,
"US1ILDP0141","GLEN ELLYN 1.1 WSW, IL US","2020-03-15",,,,,,
"US1ILDP0141","GLEN ELLYN 1.1 WSW, IL US","2020-03-16",,,,,,
"US1ILDP0141","GLEN ELLYN 1.1 WSW, IL US","2020-03-17",,,,,,
"US1ILDP0141","GLEN ELLYN 1.1 WSW, IL US","2020-03-18",,,,,,
"US1ILDP0141","GLEN ELLYN 1.1 WSW, IL US","2020-03-19",,,,,,
"US1ILDP0141","GLEN ELLYN 1.1 WSW, IL US","2020-03-20",,,,,,
"US1ILDP0141","GLEN ELLYN 1.1 WSW, IL US","2020-03-21",,,,,,
"US1ILDP0141","GLEN ELLYN 1.1 WSW, IL US","2020-03-22",,,,,,
"US1ILDP0141","GLEN ELLYN 1.1 WSW, IL US","2020-03-23",,,,,,
"US1ILDP0141","GLEN ELLYN 1.1 WSW, IL US","2020-03-24",,,,,,
"US1ILDP0141","GLEN ELLYN 1.1 WSW, IL US","2020-03-25",,,,,,
"US1ILDP0141","GLEN ELLYN 1.1 WSW, IL US","2020-03-26",,,,,,
"US1ILDP0141","GLEN ELLYN 1.1 WSW, IL US","2020-03-27",,,,,,
"US1ILDP0141","GLEN ELLYN 1.1 WSW, IL US","2020-03-28",,,,,,
"US1ILDP0141","GLEN ELLYN 1.1 WSW, IL US","2020-03-29",,,,,,
"US1ILDP0141","GLEN ELLYN 1.1 WSW, IL US","2020-03-30",,,,,,
"US1ILDP0141","GLEN ELLYN 1.1 WSW, IL US","2020-03-31",,,,,,
"US1ILDP0141","GLEN ELLYN 1.1 WSW, IL US","2020-04-01",,,,,,
"US1ILDP0141","GLEN ELLYN 1.1 WSW, IL US","2020-04-02",,,,,,
"US1ILDP0141","GLEN ELLYN 1.1 WSW, IL US","2020-04-03",,,,,,
"US1ILDP0141","GLEN ELLYN 1.1 WSW, IL US","2020-04-04",,,,,,
"US1ILDP0141","GLEN ELLYN 1.1 WSW, IL US","2020-04-05",,,,,,
"US1ILDP0141","GLEN ELLYN 1.1 WSW, IL US","2020-04-06",,,,,,
"US1ILDP0141","GLEN ELLYN 1.1 WSW, IL US","2020-04-07",,,,,,
"US1ILDP0141","GLEN ELLYN 1.1 WSW, IL US","2020-04-08",,,,,,
"US1ILDP0141","GLEN ELLYN 1.1 WSW, IL US","2020-04-09",,,,,,
"US1ILDP0141","GLEN ELLYN 1.1 WSW, IL US","2020-04-10",,,,,,
"US1ILDP0141","GLEN ELLYN 1.1 WSW, IL US","2020-04-11",,,,,,
"US1ILDP0141","GLEN ELLYN 1.1 WSW, IL US","2020-04-12",,,,,,
"US1ILDP0141","GLEN ELLYN 1.1 WSW, IL US","2020-04-13",,,,,,
"US1ILDP0141","GLEN ELLYN 1.1 WSW, IL US","2020-04-14",,,,,,
"US1ILDP0141","GLEN ELLYN 1.1 WSW, IL US","2020-04-15",,,,,,
"US1ILDP0141","GLEN ELLYN 1.1 WSW, IL US","2020-04-16",,,,,,
"US1ILDP0141","GLEN ELLYN 1.1 WSW, IL US","2020-04-17",,,,,,
"US1ILDP0141","GLEN ELLYN 1.1 WSW, IL US","2020-04-18",,,,,,
"US1ILDP0141","GLEN ELLYN 1.1 WSW, IL US","2020-04-19",,,,,,
"US1ILDP0141","GLEN ELLYN 1.1 WSW, IL US","2020-04-20",,,,,,
"US1ILDP0141","GLEN ELLYN 1.1 WSW, IL US","2020-04-21",,,,,,
"US1ILDP0141","GLEN ELLYN 1.1 WSW, IL US","2020-04-22",,,,,,
"US1ILDP0141","GLEN ELLYN 1.1 WSW, IL US","2020-04-23",,,,,,
"US1ILDP0141","GLEN ELLYN 1.1 WSW, IL US","2020-04-24",,,,,,
"US1ILDP0141","GLEN ELLYN 1.1 WSW, IL US","2020-04-25",,,,,,
"US1ILDP0141","GLEN ELLYN 1.1 WSW, IL US","2020-04-26",,,,,,
"US1ILDP0141","GLEN ELLYN 1.1 WSW, IL US","2020-04-27",,,,,,
"US1ILDP0141","GLEN ELLYN 1.1 WSW, IL US","2020-04-28",,,,,,
"US1ILDP0141","GLEN ELLYN 1.1 WSW, IL US","2020-04-29",,,,,,
"US1ILDP0141","GLEN ELLYN 1.1 WSW, IL US","2020-04-30",,,,,,
"US1ILDP0141","GLEN ELLYN 1.1 WSW, IL US","2020-05-01",,,,,,
"US1ILDP0141","GLEN ELLYN 1.1 WSW, IL US","2020-05-02",,,,,,
"US1ILDP0141","GLEN ELLYN 1.1 WSW, IL US","2020-05-03",,,,,,
"US1ILDP0141","GLEN ELLYN 1.1 WSW, IL US","2020-05-04",,,,,,
"US1ILDP0141","GLEN ELLYN 1.1 WSW, IL US","2020-05-05",,,,,,
"US1ILDP0141","GLEN ELLYN 1.1 WSW, IL US","2020-05-06",,,,,,
"US1ILDP0141","GLEN ELLYN 1.1 WSW, IL US","2020-05-07",,,,,,
"US1ILDP0141","GLEN ELLYN 1.1 WSW, IL US","2020-05-08",,,,,,
"US1ILDP0141","GLEN ELLYN 1.1 WSW, IL US","2020-05-09",,,,,,
"US1ILDP0141","GLEN ELLYN 1.1 WSW, IL US","2020-05-10",,,,,,
"US1ILDP0141","GLEN ELLYN 1.1 WSW, IL US","2020-05-11",,,,,,
"US1ILDP0141","GLEN ELLYN 1.1 WSW, IL US","2020-05-12",,,,,,
"US1ILDP0141","GLEN ELLYN 1.1 WSW, IL US","2020-05-13",,,,,,
"US1ILDP0141","GLEN ELLYN 1.1 WSW, IL US","2020-05-14",,,,,,
"US1ILDP0141","GLEN ELLYN 1.1 WSW, IL US","2020-05-15",,,,,,
"US1ILDP0141","GLEN ELLYN 1.1 WSW, IL US","2020-05-16",,,,,,
"US1ILDP0141","GLEN ELLYN 1.1 WSW, IL US","2020-05-17",,,,,,
"US1ILDP0141","GLEN ELLYN 1.1 WSW, IL US","2020-05-18",,,,,,
"US1ILDP0141","GLEN ELLYN 1.1 WSW, IL US","2020-05-19",,,,,,
"US1ILDP0141","GLEN ELLYN 1.1 WSW, IL US","2020-05-20",,,,,,
"US1ILDP0141","GLEN ELLYN 1.1 WSW, IL US","2020-05-21",,,,,,
"US1ILDP0141","GLEN ELLYN 1.1 WSW, IL US","2020-05-22",,,,,,
"US1ILDP0141","GLEN ELLYN 1.1 WSW, IL US","2020-05-23",,,,,,
"US1ILDP0141","GLEN ELLYN 1.1 WSW, IL US","2020-05-24",,,,,,
"US1ILDP0141","GLEN ELLYN 1.1 WSW, IL US","2020-05-25",,,,,,
"US1ILDP0141","GLEN ELLYN 1.1 WSW, IL US","2020-05-26",,,,,,
"US1ILDP0141","GLEN ELLYN 1.1 WSW, IL US","2020-05-27",,,,,,
"US1ILDP0141","GLEN ELLYN 1.1 WSW, IL US","2020-05-28",,,,,,
"US1ILDP0141","GLEN ELLYN 1.1 WSW, IL US","2020-05-29",,,,,,
"US1ILDP0141","GLEN ELLYN 1.1 WSW, IL US","2020-05-30",,,,,,
"US1ILDP0141","GLEN ELLYN 1.1 WSW, IL US","2020-05-31",,,,,,
"US1ILDP0141","GLEN ELLYN 1.1 WSW, IL US","2020-06-01",,,,,,
"US1ILDP0141","GLEN ELLYN 1.1 WSW, IL US","2020-06-02",,,,,,
"US1ILDP0141","GLEN ELLYN 1.1 WSW, IL US","2020-06-03",,,,,,
"US1ILDP0141","GLEN ELLYN 1.1 WSW, IL US","2020-06-04",,,,,,
"US1ILDP0141","GLEN ELLYN 1.1 WSW, IL US","2020-06-05",,,,,,
"US1ILDP0141","GLEN ELLYN 1.1 WSW, IL US","2020-06-06",,,,,,
"US1ILDP0141","GLEN ELLYN 1.1 WSW, IL US","2020-06-07",,,,,,
"US1ILDP0141","GLEN ELLYN 1.1 WSW, IL US","2020-06-08",,,,,,
"US1ILDP0141","GLEN ELLYN 1.1 WSW, IL US","2020-06-09",,,,,,
"US1ILDP0141","GLEN ELLYN 1.1 WSW, IL US","2020-06-10",,,,,,
"US1ILDP0141","GLEN ELLYN 1.1 WSW, IL US","2020-06-11",,,,,,
"US1ILDP0141","GLEN ELLYN 1.1 WSW, IL US","2020-06-12",,,,,,
"US1ILDP0141","GLEN ELLYN 1.1 WSW, IL US","2020-06-13",,,,,,
"US1ILDP0141","GLEN ELLYN 1.1 WSW, IL US","2020-06-14",,,,,,
"US1ILDP0141","GLEN ELLYN 1.1 WSW, IL US","2020-06-15",,,,,,
"US1ILDP0141","GLEN ELLYN 1.1 WSW, IL US","2020-06-16",,,,,,
"US1ILDP0141","GLEN ELLYN 1.1 WSW, IL US","2020-06-17",,,,,,
"US1ILDP0141","GLEN ELLYN 1.1 WSW, IL US","2020-06-18",,,,,,
"US1ILDP0141","GLEN ELLYN 1.1 WSW, IL US","2020-06-19",,,,,,
"US1ILDP0141","GLEN ELLYN 1.1 WSW, IL US","2020-06-20",,,,,,
"US1ILDP0141","GLEN ELLYN 1.1 WSW, IL US","2020-06-21",,,,,,
"US1ILDP0141","GLEN ELLYN 1.1 WSW, IL US","2020-06-22",,,,,,
"US1ILDP0141","GLEN ELLYN 1.1 WSW, IL US","2020-06-23",,,,,,
"US1ILDP0141","GLEN ELLYN 1.1 WSW, IL US","2020-06-24",,,,,,
"US1ILDP0141","GLEN ELLYN 1.1 WSW, IL US","2020-06-25",,,,,,
"US1ILDP0141","GLEN ELLYN 1.1 WSW, IL US","2020-06-26",,,,,,
"US1ILDP0141","GLEN ELLYN 1.1 WSW, IL US","2020-06-27",,,,,,
"US1ILDP0141","GLEN ELLYN 1.1 WSW, IL US","2020-06-28",,,,,,
"US1ILDP0141","GLEN ELLYN 1.1 WSW, IL US","2020-06-29",,,,,,
"US1ILDP0141","GLEN ELLYN 1.1 WSW, IL US","2020-06-30",,,,,,
"US1ILDP0141","GLEN ELLYN 1.1 WSW, IL US","2020-07-01",,,,,,
"US1ILDP0141","GLEN ELLYN 1.1 WSW, IL US","2020-07-02",,,,,,
"US1ILDP0141","GLEN ELLYN 1.1 WSW, IL US","2020-07-03",,,,,,
"US1ILDP0141","GLEN ELLYN 1.1 WSW, IL US","2020-07-04",,,,,,
"US1ILDP0141","GLEN ELLYN 1.1 WSW, IL US","2020-07-05",,,,,,
"US1ILDP0141","GLEN ELLYN 1.1 WSW, IL US","2020-07-06",,,,,,
"US1ILDP0141","GLEN ELLYN 1.1 WSW, IL US","2020-07-07",,,,,,
"US1ILDP0141","GLEN ELLYN 1.1 WSW, IL US","2020-07-08",,,,,,
"US1ILDP0141","GLEN ELLYN 1.1 WSW, IL US","2020-07-09",,,,,,
"US1ILDP0141","GLEN ELLYN 1.1 WSW, IL US","2020-07-10",,,,,,
"US1ILDP0141","GLEN ELLYN 1.1 WSW, IL US","2020-07-11",,,,,,
"US1ILDP0141","GLEN ELLYN 1.1 WSW, IL US","2020-07-12",,,,,,
"US1ILDP0141","GLEN ELLYN 1.1 WSW, IL US","2020-07-13",,,,,,
"US1ILDP0141","GLEN ELLYN 1.1 WSW, IL US","2020-07-14",,,,,,
"US1ILDP0141","GLEN ELLYN 1.1 WSW, IL US","2020-07-15",,,,,,
"US1ILDP0141","GLEN ELLYN 1.1 WSW, IL US","2020-07-16",,,,,,
"US1ILDP0141","GLEN ELLYN 1.1 WSW, IL US","2020-07-17",,,,,,
"US1ILDP0141","GLEN ELLYN 1.1 WSW, IL US","2020-07-18",,,,,,
"US1ILDP0141","GLEN ELLYN 1.1 WSW, IL US","2020-07-19",,,,,,
"US1ILDP0141","GLEN ELLYN 1.1 WSW, IL US","2020-07-20",,,,,,
"US1ILDP0141","GLEN ELLYN 1.1 WSW, IL US","2020-07-21",,,,,,
"US1ILDP0141","GLEN ELLYN 1.1 WSW, IL US","2020-07-22",,,,,,
"US1ILDP0141","GLEN ELLYN 1.1 WSW, IL US","2020-07-23",,,,,,
"US1ILDP0141","GLEN ELLYN 1.1 WSW, IL US","2020-07-24",,,,,,
"US1ILDP0141","GLEN ELLYN 1.1 WSW, IL US","2020-07-25",,,,,,
"US1ILDP0141","GLEN ELLYN 1.1 WSW, IL US","2020-07-26",,,,,,
"US1ILDP0141","GLEN ELLYN 1.1 WSW, IL US","2020-07-27",,,,,,
"US1ILDP0141","GLEN ELLYN 1.1 WSW, IL US","2020-07-28",,,,,,
"US1ILDP0141","GLEN ELLYN 1.1 WSW, IL US","2020-07-29",,,,,,
"US1ILDP0141","GLEN ELLYN 1.1 WSW, IL US","2020-07-31",,,,,,
"US1ILDP0141","GLEN ELLYN 1.1 WSW, IL US","2020-08-01",,,,,,
"US1ILDP0141","GLEN ELLYN 1.1 WSW, IL US","2020-08-02",,,,,,
"US1ILDP0141","GLEN ELLYN 1.1 WSW, IL US","2020-08-03",,,,,,
"US1ILDP0141","GLEN ELLYN 1.1 WSW, IL US","2020-08-04",,,,,,
"US1ILDP0141","GLEN ELLYN 1.1 WSW, IL US","2020-08-05",,,,,,
"US1ILDP0141","GLEN ELLYN 1.1 WSW, IL US","2020-08-06",,,,,,
"US1ILDP0141","GLEN ELLYN 1.1 WSW, IL US","2020-08-07",,,,,,
"US1ILDP0141","GLEN ELLYN 1.1 WSW, IL US","2020-08-08",,,,,,
"US1ILDP0141","GLEN ELLYN 1.1 WSW, IL US","2020-08-09",,,,,,
"US1ILDP0141","GLEN ELLYN 1.1 WSW, IL US","2020-08-10",,,,,,
"US1ILDP0141","GLEN ELLYN 1.1 WSW, IL US","2020-08-11",,,,,,
"US1ILDP0141","GLEN ELLYN 1.1 WSW, IL US","2020-08-12",,,,,,
"US1ILDP0141","GLEN ELLYN 1.1 WSW, IL US","2020-08-13",,,,,,
"US1ILDP0141","GLEN ELLYN 1.1 WSW, IL US","2020-08-14",,,,,,
"US1ILDP0141","GLEN ELLYN 1.1 WSW, IL US","2020-08-15",,,,,,
"US1ILDP0141","GLEN ELLYN 1.1 WSW, IL US","2020-08-16",,,,,,
"US1ILDP0141","GLEN ELLYN 1.1 WSW, IL US","2020-08-17",,,,,,
"US1ILDP0141","GLEN ELLYN 1.1 WSW, IL US","2020-08-18",,,,,,
"US1ILDP0141","GLEN ELLYN 1.1 WSW, IL US","2020-08-19",,,,,,
"US1ILDP0141","GLEN ELLYN 1.1 WSW, IL US","2020-08-20",,,,,,
"US1ILDP0141","GLEN ELLYN 1.1 WSW, IL US","2020-08-21",,,,,,
"US1ILDP0141","GLEN ELLYN 1.1 WSW, IL US","2020-08-22",,,,,,
"US1ILDP0141","GLEN ELLYN 1.1 WSW, IL US","2020-08-23",,,,,,
"US1ILDP0141","GLEN ELLYN 1.1 WSW, IL US","2020-08-24",,,,,,
"US1ILDP0141","GLEN ELLYN 1.1 WSW, IL US","2020-08-25",,,,,,
"US1ILDP0141","GLEN ELLYN 1.1 WSW, IL US","2020-08-26",,,,,,
"US1ILDP0141","GLEN ELLYN 1.1 WSW, IL US","2020-08-27",,,,,,
"US1ILDP0141","GLEN ELLYN 1.1 WSW, IL US","2020-08-28",,,,,,
"US1ILDP0141","GLEN ELLYN 1.1 WSW, IL US","2020-08-29",,,,,,
"US1ILDP0141","GLEN ELLYN 1.1 WSW, IL US","2020-08-30",,,,,,
"US1ILDP0141","GLEN ELLYN 1.1 WSW, IL US","2020-08-31",,,,,,
"US1ILDP0141","GLEN ELLYN 1.1 WSW, IL US","2020-09-01",,,,,,
"US1ILDP0141","GLEN ELLYN 1.1 WSW, IL US","2020-09-02",,,,,,
"US1ILDP0141","GLEN ELLYN 1.1 WSW, IL US","2020-09-03",,,,,,
"US1ILDP0141","GLEN ELLYN 1.1 WSW, IL US","2020-09-04",,,,,,
"US1ILDP0141","GLEN ELLYN 1.1 WSW, IL US","2020-09-05",,,,,,
"US1ILDP0141","GLEN ELLYN 1.1 WSW, IL US","2020-09-06",,,,,,
"US1ILDP0141","GLEN ELLYN 1.1 WSW, IL US","2020-09-07",,,,,,
"US1ILDP0141","GLEN ELLYN 1.1 WSW, IL US","2020-09-08",,,,,,
"USC00111550","CHICAGO NORTHERLY ISLAND, IL US","2019-10-01",,,,,,
"USC00111550","CHICAGO NORTHERLY ISLAND, IL US","2019-10-02",,,,,,
"USC00111550","CHICAGO NORTHERLY ISLAND, IL US","2019-10-03",,,,,,
"USC00111550","CHICAGO NORTHERLY ISLAND, IL US","2019-10-04",,,,,,
"USC00111550","CHICAGO NORTHERLY ISLAND, IL US","2019-10-05",,,,,,
"USC00111550","CHICAGO NORTHERLY ISLAND, IL US","2019-10-06",,,,,,
"USC00111550","CHICAGO NORTHERLY ISLAND, IL US","2019-10-07",,,,,,
"USC00111550","CHICAGO NORTHERLY ISLAND, IL US","2019-10-08",,,,,,
"USC00111550","CHICAGO NORTHERLY ISLAND, IL US","2019-10-09",,,,,,
"USC00111550","CHICAGO NORTHERLY ISLAND, IL US","2019-10-10",,,,,,
"USC00111550","CHICAGO NORTHERLY ISLAND, IL US","2019-10-11",,,,,,
"USC00111550","CHICAGO NORTHERLY ISLAND, IL US","2019-10-12",,,,,,
"USC00111550","CHICAGO NORTHERLY ISLAND, IL US","2019-10-13",,,,,,
"USC00111550","CHICAGO NORTHERLY ISLAND, IL US","2019-10-14",,,,,,
"USC00111550","CHICAGO NORTHERLY ISLAND, IL US","2019-10-15",,,,,,
"USC00111550","CHICAGO NORTHERLY ISLAND, IL US","2019-10-16",,,,,,
"USC00111550","CHICAGO NORTHERLY ISLAND, IL US","2019-10-17",,,,,,
"USC00111550","CHICAGO NORTHERLY ISLAND, IL US","2019-10-18",,,,,,
"USC00111550","CHICAGO NORTHERLY ISLAND, IL US","2019-10-19",,,,,,
"USC00111550","CHICAGO NORTHERLY ISLAND, IL US","2019-10-20",,,,,,
"USC00111550","CHICAGO NORTHERLY ISLAND, IL US","2019-10-21",,,,,,
"USC00111550","CHICAGO NORTHERLY ISLAND, IL US","2019-10-22",,,,,,
"USC00111550","CHICAGO NORTHERLY ISLAND, IL US","2019-10-23",,,,,,
"USC00111550","CHICAGO NORTHERLY ISLAND, IL US","2019-10-24",,,,,,
"USC00111550","CHICAGO NORTHERLY ISLAND, IL US","2019-10-25",,,,,,
"USC00111550","CHICAGO NORTHERLY ISLAND, IL US","2019-10-26",,,,,,
"USC00111550","CHICAGO NORTHERLY ISLAND, IL US","2019-10-27",,,,,,
"USC00111550","CHICAGO NORTHERLY ISLAND, IL US","2019-10-28",,,,,,
"USC00111550","CHICAGO NORTHERLY ISLAND, IL US","2019-10-29",,,,,,
"USC00111550","CHICAGO NORTHERLY ISLAND, IL US","2019-10-30",,,,,,
"USC00111550","CHICAGO NORTHERLY ISLAND, IL US","2019-10-31",,,,,,
"USC00111550","CHICAGO NORTHERLY ISLAND, IL US","2019-11-01",,,,,,
"USC00111550","CHICAGO NORTHERLY ISLAND, IL US","2019-11-02",,,,,,
"USC00111550","CHICAGO NORTHERLY ISLAND, IL US","2019-11-03",,,,,,
"USC00111550","CHICAGO NORTHERLY ISLAND, IL US","2019-11-04",,,,,,
"USC00111550","CHICAGO NORTHERLY ISLAND, IL US","2019-11-05",,,,,,
"USC00111550","CHICAGO NORTHERLY ISLAND, IL US","2019-11-06",,,,,,
"USC00111550","CHICAGO NORTHERLY ISLAND, IL US","2019-11-07",,,,,,
"USC00111550","CHICAGO NORTHERLY ISLAND, IL US","2019-11-08",,,,,,
"USC00111550","CHICAGO NORTHERLY ISLAND, IL US","2019-11-09",,,,,,
"USC00111550","CHICAGO NORTHERLY ISLAND, IL US","2019-11-10",,,,,,
"USC00111550","CHICAGO NORTHERLY ISLAND, IL US","2019-11-11",,,,,,
"USC00111550","CHICAGO NORTHERLY ISLAND, IL US","2019-11-12",,,,,,
"USC00111550","CHICAGO NORTHERLY ISLAND, IL US","2019-11-13",,,,,,
"USC00111550","CHICAGO NORTHERLY ISLAND, IL US","2019-11-14",,,,,,
"USC00111550","CHICAGO NORTHERLY ISLAND, IL US","2019-11-15",,,,,,
"USC00111550","CHICAGO NORTHERLY ISLAND, IL US","2019-11-16",,,,,,
"USC00111550","CHICAGO NORTHERLY ISLAND, IL US","2019-11-17",,,,,,
"USC00111550","CHICAGO NORTHERLY ISLAND, IL US","2019-11-18",,,,,,
"USC00111550","CHICAGO NORTHERLY ISLAND, IL US","2019-11-19",,,,,,
"USC00111550","CHICAGO NORTHERLY ISLAND, IL US","2019-11-20",,,,,,
"USC00111550","CHICAGO NORTHERLY ISLAND, IL US","2019-11-21",,,,,,
"USC00111550","CHICAGO NORTHERLY ISLAND, IL US","2019-11-22",,,,,,
"USC00111550","CHICAGO NORTHERLY ISLAND, IL US","2019-11-23",,,,,,
"USC00111550","CHICAGO NORTHERLY ISLAND, IL US","2019-11-24",,,,,,
"USC00111550","CHICAGO NORTHERLY ISLAND, IL US","2019-11-25",,,,,,
"USC00111550","CHICAGO NORTHERLY ISLAND, IL US","2019-11-26",,,,,,
"USC00111550","CHICAGO NORTHERLY ISLAND, IL US","2019-11-27",,,,,,
"USC00111550","CHICAGO NORTHERLY ISLAND, IL US","2019-11-28",,,,,,
"USC00111550","CHICAGO NORTHERLY ISLAND, IL US","2019-11-29",,,,,,
"USC00111550","CHICAGO NORTHERLY ISLAND, IL US","2019-11-30",,,,,,
"USC00111550","CHICAGO NORTHERLY ISLAND, IL US","2019-12-01",,,,,,
"USC00111550","CHICAGO NORTHERLY ISLAND, IL US","2019-12-02",,,,,,
"USC00111550","CHICAGO NORTHERLY ISLAND, IL US","2019-12-03",,,,,,
"USC00111550","CHICAGO NORTHERLY ISLAND, IL US","2019-12-04",,,,,,
"USC00111550","CHICAGO NORTHERLY ISLAND, IL US","2019-12-05",,,,,,
"USC00111550","CHICAGO NORTHERLY ISLAND, IL US","2019-12-06",,,,,,
"USC00111550","CHICAGO NORTHERLY ISLAND, IL US","2019-12-07",,,,,,
"USC00111550","CHICAGO NORTHERLY ISLAND, IL US","2019-12-08",,,,,,
"USC00111550","CHICAGO NORTHERLY ISLAND, IL US","2019-12-09",,,,,,
"USC00111550","CHICAGO NORTHERLY ISLAND, IL US","2019-12-10",,,,,,
"USC00111550","CHICAGO NORTHERLY ISLAND, IL US","2019-12-11",,,,,,
"USC00111550","CHICAGO NORTHERLY ISLAND, IL US","2019-12-12",,,,,,
"USC00111550","CHICAGO NORTHERLY ISLAND, IL US","2019-12-13",,,,,,
"USC00111550","CHICAGO NORTHERLY ISLAND, IL US","2019-12-14",,,,,,
"USC00111550","CHICAGO NORTHERLY ISLAND, IL US","2019-12-15",,,,,,
"USC00111550","CHICAGO NORTHERLY ISLAND, IL US","2019-12-16",,,,,,
"USC00111550","CHICAGO NORTHERLY ISLAND, IL US","2019-12-17",,,,,,
"USC00111550","CHICAGO NORTHERLY ISLAND, IL US","2019-12-18",,,,,,
"USC00111550","CHICAGO NORTHERLY ISLAND, IL US","2019-12-19",,,,,,
"USC00111550","CHICAGO NORTHERLY ISLAND, IL US","2019-12-20",,,,,,
"USC00111550","CHICAGO NORTHERLY ISLAND, IL US","2019-12-21",,,,,,
"USC00111550","CHICAGO NORTHERLY ISLAND, IL US","2019-12-22",,,,,,
"USC00111550","CHICAGO NORTHERLY ISLAND, IL US","2019-12-23",,,,,,
"USC00111550","CHICAGO NORTHERLY ISLAND, IL US","2019-12-24",,,,,,
"USC00111550","CHICAGO NORTHERLY ISLAND, IL US","2019-12-25",,,,,,
"USC00111550","CHICAGO NORTHERLY ISLAND, IL US","2019-12-26",,,,,,
"USC00111550","CHICAGO NORTHERLY ISLAND, IL US","2019-12-27",,,,,,
"USC00111550","CHICAGO NORTHERLY ISLAND, IL US","2019-12-28",,,,,,
"USC00111550","CHICAGO NORTHERLY ISLAND, IL US","2019-12-29",,,,,,
"USC00111550","CHICAGO NORTHERLY ISLAND, IL US","2019-12-30",,,,,,
"USC00111550","CHICAGO NORTHERLY ISLAND, IL US","2019-12-31",,,,,,
"USC00111550","CHICAGO NORTHERLY ISLAND, IL US","2020-01-01",,,,,,
"USC00111550","CHICAGO NORTHERLY ISLAND, IL US","2020-01-02",,,,,,
"USC00111550","CHICAGO NORTHERLY ISLAND, IL US","2020-01-03",,,,,,
"USC00111550","CHICAGO NORTHERLY ISLAND, IL US","2020-01-04",,,,,,
"USC00111550","CHICAGO NORTHERLY ISLAND, IL US","2020-01-05",,,,,,
"USC00111550","CHICAGO NORTHERLY ISLAND, IL US","2020-01-06",,,,,,
"USC00111550","CHICAGO NORTHERLY ISLAND, IL US","2020-01-07",,,,,,
"USC00111550","CHICAGO NORTHERLY ISLAND, IL US","2020-01-08",,,,,,
"USC00111550","CHICAGO NORTHERLY ISLAND, IL US","2020-01-09",,,,,,
"USC00111550","CHICAGO NORTHERLY ISLAND, IL US","2020-01-10",,,,,,
"USC00111550","CHICAGO NORTHERLY ISLAND, IL US","2020-01-11",,,,,,
"USC00111550","CHICAGO NORTHERLY ISLAND, IL US","2020-01-12",,,,,,
"USC00111550","CHICAGO NORTHERLY ISLAND, IL US","2020-01-13",,,,,,
"USC00111550","CHICAGO NORTHERLY ISLAND, IL US","2020-01-14",,,,,,
"USC00111550","CHICAGO NORTHERLY ISLAND, IL US","2020-01-15",,,,,,
"USC00111550","CHICAGO NORTHERLY ISLAND, IL US","2020-01-16",,,,,,
"USC00111550","CHICAGO NORTHERLY ISLAND, IL US","2020-01-17",,,,,,
"USC00111550","CHICAGO NORTHERLY ISLAND, IL US","2020-01-18",,,,,,
"USC00111550","CHICAGO NORTHERLY ISLAND, IL US","2020-01-19",,,,,,
"USC00111550","CHICAGO NORTHERLY ISLAND, IL US","2020-01-20",,,,,,
"USC00111550","CHICAGO NORTHERLY ISLAND, IL US","2020-01-21",,,,,,
"USC00111550","CHICAGO NORTHERLY ISLAND, IL US","2020-01-22",,,,,,
"USC00111550","CHICAGO NORTHERLY ISLAND, IL US","2020-01-23",,,,,,
"USC00111550","CHICAGO NORTHERLY ISLAND, IL US","2020-01-24",,,,,,
"USC00111550","CHICAGO NORTHERLY ISLAND, IL US","2020-01-25",,,,,,
"USC00111550","CHICAGO NORTHERLY ISLAND, IL US","2020-01-26",,,,,,
"USC00111550","CHICAGO NORTHERLY ISLAND, IL US","2020-01-27",,,,,,
"USC00111550","CHICAGO NORTHERLY ISLAND, IL US","2020-01-28",,,,,,
"USC00111550","CHICAGO NORTHERLY ISLAND, IL US","2020-01-29",,,,,,
"USC00111550","CHICAGO NORTHERLY ISLAND, IL US","2020-01-30",,,,,,
"USC00111550","CHICAGO NORTHERLY ISLAND, IL US","2020-01-31",,,,,,
"USC00111550","CHICAGO NORTHERLY ISLAND, IL US","2020-02-01",,,,,,
"USC00111550","CHICAGO NORTHERLY ISLAND, IL US","2020-02-02",,,,,,
"USC00111550","CHICAGO NORTHERLY ISLAND, IL US","2020-02-03",,,,,,
"USC00111550","CHICAGO NORTHERLY ISLAND, IL US","2020-02-04",,,,,,
"USC00111550","CHICAGO NORTHERLY ISLAND, IL US","2020-02-05",,,,,,
"USC00111550","CHICAGO NORTHERLY ISLAND, IL US","2020-02-06",,,,,,
"USC00111550","CHICAGO NORTHERLY ISLAND, IL US","2020-02-07",,,,,,
"USC00111550","CHICAGO NORTHERLY ISLAND, IL US","2020-02-08",,,,,,
"USC00111550","CHICAGO NORTHERLY ISLAND, IL US","2020-02-09",,,,,,
"USC00111550","CHICAGO NORTHERLY ISLAND, IL US","2020-02-10",,,,,,
"USC00111550","CHICAGO NORTHERLY ISLAND, IL US","2020-02-12",,,,,,
"USC00111550","CHICAGO NORTHERLY ISLAND, IL US","2020-02-13",,,,,,
"USC00111550","CHICAGO NORTHERLY ISLAND, IL US","2020-02-14",,,,,,
"USC00111550","CHICAGO NORTHERLY ISLAND, IL US","2020-02-15",,,,,,
"USC00111550","CHICAGO NORTHERLY ISLAND, IL US","2020-02-16",,,,,,
"USC00111550","CHICAGO NORTHERLY ISLAND, IL US","2020-02-17",,,,,,
"USC00111550","CHICAGO NORTHERLY ISLAND, IL US","2020-02-18",,,,,,
"USC00111550","CHICAGO NORTHERLY ISLAND, IL US","2020-02-19",,,,,,
"USC00111550","CHICAGO NORTHERLY ISLAND, IL US","2020-02-20",,,,,,
"USC00111550","CHICAGO NORTHERLY ISLAND, IL US","2020-02-21",,,,,,
"USC00111550","CHICAGO NORTHERLY ISLAND, IL US","2020-02-22",,,,,,
"USC00111550","CHICAGO NORTHERLY ISLAND, IL US","2020-02-23",,,,,,
"USC00111550","CHICAGO NORTHERLY ISLAND, IL US","2020-02-24",,,,,,
"USC00111550","CHICAGO NORTHERLY ISLAND, IL US","2020-02-25",,,,,,
"USC00111550","CHICAGO NORTHERLY ISLAND, IL US","2020-02-26",,,,,,
"USC00111550","CHICAGO NORTHERLY ISLAND, IL US","2020-02-27",,,,,,
"USC00111550","CHICAGO NORTHERLY ISLAND, IL US","2020-02-28",,,,,,
"USC00111550","CHICAGO NORTHERLY ISLAND, IL US","2020-02-29",,,,,,
"USC00111550","CHICAGO NORTHERLY ISLAND, IL US","2020-03-01",,,,,,
"USC00111550","CHICAGO NORTHERLY ISLAND, IL US","2020-03-02",,,,,,
"USC00111550","CHICAGO NORTHERLY ISLAND, IL US","2020-03-03",,,,,,
"USC00111550","CHICAGO NORTHERLY ISLAND, IL US","2020-03-04",,,,,,
"USC00111550","CHICAGO NORTHERLY ISLAND, IL US","2020-03-05",,,,,,
"USC00111550","CHICAGO NORTHERLY ISLAND, IL US","2020-03-06",,,,,,
"USC00111550","CHICAGO NORTHERLY ISLAND, IL US","2020-03-07",,,,,,
"USC00111550","CHICAGO NORTHERLY ISLAND, IL US","2020-03-08",,,,,,
"USC00111550","CHICAGO NORTHERLY ISLAND, IL US","2020-03-09",,,,,,
"USC00111550","CHICAGO NORTHERLY ISLAND, IL US","2020-03-10",,,,,,
"USC00111550","CHICAGO NORTHERLY ISLAND, IL US","2020-03-11",,,,,,
"USC00111550","CHICAGO NORTHERLY ISLAND, IL US","2020-03-12",,,,,,
"USC00111550","CHICAGO NORTHERLY ISLAND, IL US","2020-03-13",,,,,,
"USC00111550","CHICAGO NORTHERLY ISLAND, IL US","2020-03-14",,,,,,
"USC00111550","CHICAGO NORTHERLY ISLAND, IL US","2020-03-15",,,,,,
"USC00111550","CHICAGO NORTHERLY ISLAND, IL US","2020-03-16",,,,,,
"USC00111550","CHICAGO NORTHERLY ISLAND, IL US","2020-03-17",,,,,,
"USC00111550","CHICAGO NORTHERLY ISLAND, IL US","2020-03-18",,,,,,
"USC00111550","CHICAGO NORTHERLY ISLAND, IL US","2020-03-19",,,,,,
"USC00111550","CHICAGO NORTHERLY ISLAND, IL US","2020-03-20",,,,,,
"USC00111550","CHICAGO NORTHERLY ISLAND, IL US","2020-03-21",,,,,,
"USC00111550","CHICAGO NORTHERLY ISLAND, IL US","2020-03-22",,,,,,
"USC00111550","CHICAGO NORTHERLY ISLAND, IL US","2020-03-23",,,,,,
"USC00111550","CHICAGO NORTHERLY ISLAND, IL US","2020-03-24",,,,,,
"USC00111550","CHICAGO NORTHERLY ISLAND, IL US","2020-03-25",,,,,,
"USC00111550","CHICAGO NORTHERLY ISLAND, IL US","2020-03-26",,,,,,
"USC00111550","CHICAGO NORTHERLY ISLAND, IL US","2020-03-27",,,,,,
"USC00111550","CHICAGO NORTHERLY ISLAND, IL US","2020-03-28",,,,,,
"USC00111550","CHICAGO NORTHERLY ISLAND, IL US","2020-03-29",,,,,,
"USC00111550","CHICAGO NORTHERLY ISLAND, IL US","2020-03-30",,,,,,
"USC00111550","CHICAGO NORTHERLY ISLAND, IL US","2020-03-31",,,,,,
"USC00111550","CHICAGO NORTHERLY ISLAND, IL US","2020-04-01",,,,,,
"USC00111550","CHICAGO NORTHERLY ISLAND, IL US","2020-04-02",,,,,,
"USC00111550","CHICAGO NORTHERLY ISLAND, IL US","2020-04-03",,,,,,
"USC00111550","CHICAGO NORTHERLY ISLAND, IL US","2020-04-04",,,,,,
"USC00111550","CHICAGO NORTHERLY ISLAND, IL US","2020-04-05",,,,,,
"USC00111550","CHICAGO NORTHERLY ISLAND, IL US","2020-04-06",,,,,,
"USC00111550","CHICAGO NORTHERLY ISLAND, IL US","2020-04-07",,,,,,
"USC00111550","CHICAGO NORTHERLY ISLAND, IL US","2020-04-08",,,,,,
"USC00111550","CHICAGO NORTHERLY ISLAND, IL US","2020-04-09",,,,,,
"USC00111550","CHICAGO NORTHERLY ISLAND, IL US","2020-04-10",,,,,,
"USC00111550","CHICAGO NORTHERLY ISLAND, IL US","2020-04-11",,,,,,
"USC00111550","CHICAGO NORTHERLY ISLAND, IL US","2020-04-12",,,,,,
"USC00111550","CHICAGO NORTHERLY ISLAND, IL US","2020-04-13",,,,,,
"USC00111550","CHICAGO NORTHERLY ISLAND, IL US","2020-04-14",,,,,,
"USC00111550","CHICAGO NORTHERLY ISLAND, IL US","2020-04-15",,,,,,
"USC00111550","CHICAGO NORTHERLY ISLAND, IL US","2020-04-16",,,,,,
"USC00111550","CHICAGO NORTHERLY ISLAND, IL US","2020-04-17",,,,,,
"USC00111550","CHICAGO NORTHERLY ISLAND, IL US","2020-04-18",,,,,,
"USC00111550","CHICAGO NORTHERLY ISLAND, IL US","2020-04-19",,,,,,
"USC00111550","CHICAGO NORTHERLY ISLAND, IL US","2020-04-20",,,,,,
"USC00111550","CHICAGO NORTHERLY ISLAND, IL US","2020-04-21",,,,,,
"USC00111550","CHICAGO NORTHERLY ISLAND, IL US","2020-04-22",,,,,,
"USC00111550","CHICAGO NORTHERLY ISLAND, IL US","2020-04-23",,,,,,
"USC00111550","CHICAGO NORTHERLY ISLAND, IL US","2020-04-24",,,,,,
"USC00111550","CHICAGO NORTHERLY ISLAND, IL US","2020-04-25",,,,,,
"USC00111550","CHICAGO NORTHERLY ISLAND, IL US","2020-04-26",,,,,,
"USC00111550","CHICAGO NORTHERLY ISLAND, IL US","2020-04-27",,,,,,
"USC00111550","CHICAGO NORTHERLY ISLAND, IL US","2020-04-28",,,,,,
"USC00111550","CHICAGO NORTHERLY ISLAND, IL US","2020-04-29",,,,,,
"USC00111550","CHICAGO NORTHERLY ISLAND, IL US","2020-04-30",,,,,,
"USC00111550","CHICAGO NORTHERLY ISLAND, IL US","2020-05-01",,,,,,
"USC00111550","CHICAGO NORTHERLY ISLAND, IL US","2020-05-02",,,,,,
"USC00111550","CHICAGO NORTHERLY ISLAND, IL US","2020-05-03",,,,,,
"USC00111550","CHICAGO NORTHERLY ISLAND, IL US","2020-05-04",,,,,,
"USC00111550","CHICAGO NORTHERLY ISLAND, IL US","2020-05-05",,,,,,
"USC00111550","CHICAGO NORTHERLY ISLAND, IL US","2020-05-06",,,,,,
"USC00111550","CHICAGO NORTHERLY ISLAND, IL US","2020-05-07",,,,,,
"USC00111550","CHICAGO NORTHERLY ISLAND, IL US","2020-05-08",,,,,,
"USC00111550","CHICAGO NORTHERLY ISLAND, IL US","2020-05-12",,,,,,
"USC00111550","CHICAGO NORTHERLY ISLAND, IL US","2020-05-13",,,,,,
"USC00111550","CHICAGO NORTHERLY ISLAND, IL US","2020-05-14",,,,,,
"USC00111550","CHICAGO NORTHERLY ISLAND, IL US","2020-05-15",,,,,,
"USC00111550","CHICAGO NORTHERLY ISLAND, IL US","2020-05-16",,,,,,
"USC00111550","CHICAGO NORTHERLY ISLAND, IL US","2020-05-17",,,,,,
"USC00111550","CHICAGO NORTHERLY ISLAND, IL US","2020-05-18",,,,,,
"USC00111550","CHICAGO NORTHERLY ISLAND, IL US","2020-05-19",,,,,,
"USC00111550","CHICAGO NORTHERLY ISLAND, IL US","2020-05-20",,,,,,
"USC00111550","CHICAGO NORTHERLY ISLAND, IL US","2020-05-21",,,,,,
"USC00111550","CHICAGO NORTHERLY ISLAND, IL US","2020-05-22",,,,,,
"USC00111550","CHICAGO NORTHERLY ISLAND, IL US","2020-05-23",,,,,,
"USC00111550","CHICAGO NORTHERLY ISLAND, IL US","2020-05-24",,,,,,
"USC00111550","CHICAGO NORTHERLY ISLAND, IL US","2020-05-25",,,,,,
"USC00111550","CHICAGO NORTHERLY ISLAND, IL US","2020-05-26",,,,,,
"USC00111550","CHICAGO NORTHERLY ISLAND, IL US","2020-05-27",,,,,,
"USC00111550","CHICAGO NORTHERLY ISLAND, IL US","2020-05-28",,,,,,
"USC00111550","CHICAGO NORTHERLY ISLAND, IL US","2020-05-29",,,,,,
"USC00111550","CHICAGO NORTHERLY ISLAND, IL US","2020-05-30",,,,,,
"USC00111550","CHICAGO NORTHERLY ISLAND, IL US","2020-05-31",,,,,,
"USC00111550","CHICAGO NORTHERLY ISLAND, IL US","2020-06-01",,,,,,
"USC00111550","CHICAGO NORTHERLY ISLAND, IL US","2020-06-02",,,,,,
"USC00111550","CHICAGO NORTHERLY ISLAND, IL US","2020-06-03",,,,,,
"USC00111550","CHICAGO NORTHERLY ISLAND, IL US","2020-06-04",,,,,,
"USC00111550","CHICAGO NORTHERLY ISLAND, IL US","2020-06-05",,,,,,
"USC00111550","CHICAGO NORTHERLY ISLAND, IL US","2020-06-06",,,,,,
"USC00111550","CHICAGO NORTHERLY ISLAND, IL US","2020-06-07",,,,,,
"USC00111550","CHICAGO NORTHERLY ISLAND, IL US","2020-06-08",,,,,,
"USC00111550","CHICAGO NORTHERLY ISLAND, IL US","2020-06-09",,,,,,
"USC00111550","CHICAGO NORTHERLY ISLAND, IL US","2020-06-10",,,,,,
"USC00111550","CHICAGO NORTHERLY ISLAND, IL US","2020-06-11",,,,,,
"USC00111550","CHICAGO NORTHERLY ISLAND, IL US","2020-06-12",,,,,,
"USC00111550","CHICAGO NORTHERLY ISLAND, IL US","2020-06-13",,,,,,
"USC00111550","CHICAGO NORTHERLY ISLAND, IL US","2020-06-14",,,,,,
"USC00111550","CHICAGO NORTHERLY ISLAND, IL US","2020-06-15",,,,,,
"USC00111550","CHICAGO NORTHERLY ISLAND, IL US","2020-06-16",,,,,,
"USC00111550","CHICAGO NORTHERLY ISLAND, IL US","2020-06-17",,,,,,
"USC00111550","CHICAGO NORTHERLY ISLAND, IL US","2020-06-18",,,,,,
"USC00111550","CHICAGO NORTHERLY ISLAND, IL US","2020-06-19",,,,,,
"USC00111550","CHICAGO NORTHERLY ISLAND, IL US","2020-06-20",,,,,,
"USC00111550","CHICAGO NORTHERLY ISLAND, IL US","2020-06-21",,,,,,
"USC00111550","CHICAGO NORTHERLY ISLAND, IL US","2020-06-22",,,,,,
"USC00111550","CHICAGO NORTHERLY ISLAND, IL US","2020-06-23",,,,,,
"USC00111550","CHICAGO NORTHERLY ISLAND, IL US","2020-06-24",,,,,,
"USC00111550","CHICAGO NORTHERLY ISLAND, IL US","2020-06-25",,,,,,
"USC00111550","CHICAGO NORTHERLY ISLAND, IL US","2020-06-26",,,,,,
"USC00111550","CHICAGO NORTHERLY ISLAND, IL US","2020-06-27",,,,,,
"USC00111550","CHICAGO NORTHERLY ISLAND, IL US","2020-06-28",,,,,,
"USC00111550","CHICAGO NORTHERLY ISLAND, IL US","2020-06-29",,,,,,
"USC00111550","CHICAGO NORTHERLY ISLAND, IL US","2020-06-30",,,,,,
"USC00111550","CHICAGO NORTHERLY ISLAND, IL US","2020-07-01",,,,,,
"USC00111550","CHICAGO NORTHERLY ISLAND, IL US","2020-07-02",,,,,,
"USC00111550","CHICAGO NORTHERLY ISLAND, IL US","2020-07-03",,,,,,
"USC00111550","CHICAGO NORTHERLY ISLAND, IL US","2020-07-04",,,,,,
"USC00111550","CHICAGO NORTHERLY ISLAND, IL US","2020-07-05",,,,,,
"USC00111550","CHICAGO NORTHERLY ISLAND, IL US","2020-07-06",,,,,,
"USC00111550","CHICAGO NORTHERLY ISLAND, IL US","2020-07-07",,,,,,
"USC00111550","CHICAGO NORTHERLY ISLAND, IL US","2020-07-08",,,,,,
"USC00111550","CHICAGO NORTHERLY ISLAND, IL US","2020-07-09",,,,,,
"USC00111550","CHICAGO NORTHERLY ISLAND, IL US","2020-07-10",,,,,,
"USC00111550","CHICAGO NORTHERLY ISLAND, IL US","2020-07-11",,,,,,
"USC00111550","CHICAGO NORTHERLY ISLAND, IL US","2020-07-12",,,,,,
"USC00111550","CHICAGO NORTHERLY ISLAND, IL US","2020-07-13",,,,,,
"USC00111550","CHICAGO NORTHERLY ISLAND, IL US","2020-07-14",,,,,,
"USC00111550","CHICAGO NORTHERLY ISLAND, IL US","2020-07-15",,,,,,
"USC00111550","CHICAGO NORTHERLY ISLAND, IL US","2020-07-16",,,,,,
"USC00111550","CHICAGO NORTHERLY ISLAND, IL US","2020-07-17",,,,,,
"USC00111550","CHICAGO NORTHERLY ISLAND, IL US","2020-07-18",,,,,,
"USC00111550","CHICAGO NORTHERLY ISLAND, IL US","2020-07-19",,,,,,
"USC00111550","CHICAGO NORTHERLY ISLAND, IL US","2020-07-20",,,,,,
"USC00111550","CHICAGO NORTHERLY ISLAND, IL US","2020-07-21",,,,,,
"USC00111550","CHICAGO NORTHERLY ISLAND, IL US","2020-07-24",,,,,,
"USC00111550","CHICAGO NORTHERLY ISLAND, IL US","2020-07-25",,,,,,
"USC00111550","CHICAGO NORTHERLY ISLAND, IL US","2020-07-26",,,,,,
"USC00111550","CHICAGO NORTHERLY ISLAND, IL US","2020-07-27",,,,,,
"USC00111550","CHICAGO NORTHERLY ISLAND, IL US","2020-07-28",,,,,,
"USC00111550","CHICAGO NORTHERLY ISLAND, IL US","2020-07-29",,,,,,
"USC00111550","CHICAGO NORTHERLY ISLAND, IL US","2020-07-30",,,,,,
"USC00111550","CHICAGO NORTHERLY ISLAND, IL US","2020-07-31",,,,,,
"USC00111550","CHICAGO NORTHERLY ISLAND, IL US","2020-08-01",,,,,,
"USC00111550","CHICAGO NORTHERLY ISLAND, IL US","2020-08-02",,,,,,
"USC00111550","CHICAGO NORTHERLY ISLAND, IL US","2020-08-03",,,,,,
"USC00111550","CHICAGO NORTHERLY ISLAND, IL US","2020-08-04",,,,,,
"USC00111550","CHICAGO NORTHERLY ISLAND, IL US","2020-08-05",,,,,,
"USC00111550","CHICAGO NORTHERLY ISLAND, IL US","2020-08-06",,,,,,
"USC00111550","CHICAGO NORTHERLY ISLAND, IL US","2020-08-07",,,,,,
"USC00111550","CHICAGO NORTHERLY ISLAND, IL US","2020-08-08",,,,,,
"USC00111550","CHICAGO NORTHERLY ISLAND, IL US","2020-08-09",,,,,,
"USC00111550","CHICAGO NORTHERLY ISLAND, IL US","2020-08-10",,,,,,
"USC00111550","CHICAGO NORTHERLY ISLAND, IL US","2020-08-11",,,,,,
"USC00111550","CHICAGO NORTHERLY ISLAND, IL US","2020-08-12",,,,,,
"USC00111550","CHICAGO NORTHERLY ISLAND, IL US","2020-08-13",,,,,,
"USC00111550","CHICAGO NORTHERLY ISLAND, IL US","2020-08-14",,,,,,
"USC00111550","CHICAGO NORTHERLY ISLAND, IL US","2020-08-15",,,,,,
"USC00111550","CHICAGO NORTHERLY ISLAND, IL US","2020-08-16",,,,,,
"USC00111550","CHICAGO NORTHERLY ISLAND, IL US","2020-08-17",,,,,,
"USC00111550","CHICAGO NORTHERLY ISLAND, IL US","2020-08-18",,,,,,
"USC00111550","CHICAGO NORTHERLY ISLAND, IL US","2020-08-19",,,,,,
"USC00111550","CHICAGO NORTHERLY ISLAND, IL US","2020-08-20",,,,,,
"USC00111550","CHICAGO NORTHERLY ISLAND, IL US","2020-08-21",,,,,,
"USC00111550","CHICAGO NORTHERLY ISLAND, IL US","2020-08-22",,,,,,
"USC00111550","CHICAGO NORTHERLY ISLAND, IL US","2020-08-23",,,,,,
"USC00111550","CHICAGO NORTHERLY ISLAND, IL US","2020-08-24",,,,,,
"USC00111550","CHICAGO NORTHERLY ISLAND, IL US","2020-08-25",,,,,,
"USC00111550","CHICAGO NORTHERLY ISLAND, IL US","2020-08-26",,,,,,
"USC00111550","CHICAGO NORTHERLY ISLAND, IL US","2020-08-27",,,,,,
"USC00111550","CHICAGO NORTHERLY ISLAND, IL US","2020-08-28",,,,,,
"USC00111550","CHICAGO NORTHERLY ISLAND, IL US","2020-08-29",,,,,,
"USC00111550","CHICAGO NORTHERLY ISLAND, IL US","2020-08-30",,,,,,
"USC00111550","CHICAGO NORTHERLY ISLAND, IL US","2020-08-31",,,,,,
"USC00111550","CHICAGO NORTHERLY ISLAND, IL US","2020-09-01",,,,,,
"USC00111550","CHICAGO NORTHERLY ISLAND, IL US","2020-09-02",,,,,,
"USC00111550","CHICAGO NORTHERLY ISLAND, IL US","2020-09-03",,,,,,
"USC00111550","CHICAGO NORTHERLY ISLAND, IL US","2020-09-04",,,,,,
"USC00111550","CHICAGO NORTHERLY ISLAND, IL US","2020-09-05",,,,,,
"USC00111550","CHICAGO NORTHERLY ISLAND, IL US","2020-09-06",,,,,,
"USC00111550","CHICAGO NORTHERLY ISLAND, IL US","2020-09-07",,,,,,
"US1ILCK0139","OAK LAWN 1.1 N, IL US","2019-10-01",,,,,,
"US1ILCK0139","OAK LAWN 1.1 N, IL US","2019-10-04",,,,,,
"US1ILCK0139","OAK LAWN 1.1 N, IL US","2019-10-05",,,,,,
"US1ILCK0139","OAK LAWN 1.1 N, IL US","2019-10-06",,,,,,
"US1ILCK0139","OAK LAWN 1.1 N, IL US","2019-10-07",,,,,,
"US1ILCK0139","OAK LAWN 1.1 N, IL US","2019-10-08",,,,,,
"US1ILCK0139","OAK LAWN 1.1 N, IL US","2019-10-09",,,,,,
"US1ILCK0139","OAK LAWN 1.1 N, IL US","2019-10-10",,,,,,
"US1ILCK0139","OAK LAWN 1.1 N, IL US","2019-10-11",,,,,,
"US1ILCK0139","OAK LAWN 1.1 N, IL US","2019-10-12",,,,,,
"US1ILCK0139","OAK LAWN 1.1 N, IL US","2019-10-13",,,,,,
"US1ILCK0139","OAK LAWN 1.1 N, IL US","2019-10-14",,,,,,
"US1ILCK0139","OAK LAWN 1.1 N, IL US","2019-10-15",,,,,,
"US1ILCK0139","OAK LAWN 1.1 N, IL US","2019-10-16",,,,,,
"US1ILCK0139","OAK LAWN 1.1 N, IL US","2019-10-21",,,,,,
"US1ILCK0139","OAK LAWN 1.1 N, IL US","2019-10-22",,,,,,
"US1ILCK0139","OAK LAWN 1.1 N, IL US","2019-10-23",,,,,,
"US1ILCK0139","OAK LAWN 1.1 N, IL US","2019-10-24",,,,,,
"US1ILCK0139","OAK LAWN 1.1 N, IL US","2019-10-25",,,,,,
"US1ILCK0139","OAK LAWN 1.1 N, IL US","2019-10-26",,,,,,
"US1ILCK0139","OAK LAWN 1.1 N, IL US","2019-10-27",,,,,,
"US1ILCK0139","OAK LAWN 1.1 N, IL US","2019-10-28",,,,,,
"US1ILCK0139","OAK LAWN 1.1 N, IL US","2019-10-29",,,,,,
"US1ILCK0139","OAK LAWN 1.1 N, IL US","2019-11-01",,,,,,
"US1ILCK0139","OAK LAWN 1.1 N, IL US","2019-11-04",,,,,,
"US1ILCK0139","OAK LAWN 1.1 N, IL US","2019-11-05",,,,,,
"US1ILCK0139","OAK LAWN 1.1 N, IL US","2019-11-06",,,,,,
"US1ILCK0139","OAK LAWN 1.1 N, IL US","2019-11-07",,,,,,
"US1ILCK0139","OAK LAWN 1.1 N, IL US","2019-11-08",,,,,,
"US1ILCK0139","OAK LAWN 1.1 N, IL US","2019-11-14",,,,,,
"US1ILCK0139","OAK LAWN 1.1 N, IL US","2019-11-15",,,,,,
"US1ILCK0139","OAK LAWN 1.1 N, IL US","2019-11-16",,,,,,
"US1ILCK0139","OAK LAWN 1.1 N, IL US","2019-11-17",,,,,,
"US1ILCK0139","OAK LAWN 1.1 N, IL US","2019-11-18",,,,,,
"US1ILCK0139","OAK LAWN 1.1 N, IL US","2019-11-19",,,,,,
"US1ILCK0139","OAK LAWN 1.1 N, IL US","2019-11-20",,,,,,
"US1ILCK0139","OAK LAWN 1.1 N, IL US","2019-11-22",,,,,,
"US1ILCK0139","OAK LAWN 1.1 N, IL US","2019-11-23",,,,,,
"US1ILCK0139","OAK LAWN 1.1 N, IL US","2019-11-24",,,,,,
"US1ILCK0139","OAK LAWN 1.1 N, IL US","2019-11-25",,,,,,
"US1ILCK0139","OAK LAWN 1.1 N, IL US","2019-11-26",,,,,,
"US1ILCK0139","OAK LAWN 1.1 N, IL US","2019-12-04",,,,,,
"US1ILCK0139","OAK LAWN 1.1 N, IL US","2019-12-05",,,,,,
"US1ILCK0139","OAK LAWN 1.1 N, IL US","2019-12-06",,,,,,
"US1ILCK0139","OAK LAWN 1.1 N, IL US","2019-12-07",,,,,,
"US1ILCK0139","OAK LAWN 1.1 N, IL US","2019-12-08",,,,,,
"US1ILCK0139","OAK LAWN 1.1 N, IL US","2019-12-09",,,,,,
"US1ILCK0139","OAK LAWN 1.1 N, IL US","2019-12-10",,,,,,
"US1ILCK0139","OAK LAWN 1.1 N, IL US","2019-12-12",,,,,,
"US1ILCK0139","OAK LAWN 1.1 N, IL US","2019-12-13",,,,,,
"US1ILCK0139","OAK LAWN 1.1 N, IL US","2019-12-14",,,,,,
"US1ILCK0139","OAK LAWN 1.1 N, IL US","2019-12-21",,,,,,
"US1ILCK0139","OAK LAWN 1.1 N, IL US","2019-12-22",,,,,,
"US1ILCK0139","OAK LAWN 1.1 N, IL US","2019-12-23",,,,,,
"US1ILCK0139","OAK LAWN 1.1 N, IL US","2019-12-24",,,,,,
"US1ILCK0139","OAK LAWN 1.1 N, IL US","2019-12-25",,,,,,
"US1ILCK0139","OAK LAWN 1.1 N, IL US","2019-12-26",,,,,,
"US1ILCK0139","OAK LAWN 1.1 N, IL US","2019-12-27",,,,,,
"US1ILCK0139","OAK LAWN 1.1 N, IL US","2019-12-28",,,,,,
"US1ILCK0139","OAK LAWN 1.1 N, IL US","2020-01-02",,,,,,
"US1ILCK0139","OAK LAWN 1.1 N, IL US","2020-01-03",,,,,,
"US1ILCK0139","OAK LAWN 1.1 N, IL US","2020-01-05",,,,,,
"US1ILCK0139","OAK LAWN 1.1 N, IL US","2020-01-06",,,,,,
"US1ILCK0139","OAK LAWN 1.1 N, IL US","2020-01-07",,,,,,
"US1ILCK0139","OAK LAWN 1.1 N, IL US","2020-01-08",,,,,,
"US1ILCK0139","OAK LAWN 1.1 N, IL US","2020-01-09",,,,,,
"US1ILCK0139","OAK LAWN 1.1 N, IL US","2020-01-12",,,,,,
"US1ILCK0139","OAK LAWN 1.1 N, IL US","2020-01-13",,,,,,
"US1ILCK0139","OAK LAWN 1.1 N, IL US","2020-01-14",,,,,,
"US1ILCK0139","OAK LAWN 1.1 N, IL US","2020-01-15",,,,,,
"US1ILCK0139","OAK LAWN 1.1 N, IL US","2020-01-16",,,,,,
"US1ILCK0139","OAK LAWN 1.1 N, IL US","2020-01-17",,,,,,
"US1ILCK0139","OAK LAWN 1.1 N, IL US","2020-01-21",,,,,,
"US1ILCK0139","OAK LAWN 1.1 N, IL US","2020-01-22",,,,,,
"US1ILCK0139","OAK LAWN 1.1 N, IL US","2020-01-28",,,,,,
"US1ILCK0139","OAK LAWN 1.1 N, IL US","2020-01-29",,,,,,
"US1ILCK0139","OAK LAWN 1.1 N, IL US","2020-01-30",,,,,,
"US1ILCK0139","OAK LAWN 1.1 N, IL US","2020-02-02",,,,,,
"US1ILCK0139","OAK LAWN 1.1 N, IL US","2020-02-03",,,,,,
"US1ILCK0139","OAK LAWN 1.1 N, IL US","2020-02-04",,,,,,
"US1ILCK0139","OAK LAWN 1.1 N, IL US","2020-02-05",,,,,,
"US1ILCK0139","OAK LAWN 1.1 N, IL US","2020-02-08",,,,,,
"US1ILCK0139","OAK LAWN 1.1 N, IL US","2020-02-09",,,,,,
"US1ILCK0139","OAK LAWN 1.1 N, IL US","2020-02-10",,,,,,
"US1ILCK0139","OAK LAWN 1.1 N, IL US","2020-02-11",,,,,,
"US1ILCK0139","OAK LAWN 1.1 N, IL US","2020-02-12",,,,,,
"US1ILCK0139","OAK LAWN 1.1 N, IL US","2020-02-15",,,,,,
"US1ILCK0139","OAK LAWN 1.1 N, IL US","2020-02-16",,,,,,
"US1ILCK0139","OAK LAWN 1.1 N, IL US","2020-02-17",,,,,,
"US1ILCK0139","OAK LAWN 1.1 N, IL US","2020-02-19",,,,,,
"US1ILCK0139","OAK LAWN 1.1 N, IL US","2020-02-20",,,,,,
"US1ILCK0139","OAK LAWN 1.1 N, IL US","2020-02-21",,,,,,
"US1ILCK0139","OAK LAWN 1.1 N, IL US","2020-02-22",,,,,,
"US1ILCK0139","OAK LAWN 1.1 N, IL US","2020-02-23",,,,,,
"US1ILCK0139","OAK LAWN 1.1 N, IL US","2020-02-24",,,,,,
"US1ILCK0139","OAK LAWN 1.1 N, IL US","2020-02-25",,,,,,
"US1ILCK0139","OAK LAWN 1.1 N, IL US","2020-03-02",,,,,,
"US1ILCK0139","OAK LAWN 1.1 N, IL US","2020-03-03",,,,,,
"US1ILCK0139","OAK LAWN 1.1 N, IL US","2020-03-04",,,,,,
"US1ILCK0139","OAK LAWN 1.1 N, IL US","2020-03-05",,,,,,
"US1ILCK0139","OAK LAWN 1.1 N, IL US","2020-03-06",,,,,,
"US1ILCK0139","OAK LAWN 1.1 N, IL US","2020-03-07",,,,,,
"US1ILCK0139","OAK LAWN 1.1 N, IL US","2020-03-08",,,,,,
"US1ILCK0139","OAK LAWN 1.1 N, IL US","2020-03-10",,,,,,
"US1ILCK0139","OAK LAWN 1.1 N, IL US","2020-03-11",,,,,,
"US1ILCK0139","OAK LAWN 1.1 N, IL US","2020-03-12",,,,,,
"US1ILCK0139","OAK LAWN 1.1 N, IL US","2020-03-13",,,,,,
"US1ILCK0139","OAK LAWN 1.1 N, IL US","2020-03-14",,,,,,
"US1ILCK0139","OAK LAWN 1.1 N, IL US","2020-03-15",,,,,,
"US1ILCK0139","OAK LAWN 1.1 N, IL US","2020-03-16",,,,,,
"US1ILCK0139","OAK LAWN 1.1 N, IL US","2020-03-17",,,,,,
"US1ILCK0139","OAK LAWN 1.1 N, IL US","2020-03-20",,,,,,
"US1ILCK0139","OAK LAWN 1.1 N, IL US","2020-03-21",,,,,,
"US1ILCK0139","OAK LAWN 1.1 N, IL US","2020-03-22",,,,,,
"US1ILCK0139","OAK LAWN 1.1 N, IL US","2020-03-23",,,,,,
"US1ILCK0139","OAK LAWN 1.1 N, IL US","2020-03-24",,,,,,
"US1ILCK0139","OAK LAWN 1.1 N, IL US","2020-03-25",,,,,,
"US1ILCK0139","OAK LAWN 1.1 N, IL US","2020-03-26",,,,,,
"US1ILCK0139","OAK LAWN 1.1 N, IL US","2020-03-27",,,,,,
"US1ILCK0139","OAK LAWN 1.1 N, IL US","2020-03-28",,,,,,
"US1ILCK0139","OAK LAWN 1.1 N, IL US","2020-04-01",,,,,,
"US1ILCK0139","OAK LAWN 1.1 N, IL US","2020-04-02",,,,,,
"US1ILCK0139","OAK LAWN 1.1 N, IL US","2020-04-03",,,,,,
"US1ILCK0139","OAK LAWN 1.1 N, IL US","2020-04-04",,,,,,
"US1ILCK0139","OAK LAWN 1.1 N, IL US","2020-04-05",,,,,,
"US1ILCK0139","OAK LAWN 1.1 N, IL US","2020-04-06",,,,,,
"US1ILCK0139","OAK LAWN 1.1 N, IL US","2020-04-07",,,,,,
"US1ILCK0139","OAK LAWN 1.1 N, IL US","2020-04-08",,,,,,
"US1ILCK0139","OAK LAWN 1.1 N, IL US","2020-04-09",,,,,,
"US1ILCK0139","OAK LAWN 1.1 N, IL US","2020-04-10",,,,,,
"US1ILCK0139","OAK LAWN 1.1 N, IL US","2020-04-11",,,,,,
"US1ILCK0139","OAK LAWN 1.1 N, IL US","2020-04-12",,,,,,
"US1ILCK0139","OAK LAWN 1.1 N, IL US","2020-04-13",,,,,,
"US1ILCK0139","OAK LAWN 1.1 N, IL US","2020-04-14",,,,,,
"US1ILCK0139","OAK LAWN 1.1 N, IL US","2020-04-15",,,,,,
"US1ILCK0139","OAK LAWN 1.1 N, IL US","2020-04-16",,,,,,
"US1ILCK0139","OAK LAWN 1.1 N, IL US","2020-04-20",,,,,,
"US1ILCK0139","OAK LAWN 1.1 N, IL US","2020-04-21",,,,,,
"US1ILCK0139","OAK LAWN 1.1 N, IL US","2020-04-22",,,,,,
"US1ILCK0139","OAK LAWN 1.1 N, IL US","2020-04-23",,,,,,
"US1ILCK0139","OAK LAWN 1.1 N, IL US","2020-04-24",,,,,,
"US1ILCK0139","OAK LAWN 1.1 N, IL US","2020-04-26",,,,,,
"US1ILCK0139","OAK LAWN 1.1 N, IL US","2020-04-27",,,,,,
"US1ILCK0139","OAK LAWN 1.1 N, IL US","2020-04-30",,,,,,
"US1ILCK0139","OAK LAWN 1.1 N, IL US","2020-05-01",,,,,,
"US1ILCK0139","OAK LAWN 1.1 N, IL US","2020-05-02",,,,,,
"US1ILCK0139","OAK LAWN 1.1 N, IL US","2020-05-03",,,,,,
"US1ILCK0139","OAK LAWN 1.1 N, IL US","2020-05-04",,,,,,
"US1ILCK0139","OAK LAWN 1.1 N, IL US","2020-05-06",,,,,,
"US1ILCK0139","OAK LAWN 1.1 N, IL US","2020-05-07",,,,,,
"US1ILCK0139","OAK LAWN 1.1 N, IL US","2020-05-08",,,,,,
"US1ILCK0139","OAK LAWN 1.1 N, IL US","2020-05-09",,,,,,
"US1ILCK0139","OAK LAWN 1.1 N, IL US","2020-05-10",,,,,,
"US1ILCK0139","OAK LAWN 1.1 N, IL US","2020-05-11",,,,,,
"US1ILCK0139","OAK LAWN 1.1 N, IL US","2020-05-12",,,,,,
"US1ILCK0139","OAK LAWN 1.1 N, IL US","2020-05-13",,,,,,
"US1ILCK0139","OAK LAWN 1.1 N, IL US","2020-05-16",,,,,,
"US1ILCK0139","OAK LAWN 1.1 N, IL US","2020-05-18",,,,,,
"US1ILCK0139","OAK LAWN 1.1 N, IL US","2020-05-22",,,,,,
"US1ILCK0139","OAK LAWN 1.1 N, IL US","2020-05-24",,,,,,
"US1ILCK0139","OAK LAWN 1.1 N, IL US","2020-05-25",,,,,,
"US1ILCK0139","OAK LAWN 1.1 N, IL US","2020-05-26",,,,,,
"US1ILCK0139","OAK LAWN 1.1 N, IL US","2020-05-27",,,,,,
"US1ILCK0139","OAK LAWN 1.1 N, IL US","2020-05-28",,,,,,
"US1ILCK0139","OAK LAWN 1.1 N, IL US","2020-05-29",,,,,,
"US1ILCK0139","OAK LAWN 1.1 N, IL US","2020-05-30",,,,,,
"US1ILCK0139","OAK LAWN 1.1 N, IL US","2020-05-31",,,,,,
"US1ILCK0139","OAK LAWN 1.1 N, IL US","2020-06-01",,,,,,
"US1ILCK0139","OAK LAWN 1.1 N, IL US","2020-06-02",,,,,,
"US1ILCK0139","OAK LAWN 1.1 N, IL US","2020-06-03",,,,,,
"US1ILCK0139","OAK LAWN 1.1 N, IL US","2020-06-04",,,,,,
"US1ILCK0139","OAK LAWN 1.1 N, IL US","2020-06-05",,,,,,
"US1ILCK0139","OAK LAWN 1.1 N, IL US","2020-06-06",,,,,,
"US1ILCK0139","OAK LAWN 1.1 N, IL US","2020-06-07",,,,,,
"US1ILCK0139","OAK LAWN 1.1 N, IL US","2020-06-08",,,,,,
"US1ILCK0139","OAK LAWN 1.1 N, IL US","2020-06-10",,,,,,
"US1ILCK0139","OAK LAWN 1.1 N, IL US","2020-06-11",,,,,,
"US1ILCK0139","OAK LAWN 1.1 N, IL US","2020-06-12",,,,,,
"US1ILCK0139","OAK LAWN 1.1 N, IL US","2020-06-13",,,,,,
"US1ILCK0139","OAK LAWN 1.1 N, IL US","2020-06-14",,,,,,
"US1ILCK0139","OAK LAWN 1.1 N, IL US","2020-06-15",,,,,,
"US1ILCK0139","OAK LAWN 1.1 N, IL US","2020-06-16",,,,,,
"US1ILCK0139","OAK LAWN 1.1 N, IL US","2020-06-17",,,,,,
"US1ILCK0139","OAK LAWN 1.1 N, IL US","2020-06-18",,,,,,
"US1ILCK0139","OAK LAWN 1.1 N, IL US","2020-06-19",,,,,,
"US1ILCK0139","OAK LAWN 1.1 N, IL US","2020-06-20",,,,,,
"US1ILCK0139","OAK LAWN 1.1 N, IL US","2020-06-21",,,,,,
"US1ILCK0139","OAK LAWN 1.1 N, IL US","2020-06-23",,,,,,
"US1ILCK0139","OAK LAWN 1.1 N, IL US","2020-06-24",,,,,,
"US1ILCK0139","OAK LAWN 1.1 N, IL US","2020-06-25",,,,,,
"US1ILCK0139","OAK LAWN 1.1 N, IL US","2020-06-26",,,,,,
"US1ILCK0139","OAK LAWN 1.1 N, IL US","2020-06-27",,,,,,
"US1ILCK0139","OAK LAWN 1.1 N, IL US","2020-06-28",,,,,,
"US1ILCK0139","OAK LAWN 1.1 N, IL US","2020-06-29",,,,,,
"US1ILCK0139","OAK LAWN 1.1 N, IL US","2020-06-30",,,,,,
"US1ILCK0139","OAK LAWN 1.1 N, IL US","2020-07-01",,,,,,
"US1ILCK0139","OAK LAWN 1.1 N, IL US","2020-07-02",,,,,,
"US1ILCK0139","OAK LAWN 1.1 N, IL US","2020-07-03",,,,,,
"US1ILCK0139","OAK LAWN 1.1 N, IL US","2020-07-04",,,,,,
"US1ILCK0139","OAK LAWN 1.1 N, IL US","2020-07-05",,,,,,
"US1ILCK0139","OAK LAWN 1.1 N, IL US","2020-07-06",,,,,,
"US1ILCK0139","OAK LAWN 1.1 N, IL US","2020-07-07",,,,,,
"US1ILCK0139","OAK LAWN 1.1 N, IL US","2020-07-08",,,,,,
"US1ILCK0139","OAK LAWN 1.1 N, IL US","2020-07-09",,,,,,
"US1ILCK0139","OAK LAWN 1.1 N, IL US","2020-07-10",,,,,,
"US1ILCK0139","OAK LAWN 1.1 N, IL US","2020-07-11",,,,,,
"US1ILCK0139","OAK LAWN 1.1 N, IL US","2020-07-12",,,,,,
"US1ILCK0139","OAK LAWN 1.1 N, IL US","2020-07-13",,,,,,
"US1ILCK0139","OAK LAWN 1.1 N, IL US","2020-07-14",,,,,,
"US1ILCK0139","OAK LAWN 1.1 N, IL US","2020-07-15",,,,,,
"US1ILCK0139","OAK LAWN 1.1 N, IL US","2020-07-16",,,,,,
"US1ILCK0139","OAK LAWN 1.1 N, IL US","2020-07-17",,,,,,
"US1ILCK0139","OAK LAWN 1.1 N, IL US","2020-07-18",,,,,,
"US1ILCK0139","OAK LAWN 1.1 N, IL US","2020-07-20",,,,,,
"US1ILCK0139","OAK LAWN 1.1 N, IL US","2020-07-21",,,,,,
"US1ILCK0139","OAK LAWN 1.1 N, IL US","2020-07-22",,,,,,
"US1ILCK0139","OAK LAWN 1.1 N, IL US","2020-07-23",,,,,,
"US1ILCK0139","OAK LAWN 1.1 N, IL US","2020-07-24",,,,,,
"US1ILCK0139","OAK LAWN 1.1 N, IL US","2020-07-25",,,,,,
"US1ILCK0139","OAK LAWN 1.1 N, IL US","2020-07-26",,,,,,
"US1ILCK0139","OAK LAWN 1.1 N, IL US","2020-07-27",,,,,,
"US1ILCK0139","OAK LAWN 1.1 N, IL US","2020-07-29",,,,,,
"US1ILCK0139","OAK LAWN 1.1 N, IL US","2020-07-30",,,,,,
"US1ILCK0139","OAK LAWN 1.1 N, IL US","2020-07-31",,,,,,
"US1ILCK0139","OAK LAWN 1.1 N, IL US","2020-08-02",,,,,,
"US1ILCK0139","OAK LAWN 1.1 N, IL US","2020-08-03",,,,,,
"US1ILCK0139","OAK LAWN 1.1 N, IL US","2020-08-04",,,,,,
"US1ILCK0139","OAK LAWN 1.1 N, IL US","2020-08-05",,,,,,
"US1ILCK0139","OAK LAWN 1.1 N, IL US","2020-08-06",,,,,,
"US1ILCK0139","OAK LAWN 1.1 N, IL US","2020-08-07",,,,,,
"US1ILCK0139","OAK LAWN 1.1 N, IL US","2020-08-08",,,,,,
"US1ILCK0139","OAK LAWN 1.1 N, IL US","2020-08-09",,,,,,
"US1ILCK0139","OAK LAWN 1.1 N, IL US","2020-08-10",,,,,,
"US1ILCK0139","OAK LAWN 1.1 N, IL US","2020-08-11",,,,,,
"US1ILCK0139","OAK LAWN 1.1 N, IL US","2020-08-12",,,,,,
"US1ILCK0139","OAK LAWN 1.1 N, IL US","2020-08-13",,,,,,
"US1ILCK0139","OAK LAWN 1.1 N, IL US","2020-08-14",,,,,,
"US1ILCK0139","OAK LAWN 1.1 N, IL US","2020-08-15",,,,,,
"US1ILCK0139","OAK LAWN 1.1 N, IL US","2020-08-16",,,,,,
"US1ILCK0139","OAK LAWN 1.1 N, IL US","2020-08-17",,,,,,
"US1ILCK0139","OAK LAWN 1.1 N, IL US","2020-08-18",,,,,,
"US1ILCK0139","OAK LAWN 1.1 N, IL US","2020-08-19",,,,,,
"US1ILCK0139","OAK LAWN 1.1 N, IL US","2020-08-20",,,,,,
"US1ILCK0139","OAK LAWN 1.1 N, IL US","2020-08-21",,,,,,
"US1ILCK0139","OAK LAWN 1.1 N, IL US","2020-08-22",,,,,,
"US1ILCK0139","OAK LAWN 1.1 N, IL US","2020-08-23",,,,,,
"US1ILCK0139","OAK LAWN 1.1 N, IL US","2020-08-24",,,,,,
"US1ILCK0139","OAK LAWN 1.1 N, IL US","2020-08-25",,,,,,
"US1ILCK0139","OAK LAWN 1.1 N, IL US","2020-08-26",,,,,,
"US1ILCK0139","OAK LAWN 1.1 N, IL US","2020-08-27",,,,,,
"US1ILCK0139","OAK LAWN 1.1 N, IL US","2020-08-28",,,,,,
"US1ILCK0139","OAK LAWN 1.1 N, IL US","2020-08-29",,,,,,
"US1ILCK0139","OAK LAWN 1.1 N, IL US","2020-08-30",,,,,,
"US1ILCK0139","OAK LAWN 1.1 N, IL US","2020-08-31",,,,,,
"US1ILCK0139","OAK LAWN 1.1 N, IL US","2020-09-01",,,,,,
"US1ILCK0139","OAK LAWN 1.1 N, IL US","2020-09-02",,,,,,
"US1ILCK0139","OAK LAWN 1.1 N, IL US","2020-09-03",,,,,,
"US1ILCK0139","OAK LAWN 1.1 N, IL US","2020-09-04",,,,,,
"US1ILCK0139","OAK LAWN 1.1 N, IL US","2020-09-05",,,,,,
"US1ILDP0139","WESTMONT 1.1 SSW, IL US","2019-10-01",,,,,,
"US1ILDP0139","WESTMONT 1.1 SSW, IL US","2019-10-02",,,,,,
"US1ILDP0139","WESTMONT 1.1 SSW, IL US","2019-10-03",,,,,,
"US1ILDP0139","WESTMONT 1.1 SSW, IL US","2019-10-04",,,,,,
"US1ILDP0139","WESTMONT 1.1 SSW, IL US","2019-10-05",,,,,,
"US1ILDP0139","WESTMONT 1.1 SSW, IL US","2019-10-07",,,,,,
"US1ILDP0139","WESTMONT 1.1 SSW, IL US","2019-10-08",,,,,,
"US1ILDP0139","WESTMONT 1.1 SSW, IL US","2019-10-09",,,,,,
"US1ILDP0139","WESTMONT 1.1 SSW, IL US","2019-10-10",,,,,,
"US1ILDP0139","WESTMONT 1.1 SSW, IL US","2019-10-11",,,,,,
"US1ILDP0139","WESTMONT 1.1 SSW, IL US","2019-10-12",,,,,,
"US1ILDP0139","WESTMONT 1.1 SSW, IL US","2019-10-13",,,,,,
"US1ILDP0139","WESTMONT 1.1 SSW, IL US","2019-10-14",,,,,,
"US1ILDP0139","WESTMONT 1.1 SSW, IL US","2019-10-15",,,,,,
"US1ILDP0139","WESTMONT 1.1 SSW, IL US","2019-10-16",,,,,,
"US1ILDP0139","WESTMONT 1.1 SSW, IL US","2019-10-17",,,,,,
"US1ILDP0139","WESTMONT 1.1 SSW, IL US","2019-10-18",,,,,,
"US1ILDP0139","WESTMONT 1.1 SSW, IL US","2019-10-19",,,,,,
"US1ILDP0139","WESTMONT 1.1 SSW, IL US","2019-10-20",,,,,,
"US1ILDP0139","WESTMONT 1.1 SSW, IL US","2019-10-21",,,,,,
"US1ILDP0139","WESTMONT 1.1 SSW, IL US","2019-10-22",,,,,,
"US1ILDP0139","WESTMONT 1.1 SSW, IL US","2019-10-23",,,,,,
"US1ILDP0139","WESTMONT 1.1 SSW, IL US","2019-10-24",,,,,,
"US1ILDP0139","WESTMONT 1.1 SSW, IL US","2019-10-25",,,,,,
"US1ILDP0139","WESTMONT 1.1 SSW, IL US","2019-10-26",,,,,,
"US1ILDP0139","WESTMONT 1.1 SSW, IL US","2019-10-27",,,,,,
"US1ILDP0139","WESTMONT 1.1 SSW, IL US","2019-10-28",,,,,,
"US1ILDP0139","WESTMONT 1.1 SSW, IL US","2019-10-29",,,,,,
"US1ILDP0139","WESTMONT 1.1 SSW, IL US","2019-10-30",,,,,,
"US1ILDP0139","WESTMONT 1.1 SSW, IL US","2019-11-01",,,,,,
"US1ILDP0139","WESTMONT 1.1 SSW, IL US","2019-11-02",,,,,,
"US1ILDP0139","WESTMONT 1.1 SSW, IL US","2019-11-03",,,,,,
"US1ILDP0139","WESTMONT 1.1 SSW, IL US","2019-11-04",,,,,,
"US1ILDP0139","WESTMONT 1.1 SSW, IL US","2019-11-05",,,,,,
"US1ILDP0139","WESTMONT 1.1 SSW, IL US","2019-11-06",,,,,,
"US1ILDP0139","WESTMONT 1.1 SSW, IL US","2019-11-07",,,,,,
"US1ILDP0139","WESTMONT 1.1 SSW, IL US","2019-11-08",,,,,,
"US1ILDP0139","WESTMONT 1.1 SSW, IL US","2019-11-09",,,,,,
"US1ILDP0139","WESTMONT 1.1 SSW, IL US","2019-11-10",,,,,,
"US1ILDP0139","WESTMONT 1.1 SSW, IL US","2019-11-12",,,,,,
"US1ILDP0139","WESTMONT 1.1 SSW, IL US","2019-11-13",,,,,,
"US1ILDP0139","WESTMONT 1.1 SSW, IL US","2019-11-14",,,,,,
"US1ILDP0139","WESTMONT 1.1 SSW, IL US","2019-11-15",,,,,,
"US1ILDP0139","WESTMONT 1.1 SSW, IL US","2019-11-16",,,,,,
"US1ILDP0139","WESTMONT 1.1 SSW, IL US","2019-11-17",,,,,,
"US1ILDP0139","WESTMONT 1.1 SSW, IL US","2019-11-18",,,,,,
"US1ILDP0139","WESTMONT 1.1 SSW, IL US","2019-11-19",,,,,,
"US1ILDP0139","WESTMONT 1.1 SSW, IL US","2019-11-20",,,,,,
"US1ILDP0139","WESTMONT 1.1 SSW, IL US","2019-11-21",,,,,,
"US1ILDP0139","WESTMONT 1.1 SSW, IL US","2019-11-22",,,,,,
"US1ILDP0139","WESTMONT 1.1 SSW, IL US","2019-11-23",,,,,,
"US1ILDP0139","WESTMONT 1.1 SSW, IL US","2019-11-24",,,,,,
"US1ILDP0139","WESTMONT 1.1 SSW, IL US","2019-11-25",,,,,,
"US1ILDP0139","WESTMONT 1.1 SSW, IL US","2019-11-26",,,,,,
"US1ILDP0139","WESTMONT 1.1 SSW, IL US","2019-11-27",,,,,,
"US1ILDP0139","WESTMONT 1.1 SSW, IL US","2019-12-02",,,,,,
"US1ILDP0139","WESTMONT 1.1 SSW, IL US","2019-12-03",,,,,,
"US1ILDP0139","WESTMONT 1.1 SSW, IL US","2019-12-04",,,,,,
"US1ILDP0139","WESTMONT 1.1 SSW, IL US","2019-12-05",,,,,,
"US1ILDP0139","WESTMONT 1.1 SSW, IL US","2019-12-06",,,,,,
"US1ILDP0139","WESTMONT 1.1 SSW, IL US","2019-12-07",,,,,,
"US1ILDP0139","WESTMONT 1.1 SSW, IL US","2019-12-08",,,,,,
"US1ILDP0139","WESTMONT 1.1 SSW, IL US","2019-12-13",,,,,,
"US1ILDP0139","WESTMONT 1.1 SSW, IL US","2019-12-16",,,,,,
"US1ILDP0139","WESTMONT 1.1 SSW, IL US","2019-12-17",,,,,,
"US1ILDP0139","WESTMONT 1.1 SSW, IL US","2019-12-18",,,,,,
"US1ILDP0139","WESTMONT 1.1 SSW, IL US","2019-12-19",,,,,,
"US1ILDP0139","WESTMONT 1.1 SSW, IL US","2019-12-20",,,,,,
"US1ILDP0139","WESTMONT 1.1 SSW, IL US","2019-12-21",,,,,,
"US1ILDP0139","WESTMONT 1.1 SSW, IL US","2019-12-22",,,,,,
"US1ILDP0139","WESTMONT 1.1 SSW, IL US","2019-12-23",,,,,,
"US1ILDP0139","WESTMONT 1.1 SSW, IL US","2019-12-24",,,,,,
"US1ILDP0139","WESTMONT 1.1 SSW, IL US","2019-12-25",,,,,,
"US1ILDP0139","WESTMONT 1.1 SSW, IL US","2019-12-26",,,,,,
"US1ILDP0139","WESTMONT 1.1 SSW, IL US","2019-12-27",,,,,,
"US1ILDP0139","WESTMONT 1.1 SSW, IL US","2019-12-30",,,,,,
"US1ILDP0139","WESTMONT 1.1 SSW, IL US","2019-12-31",,,,,,
"US1ILDP0139","WESTMONT 1.1 SSW, IL US","2020-01-01",,,,,,
"US1ILDP0139","WESTMONT 1.1 SSW, IL US","2020-01-02",,,,,,
"US1ILDP0139","WESTMONT 1.1 SSW, IL US","2020-01-03",,,,,,
"US1ILDP0139","WESTMONT 1.1 SSW, IL US","2020-01-06",,,,,,
"US1ILDP0139","WESTMONT 1.1 SSW, IL US","2020-01-07",,,,,,
"US1ILDP0139","WESTMONT 1.1 SSW, IL US","2020-01-08",,,,,,
"US1ILDP0139","WESTMONT 1.1 SSW, IL US","2020-01-09",,,,,,
"US1ILDP0139","WESTMONT 1.1 SSW, IL US","2020-01-10",,,,,,
"US1ILDP0139","WESTMONT 1.1 SSW, IL US","2020-01-13",,,,,,
"US1ILDP0139","WESTMONT 1.1 SSW, IL US","2020-01-14",,,,,,
"US1ILDP0139","WESTMONT 1.1 SSW, IL US","2020-01-15",,,,,,
"US1ILDP0139","WESTMONT 1.1 SSW, IL US","2020-01-16",,,,,,
"US1ILDP0139","WESTMONT 1.1 SSW, IL US","2020-01-17",,,,,,
"US1ILDP0139","WESTMONT 1.1 SSW, IL US","2020-01-21",,,,,,
"US1ILDP0139","WESTMONT 1.1 SSW, IL US","2020-01-23",,,,,,
"US1ILDP0139","WESTMONT 1.1 SSW, IL US","2020-01-24",,,,,,
"US1ILDP0139","WESTMONT 1.1 SSW, IL US","2020-01-27",,,,,,
"US1ILDP0139","WESTMONT 1.1 SSW, IL US","2020-01-28",,,,,,
"US1ILDP0139","WESTMONT 1.1 SSW, IL US","2020-01-29",,,,,,
"US1ILDP0139","WESTMONT 1.1 SSW, IL US","2020-01-30",,,,,,
"US1ILDP0139","WESTMONT 1.1 SSW, IL US","2020-01-31",,,,,,
"US1ILDP0139","WESTMONT 1.1 SSW, IL US","2020-02-03",,,,,,
"US1ILDP0139","WESTMONT 1.1 SSW, IL US","2020-02-04",,,,,,
"US1ILDP0139","WESTMONT 1.1 SSW, IL US","2020-02-05",,,,,,
"US1ILDP0139","WESTMONT 1.1 SSW, IL US","2020-02-06",,,,,,
"US1ILDP0139","WESTMONT 1.1 SSW, IL US","2020-02-07",,,,,,
"US1ILDP0139","WESTMONT 1.1 SSW, IL US","2020-02-10",,,,,,
"US1ILDP0139","WESTMONT 1.1 SSW, IL US","2020-02-11",,,,,,
"US1ILDP0139","WESTMONT 1.1 SSW, IL US","2020-02-12",,,,,,
"US1ILDP0139","WESTMONT 1.1 SSW, IL US","2020-02-13",,,,,,
"US1ILDP0139","WESTMONT 1.1 SSW, IL US","2020-02-14",,,,,,
"US1ILDP0139","WESTMONT 1.1 SSW, IL US","2020-02-15",,,,,,
"US1ILDP0139","WESTMONT 1.1 SSW, IL US","2020-02-16",,,,,,
"US1ILDP0139","WESTMONT 1.1 SSW, IL US","2020-02-18",,,,,,
"US1ILDP0139","WESTMONT 1.1 SSW, IL US","2020-02-19",,,,,,
"US1ILDP0139","WESTMONT 1.1 SSW, IL US","2020-02-20",,,,,,
"US1ILDP0139","WESTMONT 1.1 SSW, IL US","2020-02-21",,,,,,
"US1ILDP0139","WESTMONT 1.1 SSW, IL US","2020-02-24",,,,,,
"US1ILDP0139","WESTMONT 1.1 SSW, IL US","2020-02-25",,,,,,
"US1ILDP0139","WESTMONT 1.1 SSW, IL US","2020-02-26",,,,,,
"US1ILDP0139","WESTMONT 1.1 SSW, IL US","2020-02-27",,,,,,
"US1ILDP0139","WESTMONT 1.1 SSW, IL US","2020-02-28",,,,,,
"US1ILDP0139","WESTMONT 1.1 SSW, IL US","2020-02-29",,,,,,
"US1ILDP0139","WESTMONT 1.1 SSW, IL US","2020-03-02",,,,,,
"US1ILDP0139","WESTMONT 1.1 SSW, IL US","2020-03-03",,,,,,
"US1ILDP0139","WESTMONT 1.1 SSW, IL US","2020-03-04",,,,,,
"US1ILDP0139","WESTMONT 1.1 SSW, IL US","2020-03-05",,,,,,
"US1ILDP0139","WESTMONT 1.1 SSW, IL US","2020-03-06",,,,,,
"US1ILDP0139","WESTMONT 1.1 SSW, IL US","2020-03-07",,,,,,
"US1ILDP0139","WESTMONT 1.1 SSW, IL US","2020-03-08",,,,,,
"US1ILDP0139","WESTMONT 1.1 SSW, IL US","2020-03-09",,,,,,
"US1ILDP0139","WESTMONT 1.1 SSW, IL US","2020-03-10",,,,,,
"US1ILDP0139","WESTMONT 1.1 SSW, IL US","2020-03-11",,,,,,
"US1ILDP0139","WESTMONT 1.1 SSW, IL US","2020-03-12",,,,,,
"US1ILDP0139","WESTMONT 1.1 SSW, IL US","2020-03-13",,,,,,
"US1ILDP0139","WESTMONT 1.1 SSW, IL US","2020-03-16",,,,,,
"US1ILDP0139","WESTMONT 1.1 SSW, IL US","2020-03-17",,,,,,
"US1ILDP0139","WESTMONT 1.1 SSW, IL US","2020-03-18",,,,,,
"US1ILDP0139","WESTMONT 1.1 SSW, IL US","2020-03-19",,,,,,
"US1ILDP0139","WESTMONT 1.1 SSW, IL US","2020-03-20",,,,,,
"US1ILDP0139","WESTMONT 1.1 SSW, IL US","2020-03-21",,,,,,
"US1ILDP0139","WESTMONT 1.1 SSW, IL US","2020-03-22",,,,,,
"US1ILDP0139","WESTMONT 1.1 SSW, IL US","2020-03-23",,,,,,
"US1ILDP0139","WESTMONT 1.1 SSW, IL US","2020-03-24",,,,,,
"US1ILDP0139","WESTMONT 1.1 SSW, IL US","2020-03-25",,,,,,
"US1ILDP0139","WESTMONT 1.1 SSW, IL US","2020-03-26",,,,,,
"US1ILDP0139","WESTMONT 1.1 SSW, IL US","2020-03-27",,,,,,
"US1ILDP0139","WESTMONT 1.1 SSW, IL US","2020-03-30",,,,,,
"US1ILDP0139","WESTMONT 1.1 SSW, IL US","2020-03-31",,,,,,
"US1ILDP0139","WESTMONT 1.1 SSW, IL US","2020-04-01",,,,,,
"US1ILDP0139","WESTMONT 1.1 SSW, IL US","2020-04-02",,,,,,
"US1ILDP0139","WESTMONT 1.1 SSW, IL US","2020-04-03",,,,,,
"US1ILDP0139","WESTMONT 1.1 SSW, IL US","2020-04-06",,,,,,
"US1ILDP0139","WESTMONT 1.1 SSW, IL US","2020-04-07",,,,,,
"US1ILDP0139","WESTMONT 1.1 SSW, IL US","2020-04-08",,,,,,
"US1ILDP0139","WESTMONT 1.1 SSW, IL US","2020-04-09",,,,,,
"US1ILDP0139","WESTMONT 1.1 SSW, IL US","2020-04-10",,,,,,
"US1ILDP0139","WESTMONT 1.1 SSW, IL US","2020-04-13",,,,,,
"US1ILDP0139","WESTMONT 1.1 SSW, IL US","2020-04-14",,,,,,
"US1ILDP0139","WESTMONT 1.1 SSW, IL US","2020-04-15",,,,,,
"US1ILDP0139","WESTMONT 1.1 SSW, IL US","2020-04-16",,,,,,
"US1ILDP0139","WESTMONT 1.1 SSW, IL US","2020-04-17",,,,,,
"US1ILDP0139","WESTMONT 1.1 SSW, IL US","2020-04-20",,,,,,
"US1ILDP0139","WESTMONT 1.1 SSW, IL US","2020-04-21",,,,,,
"US1ILDP0139","WESTMONT 1.1 SSW, IL US","2020-04-22",,,,,,
"US1ILDP0139","WESTMONT 1.1 SSW, IL US","2020-04-23",,,,,,
"US1ILDP0139","WESTMONT 1.1 SSW, IL US","2020-04-24",,,,,,
"US1ILDP0139","WESTMONT 1.1 SSW, IL US","2020-04-27",,,,,,
"US1ILDP0139","WESTMONT 1.1 SSW, IL US","2020-04-28",,,,,,
"US1ILDP0139","WESTMONT 1.1 SSW, IL US","2020-04-29",,,,,,
"US1ILDP0139","WESTMONT 1.1 SSW, IL US","2020-04-30",,,,,,
"US1ILDP0139","WESTMONT 1.1 SSW, IL US","2020-05-01",,,,,,
"US1ILDP0139","WESTMONT 1.1 SSW, IL US","2020-05-02",,,,,,
"US1ILDP0139","WESTMONT 1.1 SSW, IL US","2020-05-03",,,,,,
"US1ILDP0139","WESTMONT 1.1 SSW, IL US","2020-05-04",,,,,,
"US1ILDP0139","WESTMONT 1.1 SSW, IL US","2020-05-05",,,,,,
"US1ILDP0139","WESTMONT 1.1 SSW, IL US","2020-05-06",,,,,,
"US1ILDP0139","WESTMONT 1.1 SSW, IL US","2020-05-07",,,,,,
"US1ILDP0139","WESTMONT 1.1 SSW, IL US","2020-05-08",,,,,,
"US1ILDP0139","WESTMONT 1.1 SSW, IL US","2020-05-09",,,,,,
"US1ILDP0139","WESTMONT 1.1 SSW, IL US","2020-05-11",,,,,,
"US1ILDP0139","WESTMONT 1.1 SSW, IL US","2020-05-12",,,,,,
"US1ILDP0139","WESTMONT 1.1 SSW, IL US","2020-05-13",,,,,,
"US1ILDP0139","WESTMONT 1.1 SSW, IL US","2020-05-14",,,,,,
"US1ILDP0139","WESTMONT 1.1 SSW, IL US","2020-05-15",,,,,,
"US1ILDP0139","WESTMONT 1.1 SSW, IL US","2020-05-16",,,,,,
"US1ILDP0139","WESTMONT 1.1 SSW, IL US","2020-05-18",,,,,,
"US1ILDP0139","WESTMONT 1.1 SSW, IL US","2020-05-19",,,,,,
"US1ILDP0139","WESTMONT 1.1 SSW, IL US","2020-05-20",,,,,,
"US1ILDP0139","WESTMONT 1.1 SSW, IL US","2020-05-21",,,,,,
"US1ILDP0139","WESTMONT 1.1 SSW, IL US","2020-05-22",,,,,,
"US1ILDP0139","WESTMONT 1.1 SSW, IL US","2020-05-26",,,,,,
"US1ILDP0139","WESTMONT 1.1 SSW, IL US","2020-05-28",,,,,,
"US1ILDP0139","WESTMONT 1.1 SSW, IL US","2020-05-29",,,,,,
"US1ILDP0139","WESTMONT 1.1 SSW, IL US","2020-05-30",,,,,,
"US1ILDP0139","WESTMONT 1.1 SSW, IL US","2020-05-31",,,,,,
"US1ILDP0139","WESTMONT 1.1 SSW, IL US","2020-06-01",,,,,,
"US1ILDP0139","WESTMONT 1.1 SSW, IL US","2020-06-02",,,,,,
"US1ILDP0139","WESTMONT 1.1 SSW, IL US","2020-06-03",,,,,,
"US1ILDP0139","WESTMONT 1.1 SSW, IL US","2020-06-04",,,,,,
"US1ILDP0139","WESTMONT 1.1 SSW, IL US","2020-06-05",,,,,,
"US1ILDP0139","WESTMONT 1.1 SSW, IL US","2020-06-06",,,,,,
"US1ILDP0139","WESTMONT 1.1 SSW, IL US","2020-06-07",,,,,,
"US1ILDP0139","WESTMONT 1.1 SSW, IL US","2020-06-08",,,,,,
"US1ILDP0139","WESTMONT 1.1 SSW, IL US","2020-06-09",,,,,,
"US1ILDP0139","WESTMONT 1.1 SSW, IL US","2020-06-10",,,,,,
"US1ILDP0139","WESTMONT 1.1 SSW, IL US","2020-06-11",,,,,,
"US1ILDP0139","WESTMONT 1.1 SSW, IL US","2020-06-13",,,,,,
"US1ILDP0139","WESTMONT 1.1 SSW, IL US","2020-06-14",,,,,,
"US1ILDP0139","WESTMONT 1.1 SSW, IL US","2020-06-15",,,,,,
"US1ILDP0139","WESTMONT 1.1 SSW, IL US","2020-06-16",,,,,,
"US1ILDP0139","WESTMONT 1.1 SSW, IL US","2020-06-17",,,,,,
"US1ILDP0139","WESTMONT 1.1 SSW, IL US","2020-06-18",,,,,,
"US1ILDP0139","WESTMONT 1.1 SSW, IL US","2020-06-19",,,,,,
"US1ILDP0139","WESTMONT 1.1 SSW, IL US","2020-06-20",,,,,,
"US1ILDP0139","WESTMONT 1.1 SSW, IL US","2020-06-22",,,,,,
"US1ILDP0139","WESTMONT 1.1 SSW, IL US","2020-06-23",,,,,,
"US1ILDP0139","WESTMONT 1.1 SSW, IL US","2020-06-24",,,,,,
"US1ILDP0139","WESTMONT 1.1 SSW, IL US","2020-06-25",,,,,,
"US1ILDP0139","WESTMONT 1.1 SSW, IL US","2020-06-28",,,,,,
"US1ILDP0139","WESTMONT 1.1 SSW, IL US","2020-06-29",,,,,,
"US1ILDP0139","WESTMONT 1.1 SSW, IL US","2020-06-30",,,,,,
"US1ILDP0139","WESTMONT 1.1 SSW, IL US","2020-07-01",,,,,,
"US1ILDP0139","WESTMONT 1.1 SSW, IL US","2020-07-02",,,,,,
"US1ILDP0139","WESTMONT 1.1 SSW, IL US","2020-07-03",,,,,,
"US1ILDP0139","WESTMONT 1.1 SSW, IL US","2020-07-04",,,,,,
"US1ILDP0139","WESTMONT 1.1 SSW, IL US","2020-07-05",,,,,,
"US1ILDP0139","WESTMONT 1.1 SSW, IL US","2020-07-06",,,,,,
"US1ILDP0139","WESTMONT 1.1 SSW, IL US","2020-07-07",,,,,,
"US1ILDP0139","WESTMONT 1.1 SSW, IL US","2020-07-08",,,,,,
"US1ILDP0139","WESTMONT 1.1 SSW, IL US","2020-07-09",,,,,,
"US1ILDP0139","WESTMONT 1.1 SSW, IL US","2020-07-10",,,,,,
"US1ILDP0139","WESTMONT 1.1 SSW, IL US","2020-07-11",,,,,,
"US1ILDP0139","WESTMONT 1.1 SSW, IL US","2020-07-16",,,,,,
"US1ILDP0139","WESTMONT 1.1 SSW, IL US","2020-07-17",,,,,,
"US1ILDP0139","WESTMONT 1.1 SSW, IL US","2020-07-18",,,,,,
"US1ILDP0139","WESTMONT 1.1 SSW, IL US","2020-07-20",,,,,,
"US1ILDP0139","WESTMONT 1.1 SSW, IL US","2020-07-22",,,,,,
"US1ILDP0139","WESTMONT 1.1 SSW, IL US","2020-07-23",,,,,,
"US1ILDP0139","WESTMONT 1.1 SSW, IL US","2020-07-24",,,,,,
"US1ILDP0139","WESTMONT 1.1 SSW, IL US","2020-07-25",,,,,,
"US1ILDP0139","WESTMONT 1.1 SSW, IL US","2020-07-26",,,,,,
"US1ILDP0139","WESTMONT 1.1 SSW, IL US","2020-07-27",,,,,,
"US1ILDP0139","WESTMONT 1.1 SSW, IL US","2020-07-28",,,,,,
"US1ILDP0139","WESTMONT 1.1 SSW, IL US","2020-07-29",,,,,,
"US1ILDP0139","WESTMONT 1.1 SSW, IL US","2020-07-30",,,,,,
"US1ILDP0139","WESTMONT 1.1 SSW, IL US","2020-07-31",,,,,,
"US1ILDP0139","WESTMONT 1.1 SSW, IL US","2020-08-01",,,,,,
"US1ILDP0139","WESTMONT 1.1 SSW, IL US","2020-08-02",,,,,,
"US1ILDP0139","WESTMONT 1.1 SSW, IL US","2020-08-03",,,,,,
"US1ILDP0139","WESTMONT 1.1 SSW, IL US","2020-08-04",,,,,,
"US1ILDP0139","WESTMONT 1.1 SSW, IL US","2020-08-05",,,,,,
"US1ILDP0139","WESTMONT 1.1 SSW, IL US","2020-08-06",,,,,,
"US1ILDP0139","WESTMONT 1.1 SSW, IL US","2020-08-07",,,,,,
"US1ILDP0139","WESTMONT 1.1 SSW, IL US","2020-08-08",,,,,,
"US1ILDP0139","WESTMONT 1.1 SSW, IL US","2020-08-09",,,,,,
"US1ILDP0139","WESTMONT 1.1 SSW, IL US","2020-08-10",,,,,,
"US1ILDP0139","WESTMONT 1.1 SSW, IL US","2020-08-11",,,,,,
"US1ILDP0139","WESTMONT 1.1 SSW, IL US","2020-08-12",,,,,,
"US1ILDP0139","WESTMONT 1.1 SSW, IL US","2020-08-13",,,,,,
"US1ILDP0139","WESTMONT 1.1 SSW, IL US","2020-08-14",,,,,,
"US1ILDP0139","WESTMONT 1.1 SSW, IL US","2020-08-15",,,,,,
"US1ILDP0139","WESTMONT 1.1 SSW, IL US","2020-08-16",,,,,,
"US1ILDP0139","WESTMONT 1.1 SSW, IL US","2020-08-17",,,,,,
"US1ILDP0139","WESTMONT 1.1 SSW, IL US","2020-08-18",,,,,,
"US1ILDP0139","WESTMONT 1.1 SSW, IL US","2020-08-19",,,,,,
"US1ILDP0139","WESTMONT 1.1 SSW, IL US","2020-08-20",,,,,,
"US1ILDP0139","WESTMONT 1.1 SSW, IL US","2020-08-21",,,,,,
"US1ILDP0139","WESTMONT 1.1 SSW, IL US","2020-08-22",,,,,,
"US1ILDP0139","WESTMONT 1.1 SSW, IL US","2020-08-23",,,,,,
"US1ILDP0139","WESTMONT 1.1 SSW, IL US","2020-08-24",,,,,,
"US1ILDP0139","WESTMONT 1.1 SSW, IL US","2020-08-25",,,,,,
"US1ILDP0139","WESTMONT 1.1 SSW, IL US","2020-08-26",,,,,,
"US1ILDP0139","WESTMONT 1.1 SSW, IL US","2020-08-27",,,,,,
"US1ILDP0139","WESTMONT 1.1 SSW, IL US","2020-08-28",,,,,,
"US1ILDP0139","WESTMONT 1.1 SSW, IL US","2020-08-29",,,,,,
"US1ILDP0139","WESTMONT 1.1 SSW, IL US","2020-08-30",,,,,,
"US1ILDP0139","WESTMONT 1.1 SSW, IL US","2020-08-31",,,,,,
"US1ILDP0139","WESTMONT 1.1 SSW, IL US","2020-09-01",,,,,,
"US1ILDP0139","WESTMONT 1.1 SSW, IL US","2020-09-02",,,,,,
"US1ILDP0139","WESTMONT 1.1 SSW, IL US","2020-09-03",,,,,,
"US1ILDP0139","WESTMONT 1.1 SSW, IL US","2020-09-04",,,,,,
"US1ILDP0139","WESTMONT 1.1 SSW, IL US","2020-09-05",,,,,,
"US1ILDP0139","WESTMONT 1.1 SSW, IL US","2020-09-06",,,,,,
"US1ILDP0139","WESTMONT 1.1 SSW, IL US","2020-09-07",,,,,,
"US1ILDP0139","WESTMONT 1.1 SSW, IL US","2020-09-08",,,,,,
"US1ILCK0145","OAK PARK 1.5 S, IL US","2019-10-01",,,,,,
"US1ILCK0145","OAK PARK 1.5 S, IL US","2019-10-02",,,,,,
"US1ILCK0145","OAK PARK 1.5 S, IL US","2019-10-03",,,,,,
"US1ILCK0145","OAK PARK 1.5 S, IL US","2019-10-04",,,,,,
"US1ILCK0145","OAK PARK 1.5 S, IL US","2019-10-05",,,,,,
"US1ILCK0145","OAK PARK 1.5 S, IL US","2019-10-06",,,,,,
"US1ILCK0145","OAK PARK 1.5 S, IL US","2019-10-07",,,,,,
"US1ILCK0145","OAK PARK 1.5 S, IL US","2019-10-08",,,,,,
"US1ILCK0145","OAK PARK 1.5 S, IL US","2019-10-09",,,,,,
"US1ILCK0145","OAK PARK 1.5 S, IL US","2019-10-10",,,,,,
"US1ILCK0145","OAK PARK 1.5 S, IL US","2019-10-11",,,,,,
"US1ILCK0145","OAK PARK 1.5 S, IL US","2019-10-12",,,,,,
"US1ILCK0145","OAK PARK 1.5 S, IL US","2019-10-13",,,,,,
"US1ILCK0145","OAK PARK 1.5 S, IL US","2019-10-14",,,,,,
"US1ILCK0145","OAK PARK 1.5 S, IL US","2019-10-15",,,,,,
"US1ILCK0145","OAK PARK 1.5 S, IL US","2019-10-16",,,,,,
"US1ILCK0145","OAK PARK 1.5 S, IL US","2019-10-17",,,,,,
"US1ILCK0145","OAK PARK 1.5 S, IL US","2019-10-18",,,,,,
"US1ILCK0145","OAK PARK 1.5 S, IL US","2019-10-19",,,,,,
"US1ILCK0145","OAK PARK 1.5 S, IL US","2019-10-20",,,,,,
"US1ILCK0145","OAK PARK 1.5 S, IL US","2019-10-21",,,,,,
"US1ILCK0145","OAK PARK 1.5 S, IL US","2019-10-22",,,,,,
"US1ILCK0145","OAK PARK 1.5 S, IL US","2019-10-23",,,,,,
"US1ILCK0145","OAK PARK 1.5 S, IL US","2019-10-24",,,,,,
"US1ILCK0145","OAK PARK 1.5 S, IL US","2019-10-25",,,,,,
"US1ILCK0145","OAK PARK 1.5 S, IL US","2019-10-26",,,,,,
"US1ILCK0145","OAK PARK 1.5 S, IL US","2019-10-27",,,,,,
"US1ILCK0145","OAK PARK 1.5 S, IL US","2019-10-28",,,,,,
"US1ILCK0145","OAK PARK 1.5 S, IL US","2019-10-29",,,,,,
"US1ILCK0145","OAK PARK 1.5 S, IL US","2019-10-30",,,,,,
"US1ILCK0145","OAK PARK 1.5 S, IL US","2019-10-31",,,,,,
"US1ILCK0145","OAK PARK 1.5 S, IL US","2019-11-01",,,,,,
"US1ILCK0145","OAK PARK 1.5 S, IL US","2019-11-02",,,,,,
"US1ILCK0145","OAK PARK 1.5 S, IL US","2019-11-03",,,,,,
"US1ILCK0145","OAK PARK 1.5 S, IL US","2019-11-04",,,,,,
"US1ILCK0145","OAK PARK 1.5 S, IL US","2019-11-05",,,,,,
"US1ILCK0145","OAK PARK 1.5 S, IL US","2019-11-06",,,,,,
"US1ILCK0145","OAK PARK 1.5 S, IL US","2019-11-07",,,,,,
"US1ILCK0145","OAK PARK 1.5 S, IL US","2019-11-09",,,,,,
"US1ILCK0145","OAK PARK 1.5 S, IL US","2019-11-10",,,,,,
"US1ILCK0145","OAK PARK 1.5 S, IL US","2019-11-11",,,,,,
"US1ILCK0145","OAK PARK 1.5 S, IL US","2019-11-12",,,,,,
"US1ILCK0145","OAK PARK 1.5 S, IL US","2019-11-13",,,,,,
"US1ILCK0145","OAK PARK 1.5 S, IL US","2019-11-14",,,,,,
"US1ILCK0145","OAK PARK 1.5 S, IL US","2019-11-15",,,,,,
"US1ILCK0145","OAK PARK 1.5 S, IL US","2019-11-16",,,,,,
"US1ILCK0145","OAK PARK 1.5 S, IL US","2019-11-17",,,,,,
"US1ILCK0145","OAK PARK 1.5 S, IL US","2019-11-18",,,,,,
"US1ILCK0145","OAK PARK 1.5 S, IL US","2019-11-19",,,,,,
"US1ILCK0145","OAK PARK 1.5 S, IL US","2019-11-20",,,,,,
"US1ILCK0145","OAK PARK 1.5 S, IL US","2019-11-21",,,,,,
"US1ILCK0145","OAK PARK 1.5 S, IL US","2019-11-22",,,,,,
"US1ILCK0145","OAK PARK 1.5 S, IL US","2019-11-23",,,,,,
"US1ILCK0145","OAK PARK 1.5 S, IL US","2019-11-24",,,,,,
"US1ILCK0145","OAK PARK 1.5 S, IL US","2019-11-25",,,,,,
"US1ILCK0145","OAK PARK 1.5 S, IL US","2019-11-26",,,,,,
"US1ILCK0145","OAK PARK 1.5 S, IL US","2019-11-27",,,,,,
"US1ILCK0145","OAK PARK 1.5 S, IL US","2019-11-28",,,,,,
"US1ILCK0145","OAK PARK 1.5 S, IL US","2019-11-29",,,,,,
"US1ILCK0145","OAK PARK 1.5 S, IL US","2019-11-30",,,,,,
"US1ILCK0145","OAK PARK 1.5 S, IL US","2019-12-01",,,,,,
"US1ILCK0145","OAK PARK 1.5 S, IL US","2019-12-02",,,,,,
"US1ILCK0145","OAK PARK 1.5 S, IL US","2019-12-03",,,,,,
"US1ILCK0145","OAK PARK 1.5 S, IL US","2019-12-04",,,,,,
"US1ILCK0145","OAK PARK 1.5 S, IL US","2019-12-05",,,,,,
"US1ILCK0145","OAK PARK 1.5 S, IL US","2019-12-06",,,,,,
"US1ILCK0145","OAK PARK 1.5 S, IL US","2019-12-07",,,,,,
"US1ILCK0145","OAK PARK 1.5 S, IL US","2019-12-08",,,,,,
"US1ILCK0145","OAK PARK 1.5 S, IL US","2019-12-09",,,,,,
"US1ILCK0145","OAK PARK 1.5 S, IL US","2019-12-10",,,,,,
"US1ILCK0145","OAK PARK 1.5 S, IL US","2019-12-11",,,,,,
"US1ILCK0145","OAK PARK 1.5 S, IL US","2019-12-12",,,,,,
"US1ILCK0145","OAK PARK 1.5 S, IL US","2019-12-13",,,,,,
"US1ILCK0145","OAK PARK 1.5 S, IL US","2019-12-14",,,,,,
"US1ILCK0145","OAK PARK 1.5 S, IL US","2019-12-15",,,,,,
"US1ILCK0145","OAK PARK 1.5 S, IL US","2019-12-16",,,,,,
"US1ILCK0145","OAK PARK 1.5 S, IL US","2019-12-17",,,,,,
"US1ILCK0145","OAK PARK 1.5 S, IL US","2019-12-18",,,,,,
"US1ILCK0145","OAK PARK 1.5 S, IL US","2019-12-19",,,,,,
"US1ILCK0145","OAK PARK 1.5 S, IL US","2019-12-20",,,,,,
"US1ILCK0145","OAK PARK 1.5 S, IL US","2019-12-21",,,,,,
"US1ILCK0145","OAK PARK 1.5 S, IL US","2019-12-22",,,,,,
"US1ILCK0145","OAK PARK 1.5 S, IL US","2019-12-23",,,,,,
"US1ILCK0145","OAK PARK 1.5 S, IL US","2019-12-24",,,,,,
"US1ILCK0145","OAK PARK 1.5 S, IL US","2019-12-25",,,,,,
"US1ILCK0145","OAK PARK 1.5 S, IL US","2019-12-26",,,,,,
"US1ILCK0145","OAK PARK 1.5 S, IL US","2019-12-27",,,,,,
"US1ILCK0145","OAK PARK 1.5 S, IL US","2019-12-28",,,,,,
"US1ILCK0145","OAK PARK 1.5 S, IL US","2019-12-29",,,,,,
"US1ILCK0145","OAK PARK 1.5 S, IL US","2019-12-30",,,,,,
"US1ILCK0145","OAK PARK 1.5 S, IL US","2019-12-31",,,,,,
"US1ILCK0145","OAK PARK 1.5 S, IL US","2020-01-01",,,,,,
"US1ILCK0145","OAK PARK 1.5 S, IL US","2020-01-02",,,,,,
"US1ILCK0145","OAK PARK 1.5 S, IL US","2020-01-03",,,,,,
"US1ILCK0145","OAK PARK 1.5 S, IL US","2020-01-04",,,,,,
"US1ILCK0145","OAK PARK 1.5 S, IL US","2020-01-05",,,,,,
"US1ILCK0145","OAK PARK 1.5 S, IL US","2020-01-06",,,,,,
"US1ILCK0145","OAK PARK 1.5 S, IL US","2020-01-07",,,,,,
"US1ILCK0145","OAK PARK 1.5 S, IL US","2020-01-08",,,,,,
"US1ILCK0145","OAK PARK 1.5 S, IL US","2020-01-09",,,,,,
"US1ILCK0145","OAK PARK 1.5 S, IL US","2020-01-10",,,,,,
"US1ILCK0145","OAK PARK 1.5 S, IL US","2020-01-11",,,,,,
"US1ILCK0145","OAK PARK 1.5 S, IL US","2020-01-12",,,,,,
"US1ILCK0145","OAK PARK 1.5 S, IL US","2020-01-13",,,,,,
"US1ILCK0145","OAK PARK 1.5 S, IL US","2020-01-14",,,,,,
"US1ILCK0145","OAK PARK 1.5 S, IL US","2020-01-15",,,,,,
"US1ILCK0145","OAK PARK 1.5 S, IL US","2020-01-16",,,,,,
"US1ILCK0145","OAK PARK 1.5 S, IL US","2020-01-17",,,,,,
"US1ILCK0145","OAK PARK 1.5 S, IL US","2020-01-18",,,,,,
"US1ILCK0145","OAK PARK 1.5 S, IL US","2020-01-19",,,,,,
"US1ILCK0145","OAK PARK 1.5 S, IL US","2020-01-20",,,,,,
"US1ILCK0145","OAK PARK 1.5 S, IL US","2020-01-21",,,,,,
"US1ILCK0145","OAK PARK 1.5 S, IL US","2020-01-22",,,,,,
"US1ILCK0145","OAK PARK 1.5 S, IL US","2020-01-23",,,,,,
"US1ILCK0145","OAK PARK 1.5 S, IL US","2020-01-24",,,,,,
"US1ILCK0145","OAK PARK 1.5 S, IL US","2020-01-25",,,,,,
"US1ILCK0145","OAK PARK 1.5 S, IL US","2020-01-26",,,,,,
"US1ILCK0145","OAK PARK 1.5 S, IL US","2020-01-27",,,,,,
"US1ILCK0145","OAK PARK 1.5 S, IL US","2020-01-28",,,,,,
"US1ILCK0145","OAK PARK 1.5 S, IL US","2020-01-29",,,,,,
"US1ILCK0145","OAK PARK 1.5 S, IL US","2020-01-30",,,,,,
"US1ILCK0145","OAK PARK 1.5 S, IL US","2020-01-31",,,,,,
"US1ILCK0145","OAK PARK 1.5 S, IL US","2020-02-01",,,,,,
"US1ILCK0145","OAK PARK 1.5 S, IL US","2020-02-02",,,,,,
"US1ILCK0145","OAK PARK 1.5 S, IL US","2020-02-03",,,,,,
"US1ILCK0145","OAK PARK 1.5 S, IL US","2020-02-04",,,,,,
"US1ILCK0145","OAK PARK 1.5 S, IL US","2020-02-05",,,,,,
"US1ILCK0145","OAK PARK 1.5 S, IL US","2020-02-06",,,,,,
"US1ILCK0145","OAK PARK 1.5 S, IL US","2020-02-07",,,,,,
"US1ILCK0145","OAK PARK 1.5 S, IL US","2020-02-08",,,,,,
"US1ILCK0145","OAK PARK 1.5 S, IL US","2020-02-09",,,,,,
"US1ILCK0145","OAK PARK 1.5 S, IL US","2020-02-10",,,,,,
"US1ILCK0145","OAK PARK 1.5 S, IL US","2020-02-11",,,,,,
"US1ILCK0145","OAK PARK 1.5 S, IL US","2020-02-12",,,,,,
"US1ILCK0145","OAK PARK 1.5 S, IL US","2020-02-13",,,,,,
"US1ILCK0145","OAK PARK 1.5 S, IL US","2020-02-14",,,,,,
"US1ILCK0145","OAK PARK 1.5 S, IL US","2020-02-15",,,,,,
"US1ILCK0145","OAK PARK 1.5 S, IL US","2020-02-16",,,,,,
"US1ILCK0145","OAK PARK 1.5 S, IL US","2020-02-17",,,,,,
"US1ILCK0145","OAK PARK 1.5 S, IL US","2020-02-18",,,,,,
"US1ILCK0145","OAK PARK 1.5 S, IL US","2020-02-19",,,,,,
"US1ILCK0145","OAK PARK 1.5 S, IL US","2020-02-20",,,,,,
"US1ILCK0145","OAK PARK 1.5 S, IL US","2020-02-21",,,,,,
"US1ILCK0145","OAK PARK 1.5 S, IL US","2020-02-22",,,,,,
"US1ILCK0145","OAK PARK 1.5 S, IL US","2020-02-23",,,,,,
"US1ILCK0145","OAK PARK 1.5 S, IL US","2020-02-24",,,,,,
"US1ILCK0145","OAK PARK 1.5 S, IL US","2020-02-25",,,,,,
"US1ILCK0145","OAK PARK 1.5 S, IL US","2020-02-26",,,,,,
"US1ILCK0145","OAK PARK 1.5 S, IL US","2020-02-27",,,,,,
"US1ILCK0145","OAK PARK 1.5 S, IL US","2020-02-28",,,,,,
"US1ILCK0145","OAK PARK 1.5 S, IL US","2020-02-29",,,,,,
"US1ILCK0145","OAK PARK 1.5 S, IL US","2020-03-01",,,,,,
"US1ILCK0145","OAK PARK 1.5 S, IL US","2020-03-02",,,,,,
"US1ILCK0145","OAK PARK 1.5 S, IL US","2020-03-03",,,,,,
"US1ILCK0145","OAK PARK 1.5 S, IL US","2020-03-04",,,,,,
"US1ILCK0145","OAK PARK 1.5 S, IL US","2020-03-05",,,,,,
"US1ILCK0145","OAK PARK 1.5 S, IL US","2020-03-06",,,,,,
"US1ILCK0145","OAK PARK 1.5 S, IL US","2020-03-07",,,,,,
"US1ILCK0145","OAK PARK 1.5 S, IL US","2020-03-08",,,,,,
"US1ILCK0145","OAK PARK 1.5 S, IL US","2020-03-09",,,,,,
"US1ILCK0145","OAK PARK 1.5 S, IL US","2020-03-10",,,,,,
"US1ILCK0145","OAK PARK 1.5 S, IL US","2020-03-11",,,,,,
"US1ILCK0145","OAK PARK 1.5 S, IL US","2020-03-12",,,,,,
"US1ILCK0145","OAK PARK 1.5 S, IL US","2020-03-13",,,,,,
"US1ILCK0145","OAK PARK 1.5 S, IL US","2020-03-14",,,,,,
"US1ILCK0145","OAK PARK 1.5 S, IL US","2020-03-15",,,,,,
"US1ILCK0145","OAK PARK 1.5 S, IL US","2020-03-16",,,,,,
"US1ILCK0145","OAK PARK 1.5 S, IL US","2020-03-17",,,,,,
"US1ILCK0145","OAK PARK 1.5 S, IL US","2020-03-18",,,,,,
"US1ILCK0145","OAK PARK 1.5 S, IL US","2020-03-19",,,,,,
"US1ILCK0145","OAK PARK 1.5 S, IL US","2020-03-20",,,,,,
"US1ILCK0145","OAK PARK 1.5 S, IL US","2020-03-21",,,,,,
"US1ILCK0145","OAK PARK 1.5 S, IL US","2020-03-22",,,,,,
"US1ILCK0145","OAK PARK 1.5 S, IL US","2020-03-23",,,,,,
"US1ILCK0145","OAK PARK 1.5 S, IL US","2020-03-24",,,,,,
"US1ILCK0145","OAK PARK 1.5 S, IL US","2020-03-25",,,,,,
"US1ILCK0145","OAK PARK 1.5 S, IL US","2020-03-26",,,,,,
"US1ILCK0145","OAK PARK 1.5 S, IL US","2020-03-27",,,,,,
"US1ILCK0145","OAK PARK 1.5 S, IL US","2020-03-28",,,,,,
"US1ILCK0145","OAK PARK 1.5 S, IL US","2020-03-29",,,,,,
"US1ILCK0145","OAK PARK 1.5 S, IL US","2020-03-30",,,,,,
"US1ILCK0145","OAK PARK 1.5 S, IL US","2020-03-31",,,,,,
"US1ILCK0145","OAK PARK 1.5 S, IL US","2020-04-01",,,,,,
"US1ILCK0145","OAK PARK 1.5 S, IL US","2020-04-02",,,,,,
"US1ILCK0145","OAK PARK 1.5 S, IL US","2020-04-03",,,,,,
"US1ILCK0145","OAK PARK 1.5 S, IL US","2020-04-04",,,,,,
"US1ILCK0145","OAK PARK 1.5 S, IL US","2020-04-05",,,,,,
"US1ILCK0145","OAK PARK 1.5 S, IL US","2020-04-06",,,,,,
"US1ILCK0145","OAK PARK 1.5 S, IL US","2020-04-07",,,,,,
"US1ILCK0145","OAK PARK 1.5 S, IL US","2020-04-08",,,,,,
"US1ILCK0145","OAK PARK 1.5 S, IL US","2020-04-09",,,,,,
"US1ILCK0145","OAK PARK 1.5 S, IL US","2020-04-10",,,,,,
"US1ILCK0145","OAK PARK 1.5 S, IL US","2020-04-11",,,,,,
"US1ILCK0145","OAK PARK 1.5 S, IL US","2020-04-12",,,,,,
"US1ILCK0145","OAK PARK 1.5 S, IL US","2020-04-13",,,,,,
"US1ILCK0145","OAK PARK 1.5 S, IL US","2020-04-14",,,,,,
"US1ILCK0145","OAK PARK 1.5 S, IL US","2020-04-15",,,,,,
"US1ILCK0145","OAK PARK 1.5 S, IL US","2020-04-16",,,,,,
"US1ILCK0145","OAK PARK 1.5 S, IL US","2020-04-17",,,,,,
"US1ILCK0145","OAK PARK 1.5 S, IL US","2020-04-18",,,,,,
"US1ILCK0145","OAK PARK 1.5 S, IL US","2020-04-19",,,,,,
"US1ILCK0145","OAK PARK 1.5 S, IL US","2020-04-20",,,,,,
"US1ILCK0145","OAK PARK 1.5 S, IL US","2020-04-21",,,,,,
"US1ILCK0145","OAK PARK 1.5 S, IL US","2020-04-22",,,,,,
"US1ILCK0145","OAK PARK 1.5 S, IL US","2020-04-23",,,,,,
"US1ILCK0145","OAK PARK 1.5 S, IL US","2020-04-24",,,,,,
"US1ILCK0145","OAK PARK 1.5 S, IL US","2020-04-25",,,,,,
"US1ILCK0145","OAK PARK 1.5 S, IL US","2020-04-26",,,,,,
"US1ILCK0145","OAK PARK 1.5 S, IL US","2020-04-27",,,,,,
"US1ILCK0145","OAK PARK 1.5 S, IL US","2020-04-28",,,,,,
"US1ILCK0145","OAK PARK 1.5 S, IL US","2020-04-29",,,,,,
"US1ILCK0145","OAK PARK 1.5 S, IL US","2020-04-30",,,,,,
"US1ILCK0145","OAK PARK 1.5 S, IL US","2020-05-01",,,,,,
"US1ILCK0145","OAK PARK 1.5 S, IL US","2020-05-02",,,,,,
"US1ILCK0145","OAK PARK 1.5 S, IL US","2020-05-03",,,,,,
"US1ILCK0145","OAK PARK 1.5 S, IL US","2020-05-04",,,,,,
"US1ILCK0145","OAK PARK 1.5 S, IL US","2020-05-05",,,,,,
"US1ILCK0145","OAK PARK 1.5 S, IL US","2020-05-06",,,,,,
"US1ILCK0145","OAK PARK 1.5 S, IL US","2020-05-07",,,,,,
"US1ILCK0145","OAK PARK 1.5 S, IL US","2020-05-08",,,,,,
"US1ILCK0145","OAK PARK 1.5 S, IL US","2020-05-09",,,,,,
"US1ILCK0145","OAK PARK 1.5 S, IL US","2020-05-10",,,,,,
"US1ILCK0145","OAK PARK 1.5 S, IL US","2020-05-11",,,,,,
"US1ILCK0145","OAK PARK 1.5 S, IL US","2020-05-12",,,,,,
"US1ILCK0145","OAK PARK 1.5 S, IL US","2020-05-13",,,,,,
"US1ILCK0145","OAK PARK 1.5 S, IL US","2020-05-14",,,,,,
"US1ILCK0145","OAK PARK 1.5 S, IL US","2020-05-15",,,,,,
"US1ILCK0145","OAK PARK 1.5 S, IL US","2020-05-16",,,,,,
"US1ILCK0145","OAK PARK 1.5 S, IL US","2020-05-17",,,,,,
"US1ILCK0145","OAK PARK 1.5 S, IL US","2020-05-18",,,,,,
"US1ILCK0145","OAK PARK 1.5 S, IL US","2020-05-19",,,,,,
"US1ILCK0145","OAK PARK 1.5 S, IL US","2020-05-20",,,,,,
"US1ILCK0145","OAK PARK 1.5 S, IL US","2020-05-21",,,,,,
"US1ILCK0145","OAK PARK 1.5 S, IL US","2020-05-22",,,,,,
"US1ILCK0145","OAK PARK 1.5 S, IL US","2020-05-23",,,,,,
"US1ILCK0145","OAK PARK 1.5 S, IL US","2020-05-24",,,,,,
"US1ILCK0145","OAK PARK 1.5 S, IL US","2020-05-25",,,,,,
"US1ILCK0145","OAK PARK 1.5 S, IL US","2020-05-26",,,,,,
"US1ILCK0145","OAK PARK 1.5 S, IL US","2020-05-27",,,,,,
"US1ILCK0145","OAK PARK 1.5 S, IL US","2020-05-28",,,,,,
"US1ILCK0145","OAK PARK 1.5 S, IL US","2020-05-29",,,,,,
"US1ILCK0145","OAK PARK 1.5 S, IL US","2020-05-30",,,,,,
"US1ILCK0145","OAK PARK 1.5 S, IL US","2020-05-31",,,,,,
"US1ILCK0145","OAK PARK 1.5 S, IL US","2020-06-01",,,,,,
"US1ILCK0145","OAK PARK 1.5 S, IL US","2020-06-02",,,,,,
"US1ILCK0145","OAK PARK 1.5 S, IL US","2020-06-03",,,,,,
"US1ILCK0145","OAK PARK 1.5 S, IL US","2020-06-04",,,,,,
"US1ILCK0145","OAK PARK 1.5 S, IL US","2020-06-05",,,,,,
"US1ILCK0145","OAK PARK 1.5 S, IL US","2020-06-06",,,,,,
"US1ILCK0145","OAK PARK 1.5 S, IL US","2020-06-07",,,,,,
"US1ILCK0145","OAK PARK 1.5 S, IL US","2020-06-08",,,,,,
"US1ILCK0145","OAK PARK 1.5 S, IL US","2020-06-09",,,,,,
"US1ILCK0145","OAK PARK 1.5 S, IL US","2020-06-10",,,,,,
"US1ILCK0145","OAK PARK 1.5 S, IL US","2020-06-11",,,,,,
"US1ILCK0145","OAK PARK 1.5 S, IL US","2020-06-12",,,,,,
"US1ILCK0145","OAK PARK 1.5 S, IL US","2020-06-13",,,,,,
"US1ILCK0145","OAK PARK 1.5 S, IL US","2020-06-14",,,,,,
"US1ILCK0145","OAK PARK 1.5 S, IL US","2020-06-15",,,,,,
"US1ILCK0145","OAK PARK 1.5 S, IL US","2020-06-16",,,,,,
"US1ILCK0145","OAK PARK 1.5 S, IL US","2020-06-17",,,,,,
"US1ILCK0145","OAK PARK 1.5 S, IL US","2020-06-18",,,,,,
"US1ILCK0145","OAK PARK 1.5 S, IL US","2020-06-19",,,,,,
"US1ILCK0145","OAK PARK 1.5 S, IL US","2020-06-20",,,,,,
"US1ILCK0145","OAK PARK 1.5 S, IL US","2020-06-21",,,,,,
"US1ILCK0145","OAK PARK 1.5 S, IL US","2020-06-22",,,,,,
"US1ILCK0145","OAK PARK 1.5 S, IL US","2020-06-23",,,,,,
"US1ILCK0145","OAK PARK 1.5 S, IL US","2020-06-24",,,,,,
"US1ILCK0145","OAK PARK 1.5 S, IL US","2020-06-25",,,,,,
"US1ILCK0145","OAK PARK 1.5 S, IL US","2020-06-26",,,,,,
"US1ILCK0145","OAK PARK 1.5 S, IL US","2020-06-27",,,,,,
"US1ILCK0145","OAK PARK 1.5 S, IL US","2020-06-28",,,,,,
"US1ILCK0145","OAK PARK 1.5 S, IL US","2020-06-29",,,,,,
"US1ILCK0145","OAK PARK 1.5 S, IL US","2020-06-30",,,,,,
"US1ILCK0145","OAK PARK 1.5 S, IL US","2020-07-01",,,,,,
"US1ILCK0145","OAK PARK 1.5 S, IL US","2020-07-02",,,,,,
"US1ILCK0145","OAK PARK 1.5 S, IL US","2020-07-03",,,,,,
"US1ILCK0145","OAK PARK 1.5 S, IL US","2020-07-04",,,,,,
"US1ILCK0145","OAK PARK 1.5 S, IL US","2020-07-05",,,,,,
"US1ILCK0145","OAK PARK 1.5 S, IL US","2020-07-06",,,,,,
"US1ILCK0145","OAK PARK 1.5 S, IL US","2020-07-07",,,,,,
"US1ILCK0145","OAK PARK 1.5 S, IL US","2020-07-08",,,,,,
"US1ILCK0145","OAK PARK 1.5 S, IL US","2020-07-09",,,,,,
"US1ILCK0145","OAK PARK 1.5 S, IL US","2020-07-10",,,,,,
"US1ILCK0145","OAK PARK 1.5 S, IL US","2020-07-11",,,,,,
"US1ILCK0145","OAK PARK 1.5 S, IL US","2020-07-12",,,,,,
"US1ILCK0145","OAK PARK 1.5 S, IL US","2020-07-13",,,,,,
"US1ILCK0145","OAK PARK 1.5 S, IL US","2020-07-14",,,,,,
"US1ILCK0145","OAK PARK 1.5 S, IL US","2020-07-15",,,,,,
"US1ILCK0145","OAK PARK 1.5 S, IL US","2020-07-16",,,,,,
"US1ILCK0145","OAK PARK 1.5 S, IL US","2020-07-17",,,,,,
"US1ILCK0145","OAK PARK 1.5 S, IL US","2020-07-18",,,,,,
"US1ILCK0145","OAK PARK 1.5 S, IL US","2020-07-19",,,,,,
"US1ILCK0145","OAK PARK 1.5 S, IL US","2020-07-20",,,,,,
"US1ILCK0145","OAK PARK 1.5 S, IL US","2020-07-21",,,,,,
"US1ILCK0145","OAK PARK 1.5 S, IL US","2020-07-22",,,,,,
"US1ILCK0145","OAK PARK 1.5 S, IL US","2020-07-23",,,,,,
"US1ILCK0145","OAK PARK 1.5 S, IL US","2020-07-24",,,,,,
"US1ILCK0145","OAK PARK 1.5 S, IL US","2020-07-25",,,,,,
"US1ILCK0145","OAK PARK 1.5 S, IL US","2020-07-26",,,,,,
"US1ILCK0145","OAK PARK 1.5 S, IL US","2020-07-27",,,,,,
"US1ILCK0145","OAK PARK 1.5 S, IL US","2020-07-28",,,,,,
"US1ILCK0145","OAK PARK 1.5 S, IL US","2020-07-29",,,,,,
"US1ILCK0145","OAK PARK 1.5 S, IL US","2020-07-30",,,,,,
"US1ILCK0145","OAK PARK 1.5 S, IL US","2020-07-31",,,,,,
"US1ILCK0145","OAK PARK 1.5 S, IL US","2020-08-01",,,,,,
"US1ILCK0145","OAK PARK 1.5 S, IL US","2020-08-02",,,,,,
"US1ILCK0145","OAK PARK 1.5 S, IL US","2020-08-03",,,,,,
"US1ILCK0145","OAK PARK 1.5 S, IL US","2020-08-04",,,,,,
"US1ILCK0145","OAK PARK 1.5 S, IL US","2020-08-05",,,,,,
"US1ILCK0145","OAK PARK 1.5 S, IL US","2020-08-06",,,,,,
"US1ILCK0145","OAK PARK 1.5 S, IL US","2020-08-07",,,,,,
"US1ILCK0145","OAK PARK 1.5 S, IL US","2020-08-08",,,,,,
"US1ILCK0145","OAK PARK 1.5 S, IL US","2020-08-09",,,,,,
"US1ILCK0145","OAK PARK 1.5 S, IL US","2020-08-10",,,,,,
"US1ILCK0145","OAK PARK 1.5 S, IL US","2020-08-11",,,,,,
"US1ILCK0145","OAK PARK 1.5 S, IL US","2020-08-12",,,,,,
"US1ILCK0145","OAK PARK 1.5 S, IL US","2020-08-13",,,,,,
"US1ILCK0145","OAK PARK 1.5 S, IL US","2020-08-14",,,,,,
"US1ILCK0145","OAK PARK 1.5 S, IL US","2020-08-15",,,,,,
"US1ILCK0145","OAK PARK 1.5 S, IL US","2020-08-16",,,,,,
"US1ILCK0145","OAK PARK 1.5 S, IL US","2020-08-17",,,,,,
"US1ILCK0145","OAK PARK 1.5 S, IL US","2020-08-18",,,,,,
"US1ILCK0145","OAK PARK 1.5 S, IL US","2020-08-19",,,,,,
"US1ILCK0145","OAK PARK 1.5 S, IL US","2020-08-20",,,,,,
"US1ILCK0145","OAK PARK 1.5 S, IL US","2020-08-21",,,,,,
"US1ILCK0145","OAK PARK 1.5 S, IL US","2020-08-22",,,,,,
"US1ILCK0145","OAK PARK 1.5 S, IL US","2020-08-23",,,,,,
"US1ILCK0145","OAK PARK 1.5 S, IL US","2020-08-24",,,,,,
"US1ILCK0145","OAK PARK 1.5 S, IL US","2020-08-25",,,,,,
"US1ILCK0145","OAK PARK 1.5 S, IL US","2020-08-26",,,,,,
"US1ILCK0145","OAK PARK 1.5 S, IL US","2020-08-27",,,,,,
"US1ILCK0145","OAK PARK 1.5 S, IL US","2020-08-28",,,,,,
"US1ILCK0145","OAK PARK 1.5 S, IL US","2020-08-29",,,,,,
"US1ILCK0145","OAK PARK 1.5 S, IL US","2020-08-30",,,,,,
"US1ILCK0145","OAK PARK 1.5 S, IL US","2020-08-31",,,,,,
"US1ILCK0145","OAK PARK 1.5 S, IL US","2020-09-01",,,,,,
"US1ILCK0145","OAK PARK 1.5 S, IL US","2020-09-02",,,,,,
"US1ILCK0145","OAK PARK 1.5 S, IL US","2020-09-03",,,,,,
"US1ILCK0145","OAK PARK 1.5 S, IL US","2020-09-04",,,,,,
"US1ILCK0145","OAK PARK 1.5 S, IL US","2020-09-05",,,,,,
"US1ILCK0145","OAK PARK 1.5 S, IL US","2020-09-06",,,,,,
"US1ILCK0145","OAK PARK 1.5 S, IL US","2020-09-07",,,,,,
"US1ILCK0145","OAK PARK 1.5 S, IL US","2020-09-08",,,,,,
"US1ILCK0300","RIVERSIDE 0.2 WNW, IL US","2019-10-01",,,,,,
"US1ILCK0300","RIVERSIDE 0.2 WNW, IL US","2019-10-02",,,,,,
"US1ILCK0300","RIVERSIDE 0.2 WNW, IL US","2019-10-04",,,,,,
"US1ILCK0300","RIVERSIDE 0.2 WNW, IL US","2019-10-05",,,,,,
"US1ILCK0300","RIVERSIDE 0.2 WNW, IL US","2019-10-06",,,,,,
"US1ILCK0300","RIVERSIDE 0.2 WNW, IL US","2019-10-07",,,,,,
"US1ILCK0300","RIVERSIDE 0.2 WNW, IL US","2019-10-08",,,,,,
"US1ILCK0300","RIVERSIDE 0.2 WNW, IL US","2019-10-09",,,,,,
"US1ILCK0300","RIVERSIDE 0.2 WNW, IL US","2019-10-10",,,,,,
"US1ILCK0300","RIVERSIDE 0.2 WNW, IL US","2019-10-11",,,,,,
"US1ILCK0300","RIVERSIDE 0.2 WNW, IL US","2019-10-12",,,,,,
"US1ILCK0300","RIVERSIDE 0.2 WNW, IL US","2019-10-13",,,,,,
"US1ILCK0300","RIVERSIDE 0.2 WNW, IL US","2019-10-14",,,,,,
"US1ILCK0300","RIVERSIDE 0.2 WNW, IL US","2019-10-15",,,,,,
"US1ILCK0300","RIVERSIDE 0.2 WNW, IL US","2019-10-16",,,,,,
"US1ILCK0300","RIVERSIDE 0.2 WNW, IL US","2019-10-17",,,,,,
"US1ILCK0300","RIVERSIDE 0.2 WNW, IL US","2019-10-18",,,,,,
"US1ILCK0300","RIVERSIDE 0.2 WNW, IL US","2019-10-19",,,,,,
"US1ILCK0300","RIVERSIDE 0.2 WNW, IL US","2019-10-20",,,,,,
"US1ILCK0300","RIVERSIDE 0.2 WNW, IL US","2019-10-21",,,,,,
"US1ILCK0300","RIVERSIDE 0.2 WNW, IL US","2019-10-22",,,,,,
"US1ILCK0300","RIVERSIDE 0.2 WNW, IL US","2019-10-23",,,,,,
"US1ILCK0300","RIVERSIDE 0.2 WNW, IL US","2019-10-24",,,,,,
"US1ILCK0300","RIVERSIDE 0.2 WNW, IL US","2019-10-25",,,,,,
"US1ILCK0300","RIVERSIDE 0.2 WNW, IL US","2019-10-26",,,,,,
"US1ILCK0300","RIVERSIDE 0.2 WNW, IL US","2019-10-27",,,,,,
"US1ILCK0300","RIVERSIDE 0.2 WNW, IL US","2019-10-28",,,,,,
"US1ILCK0300","RIVERSIDE 0.2 WNW, IL US","2019-10-29",,,,,,
"US1ILCK0300","RIVERSIDE 0.2 WNW, IL US","2019-10-30",,,,,,
"US1ILCK0300","RIVERSIDE 0.2 WNW, IL US","2019-10-31",,,,,,
"US1ILCK0300","RIVERSIDE 0.2 WNW, IL US","2019-11-01",,,,,,
"US1ILCK0300","RIVERSIDE 0.2 WNW, IL US","2019-11-02",,,,,,
"US1ILCK0300","RIVERSIDE 0.2 WNW, IL US","2019-11-03",,,,,,
"US1ILCK0300","RIVERSIDE 0.2 WNW, IL US","2019-11-04",,,,,,
"US1ILCK0300","RIVERSIDE 0.2 WNW, IL US","2019-11-05",,,,,,
"US1ILCK0300","RIVERSIDE 0.2 WNW, IL US","2019-11-06",,,,,,
"US1ILCK0300","RIVERSIDE 0.2 WNW, IL US","2019-11-07",,,,,,
"US1ILCK0300","RIVERSIDE 0.2 WNW, IL US","2019-11-08",,,,,,
"US1ILCK0300","RIVERSIDE 0.2 WNW, IL US","2019-11-09",,,,,,
"US1ILCK0300","RIVERSIDE 0.2 WNW, IL US","2019-11-10",,,,,,
"US1ILCK0300","RIVERSIDE 0.2 WNW, IL US","2019-11-11",,,,,,
"US1ILCK0300","RIVERSIDE 0.2 WNW, IL US","2019-11-12",,,,,,
"US1ILCK0300","RIVERSIDE 0.2 WNW, IL US","2019-11-13",,,,,,
"US1ILCK0300","RIVERSIDE 0.2 WNW, IL US","2019-11-14",,,,,,
"US1ILCK0300","RIVERSIDE 0.2 WNW, IL US","2019-11-15",,,,,,
"US1ILCK0300","RIVERSIDE 0.2 WNW, IL US","2019-11-16",,,,,,
"US1ILCK0300","RIVERSIDE 0.2 WNW, IL US","2019-11-17",,,,,,
"US1ILCK0300","RIVERSIDE 0.2 WNW, IL US","2019-11-18",,,,,,
"US1ILCK0300","RIVERSIDE 0.2 WNW, IL US","2019-11-19",,,,,,
"US1ILCK0300","RIVERSIDE 0.2 WNW, IL US","2019-11-20",,,,,,
"US1ILCK0300","RIVERSIDE 0.2 WNW, IL US","2019-11-21",,,,,,
"US1ILCK0300","RIVERSIDE 0.2 WNW, IL US","2019-11-22",,,,,,
"US1ILCK0300","RIVERSIDE 0.2 WNW, IL US","2019-11-23",,,,,,
"US1ILCK0300","RIVERSIDE 0.2 WNW, IL US","2019-11-24",,,,,,
"US1ILCK0300","RIVERSIDE 0.2 WNW, IL US","2019-11-25",,,,,,
"US1ILCK0300","RIVERSIDE 0.2 WNW, IL US","2019-11-26",,,,,,
"US1ILCK0300","RIVERSIDE 0.2 WNW, IL US","2019-11-27",,,,,,
"US1ILCK0300","RIVERSIDE 0.2 WNW, IL US","2019-11-28",,,,,,
"US1ILCK0300","RIVERSIDE 0.2 WNW, IL US","2019-11-30",,,,,,
"US1ILCK0300","RIVERSIDE 0.2 WNW, IL US","2019-12-01",,,,,,
"US1ILCK0300","RIVERSIDE 0.2 WNW, IL US","2019-12-02",,,,,,
"US1ILCK0300","RIVERSIDE 0.2 WNW, IL US","2019-12-03",,,,,,
"US1ILCK0300","RIVERSIDE 0.2 WNW, IL US","2019-12-04",,,,,,
"US1ILCK0300","RIVERSIDE 0.2 WNW, IL US","2019-12-05",,,,,,
"US1ILCK0300","RIVERSIDE 0.2 WNW, IL US","2019-12-06",,,,,,
"US1ILCK0300","RIVERSIDE 0.2 WNW, IL US","2019-12-07",,,,,,
"US1ILCK0300","RIVERSIDE 0.2 WNW, IL US","2019-12-08",,,,,,
"US1ILCK0300","RIVERSIDE 0.2 WNW, IL US","2019-12-09",,,,,,
"US1ILCK0300","RIVERSIDE 0.2 WNW, IL US","2019-12-10",,,,,,
"US1ILCK0300","RIVERSIDE 0.2 WNW, IL US","2019-12-11",,,,,,
"US1ILCK0300","RIVERSIDE 0.2 WNW, IL US","2019-12-12",,,,,,
"US1ILCK0300","RIVERSIDE 0.2 WNW, IL US","2019-12-13",,,,,,
"US1ILCK0300","RIVERSIDE 0.2 WNW, IL US","2019-12-14",,,,,,
"US1ILCK0300","RIVERSIDE 0.2 WNW, IL US","2019-12-15",,,,,,
"US1ILCK0300","RIVERSIDE 0.2 WNW, IL US","2019-12-16",,,,,,
"US1ILCK0300","RIVERSIDE 0.2 WNW, IL US","2019-12-17",,,,,,
"US1ILCK0300","RIVERSIDE 0.2 WNW, IL US","2019-12-18",,,,,,
"US1ILCK0300","RIVERSIDE 0.2 WNW, IL US","2019-12-19",,,,,,
"US1ILCK0300","RIVERSIDE 0.2 WNW, IL US","2019-12-20",,,,,,
"US1ILCK0300","RIVERSIDE 0.2 WNW, IL US","2019-12-21",,,,,,
"US1ILCK0300","RIVERSIDE 0.2 WNW, IL US","2019-12-22",,,,,,
"US1ILCK0300","RIVERSIDE 0.2 WNW, IL US","2019-12-23",,,,,,
"US1ILCK0300","RIVERSIDE 0.2 WNW, IL US","2019-12-24",,,,,,
"US1ILCK0300","RIVERSIDE 0.2 WNW, IL US","2019-12-25",,,,,,
"US1ILCK0300","RIVERSIDE 0.2 WNW, IL US","2019-12-26",,,,,,
"US1ILCK0300","RIVERSIDE 0.2 WNW, IL US","2019-12-27",,,,,,
"US1ILCK0300","RIVERSIDE 0.2 WNW, IL US","2019-12-28",,,,,,
"US1ILCK0300","RIVERSIDE 0.2 WNW, IL US","2019-12-29",,,,,,
"US1ILCK0300","RIVERSIDE 0.2 WNW, IL US","2019-12-30",,,,,,
"US1ILCK0300","RIVERSIDE 0.2 WNW, IL US","2019-12-31",,,,,,
"US1ILCK0300","RIVERSIDE 0.2 WNW, IL US","2020-01-01",,,,,,
"US1ILCK0300","RIVERSIDE 0.2 WNW, IL US","2020-01-02",,,,,,
"US1ILCK0300","RIVERSIDE 0.2 WNW, IL US","2020-01-03",,,,,,
"US1ILCK0300","RIVERSIDE 0.2 WNW, IL US","2020-01-04",,,,,,
"US1ILCK0300","RIVERSIDE 0.2 WNW, IL US","2020-01-05",,,,,,
"US1ILCK0300","RIVERSIDE 0.2 WNW, IL US","2020-01-06",,,,,,
"US1ILCK0300","RIVERSIDE 0.2 WNW, IL US","2020-01-07",,,,,,
"US1ILCK0300","RIVERSIDE 0.2 WNW, IL US","2020-01-08",,,,,,
"US1ILCK0300","RIVERSIDE 0.2 WNW, IL US","2020-01-09",,,,,,
"US1ILCK0300","RIVERSIDE 0.2 WNW, IL US","2020-01-10",,,,,,
"US1ILCK0300","RIVERSIDE 0.2 WNW, IL US","2020-01-11",,,,,,
"US1ILCK0300","RIVERSIDE 0.2 WNW, IL US","2020-01-12",,,,,,
"US1ILCK0300","RIVERSIDE 0.2 WNW, IL US","2020-01-13",,,,,,
"US1ILCK0300","RIVERSIDE 0.2 WNW, IL US","2020-01-14",,,,,,
"US1ILCK0300","RIVERSIDE 0.2 WNW, IL US","2020-01-15",,,,,,
"US1ILCK0300","RIVERSIDE 0.2 WNW, IL US","2020-01-16",,,,,,
"US1ILCK0300","RIVERSIDE 0.2 WNW, IL US","2020-01-17",,,,,,
"US1ILCK0300","RIVERSIDE 0.2 WNW, IL US","2020-01-18",,,,,,
"US1ILCK0300","RIVERSIDE 0.2 WNW, IL US","2020-01-19",,,,,,
"US1ILCK0300","RIVERSIDE 0.2 WNW, IL US","2020-01-20",,,,,,
"US1ILCK0300","RIVERSIDE 0.2 WNW, IL US","2020-01-21",,,,,,
"US1ILCK0300","RIVERSIDE 0.2 WNW, IL US","2020-01-22",,,,,,
"US1ILCK0300","RIVERSIDE 0.2 WNW, IL US","2020-01-23",,,,,,
"US1ILCK0300","RIVERSIDE 0.2 WNW, IL US","2020-01-24",,,,,,
"US1ILCK0300","RIVERSIDE 0.2 WNW, IL US","2020-01-25",,,,,,
"US1ILCK0300","RIVERSIDE 0.2 WNW, IL US","2020-01-26",,,,,,
"US1ILCK0300","RIVERSIDE 0.2 WNW, IL US","2020-01-27",,,,,,
"US1ILCK0300","RIVERSIDE 0.2 WNW, IL US","2020-01-28",,,,,,
"US1ILCK0300","RIVERSIDE 0.2 WNW, IL US","2020-01-29",,,,,,
"US1ILCK0300","RIVERSIDE 0.2 WNW, IL US","2020-01-30",,,,,,
"US1ILCK0300","RIVERSIDE 0.2 WNW, IL US","2020-01-31",,,,,,
"US1ILCK0300","RIVERSIDE 0.2 WNW, IL US","2020-02-01",,,,,,
"US1ILCK0300","RIVERSIDE 0.2 WNW, IL US","2020-02-02",,,,,,
"US1ILCK0300","RIVERSIDE 0.2 WNW, IL US","2020-02-03",,,,,,
"US1ILCK0300","RIVERSIDE 0.2 WNW, IL US","2020-02-04",,,,,,
"US1ILCK0300","RIVERSIDE 0.2 WNW, IL US","2020-02-05",,,,,,
"US1ILCK0300","RIVERSIDE 0.2 WNW, IL US","2020-02-06",,,,,,
"US1ILCK0300","RIVERSIDE 0.2 WNW, IL US","2020-02-07",,,,,,
"US1ILCK0300","RIVERSIDE 0.2 WNW, IL US","2020-02-08",,,,,,
"US1ILCK0300","RIVERSIDE 0.2 WNW, IL US","2020-02-09",,,,,,
"US1ILCK0300","RIVERSIDE 0.2 WNW, IL US","2020-02-10",,,,,,
"US1ILCK0300","RIVERSIDE 0.2 WNW, IL US","2020-02-11",,,,,,
"US1ILCK0300","RIVERSIDE 0.2 WNW, IL US","2020-02-12",,,,,,
"US1ILCK0300","RIVERSIDE 0.2 WNW, IL US","2020-02-13",,,,,,
"US1ILCK0300","RIVERSIDE 0.2 WNW, IL US","2020-02-14",,,,,,
"US1ILCK0300","RIVERSIDE 0.2 WNW, IL US","2020-02-15",,,,,,
"US1ILCK0300","RIVERSIDE 0.2 WNW, IL US","2020-02-16",,,,,,
"US1ILCK0300","RIVERSIDE 0.2 WNW, IL US","2020-02-17",,,,,,
"US1ILCK0300","RIVERSIDE 0.2 WNW, IL US","2020-02-18",,,,,,
"US1ILCK0300","RIVERSIDE 0.2 WNW, IL US","2020-02-19",,,,,,
"US1ILCK0300","RIVERSIDE 0.2 WNW, IL US","2020-02-20",,,,,,
"US1ILCK0300","RIVERSIDE 0.2 WNW, IL US","2020-02-21",,,,,,
"US1ILCK0300","RIVERSIDE 0.2 WNW, IL US","2020-02-22",,,,,,
"US1ILCK0300","RIVERSIDE 0.2 WNW, IL US","2020-02-23",,,,,,
"US1ILCK0300","RIVERSIDE 0.2 WNW, IL US","2020-02-24",,,,,,
"US1ILCK0300","RIVERSIDE 0.2 WNW, IL US","2020-02-25",,,,,,
"US1ILCK0300","RIVERSIDE 0.2 WNW, IL US","2020-02-26",,,,,,
"US1ILCK0300","RIVERSIDE 0.2 WNW, IL US","2020-02-27",,,,,,
"US1ILCK0300","RIVERSIDE 0.2 WNW, IL US","2020-02-28",,,,,,
"US1ILCK0300","RIVERSIDE 0.2 WNW, IL US","2020-02-29",,,,,,
"US1ILCK0300","RIVERSIDE 0.2 WNW, IL US","2020-03-01",,,,,,
"US1ILCK0300","RIVERSIDE 0.2 WNW, IL US","2020-03-02",,,,,,
"US1ILCK0300","RIVERSIDE 0.2 WNW, IL US","2020-03-03",,,,,,
"US1ILCK0300","RIVERSIDE 0.2 WNW, IL US","2020-03-04",,,,,,
"US1ILCK0300","RIVERSIDE 0.2 WNW, IL US","2020-03-05",,,,,,
"US1ILCK0300","RIVERSIDE 0.2 WNW, IL US","2020-03-06",,,,,,
"US1ILCK0300","RIVERSIDE 0.2 WNW, IL US","2020-03-07",,,,,,
"US1ILCK0300","RIVERSIDE 0.2 WNW, IL US","2020-03-08",,,,,,
"US1ILCK0300","RIVERSIDE 0.2 WNW, IL US","2020-03-09",,,,,,
"US1ILCK0300","RIVERSIDE 0.2 WNW, IL US","2020-03-10",,,,,,
"US1ILCK0300","RIVERSIDE 0.2 WNW, IL US","2020-03-11",,,,,,
"US1ILCK0300","RIVERSIDE 0.2 WNW, IL US","2020-03-12",,,,,,
"US1ILCK0300","RIVERSIDE 0.2 WNW, IL US","2020-03-13",,,,,,
"US1ILCK0300","RIVERSIDE 0.2 WNW, IL US","2020-03-14",,,,,,
"US1ILCK0300","RIVERSIDE 0.2 WNW, IL US","2020-03-15",,,,,,
"US1ILCK0300","RIVERSIDE 0.2 WNW, IL US","2020-03-16",,,,,,
"US1ILCK0300","RIVERSIDE 0.2 WNW, IL US","2020-03-17",,,,,,
"US1ILCK0300","RIVERSIDE 0.2 WNW, IL US","2020-03-18",,,,,,
"US1ILCK0300","RIVERSIDE 0.2 WNW, IL US","2020-03-19",,,,,,
"US1ILCK0300","RIVERSIDE 0.2 WNW, IL US","2020-03-20",,,,,,
"US1ILCK0300","RIVERSIDE 0.2 WNW, IL US","2020-03-21",,,,,,
"US1ILCK0300","RIVERSIDE 0.2 WNW, IL US","2020-03-22",,,,,,
"US1ILCK0300","RIVERSIDE 0.2 WNW, IL US","2020-03-23",,,,,,
"US1ILCK0300","RIVERSIDE 0.2 WNW, IL US","2020-03-24",,,,,,
"US1ILCK0300","RIVERSIDE 0.2 WNW, IL US","2020-03-25",,,,,,
"US1ILCK0300","RIVERSIDE 0.2 WNW, IL US","2020-03-26",,,,,,
"US1ILCK0300","RIVERSIDE 0.2 WNW, IL US","2020-03-27",,,,,,
"US1ILCK0300","RIVERSIDE 0.2 WNW, IL US","2020-03-29",,,,,,
"US1ILCK0300","RIVERSIDE 0.2 WNW, IL US","2020-03-30",,,,,,
"US1ILCK0300","RIVERSIDE 0.2 WNW, IL US","2020-03-31",,,,,,
"US1ILCK0300","RIVERSIDE 0.2 WNW, IL US","2020-04-01",,,,,,
"US1ILCK0300","RIVERSIDE 0.2 WNW, IL US","2020-04-02",,,,,,
"US1ILCK0300","RIVERSIDE 0.2 WNW, IL US","2020-04-03",,,,,,
"US1ILCK0300","RIVERSIDE 0.2 WNW, IL US","2020-04-04",,,,,,
"US1ILCK0300","RIVERSIDE 0.2 WNW, IL US","2020-04-05",,,,,,
"US1ILCK0300","RIVERSIDE 0.2 WNW, IL US","2020-04-06",,,,,,
"US1ILCK0300","RIVERSIDE 0.2 WNW, IL US","2020-04-07",,,,,,
"US1ILCK0300","RIVERSIDE 0.2 WNW, IL US","2020-04-08",,,,,,
"US1ILCK0300","RIVERSIDE 0.2 WNW, IL US","2020-04-09",,,,,,
"US1ILCK0300","RIVERSIDE 0.2 WNW, IL US","2020-04-10",,,,,,
"US1ILCK0300","RIVERSIDE 0.2 WNW, IL US","2020-04-11",,,,,,
"US1ILCK0300","RIVERSIDE 0.2 WNW, IL US","2020-04-12",,,,,,
"US1ILCK0300","RIVERSIDE 0.2 WNW, IL US","2020-04-13",,,,,,
"US1ILCK0300","RIVERSIDE 0.2 WNW, IL US","2020-04-14",,,,,,
"US1ILCK0300","RIVERSIDE 0.2 WNW, IL US","2020-04-15",,,,,,
"US1ILCK0300","RIVERSIDE 0.2 WNW, IL US","2020-04-16",,,,,,
"US1ILCK0300","RIVERSIDE 0.2 WNW, IL US","2020-04-17",,,,,,
"US1ILCK0300","RIVERSIDE 0.2 WNW, IL US","2020-04-18",,,,,,
"US1ILCK0300","RIVERSIDE 0.2 WNW, IL US","2020-04-19",,,,,,
"US1ILCK0300","RIVERSIDE 0.2 WNW, IL US","2020-04-20",,,,,,
"US1ILCK0300","RIVERSIDE 0.2 WNW, IL US","2020-04-21",,,,,,
"US1ILCK0300","RIVERSIDE 0.2 WNW, IL US","2020-04-22",,,,,,
"US1ILCK0300","RIVERSIDE 0.2 WNW, IL US","2020-04-23",,,,,,
"US1ILCK0300","RIVERSIDE 0.2 WNW, IL US","2020-04-24",,,,,,
"US1ILCK0300","RIVERSIDE 0.2 WNW, IL US","2020-04-25",,,,,,
"US1ILCK0300","RIVERSIDE 0.2 WNW, IL US","2020-04-26",,,,,,
"US1ILCK0300","RIVERSIDE 0.2 WNW, IL US","2020-04-28",,,,,,
"US1ILCK0300","RIVERSIDE 0.2 WNW, IL US","2020-04-29",,,,,,
"US1ILCK0300","RIVERSIDE 0.2 WNW, IL US","2020-04-30",,,,,,
"US1ILCK0300","RIVERSIDE 0.2 WNW, IL US","2020-05-01",,,,,,
"US1ILCK0300","RIVERSIDE 0.2 WNW, IL US","2020-05-03",,,,,,
"US1ILCK0300","RIVERSIDE 0.2 WNW, IL US","2020-05-04",,,,,,
"US1ILCK0300","RIVERSIDE 0.2 WNW, IL US","2020-05-05",,,,,,
"US1ILCK0300","RIVERSIDE 0.2 WNW, IL US","2020-05-06",,,,,,
"US1ILCK0300","RIVERSIDE 0.2 WNW, IL US","2020-05-07",,,,,,
"US1ILCK0300","RIVERSIDE 0.2 WNW, IL US","2020-05-08",,,,,,
"US1ILCK0300","RIVERSIDE 0.2 WNW, IL US","2020-05-09",,,,,,
"US1ILCK0300","RIVERSIDE 0.2 WNW, IL US","2020-05-10",,,,,,
"US1ILCK0300","RIVERSIDE 0.2 WNW, IL US","2020-05-11",,,,,,
"US1ILCK0300","RIVERSIDE 0.2 WNW, IL US","2020-05-12",,,,,,
"US1ILCK0300","RIVERSIDE 0.2 WNW, IL US","2020-05-13",,,,,,
"US1ILCK0300","RIVERSIDE 0.2 WNW, IL US","2020-05-14",,,,,,
"US1ILCK0300","RIVERSIDE 0.2 WNW, IL US","2020-05-15",,,,,,
"US1ILCK0300","RIVERSIDE 0.2 WNW, IL US","2020-05-16",,,,,,
"US1ILCK0300","RIVERSIDE 0.2 WNW, IL US","2020-05-17",,,,,,
"US1ILCK0300","RIVERSIDE 0.2 WNW, IL US","2020-05-18",,,,,,
"US1ILCK0300","RIVERSIDE 0.2 WNW, IL US","2020-05-19",,,,,,
"US1ILCK0300","RIVERSIDE 0.2 WNW, IL US","2020-05-20",,,,,,
"US1ILCK0300","RIVERSIDE 0.2 WNW, IL US","2020-05-21",,,,,,
"US1ILCK0300","RIVERSIDE 0.2 WNW, IL US","2020-05-22",,,,,,
"US1ILCK0300","RIVERSIDE 0.2 WNW, IL US","2020-05-23",,,,,,
"US1ILCK0300","RIVERSIDE 0.2 WNW, IL US","2020-05-24",,,,,,
"US1ILCK0300","RIVERSIDE 0.2 WNW, IL US","2020-05-25",,,,,,
"US1ILCK0300","RIVERSIDE 0.2 WNW, IL US","2020-05-26",,,,,,
"US1ILCK0300","RIVERSIDE 0.2 WNW, IL US","2020-05-27",,,,,,
"US1ILCK0300","RIVERSIDE 0.2 WNW, IL US","2020-05-28",,,,,,
"US1ILCK0300","RIVERSIDE 0.2 WNW, IL US","2020-05-29",,,,,,
"US1ILCK0300","RIVERSIDE 0.2 WNW, IL US","2020-05-30",,,,,,
"US1ILCK0300","RIVERSIDE 0.2 WNW, IL US","2020-05-31",,,,,,
"US1ILCK0300","RIVERSIDE 0.2 WNW, IL US","2020-06-01",,,,,,
"US1ILCK0300","RIVERSIDE 0.2 WNW, IL US","2020-06-02",,,,,,
"US1ILCK0300","RIVERSIDE 0.2 WNW, IL US","2020-06-03",,,,,,
"US1ILCK0300","RIVERSIDE 0.2 WNW, IL US","2020-06-04",,,,,,
"US1ILCK0300","RIVERSIDE 0.2 WNW, IL US","2020-06-05",,,,,,
"US1ILCK0300","RIVERSIDE 0.2 WNW, IL US","2020-06-06",,,,,,
"US1ILCK0300","RIVERSIDE 0.2 WNW, IL US","2020-06-07",,,,,,
"US1ILCK0300","RIVERSIDE 0.2 WNW, IL US","2020-06-08",,,,,,
"US1ILCK0300","RIVERSIDE 0.2 WNW, IL US","2020-06-09",,,,,,
"US1ILCK0300","RIVERSIDE 0.2 WNW, IL US","2020-06-10",,,,,,
"US1ILCK0300","RIVERSIDE 0.2 WNW, IL US","2020-06-11",,,,,,
"US1ILCK0300","RIVERSIDE 0.2 WNW, IL US","2020-06-12",,,,,,
"US1ILCK0300","RIVERSIDE 0.2 WNW, IL US","2020-06-15",,,,,,
"US1ILCK0300","RIVERSIDE 0.2 WNW, IL US","2020-06-16",,,,,,
"US1ILCK0300","RIVERSIDE 0.2 WNW, IL US","2020-06-17",,,,,,
"US1ILCK0300","RIVERSIDE 0.2 WNW, IL US","2020-06-18",,,,,,
"US1ILCK0300","RIVERSIDE 0.2 WNW, IL US","2020-06-19",,,,,,
"US1ILCK0300","RIVERSIDE 0.2 WNW, IL US","2020-06-20",,,,,,
"US1ILCK0300","RIVERSIDE 0.2 WNW, IL US","2020-06-21",,,,,,
"US1ILCK0300","RIVERSIDE 0.2 WNW, IL US","2020-06-22",,,,,,
"US1ILCK0300","RIVERSIDE 0.2 WNW, IL US","2020-06-23",,,,,,
"US1ILCK0300","RIVERSIDE 0.2 WNW, IL US","2020-06-24",,,,,,
"US1ILCK0300","RIVERSIDE 0.2 WNW, IL US","2020-06-25",,,,,,
"US1ILCK0300","RIVERSIDE 0.2 WNW, IL US","2020-06-26",,,,,,
"US1ILCK0300","RIVERSIDE 0.2 WNW, IL US","2020-06-27",,,,,,
"US1ILCK0300","RIVERSIDE 0.2 WNW, IL US","2020-06-28",,,,,,
"US1ILCK0300","RIVERSIDE 0.2 WNW, IL US","2020-06-29",,,,,,
"US1ILCK0300","RIVERSIDE 0.2 WNW, IL US","2020-06-30",,,,,,
"US1ILCK0300","RIVERSIDE 0.2 WNW, IL US","2020-07-01",,,,,,
"US1ILCK0300","RIVERSIDE 0.2 WNW, IL US","2020-07-02",,,,,,
"US1ILCK0300","RIVERSIDE 0.2 WNW, IL US","2020-07-03",,,,,,
"US1ILCK0300","RIVERSIDE 0.2 WNW, IL US","2020-07-04",,,,,,
"US1ILCK0300","RIVERSIDE 0.2 WNW, IL US","2020-07-05",,,,,,
"US1ILCK0300","RIVERSIDE 0.2 WNW, IL US","2020-07-06",,,,,,
"US1ILCK0300","RIVERSIDE 0.2 WNW, IL US","2020-07-07",,,,,,
"US1ILCK0300","RIVERSIDE 0.2 WNW, IL US","2020-07-08",,,,,,
"US1ILCK0300","RIVERSIDE 0.2 WNW, IL US","2020-07-09",,,,,,
"US1ILCK0300","RIVERSIDE 0.2 WNW, IL US","2020-07-10",,,,,,
"US1ILCK0300","RIVERSIDE 0.2 WNW, IL US","2020-07-12",,,,,,
"US1ILCK0300","RIVERSIDE 0.2 WNW, IL US","2020-07-13",,,,,,
"US1ILCK0300","RIVERSIDE 0.2 WNW, IL US","2020-07-14",,,,,,
"US1ILCK0300","RIVERSIDE 0.2 WNW, IL US","2020-07-15",,,,,,
"US1ILCK0300","RIVERSIDE 0.2 WNW, IL US","2020-07-16",,,,,,
"US1ILCK0300","RIVERSIDE 0.2 WNW, IL US","2020-07-17",,,,,,
"US1ILCK0300","RIVERSIDE 0.2 WNW, IL US","2020-07-18",,,,,,
"US1ILCK0300","RIVERSIDE 0.2 WNW, IL US","2020-07-19",,,,,,
"US1ILCK0300","RIVERSIDE 0.2 WNW, IL US","2020-07-20",,,,,,
"US1ILCK0300","RIVERSIDE 0.2 WNW, IL US","2020-07-21",,,,,,
"US1ILCK0300","RIVERSIDE 0.2 WNW, IL US","2020-07-22",,,,,,
"US1ILCK0300","RIVERSIDE 0.2 WNW, IL US","2020-07-23",,,,,,
"US1ILCK0300","RIVERSIDE 0.2 WNW, IL US","2020-07-24",,,,,,
"US1ILCK0300","RIVERSIDE 0.2 WNW, IL US","2020-07-25",,,,,,
"US1ILCK0300","RIVERSIDE 0.2 WNW, IL US","2020-07-26",,,,,,
"US1ILCK0300","RIVERSIDE 0.2 WNW, IL US","2020-07-27",,,,,,
"US1ILCK0300","RIVERSIDE 0.2 WNW, IL US","2020-07-28",,,,,,
"US1ILCK0300","RIVERSIDE 0.2 WNW, IL US","2020-07-29",,,,,,
"US1ILCK0300","RIVERSIDE 0.2 WNW, IL US","2020-07-30",,,,,,
"US1ILCK0300","RIVERSIDE 0.2 WNW, IL US","2020-07-31",,,,,,
"US1ILCK0300","RIVERSIDE 0.2 WNW, IL US","2020-08-01",,,,,,
"US1ILCK0300","RIVERSIDE 0.2 WNW, IL US","2020-08-02",,,,,,
"US1ILCK0300","RIVERSIDE 0.2 WNW, IL US","2020-08-03",,,,,,
"US1ILCK0300","RIVERSIDE 0.2 WNW, IL US","2020-08-04",,,,,,
"US1ILCK0300","RIVERSIDE 0.2 WNW, IL US","2020-08-05",,,,,,
"US1ILCK0300","RIVERSIDE 0.2 WNW, IL US","2020-08-06",,,,,,
"US1ILCK0300","RIVERSIDE 0.2 WNW, IL US","2020-08-07",,,,,,
"US1ILCK0300","RIVERSIDE 0.2 WNW, IL US","2020-08-08",,,,,,
"US1ILCK0300","RIVERSIDE 0.2 WNW, IL US","2020-08-09",,,,,,
"US1ILCK0300","RIVERSIDE 0.2 WNW, IL US","2020-08-10",,,,,,
"US1ILCK0300","RIVERSIDE 0.2 WNW, IL US","2020-08-11",,,,,,
"US1ILCK0300","RIVERSIDE 0.2 WNW, IL US","2020-08-12",,,,,,
"US1ILCK0300","RIVERSIDE 0.2 WNW, IL US","2020-08-13",,,,,,
"US1ILCK0300","RIVERSIDE 0.2 WNW, IL US","2020-08-14",,,,,,
"US1ILCK0300","RIVERSIDE 0.2 WNW, IL US","2020-08-15",,,,,,
"US1ILCK0300","RIVERSIDE 0.2 WNW, IL US","2020-08-16",,,,,,
"US1ILCK0300","RIVERSIDE 0.2 WNW, IL US","2020-08-17",,,,,,
"US1ILCK0300","RIVERSIDE 0.2 WNW, IL US","2020-08-18",,,,,,
"US1ILCK0300","RIVERSIDE 0.2 WNW, IL US","2020-08-19",,,,,,
"US1ILCK0300","RIVERSIDE 0.2 WNW, IL US","2020-08-20",,,,,,
"US1ILCK0300","RIVERSIDE 0.2 WNW, IL US","2020-08-21",,,,,,
"US1ILCK0300","RIVERSIDE 0.2 WNW, IL US","2020-08-22",,,,,,
"US1ILCK0300","RIVERSIDE 0.2 WNW, IL US","2020-08-23",,,,,,
"US1ILCK0300","RIVERSIDE 0.2 WNW, IL US","2020-08-24",,,,,,
"US1ILCK0300","RIVERSIDE 0.2 WNW, IL US","2020-08-25",,,,,,
"US1ILCK0300","RIVERSIDE 0.2 WNW, IL US","2020-08-26",,,,,,
"US1ILCK0300","RIVERSIDE 0.2 WNW, IL US","2020-08-27",,,,,,
"US1ILCK0300","RIVERSIDE 0.2 WNW, IL US","2020-08-28",,,,,,
"US1ILCK0300","RIVERSIDE 0.2 WNW, IL US","2020-08-29",,,,,,
"US1ILCK0300","RIVERSIDE 0.2 WNW, IL US","2020-08-30",,,,,,
"US1ILCK0300","RIVERSIDE 0.2 WNW, IL US","2020-08-31",,,,,,
"US1ILCK0300","RIVERSIDE 0.2 WNW, IL US","2020-09-01",,,,,,
"US1ILCK0300","RIVERSIDE 0.2 WNW, IL US","2020-09-02",,,,,,
"US1ILCK0300","RIVERSIDE 0.2 WNW, IL US","2020-09-03",,,,,,
"US1ILCK0300","RIVERSIDE 0.2 WNW, IL US","2020-09-04",,,,,,
"US1ILCK0300","RIVERSIDE 0.2 WNW, IL US","2020-09-05",,,,,,
"US1ILCK0300","RIVERSIDE 0.2 WNW, IL US","2020-09-06",,,,,,
"US1ILCK0300","RIVERSIDE 0.2 WNW, IL US","2020-09-07",,,,,,
"US1ILCK0300","RIVERSIDE 0.2 WNW, IL US","2020-09-08",,,,,,
"US1INLK0046","ST. JOHN 0.2 WSW, IN US","2019-10-01",,,,,,
"US1INLK0046","ST. JOHN 0.2 WSW, IN US","2019-10-02",,,,,,
"US1INLK0046","ST. JOHN 0.2 WSW, IN US","2019-10-03",,,,,,
"US1INLK0046","ST. JOHN 0.2 WSW, IN US","2019-10-04",,,,,,
"US1INLK0046","ST. JOHN 0.2 WSW, IN US","2019-10-05",,,,,,
"US1INLK0046","ST. JOHN 0.2 WSW, IN US","2019-10-06",,,,,,
"US1INLK0046","ST. JOHN 0.2 WSW, IN US","2019-10-07",,,,,,
"US1INLK0046","ST. JOHN 0.2 WSW, IN US","2019-10-08",,,,,,
"US1INLK0046","ST. JOHN 0.2 WSW, IN US","2019-10-09",,,,,,
"US1INLK0046","ST. JOHN 0.2 WSW, IN US","2019-10-10",,,,,,
"US1INLK0046","ST. JOHN 0.2 WSW, IN US","2019-10-11",,,,,,
"US1INLK0046","ST. JOHN 0.2 WSW, IN US","2019-10-12",,,,,,
"US1INLK0046","ST. JOHN 0.2 WSW, IN US","2019-10-13",,,,,,
"US1INLK0046","ST. JOHN 0.2 WSW, IN US","2019-10-14",,,,,,
"US1INLK0046","ST. JOHN 0.2 WSW, IN US","2019-10-15",,,,,,
"US1INLK0046","ST. JOHN 0.2 WSW, IN US","2019-10-16",,,,,,
"US1INLK0046","ST. JOHN 0.2 WSW, IN US","2019-10-17",,,,,,
"US1INLK0046","ST. JOHN 0.2 WSW, IN US","2019-10-18",,,,,,
"US1INLK0046","ST. JOHN 0.2 WSW, IN US","2019-10-19",,,,,,
"US1INLK0046","ST. JOHN 0.2 WSW, IN US","2019-10-20",,,,,,
"US1INLK0046","ST. JOHN 0.2 WSW, IN US","2019-10-21",,,,,,
"US1INLK0046","ST. JOHN 0.2 WSW, IN US","2019-10-22",,,,,,
"US1INLK0046","ST. JOHN 0.2 WSW, IN US","2019-10-23",,,,,,
"US1INLK0046","ST. JOHN 0.2 WSW, IN US","2019-10-24",,,,,,
"US1INLK0046","ST. JOHN 0.2 WSW, IN US","2019-10-25",,,,,,
"US1INLK0046","ST. JOHN 0.2 WSW, IN US","2019-10-26",,,,,,
"US1INLK0046","ST. JOHN 0.2 WSW, IN US","2019-10-27",,,,,,
"US1INLK0046","ST. JOHN 0.2 WSW, IN US","2019-10-28",,,,,,
"US1INLK0046","ST. JOHN 0.2 WSW, IN US","2019-10-29",,,,,,
"US1INLK0046","ST. JOHN 0.2 WSW, IN US","2019-10-30",,,,,,
"US1INLK0046","ST. JOHN 0.2 WSW, IN US","2019-10-31",,,,,,
"US1INLK0046","ST. JOHN 0.2 WSW, IN US","2019-11-01",,,,,,
"US1INLK0046","ST. JOHN 0.2 WSW, IN US","2019-11-02",,,,,,
"US1INLK0046","ST. JOHN 0.2 WSW, IN US","2019-11-03",,,,,,
"US1INLK0046","ST. JOHN 0.2 WSW, IN US","2019-11-04",,,,,,
"US1INLK0046","ST. JOHN 0.2 WSW, IN US","2019-11-05",,,,,,
"US1INLK0046","ST. JOHN 0.2 WSW, IN US","2019-11-06",,,,,,
"US1INLK0046","ST. JOHN 0.2 WSW, IN US","2019-11-07",,,,,,
"US1INLK0046","ST. JOHN 0.2 WSW, IN US","2019-11-08",,,,,,
"US1INLK0046","ST. JOHN 0.2 WSW, IN US","2019-11-09",,,,,,
"US1INLK0046","ST. JOHN 0.2 WSW, IN US","2019-11-10",,,,,,
"US1INLK0046","ST. JOHN 0.2 WSW, IN US","2019-11-11",,,,,,
"US1INLK0046","ST. JOHN 0.2 WSW, IN US","2019-11-18",,,,,,
"US1INLK0046","ST. JOHN 0.2 WSW, IN US","2019-11-19",,,,,,
"US1INLK0046","ST. JOHN 0.2 WSW, IN US","2019-11-20",,,,,,
"US1INLK0046","ST. JOHN 0.2 WSW, IN US","2019-11-21",,,,,,
"US1INLK0046","ST. JOHN 0.2 WSW, IN US","2019-11-22",,,,,,
"US1INLK0046","ST. JOHN 0.2 WSW, IN US","2019-11-23",,,,,,
"US1INLK0046","ST. JOHN 0.2 WSW, IN US","2019-11-24",,,,,,
"US1INLK0046","ST. JOHN 0.2 WSW, IN US","2019-11-25",,,,,,
"US1INLK0046","ST. JOHN 0.2 WSW, IN US","2019-11-26",,,,,,
"US1INLK0046","ST. JOHN 0.2 WSW, IN US","2019-11-27",,,,,,
"US1INLK0046","ST. JOHN 0.2 WSW, IN US","2019-11-28",,,,,,
"US1INLK0046","ST. JOHN 0.2 WSW, IN US","2019-11-29",,,,,,
"US1INLK0046","ST. JOHN 0.2 WSW, IN US","2019-11-30",,,,,,
"US1INLK0046","ST. JOHN 0.2 WSW, IN US","2019-12-01",,,,,,
"US1INLK0046","ST. JOHN 0.2 WSW, IN US","2019-12-02",,,,,,
"US1INLK0046","ST. JOHN 0.2 WSW, IN US","2019-12-03",,,,,,
"US1INLK0046","ST. JOHN 0.2 WSW, IN US","2019-12-04",,,,,,
"US1INLK0046","ST. JOHN 0.2 WSW, IN US","2019-12-05",,,,,,
"US1INLK0046","ST. JOHN 0.2 WSW, IN US","2019-12-06",,,,,,
"US1INLK0046","ST. JOHN 0.2 WSW, IN US","2019-12-07",,,,,,
"US1INLK0046","ST. JOHN 0.2 WSW, IN US","2019-12-08",,,,,,
"US1INLK0046","ST. JOHN 0.2 WSW, IN US","2019-12-09",,,,,,
"US1INLK0046","ST. JOHN 0.2 WSW, IN US","2019-12-10",,,,,,
"US1INLK0046","ST. JOHN 0.2 WSW, IN US","2019-12-11",,,,,,
"US1INLK0046","ST. JOHN 0.2 WSW, IN US","2019-12-12",,,,,,
"US1INLK0046","ST. JOHN 0.2 WSW, IN US","2019-12-13",,,,,,
"US1INLK0046","ST. JOHN 0.2 WSW, IN US","2019-12-14",,,,,,
"US1INLK0046","ST. JOHN 0.2 WSW, IN US","2019-12-15",,,,,,
"US1INLK0046","ST. JOHN 0.2 WSW, IN US","2019-12-16",,,,,,
"US1INLK0046","ST. JOHN 0.2 WSW, IN US","2019-12-17",,,,,,
"US1INLK0046","ST. JOHN 0.2 WSW, IN US","2019-12-18",,,,,,
"US1INLK0046","ST. JOHN 0.2 WSW, IN US","2019-12-19",,,,,,
"US1INLK0046","ST. JOHN 0.2 WSW, IN US","2019-12-20",,,,,,
"US1INLK0046","ST. JOHN 0.2 WSW, IN US","2019-12-21",,,,,,
"US1INLK0046","ST. JOHN 0.2 WSW, IN US","2019-12-22",,,,,,
"US1INLK0046","ST. JOHN 0.2 WSW, IN US","2019-12-23",,,,,,
"US1INLK0046","ST. JOHN 0.2 WSW, IN US","2019-12-24",,,,,,
"US1INLK0046","ST. JOHN 0.2 WSW, IN US","2019-12-25",,,,,,
"US1INLK0046","ST. JOHN 0.2 WSW, IN US","2019-12-26",,,,,,
"US1INLK0046","ST. JOHN 0.2 WSW, IN US","2019-12-27",,,,,,
"US1INLK0046","ST. JOHN 0.2 WSW, IN US","2019-12-28",,,,,,
"US1INLK0046","ST. JOHN 0.2 WSW, IN US","2019-12-29",,,,,,
"US1INLK0046","ST. JOHN 0.2 WSW, IN US","2019-12-30",,,,,,
"US1INLK0046","ST. JOHN 0.2 WSW, IN US","2019-12-31",,,,,,
"US1INLK0046","ST. JOHN 0.2 WSW, IN US","2020-01-01",,,,,,
"US1INLK0046","ST. JOHN 0.2 WSW, IN US","2020-01-02",,,,,,
"US1INLK0046","ST. JOHN 0.2 WSW, IN US","2020-01-03",,,,,,
"US1INLK0046","ST. JOHN 0.2 WSW, IN US","2020-01-04",,,,,,
"US1INLK0046","ST. JOHN 0.2 WSW, IN US","2020-01-05",,,,,,
"US1INLK0046","ST. JOHN 0.2 WSW, IN US","2020-01-06",,,,,,
"US1INLK0046","ST. JOHN 0.2 WSW, IN US","2020-01-07",,,,,,
"US1INLK0046","ST. JOHN 0.2 WSW, IN US","2020-01-08",,,,,,
"US1INLK0046","ST. JOHN 0.2 WSW, IN US","2020-01-09",,,,,,
"US1INLK0046","ST. JOHN 0.2 WSW, IN US","2020-01-10",,,,,,
"US1INLK0046","ST. JOHN 0.2 WSW, IN US","2020-01-11",,,,,,
"US1INLK0046","ST. JOHN 0.2 WSW, IN US","2020-01-12",,,,,,
"US1INLK0046","ST. JOHN 0.2 WSW, IN US","2020-01-13",,,,,,
"US1INLK0046","ST. JOHN 0.2 WSW, IN US","2020-01-14",,,,,,
"US1INLK0046","ST. JOHN 0.2 WSW, IN US","2020-01-15",,,,,,
"US1INLK0046","ST. JOHN 0.2 WSW, IN US","2020-01-16",,,,,,
"US1INLK0046","ST. JOHN 0.2 WSW, IN US","2020-01-17",,,,,,
"US1INLK0046","ST. JOHN 0.2 WSW, IN US","2020-01-18",,,,,,
"US1INLK0046","ST. JOHN 0.2 WSW, IN US","2020-01-19",,,,,,
"US1INLK0046","ST. JOHN 0.2 WSW, IN US","2020-01-20",,,,,,
"US1INLK0046","ST. JOHN 0.2 WSW, IN US","2020-01-21",,,,,,
"US1INLK0046","ST. JOHN 0.2 WSW, IN US","2020-01-22",,,,,,
"US1INLK0046","ST. JOHN 0.2 WSW, IN US","2020-01-23",,,,,,
"US1INLK0046","ST. JOHN 0.2 WSW, IN US","2020-01-24",,,,,,
"US1INLK0046","ST. JOHN 0.2 WSW, IN US","2020-01-25",,,,,,
"US1INLK0046","ST. JOHN 0.2 WSW, IN US","2020-01-26",,,,,,
"US1INLK0046","ST. JOHN 0.2 WSW, IN US","2020-01-27",,,,,,
"US1INLK0046","ST. JOHN 0.2 WSW, IN US","2020-01-28",,,,,,
"US1INLK0046","ST. JOHN 0.2 WSW, IN US","2020-01-29",,,,,,
"US1INLK0046","ST. JOHN 0.2 WSW, IN US","2020-01-30",,,,,,
"US1INLK0046","ST. JOHN 0.2 WSW, IN US","2020-01-31",,,,,,
"US1INLK0046","ST. JOHN 0.2 WSW, IN US","2020-02-01",,,,,,
"US1INLK0046","ST. JOHN 0.2 WSW, IN US","2020-02-02",,,,,,
"US1INLK0046","ST. JOHN 0.2 WSW, IN US","2020-02-03",,,,,,
"US1INLK0046","ST. JOHN 0.2 WSW, IN US","2020-02-04",,,,,,
"US1INLK0046","ST. JOHN 0.2 WSW, IN US","2020-02-05",,,,,,
"US1INLK0046","ST. JOHN 0.2 WSW, IN US","2020-02-06",,,,,,
"US1INLK0046","ST. JOHN 0.2 WSW, IN US","2020-02-07",,,,,,
"US1INLK0046","ST. JOHN 0.2 WSW, IN US","2020-02-08",,,,,,
"US1INLK0046","ST. JOHN 0.2 WSW, IN US","2020-02-09",,,,,,
"US1INLK0046","ST. JOHN 0.2 WSW, IN US","2020-02-10",,,,,,
"US1INLK0046","ST. JOHN 0.2 WSW, IN US","2020-02-11",,,,,,
"US1INLK0046","ST. JOHN 0.2 WSW, IN US","2020-02-12",,,,,,
"US1INLK0046","ST. JOHN 0.2 WSW, IN US","2020-02-13",,,,,,
"US1INLK0046","ST. JOHN 0.2 WSW, IN US","2020-02-14",,,,,,
"US1INLK0046","ST. JOHN 0.2 WSW, IN US","2020-02-15",,,,,,
"US1INLK0046","ST. JOHN 0.2 WSW, IN US","2020-02-16",,,,,,
"US1INLK0046","ST. JOHN 0.2 WSW, IN US","2020-02-17",,,,,,
"US1INLK0046","ST. JOHN 0.2 WSW, IN US","2020-02-18",,,,,,
"US1INLK0046","ST. JOHN 0.2 WSW, IN US","2020-02-19",,,,,,
"US1INLK0046","ST. JOHN 0.2 WSW, IN US","2020-02-20",,,,,,
"US1INLK0046","ST. JOHN 0.2 WSW, IN US","2020-02-21",,,,,,
"US1INLK0046","ST. JOHN 0.2 WSW, IN US","2020-02-22",,,,,,
"US1INLK0046","ST. JOHN 0.2 WSW, IN US","2020-02-23",,,,,,
"US1INLK0046","ST. JOHN 0.2 WSW, IN US","2020-02-24",,,,,,
"US1INLK0046","ST. JOHN 0.2 WSW, IN US","2020-02-25",,,,,,
"US1INLK0046","ST. JOHN 0.2 WSW, IN US","2020-02-26",,,,,,
"US1INLK0046","ST. JOHN 0.2 WSW, IN US","2020-02-27",,,,,,
"US1INLK0046","ST. JOHN 0.2 WSW, IN US","2020-02-28",,,,,,
"US1INLK0046","ST. JOHN 0.2 WSW, IN US","2020-02-29",,,,,,
"US1INLK0046","ST. JOHN 0.2 WSW, IN US","2020-03-01",,,,,,
"US1INLK0046","ST. JOHN 0.2 WSW, IN US","2020-03-02",,,,,,
"US1INLK0046","ST. JOHN 0.2 WSW, IN US","2020-03-03",,,,,,
"US1INLK0046","ST. JOHN 0.2 WSW, IN US","2020-03-04",,,,,,
"US1INLK0046","ST. JOHN 0.2 WSW, IN US","2020-03-05",,,,,,
"US1INLK0046","ST. JOHN 0.2 WSW, IN US","2020-03-06",,,,,,
"US1INLK0046","ST. JOHN 0.2 WSW, IN US","2020-03-07",,,,,,
"US1INLK0046","ST. JOHN 0.2 WSW, IN US","2020-03-08",,,,,,
"US1INLK0046","ST. JOHN 0.2 WSW, IN US","2020-03-09",,,,,,
"US1INLK0046","ST. JOHN 0.2 WSW, IN US","2020-03-10",,,,,,
"US1INLK0046","ST. JOHN 0.2 WSW, IN US","2020-03-11",,,,,,
"US1INLK0046","ST. JOHN 0.2 WSW, IN US","2020-03-12",,,,,,
"US1INLK0046","ST. JOHN 0.2 WSW, IN US","2020-03-13",,,,,,
"US1INLK0046","ST. JOHN 0.2 WSW, IN US","2020-03-14",,,,,,
"US1INLK0046","ST. JOHN 0.2 WSW, IN US","2020-03-15",,,,,,
"US1INLK0046","ST. JOHN 0.2 WSW, IN US","2020-03-16",,,,,,
"US1INLK0046","ST. JOHN 0.2 WSW, IN US","2020-03-17",,,,,,
"US1INLK0046","ST. JOHN 0.2 WSW, IN US","2020-03-18",,,,,,
"US1INLK0046","ST. JOHN 0.2 WSW, IN US","2020-03-19",,,,,,
"US1INLK0046","ST. JOHN 0.2 WSW, IN US","2020-03-20",,,,,,
"US1INLK0046","ST. JOHN 0.2 WSW, IN US","2020-03-21",,,,,,
"US1INLK0046","ST. JOHN 0.2 WSW, IN US","2020-03-22",,,,,,
"US1INLK0046","ST. JOHN 0.2 WSW, IN US","2020-03-23",,,,,,
"US1INLK0046","ST. JOHN 0.2 WSW, IN US","2020-03-24",,,,,,
"US1INLK0046","ST. JOHN 0.2 WSW, IN US","2020-03-25",,,,,,
"US1INLK0046","ST. JOHN 0.2 WSW, IN US","2020-03-26",,,,,,
"US1INLK0046","ST. JOHN 0.2 WSW, IN US","2020-03-27",,,,,,
"US1INLK0046","ST. JOHN 0.2 WSW, IN US","2020-03-28",,,,,,
"US1INLK0046","ST. JOHN 0.2 WSW, IN US","2020-03-29",,,,,,
"US1INLK0046","ST. JOHN 0.2 WSW, IN US","2020-03-30",,,,,,
"US1INLK0046","ST. JOHN 0.2 WSW, IN US","2020-03-31",,,,,,
"US1INLK0046","ST. JOHN 0.2 WSW, IN US","2020-04-01",,,,,,
"US1INLK0046","ST. JOHN 0.2 WSW, IN US","2020-04-02",,,,,,
"US1INLK0046","ST. JOHN 0.2 WSW, IN US","2020-04-03",,,,,,
"US1INLK0046","ST. JOHN 0.2 WSW, IN US","2020-04-04",,,,,,
"US1INLK0046","ST. JOHN 0.2 WSW, IN US","2020-04-05",,,,,,
"US1INLK0046","ST. JOHN 0.2 WSW, IN US","2020-04-06",,,,,,
"US1INLK0046","ST. JOHN 0.2 WSW, IN US","2020-04-07",,,,,,
"US1INLK0046","ST. JOHN 0.2 WSW, IN US","2020-04-08",,,,,,
"US1INLK0046","ST. JOHN 0.2 WSW, IN US","2020-04-09",,,,,,
"US1INLK0046","ST. JOHN 0.2 WSW, IN US","2020-04-10",,,,,,
"US1INLK0046","ST. JOHN 0.2 WSW, IN US","2020-04-11",,,,,,
"US1INLK0046","ST. JOHN 0.2 WSW, IN US","2020-04-12",,,,,,
"US1INLK0046","ST. JOHN 0.2 WSW, IN US","2020-04-13",,,,,,
"US1INLK0046","ST. JOHN 0.2 WSW, IN US","2020-04-14",,,,,,
"US1INLK0046","ST. JOHN 0.2 WSW, IN US","2020-04-15",,,,,,
"US1INLK0046","ST. JOHN 0.2 WSW, IN US","2020-04-16",,,,,,
"US1INLK0046","ST. JOHN 0.2 WSW, IN US","2020-04-17",,,,,,
"US1INLK0046","ST. JOHN 0.2 WSW, IN US","2020-04-18",,,,,,
"US1INLK0046","ST. JOHN 0.2 WSW, IN US","2020-04-19",,,,,,
"US1INLK0046","ST. JOHN 0.2 WSW, IN US","2020-04-20",,,,,,
"US1INLK0046","ST. JOHN 0.2 WSW, IN US","2020-04-21",,,,,,
"US1INLK0046","ST. JOHN 0.2 WSW, IN US","2020-04-22",,,,,,
"US1INLK0046","ST. JOHN 0.2 WSW, IN US","2020-04-23",,,,,,
"US1INLK0046","ST. JOHN 0.2 WSW, IN US","2020-04-24",,,,,,
"US1INLK0046","ST. JOHN 0.2 WSW, IN US","2020-04-25",,,,,,
"US1INLK0046","ST. JOHN 0.2 WSW, IN US","2020-04-26",,,,,,
"US1INLK0046","ST. JOHN 0.2 WSW, IN US","2020-04-27",,,,,,
"US1INLK0046","ST. JOHN 0.2 WSW, IN US","2020-04-28",,,,,,
"US1INLK0046","ST. JOHN 0.2 WSW, IN US","2020-04-29",,,,,,
"US1INLK0046","ST. JOHN 0.2 WSW, IN US","2020-04-30",,,,,,
"US1INLK0046","ST. JOHN 0.2 WSW, IN US","2020-05-01",,,,,,
"US1INLK0046","ST. JOHN 0.2 WSW, IN US","2020-05-02",,,,,,
"US1INLK0046","ST. JOHN 0.2 WSW, IN US","2020-05-03",,,,,,
"US1INLK0046","ST. JOHN 0.2 WSW, IN US","2020-05-04",,,,,,
"US1INLK0046","ST. JOHN 0.2 WSW, IN US","2020-05-05",,,,,,
"US1INLK0046","ST. JOHN 0.2 WSW, IN US","2020-05-06",,,,,,
"US1INLK0046","ST. JOHN 0.2 WSW, IN US","2020-05-07",,,,,,
"US1INLK0046","ST. JOHN 0.2 WSW, IN US","2020-05-08",,,,,,
"US1INLK0046","ST. JOHN 0.2 WSW, IN US","2020-05-09",,,,,,
"US1INLK0046","ST. JOHN 0.2 WSW, IN US","2020-05-10",,,,,,
"US1INLK0046","ST. JOHN 0.2 WSW, IN US","2020-05-11",,,,,,
"US1INLK0046","ST. JOHN 0.2 WSW, IN US","2020-05-12",,,,,,
"US1INLK0046","ST. JOHN 0.2 WSW, IN US","2020-05-13",,,,,,
"US1INLK0046","ST. JOHN 0.2 WSW, IN US","2020-05-14",,,,,,
"US1INLK0046","ST. JOHN 0.2 WSW, IN US","2020-05-15",,,,,,
"US1INLK0046","ST. JOHN 0.2 WSW, IN US","2020-05-16",,,,,,
"US1INLK0046","ST. JOHN 0.2 WSW, IN US","2020-05-17",,,,,,
"US1INLK0046","ST. JOHN 0.2 WSW, IN US","2020-05-18",,,,,,
"US1INLK0046","ST. JOHN 0.2 WSW, IN US","2020-05-19",,,,,,
"US1INLK0046","ST. JOHN 0.2 WSW, IN US","2020-05-20",,,,,,
"US1INLK0046","ST. JOHN 0.2 WSW, IN US","2020-05-21",,,,,,
"US1INLK0046","ST. JOHN 0.2 WSW, IN US","2020-05-22",,,,,,
"US1INLK0046","ST. JOHN 0.2 WSW, IN US","2020-05-23",,,,,,
"US1INLK0046","ST. JOHN 0.2 WSW, IN US","2020-05-24",,,,,,
"US1INLK0046","ST. JOHN 0.2 WSW, IN US","2020-05-25",,,,,,
"US1INLK0046","ST. JOHN 0.2 WSW, IN US","2020-05-26",,,,,,
"US1INLK0046","ST. JOHN 0.2 WSW, IN US","2020-05-27",,,,,,
"US1INLK0046","ST. JOHN 0.2 WSW, IN US","2020-05-28",,,,,,
"US1INLK0046","ST. JOHN 0.2 WSW, IN US","2020-05-29",,,,,,
"US1INLK0046","ST. JOHN 0.2 WSW, IN US","2020-05-30",,,,,,
"US1INLK0046","ST. JOHN 0.2 WSW, IN US","2020-05-31",,,,,,
"US1INLK0046","ST. JOHN 0.2 WSW, IN US","2020-06-01",,,,,,
"US1INLK0046","ST. JOHN 0.2 WSW, IN US","2020-06-02",,,,,,
"US1INLK0046","ST. JOHN 0.2 WSW, IN US","2020-06-03",,,,,,
"US1INLK0046","ST. JOHN 0.2 WSW, IN US","2020-06-04",,,,,,
"US1INLK0046","ST. JOHN 0.2 WSW, IN US","2020-06-05",,,,,,
"US1INLK0046","ST. JOHN 0.2 WSW, IN US","2020-06-06",,,,,,
"US1INLK0046","ST. JOHN 0.2 WSW, IN US","2020-06-07",,,,,,
"US1INLK0046","ST. JOHN 0.2 WSW, IN US","2020-06-08",,,,,,
"US1INLK0046","ST. JOHN 0.2 WSW, IN US","2020-06-09",,,,,,
"US1INLK0046","ST. JOHN 0.2 WSW, IN US","2020-06-10",,,,,,
"US1INLK0046","ST. JOHN 0.2 WSW, IN US","2020-06-11",,,,,,
"US1INLK0046","ST. JOHN 0.2 WSW, IN US","2020-06-12",,,,,,
"US1INLK0046","ST. JOHN 0.2 WSW, IN US","2020-06-13",,,,,,
"US1INLK0046","ST. JOHN 0.2 WSW, IN US","2020-06-14",,,,,,
"US1INLK0046","ST. JOHN 0.2 WSW, IN US","2020-06-15",,,,,,
"US1INLK0046","ST. JOHN 0.2 WSW, IN US","2020-06-16",,,,,,
"US1INLK0046","ST. JOHN 0.2 WSW, IN US","2020-06-17",,,,,,
"US1INLK0046","ST. JOHN 0.2 WSW, IN US","2020-06-18",,,,,,
"US1INLK0046","ST. JOHN 0.2 WSW, IN US","2020-06-19",,,,,,
"US1INLK0046","ST. JOHN 0.2 WSW, IN US","2020-06-20",,,,,,
"US1INLK0046","ST. JOHN 0.2 WSW, IN US","2020-06-21",,,,,,
"US1INLK0046","ST. JOHN 0.2 WSW, IN US","2020-06-22",,,,,,
"US1INLK0046","ST. JOHN 0.2 WSW, IN US","2020-06-23",,,,,,
"US1INLK0046","ST. JOHN 0.2 WSW, IN US","2020-06-24",,,,,,
"US1INLK0046","ST. JOHN 0.2 WSW, IN US","2020-06-25",,,,,,
"US1INLK0046","ST. JOHN 0.2 WSW, IN US","2020-06-26",,,,,,
"US1INLK0046","ST. JOHN 0.2 WSW, IN US","2020-06-27",,,,,,
"US1INLK0046","ST. JOHN 0.2 WSW, IN US","2020-06-28",,,,,,
"US1INLK0046","ST. JOHN 0.2 WSW, IN US","2020-06-29",,,,,,
"US1INLK0046","ST. JOHN 0.2 WSW, IN US","2020-06-30",,,,,,
"US1INLK0046","ST. JOHN 0.2 WSW, IN US","2020-07-01",,,,,,
"US1INLK0046","ST. JOHN 0.2 WSW, IN US","2020-07-02",,,,,,
"US1INLK0046","ST. JOHN 0.2 WSW, IN US","2020-07-03",,,,,,
"US1INLK0046","ST. JOHN 0.2 WSW, IN US","2020-07-04",,,,,,
"US1INLK0046","ST. JOHN 0.2 WSW, IN US","2020-07-05",,,,,,
"US1INLK0046","ST. JOHN 0.2 WSW, IN US","2020-07-06",,,,,,
"US1INLK0046","ST. JOHN 0.2 WSW, IN US","2020-07-07",,,,,,
"US1INLK0046","ST. JOHN 0.2 WSW, IN US","2020-07-08",,,,,,
"US1INLK0046","ST. JOHN 0.2 WSW, IN US","2020-07-09",,,,,,
"US1INLK0046","ST. JOHN 0.2 WSW, IN US","2020-07-10",,,,,,
"US1INLK0046","ST. JOHN 0.2 WSW, IN US","2020-07-11",,,,,,
"US1INLK0046","ST. JOHN 0.2 WSW, IN US","2020-07-12",,,,,,
"US1INLK0046","ST. JOHN 0.2 WSW, IN US","2020-07-13",,,,,,
"US1INLK0046","ST. JOHN 0.2 WSW, IN US","2020-07-14",,,,,,
"US1INLK0046","ST. JOHN 0.2 WSW, IN US","2020-07-15",,,,,,
"US1INLK0046","ST. JOHN 0.2 WSW, IN US","2020-07-16",,,,,,
"US1INLK0046","ST. JOHN 0.2 WSW, IN US","2020-07-17",,,,,,
"US1INLK0046","ST. JOHN 0.2 WSW, IN US","2020-07-18",,,,,,
"US1INLK0046","ST. JOHN 0.2 WSW, IN US","2020-07-19",,,,,,
"US1INLK0046","ST. JOHN 0.2 WSW, IN US","2020-07-20",,,,,,
"US1INLK0046","ST. JOHN 0.2 WSW, IN US","2020-07-21",,,,,,
"US1INLK0046","ST. JOHN 0.2 WSW, IN US","2020-07-22",,,,,,
"US1INLK0046","ST. JOHN 0.2 WSW, IN US","2020-07-23",,,,,,
"US1INLK0046","ST. JOHN 0.2 WSW, IN US","2020-07-24",,,,,,
"US1INLK0046","ST. JOHN 0.2 WSW, IN US","2020-07-25",,,,,,
"US1INLK0046","ST. JOHN 0.2 WSW, IN US","2020-07-26",,,,,,
"US1INLK0046","ST. JOHN 0.2 WSW, IN US","2020-07-27",,,,,,
"US1INLK0046","ST. JOHN 0.2 WSW, IN US","2020-07-28",,,,,,
"US1INLK0046","ST. JOHN 0.2 WSW, IN US","2020-07-29",,,,,,
"US1INLK0046","ST. JOHN 0.2 WSW, IN US","2020-07-30",,,,,,
"US1INLK0046","ST. JOHN 0.2 WSW, IN US","2020-07-31",,,,,,
"US1INLK0046","ST. JOHN 0.2 WSW, IN US","2020-08-01",,,,,,
"US1INLK0046","ST. JOHN 0.2 WSW, IN US","2020-08-02",,,,,,
"US1INLK0046","ST. JOHN 0.2 WSW, IN US","2020-08-03",,,,,,
"US1INLK0046","ST. JOHN 0.2 WSW, IN US","2020-08-04",,,,,,
"US1INLK0046","ST. JOHN 0.2 WSW, IN US","2020-08-05",,,,,,
"US1INLK0046","ST. JOHN 0.2 WSW, IN US","2020-08-06",,,,,,
"US1INLK0046","ST. JOHN 0.2 WSW, IN US","2020-08-07",,,,,,
"US1INLK0046","ST. JOHN 0.2 WSW, IN US","2020-08-08",,,,,,
"US1INLK0046","ST. JOHN 0.2 WSW, IN US","2020-08-09",,,,,,
"US1INLK0046","ST. JOHN 0.2 WSW, IN US","2020-08-10",,,,,,
"US1INLK0046","ST. JOHN 0.2 WSW, IN US","2020-08-11",,,,,,
"US1INLK0046","ST. JOHN 0.2 WSW, IN US","2020-08-12",,,,,,
"US1INLK0046","ST. JOHN 0.2 WSW, IN US","2020-08-13",,,,,,
"US1INLK0046","ST. JOHN 0.2 WSW, IN US","2020-08-14",,,,,,
"US1INLK0046","ST. JOHN 0.2 WSW, IN US","2020-08-15",,,,,,
"US1INLK0046","ST. JOHN 0.2 WSW, IN US","2020-08-16",,,,,,
"US1INLK0046","ST. JOHN 0.2 WSW, IN US","2020-08-17",,,,,,
"US1INLK0046","ST. JOHN 0.2 WSW, IN US","2020-08-18",,,,,,
"US1INLK0046","ST. JOHN 0.2 WSW, IN US","2020-08-19",,,,,,
"US1INLK0046","ST. JOHN 0.2 WSW, IN US","2020-08-20",,,,,,
"US1INLK0046","ST. JOHN 0.2 WSW, IN US","2020-08-21",,,,,,
"US1INLK0046","ST. JOHN 0.2 WSW, IN US","2020-08-22",,,,,,
"US1INLK0046","ST. JOHN 0.2 WSW, IN US","2020-08-23",,,,,,
"US1INLK0046","ST. JOHN 0.2 WSW, IN US","2020-08-24",,,,,,
"US1INLK0046","ST. JOHN 0.2 WSW, IN US","2020-08-25",,,,,,
"US1INLK0046","ST. JOHN 0.2 WSW, IN US","2020-08-26",,,,,,
"US1INLK0046","ST. JOHN 0.2 WSW, IN US","2020-08-27",,,,,,
"US1INLK0046","ST. JOHN 0.2 WSW, IN US","2020-08-28",,,,,,
"US1INLK0046","ST. JOHN 0.2 WSW, IN US","2020-08-29",,,,,,
"US1INLK0046","ST. JOHN 0.2 WSW, IN US","2020-08-30",,,,,,
"US1INLK0046","ST. JOHN 0.2 WSW, IN US","2020-08-31",,,,,,
"US1INLK0046","ST. JOHN 0.2 WSW, IN US","2020-09-01",,,,,,
"US1INLK0046","ST. JOHN 0.2 WSW, IN US","2020-09-02",,,,,,
"US1INLK0046","ST. JOHN 0.2 WSW, IN US","2020-09-03",,,,,,
"US1INLK0046","ST. JOHN 0.2 WSW, IN US","2020-09-04",,,,,,
"US1INLK0046","ST. JOHN 0.2 WSW, IN US","2020-09-05",,,,,,
"US1INLK0046","ST. JOHN 0.2 WSW, IN US","2020-09-06",,,,,,
"US1INLK0046","ST. JOHN 0.2 WSW, IN US","2020-09-07",,,,,,
"US1INLK0046","ST. JOHN 0.2 WSW, IN US","2020-09-08",,,,,,
"US1ILCK0260","MIDLOTHIAN 1.2 SE, IL US","2019-10-01",,,,,,
"US1ILCK0260","MIDLOTHIAN 1.2 SE, IL US","2019-10-02",,,,,,
"US1ILCK0260","MIDLOTHIAN 1.2 SE, IL US","2019-10-03",,,,,,
"US1ILCK0260","MIDLOTHIAN 1.2 SE, IL US","2019-10-04",,,,,,
"US1ILCK0260","MIDLOTHIAN 1.2 SE, IL US","2019-10-05",,,,,,
"US1ILCK0260","MIDLOTHIAN 1.2 SE, IL US","2019-10-06",,,,,,
"US1ILCK0260","MIDLOTHIAN 1.2 SE, IL US","2019-10-07",,,,,,
"US1ILCK0260","MIDLOTHIAN 1.2 SE, IL US","2019-10-08",,,,,,
"US1ILCK0260","MIDLOTHIAN 1.2 SE, IL US","2019-10-09",,,,,,
"US1ILCK0260","MIDLOTHIAN 1.2 SE, IL US","2019-10-10",,,,,,
"US1ILCK0260","MIDLOTHIAN 1.2 SE, IL US","2019-10-11",,,,,,
"US1ILCK0260","MIDLOTHIAN 1.2 SE, IL US","2019-10-12",,,,,,
"US1ILCK0260","MIDLOTHIAN 1.2 SE, IL US","2019-10-26",,,,,,
"US1ILCK0260","MIDLOTHIAN 1.2 SE, IL US","2019-10-27",,,,,,
"US1ILCK0260","MIDLOTHIAN 1.2 SE, IL US","2019-10-28",,,,,,
"US1ILCK0260","MIDLOTHIAN 1.2 SE, IL US","2019-10-29",,,,,,
"US1ILCK0260","MIDLOTHIAN 1.2 SE, IL US","2019-10-30",,,,,,
"US1ILCK0260","MIDLOTHIAN 1.2 SE, IL US","2019-10-31",,,,,,
"US1ILCK0260","MIDLOTHIAN 1.2 SE, IL US","2020-01-11",,,,,,
"US1ILCK0260","MIDLOTHIAN 1.2 SE, IL US","2020-03-10",,,,,,
"US1ILCK0260","MIDLOTHIAN 1.2 SE, IL US","2020-03-11",,,,,,
"US1ILCK0260","MIDLOTHIAN 1.2 SE, IL US","2020-03-12",,,,,,
"US1ILCK0260","MIDLOTHIAN 1.2 SE, IL US","2020-03-13",,,,,,
"US1ILCK0260","MIDLOTHIAN 1.2 SE, IL US","2020-03-14",,,,,,
"US1ILCK0260","MIDLOTHIAN 1.2 SE, IL US","2020-03-15",,,,,,
"US1ILCK0260","MIDLOTHIAN 1.2 SE, IL US","2020-03-16",,,,,,
"US1ILCK0260","MIDLOTHIAN 1.2 SE, IL US","2020-03-17",,,,,,
"US1ILCK0260","MIDLOTHIAN 1.2 SE, IL US","2020-03-18",,,,,,
"US1ILCK0260","MIDLOTHIAN 1.2 SE, IL US","2020-03-19",,,,,,
"US1ILCK0260","MIDLOTHIAN 1.2 SE, IL US","2020-03-20",,,,,,
"US1ILCK0260","MIDLOTHIAN 1.2 SE, IL US","2020-03-21",,,,,,
"US1ILCK0260","MIDLOTHIAN 1.2 SE, IL US","2020-03-22",,,,,,
"US1ILCK0260","MIDLOTHIAN 1.2 SE, IL US","2020-03-23",,,,,,
"US1ILCK0260","MIDLOTHIAN 1.2 SE, IL US","2020-03-24",,,,,,
"US1ILCK0260","MIDLOTHIAN 1.2 SE, IL US","2020-03-25",,,,,,
"US1ILCK0260","MIDLOTHIAN 1.2 SE, IL US","2020-03-26",,,,,,
"US1ILCK0260","MIDLOTHIAN 1.2 SE, IL US","2020-03-27",,,,,,
"US1ILCK0260","MIDLOTHIAN 1.2 SE, IL US","2020-03-28",,,,,,
"US1ILCK0260","MIDLOTHIAN 1.2 SE, IL US","2020-03-29",,,,,,
"US1ILCK0260","MIDLOTHIAN 1.2 SE, IL US","2020-03-30",,,,,,
"US1ILCK0260","MIDLOTHIAN 1.2 SE, IL US","2020-03-31",,,,,,
"US1ILCK0260","MIDLOTHIAN 1.2 SE, IL US","2020-04-01",,,,,,
"US1ILCK0260","MIDLOTHIAN 1.2 SE, IL US","2020-04-02",,,,,,
"US1ILCK0260","MIDLOTHIAN 1.2 SE, IL US","2020-04-03",,,,,,
"US1ILCK0260","MIDLOTHIAN 1.2 SE, IL US","2020-04-04",,,,,,
"US1ILCK0260","MIDLOTHIAN 1.2 SE, IL US","2020-04-05",,,,,,
"US1ILCK0260","MIDLOTHIAN 1.2 SE, IL US","2020-04-06",,,,,,
"US1ILCK0260","MIDLOTHIAN 1.2 SE, IL US","2020-04-07",,,,,,
"US1ILCK0260","MIDLOTHIAN 1.2 SE, IL US","2020-04-08",,,,,,
"US1ILCK0260","MIDLOTHIAN 1.2 SE, IL US","2020-04-09",,,,,,
"US1ILCK0260","MIDLOTHIAN 1.2 SE, IL US","2020-04-10",,,,,,
"US1ILCK0260","MIDLOTHIAN 1.2 SE, IL US","2020-04-11",,,,,,
"US1ILCK0260","MIDLOTHIAN 1.2 SE, IL US","2020-04-12",,,,,,
"US1ILCK0260","MIDLOTHIAN 1.2 SE, IL US","2020-04-13",,,,,,
"US1ILCK0260","MIDLOTHIAN 1.2 SE, IL US","2020-04-22",,,,,,
"US1ILCK0260","MIDLOTHIAN 1.2 SE, IL US","2020-04-26",,,,,,
"US1ILCK0260","MIDLOTHIAN 1.2 SE, IL US","2020-04-28",,,,,,
"US1ILCK0260","MIDLOTHIAN 1.2 SE, IL US","2020-04-29",,,,,,
"US1ILCK0260","MIDLOTHIAN 1.2 SE, IL US","2020-04-30",,,,,,
"US1ILCK0260","MIDLOTHIAN 1.2 SE, IL US","2020-05-01",,,,,,
"US1ILCK0260","MIDLOTHIAN 1.2 SE, IL US","2020-05-02",,,,,,
"US1ILCK0260","MIDLOTHIAN 1.2 SE, IL US","2020-05-03",,,,,,
"US1ILCK0260","MIDLOTHIAN 1.2 SE, IL US","2020-05-04",,,,,,
"US1ILCK0260","MIDLOTHIAN 1.2 SE, IL US","2020-05-05",,,,,,
"US1ILCK0260","MIDLOTHIAN 1.2 SE, IL US","2020-05-06",,,,,,
"US1ILCK0260","MIDLOTHIAN 1.2 SE, IL US","2020-05-07",,,,,,
"US1ILCK0260","MIDLOTHIAN 1.2 SE, IL US","2020-05-08",,,,,,
"US1ILCK0260","MIDLOTHIAN 1.2 SE, IL US","2020-05-09",,,,,,
"US1ILCK0260","MIDLOTHIAN 1.2 SE, IL US","2020-05-10",,,,,,
"US1ILCK0260","MIDLOTHIAN 1.2 SE, IL US","2020-05-11",,,,,,
"US1ILCK0260","MIDLOTHIAN 1.2 SE, IL US","2020-05-12",,,,,,
"US1ILCK0260","MIDLOTHIAN 1.2 SE, IL US","2020-05-13",,,,,,
"US1ILCK0260","MIDLOTHIAN 1.2 SE, IL US","2020-05-14",,,,,,
"US1ILCK0260","MIDLOTHIAN 1.2 SE, IL US","2020-05-15",,,,,,
"US1ILCK0260","MIDLOTHIAN 1.2 SE, IL US","2020-05-16",,,,,,
"US1ILCK0260","MIDLOTHIAN 1.2 SE, IL US","2020-05-17",,,,,,
"US1ILCK0260","MIDLOTHIAN 1.2 SE, IL US","2020-05-18",,,,,,
"US1ILCK0260","MIDLOTHIAN 1.2 SE, IL US","2020-05-19",,,,,,
"US1ILCK0260","MIDLOTHIAN 1.2 SE, IL US","2020-05-20",,,,,,
"US1ILCK0260","MIDLOTHIAN 1.2 SE, IL US","2020-05-21",,,,,,
"US1ILCK0260","MIDLOTHIAN 1.2 SE, IL US","2020-05-22",,,,,,
"US1ILCK0260","MIDLOTHIAN 1.2 SE, IL US","2020-05-23",,,,,,
"US1ILCK0260","MIDLOTHIAN 1.2 SE, IL US","2020-05-24",,,,,,
"US1ILCK0260","MIDLOTHIAN 1.2 SE, IL US","2020-05-25",,,,,,
"US1ILCK0260","MIDLOTHIAN 1.2 SE, IL US","2020-05-26",,,,,,
"US1ILCK0260","MIDLOTHIAN 1.2 SE, IL US","2020-05-27",,,,,,
"US1ILCK0260","MIDLOTHIAN 1.2 SE, IL US","2020-05-28",,,,,,
"US1ILCK0260","MIDLOTHIAN 1.2 SE, IL US","2020-05-29",,,,,,
"US1ILCK0260","MIDLOTHIAN 1.2 SE, IL US","2020-05-30",,,,,,
"US1ILCK0260","MIDLOTHIAN 1.2 SE, IL US","2020-05-31",,,,,,
"US1ILCK0260","MIDLOTHIAN 1.2 SE, IL US","2020-06-01",,,,,,
"US1ILCK0260","MIDLOTHIAN 1.2 SE, IL US","2020-06-02",,,,,,
"US1ILCK0260","MIDLOTHIAN 1.2 SE, IL US","2020-06-03",,,,,,
"US1ILCK0260","MIDLOTHIAN 1.2 SE, IL US","2020-06-04",,,,,,
"US1ILCK0260","MIDLOTHIAN 1.2 SE, IL US","2020-06-05",,,,,,
"US1ILCK0260","MIDLOTHIAN 1.2 SE, IL US","2020-06-06",,,,,,
"US1ILCK0260","MIDLOTHIAN 1.2 SE, IL US","2020-06-07",,,,,,
"US1ILCK0260","MIDLOTHIAN 1.2 SE, IL US","2020-06-08",,,,,,
"US1ILCK0260","MIDLOTHIAN 1.2 SE, IL US","2020-06-09",,,,,,
"US1ILCK0260","MIDLOTHIAN 1.2 SE, IL US","2020-06-10",,,,,,
"US1ILCK0260","MIDLOTHIAN 1.2 SE, IL US","2020-06-11",,,,,,
"US1ILCK0260","MIDLOTHIAN 1.2 SE, IL US","2020-06-12",,,,,,
"US1ILCK0260","MIDLOTHIAN 1.2 SE, IL US","2020-06-13",,,,,,
"US1ILCK0260","MIDLOTHIAN 1.2 SE, IL US","2020-06-14",,,,,,
"US1ILCK0260","MIDLOTHIAN 1.2 SE, IL US","2020-06-15",,,,,,
"US1ILCK0260","MIDLOTHIAN 1.2 SE, IL US","2020-06-16",,,,,,
"US1ILCK0260","MIDLOTHIAN 1.2 SE, IL US","2020-06-17",,,,,,
"US1ILCK0260","MIDLOTHIAN 1.2 SE, IL US","2020-06-18",,,,,,
"US1ILCK0260","MIDLOTHIAN 1.2 SE, IL US","2020-06-19",,,,,,
"US1ILCK0260","MIDLOTHIAN 1.2 SE, IL US","2020-06-20",,,,,,
"US1ILCK0260","MIDLOTHIAN 1.2 SE, IL US","2020-06-21",,,,,,
"US1ILCK0260","MIDLOTHIAN 1.2 SE, IL US","2020-06-22",,,,,,
"US1ILCK0260","MIDLOTHIAN 1.2 SE, IL US","2020-06-23",,,,,,
"US1ILCK0260","MIDLOTHIAN 1.2 SE, IL US","2020-06-24",,,,,,
"US1ILCK0260","MIDLOTHIAN 1.2 SE, IL US","2020-06-25",,,,,,
"US1ILCK0260","MIDLOTHIAN 1.2 SE, IL US","2020-06-26",,,,,,
"US1ILCK0260","MIDLOTHIAN 1.2 SE, IL US","2020-06-27",,,,,,
"US1ILCK0260","MIDLOTHIAN 1.2 SE, IL US","2020-06-28",,,,,,
"US1ILCK0260","MIDLOTHIAN 1.2 SE, IL US","2020-06-29",,,,,,
"US1ILCK0260","MIDLOTHIAN 1.2 SE, IL US","2020-06-30",,,,,,
"US1ILCK0260","MIDLOTHIAN 1.2 SE, IL US","2020-07-01",,,,,,
"US1ILCK0260","MIDLOTHIAN 1.2 SE, IL US","2020-07-02",,,,,,
"US1ILCK0260","MIDLOTHIAN 1.2 SE, IL US","2020-07-03",,,,,,
"US1ILCK0260","MIDLOTHIAN 1.2 SE, IL US","2020-07-04",,,,,,
"US1ILCK0260","MIDLOTHIAN 1.2 SE, IL US","2020-07-05",,,,,,
"US1ILCK0260","MIDLOTHIAN 1.2 SE, IL US","2020-07-06",,,,,,
"US1ILCK0260","MIDLOTHIAN 1.2 SE, IL US","2020-07-07",,,,,,
"US1ILCK0260","MIDLOTHIAN 1.2 SE, IL US","2020-07-08",,,,,,
"US1ILCK0260","MIDLOTHIAN 1.2 SE, IL US","2020-07-09",,,,,,
"US1ILCK0260","MIDLOTHIAN 1.2 SE, IL US","2020-07-10",,,,,,
"US1ILCK0260","MIDLOTHIAN 1.2 SE, IL US","2020-07-11",,,,,,
"US1ILCK0260","MIDLOTHIAN 1.2 SE, IL US","2020-07-12",,,,,,
"US1ILCK0260","MIDLOTHIAN 1.2 SE, IL US","2020-07-13",,,,,,
"US1ILCK0260","MIDLOTHIAN 1.2 SE, IL US","2020-07-14",,,,,,
"US1ILCK0260","MIDLOTHIAN 1.2 SE, IL US","2020-07-15",,,,,,
"US1ILCK0260","MIDLOTHIAN 1.2 SE, IL US","2020-07-16",,,,,,
"US1ILCK0260","MIDLOTHIAN 1.2 SE, IL US","2020-07-17",,,,,,
"US1ILCK0260","MIDLOTHIAN 1.2 SE, IL US","2020-07-18",,,,,,
"US1ILCK0260","MIDLOTHIAN 1.2 SE, IL US","2020-07-19",,,,,,
"US1ILCK0260","MIDLOTHIAN 1.2 SE, IL US","2020-07-20",,,,,,
"US1ILCK0260","MIDLOTHIAN 1.2 SE, IL US","2020-07-21",,,,,,
"US1ILCK0260","MIDLOTHIAN 1.2 SE, IL US","2020-07-22",,,,,,
"US1ILCK0260","MIDLOTHIAN 1.2 SE, IL US","2020-07-23",,,,,,
"US1ILCK0260","MIDLOTHIAN 1.2 SE, IL US","2020-07-24",,,,,,
"US1ILCK0260","MIDLOTHIAN 1.2 SE, IL US","2020-07-25",,,,,,
"US1ILCK0260","MIDLOTHIAN 1.2 SE, IL US","2020-07-26",,,,,,
"US1ILCK0260","MIDLOTHIAN 1.2 SE, IL US","2020-07-27",,,,,,
"US1ILCK0260","MIDLOTHIAN 1.2 SE, IL US","2020-07-28",,,,,,
"US1ILCK0260","MIDLOTHIAN 1.2 SE, IL US","2020-07-29",,,,,,
"US1ILCK0260","MIDLOTHIAN 1.2 SE, IL US","2020-07-30",,,,,,
"US1ILCK0260","MIDLOTHIAN 1.2 SE, IL US","2020-07-31",,,,,,
"US1ILCK0260","MIDLOTHIAN 1.2 SE, IL US","2020-08-01",,,,,,
"US1ILCK0260","MIDLOTHIAN 1.2 SE, IL US","2020-08-02",,,,,,
"US1ILCK0260","MIDLOTHIAN 1.2 SE, IL US","2020-08-03",,,,,,
"US1ILCK0260","MIDLOTHIAN 1.2 SE, IL US","2020-08-04",,,,,,
"US1ILCK0260","MIDLOTHIAN 1.2 SE, IL US","2020-08-05",,,,,,
"US1ILCK0260","MIDLOTHIAN 1.2 SE, IL US","2020-08-06",,,,,,
"US1ILCK0260","MIDLOTHIAN 1.2 SE, IL US","2020-08-07",,,,,,
"US1ILCK0260","MIDLOTHIAN 1.2 SE, IL US","2020-08-08",,,,,,
"US1ILCK0260","MIDLOTHIAN 1.2 SE, IL US","2020-08-09",,,,,,
"US1ILCK0260","MIDLOTHIAN 1.2 SE, IL US","2020-08-10",,,,,,
"US1ILCK0260","MIDLOTHIAN 1.2 SE, IL US","2020-08-11",,,,,,
"US1ILCK0260","MIDLOTHIAN 1.2 SE, IL US","2020-08-12",,,,,,
"US1ILCK0260","MIDLOTHIAN 1.2 SE, IL US","2020-08-13",,,,,,
"US1ILCK0260","MIDLOTHIAN 1.2 SE, IL US","2020-08-14",,,,,,
"US1ILCK0260","MIDLOTHIAN 1.2 SE, IL US","2020-08-15",,,,,,
"US1ILCK0260","MIDLOTHIAN 1.2 SE, IL US","2020-08-16",,,,,,
"US1ILCK0260","MIDLOTHIAN 1.2 SE, IL US","2020-08-17",,,,,,
"US1ILCK0260","MIDLOTHIAN 1.2 SE, IL US","2020-08-18",,,,,,
"US1ILCK0260","MIDLOTHIAN 1.2 SE, IL US","2020-08-19",,,,,,
"US1ILCK0260","MIDLOTHIAN 1.2 SE, IL US","2020-08-20",,,,,,
"US1ILCK0260","MIDLOTHIAN 1.2 SE, IL US","2020-08-21",,,,,,
"US1ILCK0260","MIDLOTHIAN 1.2 SE, IL US","2020-08-22",,,,,,
"US1ILCK0260","MIDLOTHIAN 1.2 SE, IL US","2020-08-23",,,,,,
"US1ILCK0260","MIDLOTHIAN 1.2 SE, IL US","2020-08-24",,,,,,
"US1ILCK0260","MIDLOTHIAN 1.2 SE, IL US","2020-08-25",,,,,,
"US1ILCK0260","MIDLOTHIAN 1.2 SE, IL US","2020-08-26",,,,,,
"US1ILCK0260","MIDLOTHIAN 1.2 SE, IL US","2020-08-27",,,,,,
"US1ILCK0260","MIDLOTHIAN 1.2 SE, IL US","2020-08-28",,,,,,
"US1ILCK0260","MIDLOTHIAN 1.2 SE, IL US","2020-08-29",,,,,,
"US1ILCK0260","MIDLOTHIAN 1.2 SE, IL US","2020-08-30",,,,,,
"US1ILCK0260","MIDLOTHIAN 1.2 SE, IL US","2020-08-31",,,,,,
"US1ILCK0260","MIDLOTHIAN 1.2 SE, IL US","2020-09-01",,,,,,
"US1ILCK0260","MIDLOTHIAN 1.2 SE, IL US","2020-09-02",,,,,,
"US1ILCK0260","MIDLOTHIAN 1.2 SE, IL US","2020-09-03",,,,,,
"US1ILCK0260","MIDLOTHIAN 1.2 SE, IL US","2020-09-04",,,,,,
"US1ILCK0260","MIDLOTHIAN 1.2 SE, IL US","2020-09-05",,,,,,
"US1ILCK0260","MIDLOTHIAN 1.2 SE, IL US","2020-09-06",,,,,,
"US1ILCK0260","MIDLOTHIAN 1.2 SE, IL US","2020-09-08",,,,,,
"US1ILDP0132","WHEATON 2.0 NNE, IL US","2019-10-01",,,,,,
"US1ILDP0132","WHEATON 2.0 NNE, IL US","2019-10-02",,,,,,
"US1ILDP0132","WHEATON 2.0 NNE, IL US","2019-10-03",,,,,,
"US1ILDP0132","WHEATON 2.0 NNE, IL US","2019-10-04",,,,,,
"US1ILDP0132","WHEATON 2.0 NNE, IL US","2019-10-05",,,,,,
"US1ILDP0132","WHEATON 2.0 NNE, IL US","2019-10-06",,,,,,
"US1ILDP0132","WHEATON 2.0 NNE, IL US","2019-10-07",,,,,,
"US1ILDP0132","WHEATON 2.0 NNE, IL US","2019-10-08",,,,,,
"US1ILDP0132","WHEATON 2.0 NNE, IL US","2019-10-09",,,,,,
"US1ILDP0132","WHEATON 2.0 NNE, IL US","2019-10-10",,,,,,
"US1ILDP0132","WHEATON 2.0 NNE, IL US","2019-10-11",,,,,,
"US1ILDP0132","WHEATON 2.0 NNE, IL US","2019-10-12",,,,,,
"US1ILDP0132","WHEATON 2.0 NNE, IL US","2019-10-13",,,,,,
"US1ILDP0132","WHEATON 2.0 NNE, IL US","2019-10-14",,,,,,
"US1ILDP0132","WHEATON 2.0 NNE, IL US","2019-10-15",,,,,,
"US1ILDP0132","WHEATON 2.0 NNE, IL US","2019-10-16",,,,,,
"US1ILDP0132","WHEATON 2.0 NNE, IL US","2019-10-17",,,,,,
"US1ILDP0132","WHEATON 2.0 NNE, IL US","2019-10-18",,,,,,
"US1ILDP0132","WHEATON 2.0 NNE, IL US","2019-10-19",,,,,,
"US1ILDP0132","WHEATON 2.0 NNE, IL US","2019-10-20",,,,,,
"US1ILDP0132","WHEATON 2.0 NNE, IL US","2019-10-21",,,,,,
"US1ILDP0132","WHEATON 2.0 NNE, IL US","2019-10-22",,,,,,
"US1ILDP0132","WHEATON 2.0 NNE, IL US","2019-10-23",,,,,,
"US1ILDP0132","WHEATON 2.0 NNE, IL US","2019-10-24",,,,,,
"US1ILDP0132","WHEATON 2.0 NNE, IL US","2019-10-25",,,,,,
"US1ILDP0132","WHEATON 2.0 NNE, IL US","2019-10-26",,,,,,
"US1ILDP0132","WHEATON 2.0 NNE, IL US","2019-10-27",,,,,,
"US1ILDP0132","WHEATON 2.0 NNE, IL US","2019-10-28",,,,,,
"US1ILDP0132","WHEATON 2.0 NNE, IL US","2019-10-29",,,,,,
"US1ILDP0132","WHEATON 2.0 NNE, IL US","2019-10-30",,,,,,
"US1ILDP0132","WHEATON 2.0 NNE, IL US","2019-10-31",,,,,,
"US1ILDP0132","WHEATON 2.0 NNE, IL US","2019-11-01",,,,,,
"US1ILDP0132","WHEATON 2.0 NNE, IL US","2019-11-02",,,,,,
"US1ILDP0132","WHEATON 2.0 NNE, IL US","2019-11-03",,,,,,
"US1ILDP0132","WHEATON 2.0 NNE, IL US","2019-11-04",,,,,,
"US1ILDP0132","WHEATON 2.0 NNE, IL US","2019-11-05",,,,,,
"US1ILDP0132","WHEATON 2.0 NNE, IL US","2019-11-06",,,,,,
"US1ILDP0132","WHEATON 2.0 NNE, IL US","2019-11-07",,,,,,
"US1ILDP0132","WHEATON 2.0 NNE, IL US","2019-11-08",,,,,,
"US1ILDP0132","WHEATON 2.0 NNE, IL US","2019-11-09",,,,,,
"US1ILDP0132","WHEATON 2.0 NNE, IL US","2019-11-10",,,,,,
"US1ILDP0132","WHEATON 2.0 NNE, IL US","2019-11-11",,,,,,
"US1ILDP0132","WHEATON 2.0 NNE, IL US","2019-11-12",,,,,,
"US1ILDP0132","WHEATON 2.0 NNE, IL US","2019-11-13",,,,,,
"US1ILDP0132","WHEATON 2.0 NNE, IL US","2019-11-14",,,,,,
"US1ILDP0132","WHEATON 2.0 NNE, IL US","2019-11-15",,,,,,
"US1ILDP0132","WHEATON 2.0 NNE, IL US","2019-11-16",,,,,,
"US1ILDP0132","WHEATON 2.0 NNE, IL US","2019-11-17",,,,,,
"US1ILDP0132","WHEATON 2.0 NNE, IL US","2019-11-18",,,,,,
"US1ILDP0132","WHEATON 2.0 NNE, IL US","2019-11-19",,,,,,
"US1ILDP0132","WHEATON 2.0 NNE, IL US","2019-11-20",,,,,,
"US1ILDP0132","WHEATON 2.0 NNE, IL US","2019-11-21",,,,,,
"US1ILDP0132","WHEATON 2.0 NNE, IL US","2019-11-22",,,,,,
"US1ILDP0132","WHEATON 2.0 NNE, IL US","2019-11-23",,,,,,
"US1ILDP0132","WHEATON 2.0 NNE, IL US","2019-11-24",,,,,,
"US1ILDP0132","WHEATON 2.0 NNE, IL US","2019-11-25",,,,,,
"US1ILDP0132","WHEATON 2.0 NNE, IL US","2019-11-26",,,,,,
"US1ILDP0132","WHEATON 2.0 NNE, IL US","2019-11-27",,,,,,
"US1ILDP0132","WHEATON 2.0 NNE, IL US","2019-11-28",,,,,,
"US1ILDP0132","WHEATON 2.0 NNE, IL US","2019-11-29",,,,,,
"US1ILDP0132","WHEATON 2.0 NNE, IL US","2019-11-30",,,,,,
"US1ILDP0132","WHEATON 2.0 NNE, IL US","2019-12-01",,,,,,
"US1ILDP0132","WHEATON 2.0 NNE, IL US","2019-12-02",,,,,,
"US1ILDP0132","WHEATON 2.0 NNE, IL US","2019-12-03",,,,,,
"US1ILDP0132","WHEATON 2.0 NNE, IL US","2019-12-04",,,,,,
"US1ILDP0132","WHEATON 2.0 NNE, IL US","2019-12-05",,,,,,
"US1ILDP0132","WHEATON 2.0 NNE, IL US","2019-12-06",,,,,,
"US1ILDP0132","WHEATON 2.0 NNE, IL US","2019-12-07",,,,,,
"US1ILDP0132","WHEATON 2.0 NNE, IL US","2019-12-08",,,,,,
"US1ILDP0132","WHEATON 2.0 NNE, IL US","2019-12-09",,,,,,
"US1ILDP0132","WHEATON 2.0 NNE, IL US","2019-12-10",,,,,,
"US1ILDP0132","WHEATON 2.0 NNE, IL US","2019-12-11",,,,,,
"US1ILDP0132","WHEATON 2.0 NNE, IL US","2019-12-12",,,,,,
"US1ILDP0132","WHEATON 2.0 NNE, IL US","2019-12-13",,,,,,
"US1ILDP0132","WHEATON 2.0 NNE, IL US","2019-12-14",,,,,,
"US1ILDP0132","WHEATON 2.0 NNE, IL US","2019-12-15",,,,,,
"US1ILDP0132","WHEATON 2.0 NNE, IL US","2019-12-16",,,,,,
"US1ILDP0132","WHEATON 2.0 NNE, IL US","2019-12-17",,,,,,
"US1ILDP0132","WHEATON 2.0 NNE, IL US","2019-12-18",,,,,,
"US1ILDP0132","WHEATON 2.0 NNE, IL US","2019-12-19",,,,,,
"US1ILDP0132","WHEATON 2.0 NNE, IL US","2019-12-20",,,,,,
"US1ILDP0132","WHEATON 2.0 NNE, IL US","2019-12-21",,,,,,
"US1ILDP0132","WHEATON 2.0 NNE, IL US","2019-12-22",,,,,,
"US1ILDP0132","WHEATON 2.0 NNE, IL US","2019-12-23",,,,,,
"US1ILDP0132","WHEATON 2.0 NNE, IL US","2019-12-24",,,,,,
"US1ILDP0132","WHEATON 2.0 NNE, IL US","2019-12-25",,,,,,
"US1ILDP0132","WHEATON 2.0 NNE, IL US","2019-12-26",,,,,,
"US1ILDP0132","WHEATON 2.0 NNE, IL US","2019-12-27",,,,,,
"US1ILDP0132","WHEATON 2.0 NNE, IL US","2019-12-28",,,,,,
"US1ILDP0132","WHEATON 2.0 NNE, IL US","2019-12-29",,,,,,
"US1ILDP0132","WHEATON 2.0 NNE, IL US","2019-12-30",,,,,,
"US1ILDP0132","WHEATON 2.0 NNE, IL US","2019-12-31",,,,,,
"US1ILDP0132","WHEATON 2.0 NNE, IL US","2020-01-01",,,,,,
"US1ILDP0132","WHEATON 2.0 NNE, IL US","2020-01-02",,,,,,
"US1ILDP0132","WHEATON 2.0 NNE, IL US","2020-01-03",,,,,,
"US1ILDP0132","WHEATON 2.0 NNE, IL US","2020-01-04",,,,,,
"US1ILDP0132","WHEATON 2.0 NNE, IL US","2020-01-05",,,,,,
"US1ILDP0132","WHEATON 2.0 NNE, IL US","2020-01-06",,,,,,
"US1ILDP0132","WHEATON 2.0 NNE, IL US","2020-01-07",,,,,,
"US1ILDP0132","WHEATON 2.0 NNE, IL US","2020-01-08",,,,,,
"US1ILDP0132","WHEATON 2.0 NNE, IL US","2020-01-09",,,,,,
"US1ILDP0132","WHEATON 2.0 NNE, IL US","2020-01-10",,,,,,
"US1ILDP0132","WHEATON 2.0 NNE, IL US","2020-01-11",,,,,,
"US1ILDP0132","WHEATON 2.0 NNE, IL US","2020-01-12",,,,,,
"US1ILDP0132","WHEATON 2.0 NNE, IL US","2020-01-13",,,,,,
"US1ILDP0132","WHEATON 2.0 NNE, IL US","2020-01-14",,,,,,
"US1ILDP0132","WHEATON 2.0 NNE, IL US","2020-01-15",,,,,,
"US1ILDP0132","WHEATON 2.0 NNE, IL US","2020-01-16",,,,,,
"US1ILDP0132","WHEATON 2.0 NNE, IL US","2020-01-17",,,,,,
"US1ILDP0132","WHEATON 2.0 NNE, IL US","2020-01-18",,,,,,
"US1ILDP0132","WHEATON 2.0 NNE, IL US","2020-01-19",,,,,,
"US1ILDP0132","WHEATON 2.0 NNE, IL US","2020-01-20",,,,,,
"US1ILDP0132","WHEATON 2.0 NNE, IL US","2020-01-21",,,,,,
"US1ILDP0132","WHEATON 2.0 NNE, IL US","2020-01-22",,,,,,
"US1ILDP0132","WHEATON 2.0 NNE, IL US","2020-01-23",,,,,,
"US1ILDP0132","WHEATON 2.0 NNE, IL US","2020-01-24",,,,,,
"US1ILDP0132","WHEATON 2.0 NNE, IL US","2020-01-25",,,,,,
"US1ILDP0132","WHEATON 2.0 NNE, IL US","2020-01-26",,,,,,
"US1ILDP0132","WHEATON 2.0 NNE, IL US","2020-01-27",,,,,,
"US1ILDP0132","WHEATON 2.0 NNE, IL US","2020-01-28",,,,,,
"US1ILDP0132","WHEATON 2.0 NNE, IL US","2020-01-29",,,,,,
"US1ILDP0132","WHEATON 2.0 NNE, IL US","2020-01-30",,,,,,
"US1ILDP0132","WHEATON 2.0 NNE, IL US","2020-01-31",,,,,,
"US1ILDP0132","WHEATON 2.0 NNE, IL US","2020-02-01",,,,,,
"US1ILDP0132","WHEATON 2.0 NNE, IL US","2020-02-02",,,,,,
"US1ILDP0132","WHEATON 2.0 NNE, IL US","2020-02-03",,,,,,
"US1ILDP0132","WHEATON 2.0 NNE, IL US","2020-02-04",,,,,,
"US1ILDP0132","WHEATON 2.0 NNE, IL US","2020-02-05",,,,,,
"US1ILDP0132","WHEATON 2.0 NNE, IL US","2020-02-06",,,,,,
"US1ILDP0132","WHEATON 2.0 NNE, IL US","2020-02-07",,,,,,
"US1ILDP0132","WHEATON 2.0 NNE, IL US","2020-02-08",,,,,,
"US1ILDP0132","WHEATON 2.0 NNE, IL US","2020-02-09",,,,,,
"US1ILDP0132","WHEATON 2.0 NNE, IL US","2020-02-10",,,,,,
"US1ILDP0132","WHEATON 2.0 NNE, IL US","2020-02-11",,,,,,
"US1ILDP0132","WHEATON 2.0 NNE, IL US","2020-02-12",,,,,,
"US1ILDP0132","WHEATON 2.0 NNE, IL US","2020-02-13",,,,,,
"US1ILDP0132","WHEATON 2.0 NNE, IL US","2020-02-14",,,,,,
"US1ILDP0132","WHEATON 2.0 NNE, IL US","2020-02-15",,,,,,
"US1ILDP0132","WHEATON 2.0 NNE, IL US","2020-02-16",,,,,,
"US1ILDP0132","WHEATON 2.0 NNE, IL US","2020-02-17",,,,,,
"US1ILDP0132","WHEATON 2.0 NNE, IL US","2020-02-18",,,,,,
"US1ILDP0132","WHEATON 2.0 NNE, IL US","2020-02-19",,,,,,
"US1ILDP0132","WHEATON 2.0 NNE, IL US","2020-02-20",,,,,,
"US1ILDP0132","WHEATON 2.0 NNE, IL US","2020-02-21",,,,,,
"US1ILDP0132","WHEATON 2.0 NNE, IL US","2020-02-22",,,,,,
"US1ILDP0132","WHEATON 2.0 NNE, IL US","2020-02-23",,,,,,
"US1ILDP0132","WHEATON 2.0 NNE, IL US","2020-02-24",,,,,,
"US1ILDP0132","WHEATON 2.0 NNE, IL US","2020-02-25",,,,,,
"US1ILDP0132","WHEATON 2.0 NNE, IL US","2020-02-26",,,,,,
"US1ILDP0132","WHEATON 2.0 NNE, IL US","2020-02-27",,,,,,
"US1ILDP0132","WHEATON 2.0 NNE, IL US","2020-02-28",,,,,,
"US1ILDP0132","WHEATON 2.0 NNE, IL US","2020-02-29",,,,,,
"US1ILDP0132","WHEATON 2.0 NNE, IL US","2020-03-01",,,,,,
"US1ILDP0132","WHEATON 2.0 NNE, IL US","2020-03-02",,,,,,
"US1ILDP0132","WHEATON 2.0 NNE, IL US","2020-03-03",,,,,,
"US1ILDP0132","WHEATON 2.0 NNE, IL US","2020-03-04",,,,,,
"US1ILDP0132","WHEATON 2.0 NNE, IL US","2020-03-05",,,,,,
"US1ILDP0132","WHEATON 2.0 NNE, IL US","2020-03-06",,,,,,
"US1ILDP0132","WHEATON 2.0 NNE, IL US","2020-03-07",,,,,,
"US1ILDP0132","WHEATON 2.0 NNE, IL US","2020-03-08",,,,,,
"US1ILDP0132","WHEATON 2.0 NNE, IL US","2020-03-09",,,,,,
"US1ILDP0132","WHEATON 2.0 NNE, IL US","2020-03-10",,,,,,
"US1ILDP0132","WHEATON 2.0 NNE, IL US","2020-03-11",,,,,,
"US1ILDP0132","WHEATON 2.0 NNE, IL US","2020-03-12",,,,,,
"US1ILDP0132","WHEATON 2.0 NNE, IL US","2020-03-13",,,,,,
"US1ILDP0132","WHEATON 2.0 NNE, IL US","2020-03-14",,,,,,
"US1ILDP0132","WHEATON 2.0 NNE, IL US","2020-03-15",,,,,,
"US1ILDP0132","WHEATON 2.0 NNE, IL US","2020-03-16",,,,,,
"US1ILDP0132","WHEATON 2.0 NNE, IL US","2020-03-17",,,,,,
"US1ILDP0132","WHEATON 2.0 NNE, IL US","2020-03-18",,,,,,
"US1ILDP0132","WHEATON 2.0 NNE, IL US","2020-03-19",,,,,,
"US1ILDP0132","WHEATON 2.0 NNE, IL US","2020-03-20",,,,,,
"US1ILDP0132","WHEATON 2.0 NNE, IL US","2020-03-21",,,,,,
"US1ILDP0132","WHEATON 2.0 NNE, IL US","2020-03-22",,,,,,
"US1ILDP0132","WHEATON 2.0 NNE, IL US","2020-03-23",,,,,,
"US1ILDP0132","WHEATON 2.0 NNE, IL US","2020-03-24",,,,,,
"US1ILDP0132","WHEATON 2.0 NNE, IL US","2020-03-25",,,,,,
"US1ILDP0132","WHEATON 2.0 NNE, IL US","2020-03-26",,,,,,
"US1ILDP0132","WHEATON 2.0 NNE, IL US","2020-03-27",,,,,,
"US1ILDP0132","WHEATON 2.0 NNE, IL US","2020-03-28",,,,,,
"US1ILDP0132","WHEATON 2.0 NNE, IL US","2020-03-29",,,,,,
"US1ILDP0132","WHEATON 2.0 NNE, IL US","2020-03-30",,,,,,
"US1ILDP0132","WHEATON 2.0 NNE, IL US","2020-03-31",,,,,,
"US1ILDP0132","WHEATON 2.0 NNE, IL US","2020-04-01",,,,,,
"US1ILDP0132","WHEATON 2.0 NNE, IL US","2020-04-02",,,,,,
"US1ILDP0132","WHEATON 2.0 NNE, IL US","2020-04-03",,,,,,
"US1ILDP0132","WHEATON 2.0 NNE, IL US","2020-04-04",,,,,,
"US1ILDP0132","WHEATON 2.0 NNE, IL US","2020-04-05",,,,,,
"US1ILDP0132","WHEATON 2.0 NNE, IL US","2020-04-06",,,,,,
"US1ILDP0132","WHEATON 2.0 NNE, IL US","2020-04-07",,,,,,
"US1ILDP0132","WHEATON 2.0 NNE, IL US","2020-04-08",,,,,,
"US1ILDP0132","WHEATON 2.0 NNE, IL US","2020-04-09",,,,,,
"US1ILDP0132","WHEATON 2.0 NNE, IL US","2020-04-10",,,,,,
"US1ILDP0132","WHEATON 2.0 NNE, IL US","2020-04-11",,,,,,
"US1ILDP0132","WHEATON 2.0 NNE, IL US","2020-04-12",,,,,,
"US1ILDP0132","WHEATON 2.0 NNE, IL US","2020-04-13",,,,,,
"US1ILDP0132","WHEATON 2.0 NNE, IL US","2020-04-14",,,,,,
"US1ILDP0132","WHEATON 2.0 NNE, IL US","2020-04-15",,,,,,
"US1ILDP0132","WHEATON 2.0 NNE, IL US","2020-04-16",,,,,,
"US1ILDP0132","WHEATON 2.0 NNE, IL US","2020-04-17",,,,,,
"US1ILDP0132","WHEATON 2.0 NNE, IL US","2020-04-18",,,,,,
"US1ILDP0132","WHEATON 2.0 NNE, IL US","2020-04-19",,,,,,
"US1ILDP0132","WHEATON 2.0 NNE, IL US","2020-04-20",,,,,,
"US1ILDP0132","WHEATON 2.0 NNE, IL US","2020-04-21",,,,,,
"US1ILDP0132","WHEATON 2.0 NNE, IL US","2020-04-22",,,,,,
"US1ILDP0132","WHEATON 2.0 NNE, IL US","2020-04-23",,,,,,
"US1ILDP0132","WHEATON 2.0 NNE, IL US","2020-04-24",,,,,,
"US1ILDP0132","WHEATON 2.0 NNE, IL US","2020-04-25",,,,,,
"US1ILDP0132","WHEATON 2.0 NNE, IL US","2020-04-26",,,,,,
"US1ILDP0132","WHEATON 2.0 NNE, IL US","2020-04-27",,,,,,
"US1ILDP0132","WHEATON 2.0 NNE, IL US","2020-04-28",,,,,,
"US1ILDP0132","WHEATON 2.0 NNE, IL US","2020-04-29",,,,,,
"US1ILDP0132","WHEATON 2.0 NNE, IL US","2020-04-30",,,,,,
"US1ILDP0132","WHEATON 2.0 NNE, IL US","2020-05-01",,,,,,
"US1ILDP0132","WHEATON 2.0 NNE, IL US","2020-05-02",,,,,,
"US1ILDP0132","WHEATON 2.0 NNE, IL US","2020-05-03",,,,,,
"US1ILDP0132","WHEATON 2.0 NNE, IL US","2020-05-04",,,,,,
"US1ILDP0132","WHEATON 2.0 NNE, IL US","2020-05-05",,,,,,
"US1ILDP0132","WHEATON 2.0 NNE, IL US","2020-05-06",,,,,,
"US1ILDP0132","WHEATON 2.0 NNE, IL US","2020-05-07",,,,,,
"US1ILDP0132","WHEATON 2.0 NNE, IL US","2020-05-08",,,,,,
"US1ILDP0132","WHEATON 2.0 NNE, IL US","2020-05-09",,,,,,
"US1ILDP0132","WHEATON 2.0 NNE, IL US","2020-05-10",,,,,,
"US1ILDP0132","WHEATON 2.0 NNE, IL US","2020-05-11",,,,,,
"US1ILDP0132","WHEATON 2.0 NNE, IL US","2020-05-12",,,,,,
"US1ILDP0132","WHEATON 2.0 NNE, IL US","2020-05-13",,,,,,
"US1ILDP0132","WHEATON 2.0 NNE, IL US","2020-05-14",,,,,,
"US1ILDP0132","WHEATON 2.0 NNE, IL US","2020-05-15",,,,,,
"US1ILDP0132","WHEATON 2.0 NNE, IL US","2020-05-16",,,,,,
"US1ILDP0132","WHEATON 2.0 NNE, IL US","2020-05-17",,,,,,
"US1ILDP0132","WHEATON 2.0 NNE, IL US","2020-05-18",,,,,,
"US1ILDP0132","WHEATON 2.0 NNE, IL US","2020-05-19",,,,,,
"US1ILDP0132","WHEATON 2.0 NNE, IL US","2020-05-20",,,,,,
"US1ILDP0132","WHEATON 2.0 NNE, IL US","2020-05-21",,,,,,
"US1ILDP0132","WHEATON 2.0 NNE, IL US","2020-05-22",,,,,,
"US1ILDP0132","WHEATON 2.0 NNE, IL US","2020-05-23",,,,,,
"US1ILDP0132","WHEATON 2.0 NNE, IL US","2020-05-24",,,,,,
"US1ILDP0132","WHEATON 2.0 NNE, IL US","2020-05-25",,,,,,
"US1ILDP0132","WHEATON 2.0 NNE, IL US","2020-05-26",,,,,,
"US1ILDP0132","WHEATON 2.0 NNE, IL US","2020-05-27",,,,,,
"US1ILDP0132","WHEATON 2.0 NNE, IL US","2020-05-28",,,,,,
"US1ILDP0132","WHEATON 2.0 NNE, IL US","2020-05-29",,,,,,
"US1ILDP0132","WHEATON 2.0 NNE, IL US","2020-05-30",,,,,,
"US1ILDP0132","WHEATON 2.0 NNE, IL US","2020-05-31",,,,,,
"US1ILDP0132","WHEATON 2.0 NNE, IL US","2020-06-01",,,,,,
"US1ILDP0132","WHEATON 2.0 NNE, IL US","2020-06-02",,,,,,
"US1ILDP0132","WHEATON 2.0 NNE, IL US","2020-06-03",,,,,,
"US1ILDP0132","WHEATON 2.0 NNE, IL US","2020-06-04",,,,,,
"US1ILDP0132","WHEATON 2.0 NNE, IL US","2020-06-05",,,,,,
"US1ILDP0132","WHEATON 2.0 NNE, IL US","2020-06-06",,,,,,
"US1ILDP0132","WHEATON 2.0 NNE, IL US","2020-06-07",,,,,,
"US1ILDP0132","WHEATON 2.0 NNE, IL US","2020-06-08",,,,,,
"US1ILDP0132","WHEATON 2.0 NNE, IL US","2020-06-09",,,,,,
"US1ILDP0132","WHEATON 2.0 NNE, IL US","2020-06-10",,,,,,
"US1ILDP0132","WHEATON 2.0 NNE, IL US","2020-06-11",,,,,,
"US1ILDP0132","WHEATON 2.0 NNE, IL US","2020-06-12",,,,,,
"US1ILDP0132","WHEATON 2.0 NNE, IL US","2020-06-13",,,,,,
"US1ILDP0132","WHEATON 2.0 NNE, IL US","2020-06-14",,,,,,
"US1ILDP0132","WHEATON 2.0 NNE, IL US","2020-06-15",,,,,,
"US1ILDP0132","WHEATON 2.0 NNE, IL US","2020-06-16",,,,,,
"US1ILDP0132","WHEATON 2.0 NNE, IL US","2020-06-17",,,,,,
"US1ILDP0132","WHEATON 2.0 NNE, IL US","2020-06-18",,,,,,
"US1ILDP0132","WHEATON 2.0 NNE, IL US","2020-06-19",,,,,,
"US1ILDP0132","WHEATON 2.0 NNE, IL US","2020-06-20",,,,,,
"US1ILDP0132","WHEATON 2.0 NNE, IL US","2020-06-21",,,,,,
"US1ILDP0132","WHEATON 2.0 NNE, IL US","2020-06-22",,,,,,
"US1ILDP0132","WHEATON 2.0 NNE, IL US","2020-06-23",,,,,,
"US1ILDP0132","WHEATON 2.0 NNE, IL US","2020-06-24",,,,,,
"US1ILDP0132","WHEATON 2.0 NNE, IL US","2020-06-25",,,,,,
"US1ILDP0132","WHEATON 2.0 NNE, IL US","2020-06-26",,,,,,
"US1ILDP0132","WHEATON 2.0 NNE, IL US","2020-06-27",,,,,,
"US1ILDP0132","WHEATON 2.0 NNE, IL US","2020-06-28",,,,,,
"US1ILDP0132","WHEATON 2.0 NNE, IL US","2020-06-29",,,,,,
"US1ILDP0132","WHEATON 2.0 NNE, IL US","2020-06-30",,,,,,
"US1ILDP0132","WHEATON 2.0 NNE, IL US","2020-07-01",,,,,,
"US1ILDP0132","WHEATON 2.0 NNE, IL US","2020-07-02",,,,,,
"US1ILDP0132","WHEATON 2.0 NNE, IL US","2020-07-03",,,,,,
"US1ILDP0132","WHEATON 2.0 NNE, IL US","2020-07-04",,,,,,
"US1ILDP0132","WHEATON 2.0 NNE, IL US","2020-07-05",,,,,,
"US1ILDP0132","WHEATON 2.0 NNE, IL US","2020-07-06",,,,,,
"US1ILDP0132","WHEATON 2.0 NNE, IL US","2020-07-07",,,,,,
"US1ILDP0132","WHEATON 2.0 NNE, IL US","2020-07-08",,,,,,
"US1ILDP0132","WHEATON 2.0 NNE, IL US","2020-07-09",,,,,,
"US1ILDP0132","WHEATON 2.0 NNE, IL US","2020-07-10",,,,,,
"US1ILDP0132","WHEATON 2.0 NNE, IL US","2020-07-11",,,,,,
"US1ILDP0132","WHEATON 2.0 NNE, IL US","2020-07-12",,,,,,
"US1ILDP0132","WHEATON 2.0 NNE, IL US","2020-07-13",,,,,,
"US1ILDP0132","WHEATON 2.0 NNE, IL US","2020-07-14",,,,,,
"US1ILDP0132","WHEATON 2.0 NNE, IL US","2020-07-15",,,,,,
"US1ILDP0132","WHEATON 2.0 NNE, IL US","2020-07-16",,,,,,
"US1ILDP0132","WHEATON 2.0 NNE, IL US","2020-07-17",,,,,,
"US1ILDP0132","WHEATON 2.0 NNE, IL US","2020-07-18",,,,,,
"US1ILDP0132","WHEATON 2.0 NNE, IL US","2020-07-19",,,,,,
"US1ILDP0132","WHEATON 2.0 NNE, IL US","2020-07-20",,,,,,
"US1ILDP0132","WHEATON 2.0 NNE, IL US","2020-07-21",,,,,,
"US1ILDP0132","WHEATON 2.0 NNE, IL US","2020-07-22",,,,,,
"US1ILDP0132","WHEATON 2.0 NNE, IL US","2020-07-23",,,,,,
"US1ILDP0132","WHEATON 2.0 NNE, IL US","2020-07-24",,,,,,
"US1ILDP0132","WHEATON 2.0 NNE, IL US","2020-07-25",,,,,,
"US1ILDP0132","WHEATON 2.0 NNE, IL US","2020-07-26",,,,,,
"US1ILDP0132","WHEATON 2.0 NNE, IL US","2020-07-27",,,,,,
"US1ILDP0132","WHEATON 2.0 NNE, IL US","2020-07-28",,,,,,
"US1ILDP0132","WHEATON 2.0 NNE, IL US","2020-07-29",,,,,,
"US1ILDP0132","WHEATON 2.0 NNE, IL US","2020-07-30",,,,,,
"US1ILDP0132","WHEATON 2.0 NNE, IL US","2020-07-31",,,,,,
"US1ILDP0132","WHEATON 2.0 NNE, IL US","2020-08-01",,,,,,
"US1ILDP0132","WHEATON 2.0 NNE, IL US","2020-08-02",,,,,,
"US1ILDP0132","WHEATON 2.0 NNE, IL US","2020-08-03",,,,,,
"US1ILDP0132","WHEATON 2.0 NNE, IL US","2020-08-04",,,,,,
"US1ILDP0132","WHEATON 2.0 NNE, IL US","2020-08-05",,,,,,
"US1ILDP0132","WHEATON 2.0 NNE, IL US","2020-08-06",,,,,,
"US1ILDP0132","WHEATON 2.0 NNE, IL US","2020-08-07",,,,,,
"US1ILDP0132","WHEATON 2.0 NNE, IL US","2020-08-08",,,,,,
"US1ILDP0132","WHEATON 2.0 NNE, IL US","2020-08-09",,,,,,
"US1ILDP0132","WHEATON 2.0 NNE, IL US","2020-08-10",,,,,,
"US1ILDP0132","WHEATON 2.0 NNE, IL US","2020-08-11",,,,,,
"US1ILDP0132","WHEATON 2.0 NNE, IL US","2020-08-12",,,,,,
"US1ILDP0132","WHEATON 2.0 NNE, IL US","2020-08-13",,,,,,
"US1ILDP0132","WHEATON 2.0 NNE, IL US","2020-08-14",,,,,,
"US1ILDP0132","WHEATON 2.0 NNE, IL US","2020-08-15",,,,,,
"US1ILDP0132","WHEATON 2.0 NNE, IL US","2020-08-16",,,,,,
"US1ILDP0132","WHEATON 2.0 NNE, IL US","2020-08-17",,,,,,
"US1ILDP0132","WHEATON 2.0 NNE, IL US","2020-08-18",,,,,,
"US1ILDP0132","WHEATON 2.0 NNE, IL US","2020-08-19",,,,,,
"US1ILDP0132","WHEATON 2.0 NNE, IL US","2020-08-20",,,,,,
"US1ILDP0132","WHEATON 2.0 NNE, IL US","2020-08-21",,,,,,
"US1ILDP0132","WHEATON 2.0 NNE, IL US","2020-08-22",,,,,,
"US1ILDP0132","WHEATON 2.0 NNE, IL US","2020-08-23",,,,,,
"US1ILDP0132","WHEATON 2.0 NNE, IL US","2020-08-24",,,,,,
"US1ILDP0132","WHEATON 2.0 NNE, IL US","2020-08-25",,,,,,
"US1ILDP0132","WHEATON 2.0 NNE, IL US","2020-08-26",,,,,,
"US1ILDP0132","WHEATON 2.0 NNE, IL US","2020-08-27",,,,,,
"US1ILDP0132","WHEATON 2.0 NNE, IL US","2020-08-28",,,,,,
"US1ILDP0132","WHEATON 2.0 NNE, IL US","2020-08-29",,,,,,
"US1ILDP0132","WHEATON 2.0 NNE, IL US","2020-08-30",,,,,,
"US1ILDP0132","WHEATON 2.0 NNE, IL US","2020-08-31",,,,,,
"US1ILDP0132","WHEATON 2.0 NNE, IL US","2020-09-01",,,,,,
"US1ILDP0132","WHEATON 2.0 NNE, IL US","2020-09-02",,,,,,
"US1ILDP0132","WHEATON 2.0 NNE, IL US","2020-09-03",,,,,,
"US1ILDP0132","WHEATON 2.0 NNE, IL US","2020-09-04",,,,,,
"US1ILDP0132","WHEATON 2.0 NNE, IL US","2020-09-05",,,,,,
"US1ILDP0132","WHEATON 2.0 NNE, IL US","2020-09-06",,,,,,
"US1ILDP0132","WHEATON 2.0 NNE, IL US","2020-09-07",,,,,,
"US1ILDP0132","WHEATON 2.0 NNE, IL US","2020-09-08",,,,,,
"US1ILWL0058","PLAINFIELD 3.0 ESE, IL US","2019-10-01",,,,,,
"US1ILWL0058","PLAINFIELD 3.0 ESE, IL US","2019-10-02",,,,,,
"US1ILWL0058","PLAINFIELD 3.0 ESE, IL US","2019-10-03",,,,,,
"US1ILWL0058","PLAINFIELD 3.0 ESE, IL US","2019-10-04",,,,,,
"US1ILWL0058","PLAINFIELD 3.0 ESE, IL US","2019-10-05",,,,,,
"US1ILWL0058","PLAINFIELD 3.0 ESE, IL US","2019-10-06",,,,,,
"US1ILWL0058","PLAINFIELD 3.0 ESE, IL US","2019-10-07",,,,,,
"US1ILWL0058","PLAINFIELD 3.0 ESE, IL US","2019-10-08",,,,,,
"US1ILWL0058","PLAINFIELD 3.0 ESE, IL US","2019-10-09",,,,,,
"US1ILWL0058","PLAINFIELD 3.0 ESE, IL US","2019-10-10",,,,,,
"US1ILWL0058","PLAINFIELD 3.0 ESE, IL US","2019-10-11",,,,,,
"US1ILWL0058","PLAINFIELD 3.0 ESE, IL US","2019-10-12",,,,,,
"US1ILWL0058","PLAINFIELD 3.0 ESE, IL US","2019-10-13",,,,,,
"US1ILWL0058","PLAINFIELD 3.0 ESE, IL US","2019-10-14",,,,,,
"US1ILWL0058","PLAINFIELD 3.0 ESE, IL US","2019-10-15",,,,,,
"US1ILWL0058","PLAINFIELD 3.0 ESE, IL US","2019-10-16",,,,,,
"US1ILWL0058","PLAINFIELD 3.0 ESE, IL US","2019-10-17",,,,,,
"US1ILWL0058","PLAINFIELD 3.0 ESE, IL US","2019-10-18",,,,,,
"US1ILWL0058","PLAINFIELD 3.0 ESE, IL US","2019-10-19",,,,,,
"US1ILWL0058","PLAINFIELD 3.0 ESE, IL US","2019-10-20",,,,,,
"US1ILWL0058","PLAINFIELD 3.0 ESE, IL US","2019-10-21",,,,,,
"US1ILWL0058","PLAINFIELD 3.0 ESE, IL US","2019-10-22",,,,,,
"US1ILWL0058","PLAINFIELD 3.0 ESE, IL US","2019-10-23",,,,,,
"US1ILWL0058","PLAINFIELD 3.0 ESE, IL US","2019-10-24",,,,,,
"US1ILWL0058","PLAINFIELD 3.0 ESE, IL US","2019-10-25",,,,,,
"US1ILWL0058","PLAINFIELD 3.0 ESE, IL US","2019-10-26",,,,,,
"US1ILWL0058","PLAINFIELD 3.0 ESE, IL US","2019-10-27",,,,,,
"US1ILWL0058","PLAINFIELD 3.0 ESE, IL US","2019-10-28",,,,,,
"US1ILWL0058","PLAINFIELD 3.0 ESE, IL US","2019-10-29",,,,,,
"US1ILWL0058","PLAINFIELD 3.0 ESE, IL US","2019-10-30",,,,,,
"US1ILWL0058","PLAINFIELD 3.0 ESE, IL US","2019-10-31",,,,,,
"US1ILWL0058","PLAINFIELD 3.0 ESE, IL US","2019-11-01",,,,,,
"US1ILWL0058","PLAINFIELD 3.0 ESE, IL US","2019-11-02",,,,,,
"US1ILWL0058","PLAINFIELD 3.0 ESE, IL US","2019-11-03",,,,,,
"US1ILWL0058","PLAINFIELD 3.0 ESE, IL US","2019-11-04",,,,,,
"US1ILWL0058","PLAINFIELD 3.0 ESE, IL US","2019-11-05",,,,,,
"US1ILWL0058","PLAINFIELD 3.0 ESE, IL US","2019-11-06",,,,,,
"US1ILWL0058","PLAINFIELD 3.0 ESE, IL US","2019-11-07",,,,,,
"US1ILWL0058","PLAINFIELD 3.0 ESE, IL US","2019-11-08",,,,,,
"US1ILWL0058","PLAINFIELD 3.0 ESE, IL US","2019-11-09",,,,,,
"US1ILWL0058","PLAINFIELD 3.0 ESE, IL US","2019-11-10",,,,,,
"US1ILWL0058","PLAINFIELD 3.0 ESE, IL US","2019-11-12",,,,,,
"US1ILWL0058","PLAINFIELD 3.0 ESE, IL US","2019-11-13",,,,,,
"US1ILWL0058","PLAINFIELD 3.0 ESE, IL US","2019-11-14",,,,,,
"US1ILWL0058","PLAINFIELD 3.0 ESE, IL US","2019-11-15",,,,,,
"US1ILWL0058","PLAINFIELD 3.0 ESE, IL US","2019-11-16",,,,,,
"US1ILWL0058","PLAINFIELD 3.0 ESE, IL US","2019-11-17",,,,,,
"US1ILWL0058","PLAINFIELD 3.0 ESE, IL US","2019-11-18",,,,,,
"US1ILWL0058","PLAINFIELD 3.0 ESE, IL US","2019-11-19",,,,,,
"US1ILWL0058","PLAINFIELD 3.0 ESE, IL US","2019-11-20",,,,,,
"US1ILWL0058","PLAINFIELD 3.0 ESE, IL US","2019-11-21",,,,,,
"US1ILWL0058","PLAINFIELD 3.0 ESE, IL US","2019-11-22",,,,,,
"US1ILWL0058","PLAINFIELD 3.0 ESE, IL US","2019-11-23",,,,,,
"US1ILWL0058","PLAINFIELD 3.0 ESE, IL US","2019-11-24",,,,,,
"US1ILWL0058","PLAINFIELD 3.0 ESE, IL US","2019-11-25",,,,,,
"US1ILWL0058","PLAINFIELD 3.0 ESE, IL US","2019-11-26",,,,,,
"US1ILWL0058","PLAINFIELD 3.0 ESE, IL US","2019-11-27",,,,,,
"US1ILWL0058","PLAINFIELD 3.0 ESE, IL US","2019-11-28",,,,,,
"US1ILWL0058","PLAINFIELD 3.0 ESE, IL US","2019-11-29",,,,,,
"US1ILWL0058","PLAINFIELD 3.0 ESE, IL US","2019-11-30",,,,,,
"US1ILWL0058","PLAINFIELD 3.0 ESE, IL US","2019-12-01",,,,,,
"US1ILWL0058","PLAINFIELD 3.0 ESE, IL US","2019-12-29",,,,,,
"US1ILWL0058","PLAINFIELD 3.0 ESE, IL US","2019-12-30",,,,,,
"US1ILWL0058","PLAINFIELD 3.0 ESE, IL US","2020-01-10",,,,,,
"US1ILWL0058","PLAINFIELD 3.0 ESE, IL US","2020-01-11",,,,,,
"US1ILWL0058","PLAINFIELD 3.0 ESE, IL US","2020-03-10",,,,,,
"US1ILWL0058","PLAINFIELD 3.0 ESE, IL US","2020-03-11",,,,,,
"US1ILWL0058","PLAINFIELD 3.0 ESE, IL US","2020-03-12",,,,,,
"US1ILWL0058","PLAINFIELD 3.0 ESE, IL US","2020-03-13",,,,,,
"US1ILWL0058","PLAINFIELD 3.0 ESE, IL US","2020-03-14",,,,,,
"US1ILWL0058","PLAINFIELD 3.0 ESE, IL US","2020-03-15",,,,,,
"US1ILWL0058","PLAINFIELD 3.0 ESE, IL US","2020-03-16",,,,,,
"US1ILWL0058","PLAINFIELD 3.0 ESE, IL US","2020-03-17",,,,,,
"US1ILWL0058","PLAINFIELD 3.0 ESE, IL US","2020-03-18",,,,,,
"US1ILWL0058","PLAINFIELD 3.0 ESE, IL US","2020-03-19",,,,,,
"US1ILWL0058","PLAINFIELD 3.0 ESE, IL US","2020-03-20",,,,,,
"US1ILWL0058","PLAINFIELD 3.0 ESE, IL US","2020-03-21",,,,,,
"US1ILWL0058","PLAINFIELD 3.0 ESE, IL US","2020-03-22",,,,,,
"US1ILWL0058","PLAINFIELD 3.0 ESE, IL US","2020-03-23",,,,,,
"US1ILWL0058","PLAINFIELD 3.0 ESE, IL US","2020-03-24",,,,,,
"US1ILWL0058","PLAINFIELD 3.0 ESE, IL US","2020-03-25",,,,,,
"US1ILWL0058","PLAINFIELD 3.0 ESE, IL US","2020-03-26",,,,,,
"US1ILWL0058","PLAINFIELD 3.0 ESE, IL US","2020-03-27",,,,,,
"US1ILWL0058","PLAINFIELD 3.0 ESE, IL US","2020-03-28",,,,,,
"US1ILWL0058","PLAINFIELD 3.0 ESE, IL US","2020-03-29",,,,,,
"US1ILWL0058","PLAINFIELD 3.0 ESE, IL US","2020-03-30",,,,,,
"US1ILWL0058","PLAINFIELD 3.0 ESE, IL US","2020-03-31",,,,,,
"US1ILWL0058","PLAINFIELD 3.0 ESE, IL US","2020-04-01",,,,,,
"US1ILWL0058","PLAINFIELD 3.0 ESE, IL US","2020-04-02",,,,,,
"US1ILWL0058","PLAINFIELD 3.0 ESE, IL US","2020-04-03",,,,,,
"US1ILWL0058","PLAINFIELD 3.0 ESE, IL US","2020-04-04",,,,,,
"US1ILWL0058","PLAINFIELD 3.0 ESE, IL US","2020-04-05",,,,,,
"US1ILWL0058","PLAINFIELD 3.0 ESE, IL US","2020-04-06",,,,,,
"US1ILWL0058","PLAINFIELD 3.0 ESE, IL US","2020-04-07",,,,,,
"US1ILWL0058","PLAINFIELD 3.0 ESE, IL US","2020-04-08",,,,,,
"US1ILWL0058","PLAINFIELD 3.0 ESE, IL US","2020-04-09",,,,,,
"US1ILWL0058","PLAINFIELD 3.0 ESE, IL US","2020-04-10",,,,,,
"US1ILWL0058","PLAINFIELD 3.0 ESE, IL US","2020-04-11",,,,,,
"US1ILWL0058","PLAINFIELD 3.0 ESE, IL US","2020-04-12",,,,,,
"US1ILWL0058","PLAINFIELD 3.0 ESE, IL US","2020-04-13",,,,,,
"US1ILWL0058","PLAINFIELD 3.0 ESE, IL US","2020-04-14",,,,,,
"US1ILWL0058","PLAINFIELD 3.0 ESE, IL US","2020-04-15",,,,,,
"US1ILWL0058","PLAINFIELD 3.0 ESE, IL US","2020-04-16",,,,,,
"US1ILWL0058","PLAINFIELD 3.0 ESE, IL US","2020-04-17",,,,,,
"US1ILWL0058","PLAINFIELD 3.0 ESE, IL US","2020-04-18",,,,,,
"US1ILWL0058","PLAINFIELD 3.0 ESE, IL US","2020-04-19",,,,,,
"US1ILWL0058","PLAINFIELD 3.0 ESE, IL US","2020-04-20",,,,,,
"US1ILWL0058","PLAINFIELD 3.0 ESE, IL US","2020-04-21",,,,,,
"US1ILWL0058","PLAINFIELD 3.0 ESE, IL US","2020-04-22",,,,,,
"US1ILWL0058","PLAINFIELD 3.0 ESE, IL US","2020-04-23",,,,,,
"US1ILWL0058","PLAINFIELD 3.0 ESE, IL US","2020-04-24",,,,,,
"US1ILWL0058","PLAINFIELD 3.0 ESE, IL US","2020-04-25",,,,,,
"US1ILWL0058","PLAINFIELD 3.0 ESE, IL US","2020-04-26",,,,,,
"US1ILWL0058","PLAINFIELD 3.0 ESE, IL US","2020-04-27",,,,,,
"US1ILWL0058","PLAINFIELD 3.0 ESE, IL US","2020-04-28",,,,,,
"US1ILWL0058","PLAINFIELD 3.0 ESE, IL US","2020-04-29",,,,,,
"US1ILWL0058","PLAINFIELD 3.0 ESE, IL US","2020-04-30",,,,,,
"US1ILWL0058","PLAINFIELD 3.0 ESE, IL US","2020-05-01",,,,,,
"US1ILWL0058","PLAINFIELD 3.0 ESE, IL US","2020-05-02",,,,,,
"US1ILWL0058","PLAINFIELD 3.0 ESE, IL US","2020-05-03",,,,,,
"US1ILWL0058","PLAINFIELD 3.0 ESE, IL US","2020-05-04",,,,,,
"US1ILWL0058","PLAINFIELD 3.0 ESE, IL US","2020-05-05",,,,,,
"US1ILWL0058","PLAINFIELD 3.0 ESE, IL US","2020-05-06",,,,,,
"US1ILWL0058","PLAINFIELD 3.0 ESE, IL US","2020-05-07",,,,,,
"US1ILWL0058","PLAINFIELD 3.0 ESE, IL US","2020-05-08",,,,,,
"US1ILWL0058","PLAINFIELD 3.0 ESE, IL US","2020-05-09",,,,,,
"US1ILWL0058","PLAINFIELD 3.0 ESE, IL US","2020-05-10",,,,,,
"US1ILWL0058","PLAINFIELD 3.0 ESE, IL US","2020-05-11",,,,,,
"US1ILWL0058","PLAINFIELD 3.0 ESE, IL US","2020-05-12",,,,,,
"US1ILWL0058","PLAINFIELD 3.0 ESE, IL US","2020-05-13",,,,,,
"US1ILWL0058","PLAINFIELD 3.0 ESE, IL US","2020-05-14",,,,,,
"US1ILWL0058","PLAINFIELD 3.0 ESE, IL US","2020-05-15",,,,,,
"US1ILWL0058","PLAINFIELD 3.0 ESE, IL US","2020-05-16",,,,,,
"US1ILWL0058","PLAINFIELD 3.0 ESE, IL US","2020-05-17",,,,,,
"US1ILWL0058","PLAINFIELD 3.0 ESE, IL US","2020-05-18",,,,,,
"US1ILWL0058","PLAINFIELD 3.0 ESE, IL US","2020-05-19",,,,,,
"US1ILWL0058","PLAINFIELD 3.0 ESE, IL US","2020-05-20",,,,,,
"US1ILWL0058","PLAINFIELD 3.0 ESE, IL US","2020-05-21",,,,,,
"US1ILWL0058","PLAINFIELD 3.0 ESE, IL US","2020-05-22",,,,,,
"US1ILWL0058","PLAINFIELD 3.0 ESE, IL US","2020-05-23",,,,,,
"US1ILWL0058","PLAINFIELD 3.0 ESE, IL US","2020-05-24",,,,,,
"US1ILWL0058","PLAINFIELD 3.0 ESE, IL US","2020-05-25",,,,,,
"US1ILWL0058","PLAINFIELD 3.0 ESE, IL US","2020-05-26",,,,,,
"US1ILWL0058","PLAINFIELD 3.0 ESE, IL US","2020-05-27",,,,,,
"US1ILWL0058","PLAINFIELD 3.0 ESE, IL US","2020-05-28",,,,,,
"US1ILWL0058","PLAINFIELD 3.0 ESE, IL US","2020-05-29",,,,,,
"US1ILWL0058","PLAINFIELD 3.0 ESE, IL US","2020-05-30",,,,,,
"US1ILWL0058","PLAINFIELD 3.0 ESE, IL US","2020-05-31",,,,,,
"US1ILWL0058","PLAINFIELD 3.0 ESE, IL US","2020-06-01",,,,,,
"US1ILWL0058","PLAINFIELD 3.0 ESE, IL US","2020-06-02",,,,,,
"US1ILWL0058","PLAINFIELD 3.0 ESE, IL US","2020-06-03",,,,,,
"US1ILWL0058","PLAINFIELD 3.0 ESE, IL US","2020-06-04",,,,,,
"US1ILWL0058","PLAINFIELD 3.0 ESE, IL US","2020-06-05",,,,,,
"US1ILWL0058","PLAINFIELD 3.0 ESE, IL US","2020-06-06",,,,,,
"US1ILWL0058","PLAINFIELD 3.0 ESE, IL US","2020-06-07",,,,,,
"US1ILWL0058","PLAINFIELD 3.0 ESE, IL US","2020-06-08",,,,,,
"US1ILWL0058","PLAINFIELD 3.0 ESE, IL US","2020-06-09",,,,,,
"US1ILWL0058","PLAINFIELD 3.0 ESE, IL US","2020-06-10",,,,,,
"US1ILWL0058","PLAINFIELD 3.0 ESE, IL US","2020-06-11",,,,,,
"US1ILWL0058","PLAINFIELD 3.0 ESE, IL US","2020-06-12",,,,,,
"US1ILWL0058","PLAINFIELD 3.0 ESE, IL US","2020-06-13",,,,,,
"US1ILWL0058","PLAINFIELD 3.0 ESE, IL US","2020-06-14",,,,,,
"US1ILWL0058","PLAINFIELD 3.0 ESE, IL US","2020-06-15",,,,,,
"US1ILWL0058","PLAINFIELD 3.0 ESE, IL US","2020-06-16",,,,,,
"US1ILWL0058","PLAINFIELD 3.0 ESE, IL US","2020-06-17",,,,,,
"US1ILWL0058","PLAINFIELD 3.0 ESE, IL US","2020-06-18",,,,,,
"US1ILWL0058","PLAINFIELD 3.0 ESE, IL US","2020-06-19",,,,,,
"US1ILWL0058","PLAINFIELD 3.0 ESE, IL US","2020-06-20",,,,,,
"US1ILWL0058","PLAINFIELD 3.0 ESE, IL US","2020-06-21",,,,,,
"US1ILWL0058","PLAINFIELD 3.0 ESE, IL US","2020-06-22",,,,,,
"US1ILWL0058","PLAINFIELD 3.0 ESE, IL US","2020-06-23",,,,,,
"US1ILWL0058","PLAINFIELD 3.0 ESE, IL US","2020-06-24",,,,,,
"US1ILWL0058","PLAINFIELD 3.0 ESE, IL US","2020-06-25",,,,,,
"US1ILWL0058","PLAINFIELD 3.0 ESE, IL US","2020-06-26",,,,,,
"US1ILWL0058","PLAINFIELD 3.0 ESE, IL US","2020-06-27",,,,,,
"US1ILWL0058","PLAINFIELD 3.0 ESE, IL US","2020-06-28",,,,,,
"US1ILWL0058","PLAINFIELD 3.0 ESE, IL US","2020-06-29",,,,,,
"US1ILWL0058","PLAINFIELD 3.0 ESE, IL US","2020-06-30",,,,,,
"US1ILWL0058","PLAINFIELD 3.0 ESE, IL US","2020-07-01",,,,,,
"US1ILWL0058","PLAINFIELD 3.0 ESE, IL US","2020-07-02",,,,,,
"US1ILWL0058","PLAINFIELD 3.0 ESE, IL US","2020-07-03",,,,,,
"US1ILWL0058","PLAINFIELD 3.0 ESE, IL US","2020-07-04",,,,,,
"US1ILWL0058","PLAINFIELD 3.0 ESE, IL US","2020-07-05",,,,,,
"US1ILWL0058","PLAINFIELD 3.0 ESE, IL US","2020-07-06",,,,,,
"US1ILWL0058","PLAINFIELD 3.0 ESE, IL US","2020-07-07",,,,,,
"US1ILWL0058","PLAINFIELD 3.0 ESE, IL US","2020-07-08",,,,,,
"US1ILWL0058","PLAINFIELD 3.0 ESE, IL US","2020-07-09",,,,,,
"US1ILWL0058","PLAINFIELD 3.0 ESE, IL US","2020-07-10",,,,,,
"US1ILWL0058","PLAINFIELD 3.0 ESE, IL US","2020-07-11",,,,,,
"US1ILWL0058","PLAINFIELD 3.0 ESE, IL US","2020-07-12",,,,,,
"US1ILWL0058","PLAINFIELD 3.0 ESE, IL US","2020-07-13",,,,,,
"US1ILWL0058","PLAINFIELD 3.0 ESE, IL US","2020-07-14",,,,,,
"US1ILWL0058","PLAINFIELD 3.0 ESE, IL US","2020-07-15",,,,,,
"US1ILWL0058","PLAINFIELD 3.0 ESE, IL US","2020-07-16",,,,,,
"US1ILWL0058","PLAINFIELD 3.0 ESE, IL US","2020-07-17",,,,,,
"US1ILWL0058","PLAINFIELD 3.0 ESE, IL US","2020-07-18",,,,,,
"US1ILWL0058","PLAINFIELD 3.0 ESE, IL US","2020-07-19",,,,,,
"US1ILWL0058","PLAINFIELD 3.0 ESE, IL US","2020-07-20",,,,,,
"US1ILWL0058","PLAINFIELD 3.0 ESE, IL US","2020-07-21",,,,,,
"US1ILWL0058","PLAINFIELD 3.0 ESE, IL US","2020-07-22",,,,,,
"US1ILWL0058","PLAINFIELD 3.0 ESE, IL US","2020-07-23",,,,,,
"US1ILWL0058","PLAINFIELD 3.0 ESE, IL US","2020-07-24",,,,,,
"US1ILWL0058","PLAINFIELD 3.0 ESE, IL US","2020-07-25",,,,,,
"US1ILWL0058","PLAINFIELD 3.0 ESE, IL US","2020-07-26",,,,,,
"US1ILWL0058","PLAINFIELD 3.0 ESE, IL US","2020-07-27",,,,,,
"US1ILWL0058","PLAINFIELD 3.0 ESE, IL US","2020-07-28",,,,,,
"US1ILWL0058","PLAINFIELD 3.0 ESE, IL US","2020-07-29",,,,,,
"US1ILWL0058","PLAINFIELD 3.0 ESE, IL US","2020-07-30",,,,,,
"US1ILWL0058","PLAINFIELD 3.0 ESE, IL US","2020-07-31",,,,,,
"US1ILWL0058","PLAINFIELD 3.0 ESE, IL US","2020-08-01",,,,,,
"US1ILWL0058","PLAINFIELD 3.0 ESE, IL US","2020-08-02",,,,,,
"US1ILWL0058","PLAINFIELD 3.0 ESE, IL US","2020-08-03",,,,,,
"US1ILWL0058","PLAINFIELD 3.0 ESE, IL US","2020-08-04",,,,,,
"US1ILWL0058","PLAINFIELD 3.0 ESE, IL US","2020-08-05",,,,,,
"US1ILWL0058","PLAINFIELD 3.0 ESE, IL US","2020-08-06",,,,,,
"US1ILWL0058","PLAINFIELD 3.0 ESE, IL US","2020-08-07",,,,,,
"US1ILWL0058","PLAINFIELD 3.0 ESE, IL US","2020-08-08",,,,,,
"US1ILWL0058","PLAINFIELD 3.0 ESE, IL US","2020-08-09",,,,,,
"US1ILWL0058","PLAINFIELD 3.0 ESE, IL US","2020-08-10",,,,,,
"US1ILWL0058","PLAINFIELD 3.0 ESE, IL US","2020-08-11",,,,,,
"US1ILWL0058","PLAINFIELD 3.0 ESE, IL US","2020-08-12",,,,,,
"US1ILWL0058","PLAINFIELD 3.0 ESE, IL US","2020-08-13",,,,,,
"US1ILWL0058","PLAINFIELD 3.0 ESE, IL US","2020-08-14",,,,,,
"US1ILWL0058","PLAINFIELD 3.0 ESE, IL US","2020-08-15",,,,,,
"US1ILWL0058","PLAINFIELD 3.0 ESE, IL US","2020-08-16",,,,,,
"US1ILWL0058","PLAINFIELD 3.0 ESE, IL US","2020-08-17",,,,,,
"US1ILWL0058","PLAINFIELD 3.0 ESE, IL US","2020-08-18",,,,,,
"US1ILWL0058","PLAINFIELD 3.0 ESE, IL US","2020-08-19",,,,,,
"US1ILWL0058","PLAINFIELD 3.0 ESE, IL US","2020-08-20",,,,,,
"US1ILWL0058","PLAINFIELD 3.0 ESE, IL US","2020-08-21",,,,,,
"US1ILWL0058","PLAINFIELD 3.0 ESE, IL US","2020-08-22",,,,,,
"US1ILWL0058","PLAINFIELD 3.0 ESE, IL US","2020-08-23",,,,,,
"US1ILWL0058","PLAINFIELD 3.0 ESE, IL US","2020-08-24",,,,,,
"US1ILWL0058","PLAINFIELD 3.0 ESE, IL US","2020-08-25",,,,,,
"US1ILWL0058","PLAINFIELD 3.0 ESE, IL US","2020-08-26",,,,,,
"US1ILWL0058","PLAINFIELD 3.0 ESE, IL US","2020-08-27",,,,,,
"US1ILWL0058","PLAINFIELD 3.0 ESE, IL US","2020-08-28",,,,,,
"US1ILWL0058","PLAINFIELD 3.0 ESE, IL US","2020-08-29",,,,,,
"US1ILWL0058","PLAINFIELD 3.0 ESE, IL US","2020-08-30",,,,,,
"US1ILWL0058","PLAINFIELD 3.0 ESE, IL US","2020-08-31",,,,,,
"US1ILWL0058","PLAINFIELD 3.0 ESE, IL US","2020-09-01",,,,,,
"US1ILWL0058","PLAINFIELD 3.0 ESE, IL US","2020-09-02",,,,,,
"US1ILWL0058","PLAINFIELD 3.0 ESE, IL US","2020-09-03",,,,,,
"US1ILWL0058","PLAINFIELD 3.0 ESE, IL US","2020-09-04",,,,,,
"US1ILWL0058","PLAINFIELD 3.0 ESE, IL US","2020-09-05",,,,,,
"US1ILWL0058","PLAINFIELD 3.0 ESE, IL US","2020-09-06",,,,,,
"US1ILWL0058","PLAINFIELD 3.0 ESE, IL US","2020-09-07",,,,,,
"US1ILWL0058","PLAINFIELD 3.0 ESE, IL US","2020-09-08",,,,,,
"US1ILDP0032","LISLE 1.3 SE, IL US","2019-10-01",,,,,,
"US1ILDP0032","LISLE 1.3 SE, IL US","2019-10-02",,,,,,
"US1ILDP0032","LISLE 1.3 SE, IL US","2019-10-03",,,,,,
"US1ILDP0032","LISLE 1.3 SE, IL US","2019-10-04",,,,,,
"US1ILDP0032","LISLE 1.3 SE, IL US","2019-10-05",,,,,,
"US1ILDP0032","LISLE 1.3 SE, IL US","2019-10-06",,,,,,
"US1ILDP0032","LISLE 1.3 SE, IL US","2019-10-07",,,,,,
"US1ILDP0032","LISLE 1.3 SE, IL US","2019-10-08",,,,,,
"US1ILDP0032","LISLE 1.3 SE, IL US","2019-10-09",,,,,,
"US1ILDP0032","LISLE 1.3 SE, IL US","2019-10-10",,,,,,
"US1ILDP0032","LISLE 1.3 SE, IL US","2019-10-11",,,,,,
"US1ILDP0032","LISLE 1.3 SE, IL US","2019-10-12",,,,,,
"US1ILDP0032","LISLE 1.3 SE, IL US","2019-10-13",,,,,,
"US1ILDP0032","LISLE 1.3 SE, IL US","2019-10-14",,,,,,
"US1ILDP0032","LISLE 1.3 SE, IL US","2019-10-15",,,,,,
"US1ILDP0032","LISLE 1.3 SE, IL US","2019-10-16",,,,,,
"US1ILDP0032","LISLE 1.3 SE, IL US","2019-10-17",,,,,,
"US1ILDP0032","LISLE 1.3 SE, IL US","2019-10-18",,,,,,
"US1ILDP0032","LISLE 1.3 SE, IL US","2019-10-19",,,,,,
"US1ILDP0032","LISLE 1.3 SE, IL US","2019-10-20",,,,,,
"US1ILDP0032","LISLE 1.3 SE, IL US","2019-10-21",,,,,,
"US1ILDP0032","LISLE 1.3 SE, IL US","2019-10-22",,,,,,
"US1ILDP0032","LISLE 1.3 SE, IL US","2019-10-23",,,,,,
"US1ILDP0032","LISLE 1.3 SE, IL US","2019-10-24",,,,,,
"US1ILDP0032","LISLE 1.3 SE, IL US","2019-10-25",,,,,,
"US1ILDP0032","LISLE 1.3 SE, IL US","2019-10-26",,,,,,
"US1ILDP0032","LISLE 1.3 SE, IL US","2019-10-27",,,,,,
"US1ILDP0032","LISLE 1.3 SE, IL US","2019-10-28",,,,,,
"US1ILDP0032","LISLE 1.3 SE, IL US","2019-10-29",,,,,,
"US1ILDP0032","LISLE 1.3 SE, IL US","2019-10-30",,,,,,
"US1ILDP0032","LISLE 1.3 SE, IL US","2019-10-31",,,,,,
"US1ILDP0032","LISLE 1.3 SE, IL US","2019-11-01",,,,,,
"US1ILDP0032","LISLE 1.3 SE, IL US","2019-11-02",,,,,,
"US1ILDP0032","LISLE 1.3 SE, IL US","2019-11-03",,,,,,
"US1ILDP0032","LISLE 1.3 SE, IL US","2019-11-04",,,,,,
"US1ILDP0032","LISLE 1.3 SE, IL US","2019-11-05",,,,,,
"US1ILDP0032","LISLE 1.3 SE, IL US","2019-11-06",,,,,,
"US1ILDP0032","LISLE 1.3 SE, IL US","2019-11-07",,,,,,
"US1ILDP0032","LISLE 1.3 SE, IL US","2019-11-08",,,,,,
"US1ILDP0032","LISLE 1.3 SE, IL US","2019-11-09",,,,,,
"US1ILDP0032","LISLE 1.3 SE, IL US","2019-11-10",,,,,,
"US1ILDP0032","LISLE 1.3 SE, IL US","2019-11-11",,,,,,
"US1ILDP0032","LISLE 1.3 SE, IL US","2019-11-12",,,,,,
"US1ILDP0032","LISLE 1.3 SE, IL US","2019-11-13",,,,,,
"US1ILDP0032","LISLE 1.3 SE, IL US","2019-11-14",,,,,,
"US1ILDP0032","LISLE 1.3 SE, IL US","2019-11-15",,,,,,
"US1ILDP0032","LISLE 1.3 SE, IL US","2019-11-16",,,,,,
"US1ILDP0032","LISLE 1.3 SE, IL US","2019-11-17",,,,,,
"US1ILDP0032","LISLE 1.3 SE, IL US","2019-11-18",,,,,,
"US1ILDP0032","LISLE 1.3 SE, IL US","2019-11-19",,,,,,
"US1ILDP0032","LISLE 1.3 SE, IL US","2019-11-20",,,,,,
"US1ILDP0032","LISLE 1.3 SE, IL US","2019-11-21",,,,,,
"US1ILDP0032","LISLE 1.3 SE, IL US","2019-11-22",,,,,,
"US1ILDP0032","LISLE 1.3 SE, IL US","2019-11-23",,,,,,
"US1ILDP0032","LISLE 1.3 SE, IL US","2019-11-24",,,,,,
"US1ILDP0032","LISLE 1.3 SE, IL US","2019-11-25",,,,,,
"US1ILDP0032","LISLE 1.3 SE, IL US","2019-11-26",,,,,,
"US1ILDP0032","LISLE 1.3 SE, IL US","2019-11-27",,,,,,
"US1ILDP0032","LISLE 1.3 SE, IL US","2019-11-28",,,,,,
"US1ILDP0032","LISLE 1.3 SE, IL US","2019-11-29",,,,,,
"US1ILDP0032","LISLE 1.3 SE, IL US","2019-11-30",,,,,,
"US1ILDP0032","LISLE 1.3 SE, IL US","2019-12-01",,,,,,
"US1ILDP0032","LISLE 1.3 SE, IL US","2019-12-02",,,,,,
"US1ILDP0032","LISLE 1.3 SE, IL US","2019-12-03",,,,,,
"US1ILDP0032","LISLE 1.3 SE, IL US","2019-12-04",,,,,,
"US1ILDP0032","LISLE 1.3 SE, IL US","2019-12-05",,,,,,
"US1ILDP0032","LISLE 1.3 SE, IL US","2019-12-06",,,,,,
"US1ILDP0032","LISLE 1.3 SE, IL US","2019-12-07",,,,,,
"US1ILDP0032","LISLE 1.3 SE, IL US","2019-12-08",,,,,,
"US1ILDP0032","LISLE 1.3 SE, IL US","2019-12-09",,,,,,
"US1ILDP0032","LISLE 1.3 SE, IL US","2019-12-10",,,,,,
"US1ILDP0032","LISLE 1.3 SE, IL US","2019-12-11",,,,,,
"US1ILDP0032","LISLE 1.3 SE, IL US","2019-12-12",,,,,,
"US1ILDP0032","LISLE 1.3 SE, IL US","2019-12-13",,,,,,
"US1ILDP0032","LISLE 1.3 SE, IL US","2019-12-14",,,,,,
"US1ILDP0032","LISLE 1.3 SE, IL US","2019-12-15",,,,,,
"US1ILDP0032","LISLE 1.3 SE, IL US","2019-12-16",,,,,,
"US1ILDP0032","LISLE 1.3 SE, IL US","2019-12-17",,,,,,
"US1ILDP0032","LISLE 1.3 SE, IL US","2019-12-18",,,,,,
"US1ILDP0032","LISLE 1.3 SE, IL US","2019-12-19",,,,,,
"US1ILDP0032","LISLE 1.3 SE, IL US","2019-12-20",,,,,,
"US1ILDP0032","LISLE 1.3 SE, IL US","2019-12-21",,,,,,
"US1ILDP0032","LISLE 1.3 SE, IL US","2019-12-22",,,,,,
"US1ILDP0032","LISLE 1.3 SE, IL US","2019-12-23",,,,,,
"US1ILDP0032","LISLE 1.3 SE, IL US","2019-12-24",,,,,,
"US1ILDP0032","LISLE 1.3 SE, IL US","2019-12-25",,,,,,
"US1ILDP0032","LISLE 1.3 SE, IL US","2019-12-26",,,,,,
"US1ILDP0032","LISLE 1.3 SE, IL US","2019-12-27",,,,,,
"US1ILDP0032","LISLE 1.3 SE, IL US","2019-12-28",,,,,,
"US1ILDP0032","LISLE 1.3 SE, IL US","2019-12-29",,,,,,
"US1ILDP0032","LISLE 1.3 SE, IL US","2019-12-30",,,,,,
"US1ILDP0032","LISLE 1.3 SE, IL US","2019-12-31",,,,,,
"US1ILDP0032","LISLE 1.3 SE, IL US","2020-01-01",,,,,,
"US1ILDP0032","LISLE 1.3 SE, IL US","2020-01-02",,,,,,
"US1ILDP0032","LISLE 1.3 SE, IL US","2020-01-03",,,,,,
"US1ILDP0032","LISLE 1.3 SE, IL US","2020-01-04",,,,,,
"US1ILDP0032","LISLE 1.3 SE, IL US","2020-01-05",,,,,,
"US1ILDP0032","LISLE 1.3 SE, IL US","2020-01-06",,,,,,
"US1ILDP0032","LISLE 1.3 SE, IL US","2020-01-07",,,,,,
"US1ILDP0032","LISLE 1.3 SE, IL US","2020-01-08",,,,,,
"US1ILDP0032","LISLE 1.3 SE, IL US","2020-01-09",,,,,,
"US1ILDP0032","LISLE 1.3 SE, IL US","2020-01-10",,,,,,
"US1ILDP0032","LISLE 1.3 SE, IL US","2020-01-11",,,,,,
"US1ILDP0032","LISLE 1.3 SE, IL US","2020-01-12",,,,,,
"US1ILDP0032","LISLE 1.3 SE, IL US","2020-01-13",,,,,,
"US1ILDP0032","LISLE 1.3 SE, IL US","2020-01-14",,,,,,
"US1ILDP0032","LISLE 1.3 SE, IL US","2020-01-15",,,,,,
"US1ILDP0032","LISLE 1.3 SE, IL US","2020-01-16",,,,,,
"US1ILDP0032","LISLE 1.3 SE, IL US","2020-01-17",,,,,,
"US1ILDP0032","LISLE 1.3 SE, IL US","2020-01-18",,,,,,
"US1ILDP0032","LISLE 1.3 SE, IL US","2020-01-19",,,,,,
"US1ILDP0032","LISLE 1.3 SE, IL US","2020-01-20",,,,,,
"US1ILDP0032","LISLE 1.3 SE, IL US","2020-01-21",,,,,,
"US1ILDP0032","LISLE 1.3 SE, IL US","2020-01-22",,,,,,
"US1ILDP0032","LISLE 1.3 SE, IL US","2020-01-23",,,,,,
"US1ILDP0032","LISLE 1.3 SE, IL US","2020-01-24",,,,,,
"US1ILDP0032","LISLE 1.3 SE, IL US","2020-01-25",,,,,,
"US1ILDP0032","LISLE 1.3 SE, IL US","2020-01-26",,,,,,
"US1ILDP0032","LISLE 1.3 SE, IL US","2020-01-27",,,,,,
"US1ILDP0032","LISLE 1.3 SE, IL US","2020-01-28",,,,,,
"US1ILDP0032","LISLE 1.3 SE, IL US","2020-01-29",,,,,,
"US1ILDP0032","LISLE 1.3 SE, IL US","2020-01-30",,,,,,
"US1ILDP0032","LISLE 1.3 SE, IL US","2020-01-31",,,,,,
"US1ILDP0032","LISLE 1.3 SE, IL US","2020-02-01",,,,,,
"US1ILDP0032","LISLE 1.3 SE, IL US","2020-02-02",,,,,,
"US1ILDP0032","LISLE 1.3 SE, IL US","2020-02-03",,,,,,
"US1ILDP0032","LISLE 1.3 SE, IL US","2020-02-04",,,,,,
"US1ILDP0032","LISLE 1.3 SE, IL US","2020-02-05",,,,,,
"US1ILDP0032","LISLE 1.3 SE, IL US","2020-02-06",,,,,,
"US1ILDP0032","LISLE 1.3 SE, IL US","2020-02-07",,,,,,
"US1ILDP0032","LISLE 1.3 SE, IL US","2020-02-08",,,,,,
"US1ILDP0032","LISLE 1.3 SE, IL US","2020-02-09",,,,,,
"US1ILDP0032","LISLE 1.3 SE, IL US","2020-02-10",,,,,,
"US1ILDP0032","LISLE 1.3 SE, IL US","2020-02-11",,,,,,
"US1ILDP0032","LISLE 1.3 SE, IL US","2020-02-12",,,,,,
"US1ILDP0032","LISLE 1.3 SE, IL US","2020-02-13",,,,,,
"US1ILDP0032","LISLE 1.3 SE, IL US","2020-02-14",,,,,,
"US1ILDP0032","LISLE 1.3 SE, IL US","2020-02-15",,,,,,
"US1ILDP0032","LISLE 1.3 SE, IL US","2020-02-16",,,,,,
"US1ILDP0032","LISLE 1.3 SE, IL US","2020-02-17",,,,,,
"US1ILDP0032","LISLE 1.3 SE, IL US","2020-02-18",,,,,,
"US1ILDP0032","LISLE 1.3 SE, IL US","2020-02-19",,,,,,
"US1ILDP0032","LISLE 1.3 SE, IL US","2020-02-20",,,,,,
"US1ILDP0032","LISLE 1.3 SE, IL US","2020-02-21",,,,,,
"US1ILDP0032","LISLE 1.3 SE, IL US","2020-02-22",,,,,,
"US1ILDP0032","LISLE 1.3 SE, IL US","2020-02-23",,,,,,
"US1ILDP0032","LISLE 1.3 SE, IL US","2020-02-24",,,,,,
"US1ILDP0032","LISLE 1.3 SE, IL US","2020-02-25",,,,,,
"US1ILDP0032","LISLE 1.3 SE, IL US","2020-02-26",,,,,,
"US1ILDP0032","LISLE 1.3 SE, IL US","2020-02-27",,,,,,
"US1ILDP0032","LISLE 1.3 SE, IL US","2020-02-28",,,,,,
"US1ILDP0032","LISLE 1.3 SE, IL US","2020-02-29",,,,,,
"US1ILDP0032","LISLE 1.3 SE, IL US","2020-03-01",,,,,,
"US1ILDP0032","LISLE 1.3 SE, IL US","2020-03-02",,,,,,
"US1ILDP0032","LISLE 1.3 SE, IL US","2020-03-03",,,,,,
"US1ILDP0032","LISLE 1.3 SE, IL US","2020-03-04",,,,,,
"US1ILDP0032","LISLE 1.3 SE, IL US","2020-03-05",,,,,,
"US1ILDP0032","LISLE 1.3 SE, IL US","2020-03-06",,,,,,
"US1ILDP0032","LISLE 1.3 SE, IL US","2020-03-07",,,,,,
"US1ILDP0032","LISLE 1.3 SE, IL US","2020-03-08",,,,,,
"US1ILDP0032","LISLE 1.3 SE, IL US","2020-03-09",,,,,,
"US1ILDP0032","LISLE 1.3 SE, IL US","2020-03-10",,,,,,
"US1ILDP0032","LISLE 1.3 SE, IL US","2020-03-11",,,,,,
"US1ILDP0032","LISLE 1.3 SE, IL US","2020-03-12",,,,,,
"US1ILDP0032","LISLE 1.3 SE, IL US","2020-03-13",,,,,,
"US1ILDP0032","LISLE 1.3 SE, IL US","2020-03-14",,,,,,
"US1ILDP0032","LISLE 1.3 SE, IL US","2020-03-15",,,,,,
"US1ILDP0032","LISLE 1.3 SE, IL US","2020-03-16",,,,,,
"US1ILDP0032","LISLE 1.3 SE, IL US","2020-03-17",,,,,,
"US1ILDP0032","LISLE 1.3 SE, IL US","2020-03-18",,,,,,
"US1ILDP0032","LISLE 1.3 SE, IL US","2020-03-19",,,,,,
"US1ILDP0032","LISLE 1.3 SE, IL US","2020-03-20",,,,,,
"US1ILDP0032","LISLE 1.3 SE, IL US","2020-03-21",,,,,,
"US1ILDP0032","LISLE 1.3 SE, IL US","2020-03-22",,,,,,
"US1ILDP0032","LISLE 1.3 SE, IL US","2020-03-23",,,,,,
"US1ILDP0032","LISLE 1.3 SE, IL US","2020-03-24",,,,,,
"US1ILDP0032","LISLE 1.3 SE, IL US","2020-03-25",,,,,,
"US1ILDP0032","LISLE 1.3 SE, IL US","2020-03-26",,,,,,
"US1ILDP0032","LISLE 1.3 SE, IL US","2020-03-27",,,,,,
"US1ILDP0032","LISLE 1.3 SE, IL US","2020-03-28",,,,,,
"US1ILDP0032","LISLE 1.3 SE, IL US","2020-03-29",,,,,,
"US1ILDP0032","LISLE 1.3 SE, IL US","2020-03-30",,,,,,
"US1ILDP0032","LISLE 1.3 SE, IL US","2020-03-31",,,,,,
"US1ILDP0032","LISLE 1.3 SE, IL US","2020-04-01",,,,,,
"US1ILDP0032","LISLE 1.3 SE, IL US","2020-04-02",,,,,,
"US1ILDP0032","LISLE 1.3 SE, IL US","2020-04-03",,,,,,
"US1ILDP0032","LISLE 1.3 SE, IL US","2020-04-04",,,,,,
"US1ILDP0032","LISLE 1.3 SE, IL US","2020-04-05",,,,,,
"US1ILDP0032","LISLE 1.3 SE, IL US","2020-04-06",,,,,,
"US1ILDP0032","LISLE 1.3 SE, IL US","2020-04-07",,,,,,
"US1ILDP0032","LISLE 1.3 SE, IL US","2020-04-08",,,,,,
"US1ILDP0032","LISLE 1.3 SE, IL US","2020-04-09",,,,,,
"US1ILDP0032","LISLE 1.3 SE, IL US","2020-04-10",,,,,,
"US1ILDP0032","LISLE 1.3 SE, IL US","2020-04-11",,,,,,
"US1ILDP0032","LISLE 1.3 SE, IL US","2020-04-12",,,,,,
"US1ILDP0032","LISLE 1.3 SE, IL US","2020-04-13",,,,,,
"US1ILDP0032","LISLE 1.3 SE, IL US","2020-04-14",,,,,,
"US1ILDP0032","LISLE 1.3 SE, IL US","2020-04-15",,,,,,
"US1ILDP0032","LISLE 1.3 SE, IL US","2020-04-16",,,,,,
"US1ILDP0032","LISLE 1.3 SE, IL US","2020-04-17",,,,,,
"US1ILDP0032","LISLE 1.3 SE, IL US","2020-04-18",,,,,,
"US1ILDP0032","LISLE 1.3 SE, IL US","2020-04-19",,,,,,
"US1ILDP0032","LISLE 1.3 SE, IL US","2020-04-20",,,,,,
"US1ILDP0032","LISLE 1.3 SE, IL US","2020-04-21",,,,,,
"US1ILDP0032","LISLE 1.3 SE, IL US","2020-04-22",,,,,,
"US1ILDP0032","LISLE 1.3 SE, IL US","2020-04-23",,,,,,
"US1ILDP0032","LISLE 1.3 SE, IL US","2020-04-24",,,,,,
"US1ILDP0032","LISLE 1.3 SE, IL US","2020-04-25",,,,,,
"US1ILDP0032","LISLE 1.3 SE, IL US","2020-04-26",,,,,,
"US1ILDP0032","LISLE 1.3 SE, IL US","2020-04-27",,,,,,
"US1ILDP0032","LISLE 1.3 SE, IL US","2020-04-28",,,,,,
"US1ILDP0032","LISLE 1.3 SE, IL US","2020-04-29",,,,,,
"US1ILDP0032","LISLE 1.3 SE, IL US","2020-04-30",,,,,,
"US1ILDP0032","LISLE 1.3 SE, IL US","2020-05-01",,,,,,
"US1ILDP0032","LISLE 1.3 SE, IL US","2020-05-02",,,,,,
"US1ILDP0032","LISLE 1.3 SE, IL US","2020-05-03",,,,,,
"US1ILDP0032","LISLE 1.3 SE, IL US","2020-05-04",,,,,,
"US1ILDP0032","LISLE 1.3 SE, IL US","2020-05-05",,,,,,
"US1ILDP0032","LISLE 1.3 SE, IL US","2020-05-06",,,,,,
"US1ILDP0032","LISLE 1.3 SE, IL US","2020-05-07",,,,,,
"US1ILDP0032","LISLE 1.3 SE, IL US","2020-05-08",,,,,,
"US1ILDP0032","LISLE 1.3 SE, IL US","2020-05-09",,,,,,
"US1ILDP0032","LISLE 1.3 SE, IL US","2020-05-10",,,,,,
"US1ILDP0032","LISLE 1.3 SE, IL US","2020-05-11",,,,,,
"US1ILDP0032","LISLE 1.3 SE, IL US","2020-05-12",,,,,,
"US1ILDP0032","LISLE 1.3 SE, IL US","2020-05-13",,,,,,
"US1ILDP0032","LISLE 1.3 SE, IL US","2020-05-14",,,,,,
"US1ILDP0032","LISLE 1.3 SE, IL US","2020-05-15",,,,,,
"US1ILDP0032","LISLE 1.3 SE, IL US","2020-05-16",,,,,,
"US1ILDP0032","LISLE 1.3 SE, IL US","2020-05-17",,,,,,
"US1ILDP0032","LISLE 1.3 SE, IL US","2020-05-18",,,,,,
"US1ILDP0032","LISLE 1.3 SE, IL US","2020-05-19",,,,,,
"US1ILDP0032","LISLE 1.3 SE, IL US","2020-05-20",,,,,,
"US1ILDP0032","LISLE 1.3 SE, IL US","2020-05-21",,,,,,
"US1ILDP0032","LISLE 1.3 SE, IL US","2020-05-22",,,,,,
"US1ILDP0032","LISLE 1.3 SE, IL US","2020-05-23",,,,,,
"US1ILDP0032","LISLE 1.3 SE, IL US","2020-05-24",,,,,,
"US1ILDP0032","LISLE 1.3 SE, IL US","2020-05-25",,,,,,
"US1ILDP0032","LISLE 1.3 SE, IL US","2020-05-26",,,,,,
"US1ILDP0032","LISLE 1.3 SE, IL US","2020-05-27",,,,,,
"US1ILDP0032","LISLE 1.3 SE, IL US","2020-05-28",,,,,,
"US1ILDP0032","LISLE 1.3 SE, IL US","2020-05-29",,,,,,
"US1ILDP0032","LISLE 1.3 SE, IL US","2020-05-30",,,,,,
"US1ILDP0032","LISLE 1.3 SE, IL US","2020-05-31",,,,,,
"US1ILDP0032","LISLE 1.3 SE, IL US","2020-06-01",,,,,,
"US1ILDP0032","LISLE 1.3 SE, IL US","2020-06-02",,,,,,
"US1ILDP0032","LISLE 1.3 SE, IL US","2020-06-03",,,,,,
"US1ILDP0032","LISLE 1.3 SE, IL US","2020-06-04",,,,,,
"US1ILDP0032","LISLE 1.3 SE, IL US","2020-06-05",,,,,,
"US1ILDP0032","LISLE 1.3 SE, IL US","2020-06-06",,,,,,
"US1ILDP0032","LISLE 1.3 SE, IL US","2020-06-07",,,,,,
"US1ILDP0032","LISLE 1.3 SE, IL US","2020-06-08",,,,,,
"US1ILDP0032","LISLE 1.3 SE, IL US","2020-06-09",,,,,,
"US1ILDP0032","LISLE 1.3 SE, IL US","2020-06-10",,,,,,
"US1ILDP0032","LISLE 1.3 SE, IL US","2020-06-11",,,,,,
"US1ILDP0032","LISLE 1.3 SE, IL US","2020-06-12",,,,,,
"US1ILDP0032","LISLE 1.3 SE, IL US","2020-06-13",,,,,,
"US1ILDP0032","LISLE 1.3 SE, IL US","2020-06-14",,,,,,
"US1ILDP0032","LISLE 1.3 SE, IL US","2020-06-15",,,,,,
"US1ILDP0032","LISLE 1.3 SE, IL US","2020-06-16",,,,,,
"US1ILDP0032","LISLE 1.3 SE, IL US","2020-06-17",,,,,,
"US1ILDP0032","LISLE 1.3 SE, IL US","2020-06-18",,,,,,
"US1ILDP0032","LISLE 1.3 SE, IL US","2020-06-19",,,,,,
"US1ILDP0032","LISLE 1.3 SE, IL US","2020-06-20",,,,,,
"US1ILDP0032","LISLE 1.3 SE, IL US","2020-06-21",,,,,,
"US1ILDP0032","LISLE 1.3 SE, IL US","2020-06-22",,,,,,
"US1ILDP0032","LISLE 1.3 SE, IL US","2020-06-23",,,,,,
"US1ILDP0032","LISLE 1.3 SE, IL US","2020-06-24",,,,,,
"US1ILDP0032","LISLE 1.3 SE, IL US","2020-06-25",,,,,,
"US1ILDP0032","LISLE 1.3 SE, IL US","2020-06-26",,,,,,
"US1ILDP0032","LISLE 1.3 SE, IL US","2020-06-27",,,,,,
"US1ILDP0032","LISLE 1.3 SE, IL US","2020-06-28",,,,,,
"US1ILDP0032","LISLE 1.3 SE, IL US","2020-06-29",,,,,,
"US1ILDP0032","LISLE 1.3 SE, IL US","2020-06-30",,,,,,
"US1ILDP0032","LISLE 1.3 SE, IL US","2020-07-01",,,,,,
"US1ILDP0032","LISLE 1.3 SE, IL US","2020-07-02",,,,,,
"US1ILDP0032","LISLE 1.3 SE, IL US","2020-07-03",,,,,,
"US1ILDP0032","LISLE 1.3 SE, IL US","2020-07-04",,,,,,
"US1ILDP0032","LISLE 1.3 SE, IL US","2020-07-05",,,,,,
"US1ILDP0032","LISLE 1.3 SE, IL US","2020-07-06",,,,,,
"US1ILDP0032","LISLE 1.3 SE, IL US","2020-07-07",,,,,,
"US1ILDP0032","LISLE 1.3 SE, IL US","2020-07-08",,,,,,
"US1ILDP0032","LISLE 1.3 SE, IL US","2020-07-09",,,,,,
"US1ILDP0032","LISLE 1.3 SE, IL US","2020-07-10",,,,,,
"US1ILDP0032","LISLE 1.3 SE, IL US","2020-07-11",,,,,,
"US1ILDP0032","LISLE 1.3 SE, IL US","2020-07-12",,,,,,
"US1ILDP0032","LISLE 1.3 SE, IL US","2020-07-13",,,,,,
"US1ILDP0032","LISLE 1.3 SE, IL US","2020-07-14",,,,,,
"US1ILDP0032","LISLE 1.3 SE, IL US","2020-07-15",,,,,,
"US1ILDP0032","LISLE 1.3 SE, IL US","2020-07-16",,,,,,
"US1ILDP0032","LISLE 1.3 SE, IL US","2020-07-17",,,,,,
"US1ILDP0032","LISLE 1.3 SE, IL US","2020-07-18",,,,,,
"US1ILDP0032","LISLE 1.3 SE, IL US","2020-07-19",,,,,,
"US1ILDP0032","LISLE 1.3 SE, IL US","2020-07-20",,,,,,
"US1ILDP0032","LISLE 1.3 SE, IL US","2020-07-21",,,,,,
"US1ILDP0032","LISLE 1.3 SE, IL US","2020-07-22",,,,,,
"US1ILDP0032","LISLE 1.3 SE, IL US","2020-07-23",,,,,,
"US1ILDP0032","LISLE 1.3 SE, IL US","2020-07-24",,,,,,
"US1ILDP0032","LISLE 1.3 SE, IL US","2020-07-25",,,,,,
"US1ILDP0032","LISLE 1.3 SE, IL US","2020-07-26",,,,,,
"US1ILDP0032","LISLE 1.3 SE, IL US","2020-07-27",,,,,,
"US1ILDP0032","LISLE 1.3 SE, IL US","2020-07-28",,,,,,
"US1ILDP0032","LISLE 1.3 SE, IL US","2020-07-29",,,,,,
"US1ILDP0032","LISLE 1.3 SE, IL US","2020-07-30",,,,,,
"US1ILDP0032","LISLE 1.3 SE, IL US","2020-07-31",,,,,,
"US1ILDP0032","LISLE 1.3 SE, IL US","2020-08-01",,,,,,
"US1ILDP0032","LISLE 1.3 SE, IL US","2020-08-02",,,,,,
"US1ILDP0032","LISLE 1.3 SE, IL US","2020-08-03",,,,,,
"US1ILDP0032","LISLE 1.3 SE, IL US","2020-08-04",,,,,,
"US1ILDP0032","LISLE 1.3 SE, IL US","2020-08-05",,,,,,
"US1ILDP0032","LISLE 1.3 SE, IL US","2020-08-06",,,,,,
"US1ILDP0032","LISLE 1.3 SE, IL US","2020-08-07",,,,,,
"US1ILDP0032","LISLE 1.3 SE, IL US","2020-08-08",,,,,,
"US1ILDP0032","LISLE 1.3 SE, IL US","2020-08-09",,,,,,
"US1ILDP0032","LISLE 1.3 SE, IL US","2020-08-10",,,,,,
"US1ILDP0032","LISLE 1.3 SE, IL US","2020-08-11",,,,,,
"US1ILDP0032","LISLE 1.3 SE, IL US","2020-08-12",,,,,,
"US1ILDP0032","LISLE 1.3 SE, IL US","2020-08-13",,,,,,
"US1ILDP0032","LISLE 1.3 SE, IL US","2020-08-14",,,,,,
"US1ILDP0032","LISLE 1.3 SE, IL US","2020-08-15",,,,,,
"US1ILDP0032","LISLE 1.3 SE, IL US","2020-08-16",,,,,,
"US1ILDP0032","LISLE 1.3 SE, IL US","2020-08-17",,,,,,
"US1ILDP0032","LISLE 1.3 SE, IL US","2020-08-18",,,,,,
"US1ILDP0032","LISLE 1.3 SE, IL US","2020-08-19",,,,,,
"US1ILDP0032","LISLE 1.3 SE, IL US","2020-08-20",,,,,,
"US1ILDP0032","LISLE 1.3 SE, IL US","2020-08-21",,,,,,
"US1ILDP0032","LISLE 1.3 SE, IL US","2020-08-22",,,,,,
"US1ILDP0032","LISLE 1.3 SE, IL US","2020-08-23",,,,,,
"US1ILDP0032","LISLE 1.3 SE, IL US","2020-08-24",,,,,,
"US1ILDP0032","LISLE 1.3 SE, IL US","2020-08-25",,,,,,
"US1ILDP0032","LISLE 1.3 SE, IL US","2020-08-26",,,,,,
"US1ILDP0032","LISLE 1.3 SE, IL US","2020-08-27",,,,,,
"US1ILDP0032","LISLE 1.3 SE, IL US","2020-08-28",,,,,,
"US1ILDP0032","LISLE 1.3 SE, IL US","2020-08-29",,,,,,
"US1ILDP0032","LISLE 1.3 SE, IL US","2020-08-30",,,,,,
"US1ILDP0032","LISLE 1.3 SE, IL US","2020-08-31",,,,,,
"US1ILDP0032","LISLE 1.3 SE, IL US","2020-09-01",,,,,,
"US1ILDP0032","LISLE 1.3 SE, IL US","2020-09-02",,,,,,
"US1ILDP0032","LISLE 1.3 SE, IL US","2020-09-03",,,,,,
"US1ILDP0032","LISLE 1.3 SE, IL US","2020-09-04",,,,,,
"US1ILDP0032","LISLE 1.3 SE, IL US","2020-09-05",,,,,,
"US1ILDP0032","LISLE 1.3 SE, IL US","2020-09-06",,,,,,
"US1ILDP0032","LISLE 1.3 SE, IL US","2020-09-07",,,,,,
"US1INLK0091","MUNSTER 1.5 NNW, IN US","2019-10-01",,,,,,
"US1INLK0091","MUNSTER 1.5 NNW, IN US","2019-10-02",,,,,,
"US1INLK0091","MUNSTER 1.5 NNW, IN US","2019-10-03",,,,,,
"US1INLK0091","MUNSTER 1.5 NNW, IN US","2019-10-04",,,,,,
"US1INLK0091","MUNSTER 1.5 NNW, IN US","2019-10-05",,,,,,
"US1INLK0091","MUNSTER 1.5 NNW, IN US","2019-10-06",,,,,,
"US1INLK0091","MUNSTER 1.5 NNW, IN US","2019-10-07",,,,,,
"US1INLK0091","MUNSTER 1.5 NNW, IN US","2019-10-08",,,,,,
"US1INLK0091","MUNSTER 1.5 NNW, IN US","2019-10-09",,,,,,
"US1INLK0091","MUNSTER 1.5 NNW, IN US","2019-10-10",,,,,,
"US1INLK0091","MUNSTER 1.5 NNW, IN US","2019-10-11",,,,,,
"US1INLK0091","MUNSTER 1.5 NNW, IN US","2019-10-12",,,,,,
"US1INLK0091","MUNSTER 1.5 NNW, IN US","2019-10-13",,,,,,
"US1INLK0091","MUNSTER 1.5 NNW, IN US","2019-10-14",,,,,,
"US1INLK0091","MUNSTER 1.5 NNW, IN US","2019-10-15",,,,,,
"US1INLK0091","MUNSTER 1.5 NNW, IN US","2019-10-16",,,,,,
"US1INLK0091","MUNSTER 1.5 NNW, IN US","2019-10-17",,,,,,
"US1INLK0091","MUNSTER 1.5 NNW, IN US","2019-10-18",,,,,,
"US1INLK0091","MUNSTER 1.5 NNW, IN US","2019-10-19",,,,,,
"US1INLK0091","MUNSTER 1.5 NNW, IN US","2019-10-20",,,,,,
"US1INLK0091","MUNSTER 1.5 NNW, IN US","2019-10-21",,,,,,
"US1INLK0091","MUNSTER 1.5 NNW, IN US","2019-10-22",,,,,,
"US1INLK0091","MUNSTER 1.5 NNW, IN US","2019-10-23",,,,,,
"US1INLK0091","MUNSTER 1.5 NNW, IN US","2019-10-24",,,,,,
"US1INLK0091","MUNSTER 1.5 NNW, IN US","2019-10-27",,,,,,
"US1INLK0091","MUNSTER 1.5 NNW, IN US","2019-10-29",,,,,,
"US1INLK0091","MUNSTER 1.5 NNW, IN US","2019-10-30",,,,,,
"US1INLK0091","MUNSTER 1.5 NNW, IN US","2019-11-01",,,,,,
"US1INLK0091","MUNSTER 1.5 NNW, IN US","2019-11-20",,,,,,
"US1INLK0091","MUNSTER 1.5 NNW, IN US","2019-11-21",,,,,,
"US1INLK0091","MUNSTER 1.5 NNW, IN US","2019-12-02",,,,,,
"US1INLK0091","MUNSTER 1.5 NNW, IN US","2019-12-05",,,,,,
"US1INLK0091","MUNSTER 1.5 NNW, IN US","2019-12-09",,,,,,
"US1INLK0091","MUNSTER 1.5 NNW, IN US","2019-12-11",,,,,,
"US1INLK0091","MUNSTER 1.5 NNW, IN US","2019-12-15",,,,,,
"US1INLK0091","MUNSTER 1.5 NNW, IN US","2019-12-16",,,,,,
"US1INLK0091","MUNSTER 1.5 NNW, IN US","2019-12-18",,,,,,
"US1INLK0091","MUNSTER 1.5 NNW, IN US","2019-12-19",,,,,,
"US1INLK0091","MUNSTER 1.5 NNW, IN US","2019-12-20",,,,,,
"US1INLK0091","MUNSTER 1.5 NNW, IN US","2019-12-21",,,,,,
"US1INLK0091","MUNSTER 1.5 NNW, IN US","2019-12-22",,,,,,
"US1INLK0091","MUNSTER 1.5 NNW, IN US","2019-12-23",,,,,,
"US1INLK0091","MUNSTER 1.5 NNW, IN US","2019-12-24",,,,,,
"US1INLK0091","MUNSTER 1.5 NNW, IN US","2019-12-27",,,,,,
"US1INLK0091","MUNSTER 1.5 NNW, IN US","2019-12-28",,,,,,
"US1INLK0091","MUNSTER 1.5 NNW, IN US","2019-12-29",,,,,,
"US1INLK0091","MUNSTER 1.5 NNW, IN US","2019-12-30",,,,,,
"US1INLK0091","MUNSTER 1.5 NNW, IN US","2019-12-31",,,,,,
"US1INLK0091","MUNSTER 1.5 NNW, IN US","2020-01-01",,,,,,
"US1INLK0091","MUNSTER 1.5 NNW, IN US","2020-01-02",,,,,,
"US1INLK0091","MUNSTER 1.5 NNW, IN US","2020-01-03",,,,,,
"US1INLK0091","MUNSTER 1.5 NNW, IN US","2020-01-04",,,,,,
"US1INLK0091","MUNSTER 1.5 NNW, IN US","2020-01-05",,,,,,
"US1INLK0091","MUNSTER 1.5 NNW, IN US","2020-01-18",,,,,,
"US1INLK0091","MUNSTER 1.5 NNW, IN US","2020-01-20",,,,,,
"US1INLK0091","MUNSTER 1.5 NNW, IN US","2020-01-21",,,,,,
"US1INLK0091","MUNSTER 1.5 NNW, IN US","2020-01-22",,,,,,
"US1INLK0091","MUNSTER 1.5 NNW, IN US","2020-01-23",,,,,,
"US1INLK0091","MUNSTER 1.5 NNW, IN US","2020-01-24",,,,,,
"US1INLK0091","MUNSTER 1.5 NNW, IN US","2020-01-25",,,,,,
"US1INLK0091","MUNSTER 1.5 NNW, IN US","2020-01-26",,,,,,
"US1INLK0091","MUNSTER 1.5 NNW, IN US","2020-01-27",,,,,,
"US1INLK0091","MUNSTER 1.5 NNW, IN US","2020-01-28",,,,,,
"US1INLK0091","MUNSTER 1.5 NNW, IN US","2020-01-29",,,,,,
"US1INLK0091","MUNSTER 1.5 NNW, IN US","2020-01-30",,,,,,
"US1INLK0091","MUNSTER 1.5 NNW, IN US","2020-01-31",,,,,,
"US1INLK0091","MUNSTER 1.5 NNW, IN US","2020-02-01",,,,,,
"US1INLK0091","MUNSTER 1.5 NNW, IN US","2020-02-02",,,,,,
"US1INLK0091","MUNSTER 1.5 NNW, IN US","2020-02-03",,,,,,
"US1INLK0091","MUNSTER 1.5 NNW, IN US","2020-02-05",,,,,,
"US1INLK0091","MUNSTER 1.5 NNW, IN US","2020-02-06",,,,,,
"US1INLK0091","MUNSTER 1.5 NNW, IN US","2020-02-07",,,,,,
"US1INLK0091","MUNSTER 1.5 NNW, IN US","2020-02-10",,,,,,
"US1INLK0091","MUNSTER 1.5 NNW, IN US","2020-02-11",,,,,,
"US1INLK0091","MUNSTER 1.5 NNW, IN US","2020-02-12",,,,,,
"US1INLK0091","MUNSTER 1.5 NNW, IN US","2020-02-13",,,,,,
"US1INLK0091","MUNSTER 1.5 NNW, IN US","2020-02-14",,,,,,
"US1INLK0091","MUNSTER 1.5 NNW, IN US","2020-02-17",,,,,,
"US1INLK0091","MUNSTER 1.5 NNW, IN US","2020-02-18",,,,,,
"US1INLK0091","MUNSTER 1.5 NNW, IN US","2020-02-19",,,,,,
"US1INLK0091","MUNSTER 1.5 NNW, IN US","2020-02-20",,,,,,
"US1INLK0091","MUNSTER 1.5 NNW, IN US","2020-02-21",,,,,,
"US1INLK0091","MUNSTER 1.5 NNW, IN US","2020-02-22",,,,,,
"US1INLK0091","MUNSTER 1.5 NNW, IN US","2020-02-23",,,,,,
"US1INLK0091","MUNSTER 1.5 NNW, IN US","2020-02-24",,,,,,
"US1INLK0091","MUNSTER 1.5 NNW, IN US","2020-02-25",,,,,,
"US1INLK0091","MUNSTER 1.5 NNW, IN US","2020-02-26",,,,,,
"US1INLK0091","MUNSTER 1.5 NNW, IN US","2020-02-27",,,,,,
"US1INLK0091","MUNSTER 1.5 NNW, IN US","2020-02-28",,,,,,
"US1INLK0091","MUNSTER 1.5 NNW, IN US","2020-02-29",,,,,,
"US1INLK0091","MUNSTER 1.5 NNW, IN US","2020-03-01",,,,,,
"US1INLK0091","MUNSTER 1.5 NNW, IN US","2020-03-02",,,,,,
"US1INLK0091","MUNSTER 1.5 NNW, IN US","2020-03-03",,,,,,
"US1INLK0091","MUNSTER 1.5 NNW, IN US","2020-03-04",,,,,,
"US1INLK0091","MUNSTER 1.5 NNW, IN US","2020-03-05",,,,,,
"US1INLK0091","MUNSTER 1.5 NNW, IN US","2020-03-07",,,,,,
"US1INLK0091","MUNSTER 1.5 NNW, IN US","2020-03-09",,,,,,
"US1INLK0091","MUNSTER 1.5 NNW, IN US","2020-03-10",,,,,,
"US1INLK0091","MUNSTER 1.5 NNW, IN US","2020-03-13",,,,,,
"US1INLK0091","MUNSTER 1.5 NNW, IN US","2020-03-15",,,,,,
"US1INLK0091","MUNSTER 1.5 NNW, IN US","2020-03-16",,,,,,
"US1INLK0091","MUNSTER 1.5 NNW, IN US","2020-03-17",,,,,,
"US1INLK0091","MUNSTER 1.5 NNW, IN US","2020-03-18",,,,,,
"US1INLK0091","MUNSTER 1.5 NNW, IN US","2020-03-19",,,,,,
"US1INLK0091","MUNSTER 1.5 NNW, IN US","2020-03-20",,,,,,
"US1INLK0091","MUNSTER 1.5 NNW, IN US","2020-03-21",,,,,,
"US1INLK0091","MUNSTER 1.5 NNW, IN US","2020-03-23",,,,,,
"US1INLK0091","MUNSTER 1.5 NNW, IN US","2020-03-24",,,,,,
"US1INLK0091","MUNSTER 1.5 NNW, IN US","2020-03-25",,,,,,
"US1INLK0091","MUNSTER 1.5 NNW, IN US","2020-03-28",,,,,,
"US1INLK0091","MUNSTER 1.5 NNW, IN US","2020-03-29",,,,,,
"US1INLK0091","MUNSTER 1.5 NNW, IN US","2020-04-01",,,,,,
"US1INLK0091","MUNSTER 1.5 NNW, IN US","2020-04-02",,,,,,
"US1INLK0091","MUNSTER 1.5 NNW, IN US","2020-04-03",,,,,,
"US1INLK0091","MUNSTER 1.5 NNW, IN US","2020-04-04",,,,,,
"US1INLK0091","MUNSTER 1.5 NNW, IN US","2020-04-06",,,,,,
"US1INLK0091","MUNSTER 1.5 NNW, IN US","2020-04-07",,,,,,
"US1INLK0091","MUNSTER 1.5 NNW, IN US","2020-04-13",,,,,,
"US1INLK0091","MUNSTER 1.5 NNW, IN US","2020-04-17",,,,,,
"US1INLK0091","MUNSTER 1.5 NNW, IN US","2020-04-21",,,,,,
"US1INLK0091","MUNSTER 1.5 NNW, IN US","2020-04-25",,,,,,
"US1INLK0091","MUNSTER 1.5 NNW, IN US","2020-04-26",,,,,,
"US1INLK0091","MUNSTER 1.5 NNW, IN US","2020-04-27",,,,,,
"US1INLK0091","MUNSTER 1.5 NNW, IN US","2020-04-28",,,,,,
"US1INLK0091","MUNSTER 1.5 NNW, IN US","2020-04-29",,,,,,
"US1INLK0091","MUNSTER 1.5 NNW, IN US","2020-04-30",,,,,,
"US1INLK0091","MUNSTER 1.5 NNW, IN US","2020-05-01",,,,,,
"US1INLK0091","MUNSTER 1.5 NNW, IN US","2020-05-05",,,,,,
"US1INLK0091","MUNSTER 1.5 NNW, IN US","2020-05-08",,,,,,
"US1INLK0091","MUNSTER 1.5 NNW, IN US","2020-05-09",,,,,,
"US1INLK0091","MUNSTER 1.5 NNW, IN US","2020-05-10",,,,,,
"US1INLK0091","MUNSTER 1.5 NNW, IN US","2020-05-11",,,,,,
"US1INLK0091","MUNSTER 1.5 NNW, IN US","2020-05-12",,,,,,
"US1INLK0091","MUNSTER 1.5 NNW, IN US","2020-05-14",,,,,,
"US1INLK0091","MUNSTER 1.5 NNW, IN US","2020-05-15",,,,,,
"US1INLK0091","MUNSTER 1.5 NNW, IN US","2020-05-16",,,,,,
"US1INLK0091","MUNSTER 1.5 NNW, IN US","2020-05-17",,,,,,
"US1INLK0091","MUNSTER 1.5 NNW, IN US","2020-05-18",,,,,,
"US1INLK0091","MUNSTER 1.5 NNW, IN US","2020-05-19",,,,,,
"US1INLK0091","MUNSTER 1.5 NNW, IN US","2020-05-20",,,,,,
"US1INLK0091","MUNSTER 1.5 NNW, IN US","2020-05-21",,,,,,
"US1INLK0091","MUNSTER 1.5 NNW, IN US","2020-05-22",,,,,,
"US1INLK0091","MUNSTER 1.5 NNW, IN US","2020-05-23",,,,,,
"US1INLK0091","MUNSTER 1.5 NNW, IN US","2020-05-24",,,,,,
"US1INLK0091","MUNSTER 1.5 NNW, IN US","2020-05-25",,,,,,
"US1INLK0091","MUNSTER 1.5 NNW, IN US","2020-05-26",,,,,,
"US1INLK0091","MUNSTER 1.5 NNW, IN US","2020-05-27",,,,,,
"US1INLK0091","MUNSTER 1.5 NNW, IN US","2020-05-28",,,,,,
"US1INLK0091","MUNSTER 1.5 NNW, IN US","2020-05-29",,,,,,
"US1INLK0091","MUNSTER 1.5 NNW, IN US","2020-05-30",,,,,,
"US1INLK0091","MUNSTER 1.5 NNW, IN US","2020-05-31",,,,,,
"US1INLK0091","MUNSTER 1.5 NNW, IN US","2020-06-01",,,,,,
"US1INLK0091","MUNSTER 1.5 NNW, IN US","2020-06-02",,,,,,
"US1INLK0091","MUNSTER 1.5 NNW, IN US","2020-06-03",,,,,,
"US1INLK0091","MUNSTER 1.5 NNW, IN US","2020-06-04",,,,,,
"US1INLK0091","MUNSTER 1.5 NNW, IN US","2020-06-05",,,,,,
"US1INLK0091","MUNSTER 1.5 NNW, IN US","2020-06-06",,,,,,
"US1INLK0091","MUNSTER 1.5 NNW, IN US","2020-06-07",,,,,,
"US1INLK0091","MUNSTER 1.5 NNW, IN US","2020-06-08",,,,,,
"US1INLK0091","MUNSTER 1.5 NNW, IN US","2020-06-09",,,,,,
"US1INLK0091","MUNSTER 1.5 NNW, IN US","2020-06-10",,,,,,
"US1INLK0091","MUNSTER 1.5 NNW, IN US","2020-06-11",,,,,,
"US1INLK0091","MUNSTER 1.5 NNW, IN US","2020-06-12",,,,,,
"US1INLK0091","MUNSTER 1.5 NNW, IN US","2020-06-13",,,,,,
"US1INLK0091","MUNSTER 1.5 NNW, IN US","2020-06-14",,,,,,
"US1INLK0091","MUNSTER 1.5 NNW, IN US","2020-06-15",,,,,,
"US1INLK0091","MUNSTER 1.5 NNW, IN US","2020-06-16",,,,,,
"US1INLK0091","MUNSTER 1.5 NNW, IN US","2020-06-17",,,,,,
"US1INLK0091","MUNSTER 1.5 NNW, IN US","2020-06-18",,,,,,
"US1INLK0091","MUNSTER 1.5 NNW, IN US","2020-06-19",,,,,,
"US1INLK0091","MUNSTER 1.5 NNW, IN US","2020-06-20",,,,,,
"US1INLK0091","MUNSTER 1.5 NNW, IN US","2020-06-21",,,,,,
"US1INLK0091","MUNSTER 1.5 NNW, IN US","2020-06-22",,,,,,
"US1INLK0091","MUNSTER 1.5 NNW, IN US","2020-06-23",,,,,,
"US1INLK0091","MUNSTER 1.5 NNW, IN US","2020-06-24",,,,,,
"US1INLK0091","MUNSTER 1.5 NNW, IN US","2020-06-25",,,,,,
"US1INLK0091","MUNSTER 1.5 NNW, IN US","2020-06-26",,,,,,
"US1INLK0091","MUNSTER 1.5 NNW, IN US","2020-06-27",,,,,,
"US1INLK0091","MUNSTER 1.5 NNW, IN US","2020-06-28",,,,,,
"US1INLK0091","MUNSTER 1.5 NNW, IN US","2020-06-29",,,,,,
"US1INLK0091","MUNSTER 1.5 NNW, IN US","2020-06-30",,,,,,
"US1INLK0091","MUNSTER 1.5 NNW, IN US","2020-07-01",,,,,,
"US1INLK0091","MUNSTER 1.5 NNW, IN US","2020-07-02",,,,,,
"US1INLK0091","MUNSTER 1.5 NNW, IN US","2020-07-03",,,,,,
"US1INLK0091","MUNSTER 1.5 NNW, IN US","2020-07-04",,,,,,
"US1INLK0091","MUNSTER 1.5 NNW, IN US","2020-07-05",,,,,,
"US1INLK0091","MUNSTER 1.5 NNW, IN US","2020-07-06",,,,,,
"US1INLK0091","MUNSTER 1.5 NNW, IN US","2020-07-07",,,,,,
"US1INLK0091","MUNSTER 1.5 NNW, IN US","2020-07-08",,,,,,
"US1INLK0091","MUNSTER 1.5 NNW, IN US","2020-07-09",,,,,,
"US1INLK0091","MUNSTER 1.5 NNW, IN US","2020-07-10",,,,,,
"US1INLK0091","MUNSTER 1.5 NNW, IN US","2020-07-11",,,,,,
"US1INLK0091","MUNSTER 1.5 NNW, IN US","2020-07-12",,,,,,
"US1INLK0091","MUNSTER 1.5 NNW, IN US","2020-07-13",,,,,,
"US1INLK0091","MUNSTER 1.5 NNW, IN US","2020-07-14",,,,,,
"US1INLK0091","MUNSTER 1.5 NNW, IN US","2020-07-15",,,,,,
"US1INLK0091","MUNSTER 1.5 NNW, IN US","2020-07-16",,,,,,
"US1INLK0091","MUNSTER 1.5 NNW, IN US","2020-07-17",,,,,,
"US1INLK0091","MUNSTER 1.5 NNW, IN US","2020-07-18",,,,,,
"US1INLK0091","MUNSTER 1.5 NNW, IN US","2020-07-19",,,,,,
"US1INLK0091","MUNSTER 1.5 NNW, IN US","2020-07-20",,,,,,
"US1INLK0091","MUNSTER 1.5 NNW, IN US","2020-07-21",,,,,,
"US1INLK0091","MUNSTER 1.5 NNW, IN US","2020-07-22",,,,,,
"US1INLK0091","MUNSTER 1.5 NNW, IN US","2020-07-23",,,,,,
"US1INLK0091","MUNSTER 1.5 NNW, IN US","2020-07-24",,,,,,
"US1INLK0091","MUNSTER 1.5 NNW, IN US","2020-07-25",,,,,,
"US1INLK0091","MUNSTER 1.5 NNW, IN US","2020-07-26",,,,,,
"US1INLK0091","MUNSTER 1.5 NNW, IN US","2020-07-27",,,,,,
"US1INLK0091","MUNSTER 1.5 NNW, IN US","2020-07-28",,,,,,
"US1INLK0091","MUNSTER 1.5 NNW, IN US","2020-07-29",,,,,,
"US1INLK0091","MUNSTER 1.5 NNW, IN US","2020-07-30",,,,,,
"US1INLK0091","MUNSTER 1.5 NNW, IN US","2020-07-31",,,,,,
"US1INLK0091","MUNSTER 1.5 NNW, IN US","2020-08-01",,,,,,
"US1INLK0091","MUNSTER 1.5 NNW, IN US","2020-08-02",,,,,,
"US1INLK0091","MUNSTER 1.5 NNW, IN US","2020-08-03",,,,,,
"US1INLK0091","MUNSTER 1.5 NNW, IN US","2020-08-04",,,,,,
"US1INLK0091","MUNSTER 1.5 NNW, IN US","2020-08-05",,,,,,
"US1INLK0091","MUNSTER 1.5 NNW, IN US","2020-08-06",,,,,,
"US1INLK0091","MUNSTER 1.5 NNW, IN US","2020-08-07",,,,,,
"US1INLK0091","MUNSTER 1.5 NNW, IN US","2020-08-08",,,,,,
"US1INLK0091","MUNSTER 1.5 NNW, IN US","2020-08-09",,,,,,
"US1INLK0091","MUNSTER 1.5 NNW, IN US","2020-08-10",,,,,,
"US1INLK0091","MUNSTER 1.5 NNW, IN US","2020-08-11",,,,,,
"US1INLK0091","MUNSTER 1.5 NNW, IN US","2020-08-12",,,,,,
"US1INLK0091","MUNSTER 1.5 NNW, IN US","2020-08-13",,,,,,
"US1INLK0091","MUNSTER 1.5 NNW, IN US","2020-08-14",,,,,,
"US1INLK0091","MUNSTER 1.5 NNW, IN US","2020-08-15",,,,,,
"US1INLK0091","MUNSTER 1.5 NNW, IN US","2020-08-16",,,,,,
"US1INLK0091","MUNSTER 1.5 NNW, IN US","2020-08-17",,,,,,
"US1INLK0091","MUNSTER 1.5 NNW, IN US","2020-08-18",,,,,,
"US1INLK0091","MUNSTER 1.5 NNW, IN US","2020-08-19",,,,,,
"US1INLK0091","MUNSTER 1.5 NNW, IN US","2020-08-20",,,,,,
"US1INLK0091","MUNSTER 1.5 NNW, IN US","2020-08-21",,,,,,
"US1INLK0091","MUNSTER 1.5 NNW, IN US","2020-08-22",,,,,,
"US1INLK0091","MUNSTER 1.5 NNW, IN US","2020-08-23",,,,,,
"US1INLK0091","MUNSTER 1.5 NNW, IN US","2020-08-24",,,,,,
"US1INLK0091","MUNSTER 1.5 NNW, IN US","2020-08-25",,,,,,
"US1INLK0091","MUNSTER 1.5 NNW, IN US","2020-08-26",,,,,,
"US1INLK0091","MUNSTER 1.5 NNW, IN US","2020-08-27",,,,,,
"US1INLK0091","MUNSTER 1.5 NNW, IN US","2020-08-28",,,,,,
"US1INLK0091","MUNSTER 1.5 NNW, IN US","2020-08-29",,,,,,
"US1INLK0091","MUNSTER 1.5 NNW, IN US","2020-08-30",,,,,,
"US1INLK0091","MUNSTER 1.5 NNW, IN US","2020-08-31",,,,,,
"US1INLK0091","MUNSTER 1.5 NNW, IN US","2020-09-01",,,,,,
"US1INLK0091","MUNSTER 1.5 NNW, IN US","2020-09-02",,,,,,
"US1INLK0091","MUNSTER 1.5 NNW, IN US","2020-09-03",,,,,,
"US1INLK0091","MUNSTER 1.5 NNW, IN US","2020-09-04",,,,,,
"US1INLK0091","MUNSTER 1.5 NNW, IN US","2020-09-05",,,,,,
"US1INLK0091","MUNSTER 1.5 NNW, IN US","2020-09-06",,,,,,
"US1INLK0091","MUNSTER 1.5 NNW, IN US","2020-09-07",,,,,,
"US1INLK0091","MUNSTER 1.5 NNW, IN US","2020-09-08",,,,,,
"US1ILDP0030","LISLE 0.5 WSW, IL US","2019-10-01",,,,,,
"US1ILDP0030","LISLE 0.5 WSW, IL US","2019-10-02",,,,,,
"US1ILDP0030","LISLE 0.5 WSW, IL US","2019-10-03",,,,,,
"US1ILDP0030","LISLE 0.5 WSW, IL US","2019-10-04",,,,,,
"US1ILDP0030","LISLE 0.5 WSW, IL US","2019-10-05",,,,,,
"US1ILDP0030","LISLE 0.5 WSW, IL US","2019-10-06",,,,,,
"US1ILDP0030","LISLE 0.5 WSW, IL US","2019-10-07",,,,,,
"US1ILDP0030","LISLE 0.5 WSW, IL US","2019-10-08",,,,,,
"US1ILDP0030","LISLE 0.5 WSW, IL US","2019-10-09",,,,,,
"US1ILDP0030","LISLE 0.5 WSW, IL US","2019-10-10",,,,,,
"US1ILDP0030","LISLE 0.5 WSW, IL US","2019-10-11",,,,,,
"US1ILDP0030","LISLE 0.5 WSW, IL US","2019-10-12",,,,,,
"US1ILDP0030","LISLE 0.5 WSW, IL US","2019-10-13",,,,,,
"US1ILDP0030","LISLE 0.5 WSW, IL US","2019-10-14",,,,,,
"US1ILDP0030","LISLE 0.5 WSW, IL US","2019-10-15",,,,,,
"US1ILDP0030","LISLE 0.5 WSW, IL US","2019-10-16",,,,,,
"US1ILDP0030","LISLE 0.5 WSW, IL US","2019-10-17",,,,,,
"US1ILDP0030","LISLE 0.5 WSW, IL US","2019-10-18",,,,,,
"US1ILDP0030","LISLE 0.5 WSW, IL US","2019-10-19",,,,,,
"US1ILDP0030","LISLE 0.5 WSW, IL US","2019-10-20",,,,,,
"US1ILDP0030","LISLE 0.5 WSW, IL US","2019-10-21",,,,,,
"US1ILDP0030","LISLE 0.5 WSW, IL US","2019-10-22",,,,,,
"US1ILDP0030","LISLE 0.5 WSW, IL US","2019-10-23",,,,,,
"US1ILDP0030","LISLE 0.5 WSW, IL US","2019-10-24",,,,,,
"US1ILDP0030","LISLE 0.5 WSW, IL US","2019-10-25",,,,,,
"US1ILDP0030","LISLE 0.5 WSW, IL US","2019-10-26",,,,,,
"US1ILDP0030","LISLE 0.5 WSW, IL US","2019-10-27",,,,,,
"US1ILDP0030","LISLE 0.5 WSW, IL US","2019-10-28",,,,,,
"US1ILDP0030","LISLE 0.5 WSW, IL US","2019-10-29",,,,,,
"US1ILDP0030","LISLE 0.5 WSW, IL US","2019-10-30",,,,,,
"US1ILDP0030","LISLE 0.5 WSW, IL US","2019-10-31",,,,,,
"US1ILDP0030","LISLE 0.5 WSW, IL US","2019-11-04",,,,,,
"US1ILDP0030","LISLE 0.5 WSW, IL US","2019-11-05",,,,,,
"US1ILDP0030","LISLE 0.5 WSW, IL US","2019-11-06",,,,,,
"US1ILDP0030","LISLE 0.5 WSW, IL US","2019-11-11",,,,,,
"US1ILDP0030","LISLE 0.5 WSW, IL US","2019-11-21",,,,,,
"US1ILDP0030","LISLE 0.5 WSW, IL US","2020-06-18",,,,,,
"US1ILDP0030","LISLE 0.5 WSW, IL US","2020-06-19",,,,,,
"US1ILDP0030","LISLE 0.5 WSW, IL US","2020-06-20",,,,,,
"US1ILDP0030","LISLE 0.5 WSW, IL US","2020-06-21",,,,,,
"US1ILDP0030","LISLE 0.5 WSW, IL US","2020-06-22",,,,,,
"US1ILDP0030","LISLE 0.5 WSW, IL US","2020-06-23",,,,,,
"US1ILDP0030","LISLE 0.5 WSW, IL US","2020-06-24",,,,,,
"US1ILDP0030","LISLE 0.5 WSW, IL US","2020-06-25",,,,,,
"US1ILDP0030","LISLE 0.5 WSW, IL US","2020-06-26",,,,,,
"US1ILDP0030","LISLE 0.5 WSW, IL US","2020-06-27",,,,,,
"US1ILDP0030","LISLE 0.5 WSW, IL US","2020-06-28",,,,,,
"US1ILDP0030","LISLE 0.5 WSW, IL US","2020-06-29",,,,,,
"US1ILDP0030","LISLE 0.5 WSW, IL US","2020-06-30",,,,,,
"US1ILDP0030","LISLE 0.5 WSW, IL US","2020-07-01",,,,,,
"US1ILDP0030","LISLE 0.5 WSW, IL US","2020-07-02",,,,,,
"US1ILDP0030","LISLE 0.5 WSW, IL US","2020-07-03",,,,,,
"US1ILDP0030","LISLE 0.5 WSW, IL US","2020-07-05",,,,,,
"US1ILDP0030","LISLE 0.5 WSW, IL US","2020-07-06",,,,,,
"US1ILDP0030","LISLE 0.5 WSW, IL US","2020-07-07",,,,,,
"US1ILDP0030","LISLE 0.5 WSW, IL US","2020-07-08",,,,,,
"US1ILDP0030","LISLE 0.5 WSW, IL US","2020-07-09",,,,,,
"US1ILDP0030","LISLE 0.5 WSW, IL US","2020-07-10",,,,,,
"US1ILDP0030","LISLE 0.5 WSW, IL US","2020-07-11",,,,,,
"US1ILDP0030","LISLE 0.5 WSW, IL US","2020-07-12",,,,,,
"US1ILDP0030","LISLE 0.5 WSW, IL US","2020-07-13",,,,,,
"US1ILDP0030","LISLE 0.5 WSW, IL US","2020-07-14",,,,,,
"US1ILDP0030","LISLE 0.5 WSW, IL US","2020-07-15",,,,,,
"US1ILDP0030","LISLE 0.5 WSW, IL US","2020-07-16",,,,,,
"US1ILDP0030","LISLE 0.5 WSW, IL US","2020-07-17",,,,,,
"US1ILDP0030","LISLE 0.5 WSW, IL US","2020-07-18",,,,,,
"US1ILDP0030","LISLE 0.5 WSW, IL US","2020-07-19",,,,,,
"US1ILDP0030","LISLE 0.5 WSW, IL US","2020-07-20",,,,,,
"US1ILDP0030","LISLE 0.5 WSW, IL US","2020-07-21",,,,,,
"US1ILDP0030","LISLE 0.5 WSW, IL US","2020-07-22",,,,,,
"US1ILDP0030","LISLE 0.5 WSW, IL US","2020-07-23",,,,,,
"US1ILDP0030","LISLE 0.5 WSW, IL US","2020-07-24",,,,,,
"US1ILDP0030","LISLE 0.5 WSW, IL US","2020-07-25",,,,,,
"US1ILDP0030","LISLE 0.5 WSW, IL US","2020-07-26",,,,,,
"US1ILDP0030","LISLE 0.5 WSW, IL US","2020-07-27",,,,,,
"US1ILDP0030","LISLE 0.5 WSW, IL US","2020-07-28",,,,,,
"US1ILDP0150","BLOOMINGDALE 1.2 ESE, IL US","2019-10-01",,,,,,
"US1ILDP0150","BLOOMINGDALE 1.2 ESE, IL US","2019-10-02",,,,,,
"US1ILDP0150","BLOOMINGDALE 1.2 ESE, IL US","2019-10-03",,,,,,
"US1ILDP0150","BLOOMINGDALE 1.2 ESE, IL US","2019-10-04",,,,,,
"US1ILDP0150","BLOOMINGDALE 1.2 ESE, IL US","2019-10-05",,,,,,
"US1ILDP0150","BLOOMINGDALE 1.2 ESE, IL US","2019-10-06",,,,,,
"US1ILDP0150","BLOOMINGDALE 1.2 ESE, IL US","2019-10-07",,,,,,
"US1ILDP0150","BLOOMINGDALE 1.2 ESE, IL US","2019-10-08",,,,,,
"US1ILDP0150","BLOOMINGDALE 1.2 ESE, IL US","2019-10-09",,,,,,
"US1ILDP0150","BLOOMINGDALE 1.2 ESE, IL US","2019-10-10",,,,,,
"US1ILDP0150","BLOOMINGDALE 1.2 ESE, IL US","2019-10-11",,,,,,
"US1ILDP0150","BLOOMINGDALE 1.2 ESE, IL US","2019-10-12",,,,,,
"US1ILDP0150","BLOOMINGDALE 1.2 ESE, IL US","2019-10-13",,,,,,
"US1ILDP0150","BLOOMINGDALE 1.2 ESE, IL US","2019-10-14",,,,,,
"US1ILDP0150","BLOOMINGDALE 1.2 ESE, IL US","2019-10-15",,,,,,
"US1ILDP0150","BLOOMINGDALE 1.2 ESE, IL US","2019-10-16",,,,,,
"US1ILDP0150","BLOOMINGDALE 1.2 ESE, IL US","2019-10-17",,,,,,
"US1ILDP0150","BLOOMINGDALE 1.2 ESE, IL US","2019-10-18",,,,,,
"US1ILDP0150","BLOOMINGDALE 1.2 ESE, IL US","2019-10-19",,,,,,
"US1ILDP0150","BLOOMINGDALE 1.2 ESE, IL US","2019-10-20",,,,,,
"US1ILDP0150","BLOOMINGDALE 1.2 ESE, IL US","2019-10-21",,,,,,
"US1ILDP0150","BLOOMINGDALE 1.2 ESE, IL US","2019-10-22",,,,,,
"US1ILDP0150","BLOOMINGDALE 1.2 ESE, IL US","2019-10-23",,,,,,
"US1ILDP0150","BLOOMINGDALE 1.2 ESE, IL US","2019-10-24",,,,,,
"US1ILDP0150","BLOOMINGDALE 1.2 ESE, IL US","2019-10-25",,,,,,
"US1ILDP0150","BLOOMINGDALE 1.2 ESE, IL US","2019-10-26",,,,,,
"US1ILDP0150","BLOOMINGDALE 1.2 ESE, IL US","2019-10-27",,,,,,
"US1ILDP0150","BLOOMINGDALE 1.2 ESE, IL US","2019-10-28",,,,,,
"US1ILDP0150","BLOOMINGDALE 1.2 ESE, IL US","2019-10-29",,,,,,
"US1ILDP0150","BLOOMINGDALE 1.2 ESE, IL US","2019-10-31",,,,,,
"US1ILDP0150","BLOOMINGDALE 1.2 ESE, IL US","2019-11-02",,,,,,
"US1ILDP0150","BLOOMINGDALE 1.2 ESE, IL US","2019-11-03",,,,,,
"US1ILDP0150","BLOOMINGDALE 1.2 ESE, IL US","2019-11-04",,,,,,
"US1ILDP0150","BLOOMINGDALE 1.2 ESE, IL US","2019-11-05",,,,,,
"US1ILDP0150","BLOOMINGDALE 1.2 ESE, IL US","2019-11-06",,,,,,
"US1ILDP0150","BLOOMINGDALE 1.2 ESE, IL US","2019-11-07",,,,,,
"US1ILDP0150","BLOOMINGDALE 1.2 ESE, IL US","2019-11-08",,,,,,
"US1ILDP0150","BLOOMINGDALE 1.2 ESE, IL US","2019-11-09",,,,,,
"US1ILDP0150","BLOOMINGDALE 1.2 ESE, IL US","2019-11-10",,,,,,
"US1ILDP0150","BLOOMINGDALE 1.2 ESE, IL US","2019-11-11",,,,,,
"US1ILDP0150","BLOOMINGDALE 1.2 ESE, IL US","2019-11-13",,,,,,
"US1ILDP0150","BLOOMINGDALE 1.2 ESE, IL US","2019-11-14",,,,,,
"US1ILDP0150","BLOOMINGDALE 1.2 ESE, IL US","2019-11-15",,,,,,
"US1ILDP0150","BLOOMINGDALE 1.2 ESE, IL US","2019-11-16",,,,,,
"US1ILDP0150","BLOOMINGDALE 1.2 ESE, IL US","2019-11-17",,,,,,
"US1ILDP0150","BLOOMINGDALE 1.2 ESE, IL US","2019-11-18",,,,,,
"US1ILDP0150","BLOOMINGDALE 1.2 ESE, IL US","2019-11-19",,,,,,
"US1ILDP0150","BLOOMINGDALE 1.2 ESE, IL US","2019-11-20",,,,,,
"US1ILDP0150","BLOOMINGDALE 1.2 ESE, IL US","2019-11-21",,,,,,
"US1ILDP0150","BLOOMINGDALE 1.2 ESE, IL US","2019-11-22",,,,,,
"US1ILDP0150","BLOOMINGDALE 1.2 ESE, IL US","2019-11-23",,,,,,
"US1ILDP0150","BLOOMINGDALE 1.2 ESE, IL US","2019-11-24",,,,,,
"US1ILDP0150","BLOOMINGDALE 1.2 ESE, IL US","2019-11-25",,,,,,
"US1ILDP0150","BLOOMINGDALE 1.2 ESE, IL US","2019-11-26",,,,,,
"US1ILDP0150","BLOOMINGDALE 1.2 ESE, IL US","2019-11-27",,,,,,
"US1ILDP0150","BLOOMINGDALE 1.2 ESE, IL US","2019-11-28",,,,,,
"US1ILDP0150","BLOOMINGDALE 1.2 ESE, IL US","2019-11-29",,,,,,
"US1ILDP0150","BLOOMINGDALE 1.2 ESE, IL US","2019-11-30",,,,,,
"US1ILDP0150","BLOOMINGDALE 1.2 ESE, IL US","2019-12-01",,,,,,
"US1ILDP0150","BLOOMINGDALE 1.2 ESE, IL US","2019-12-02",,,,,,
"US1ILDP0150","BLOOMINGDALE 1.2 ESE, IL US","2019-12-03",,,,,,
"US1ILDP0150","BLOOMINGDALE 1.2 ESE, IL US","2019-12-04",,,,,,
"US1ILDP0150","BLOOMINGDALE 1.2 ESE, IL US","2019-12-05",,,,,,
"US1ILDP0150","BLOOMINGDALE 1.2 ESE, IL US","2019-12-06",,,,,,
"US1ILDP0150","BLOOMINGDALE 1.2 ESE, IL US","2019-12-07",,,,,,
"US1ILDP0150","BLOOMINGDALE 1.2 ESE, IL US","2019-12-08",,,,,,
"US1ILDP0150","BLOOMINGDALE 1.2 ESE, IL US","2019-12-09",,,,,,
"US1ILDP0150","BLOOMINGDALE 1.2 ESE, IL US","2019-12-10",,,,,,
"US1ILDP0150","BLOOMINGDALE 1.2 ESE, IL US","2019-12-12",,,,,,
"US1ILDP0150","BLOOMINGDALE 1.2 ESE, IL US","2019-12-13",,,,,,
"US1ILDP0150","BLOOMINGDALE 1.2 ESE, IL US","2019-12-14",,,,,,
"US1ILDP0150","BLOOMINGDALE 1.2 ESE, IL US","2019-12-15",,,,,,
"US1ILDP0150","BLOOMINGDALE 1.2 ESE, IL US","2019-12-17",,,,,,
"US1ILDP0150","BLOOMINGDALE 1.2 ESE, IL US","2019-12-18",,,,,,
"US1ILDP0150","BLOOMINGDALE 1.2 ESE, IL US","2019-12-19",,,,,,
"US1ILDP0150","BLOOMINGDALE 1.2 ESE, IL US","2019-12-20",,,,,,
"US1ILDP0150","BLOOMINGDALE 1.2 ESE, IL US","2019-12-21",,,,,,
"US1ILDP0150","BLOOMINGDALE 1.2 ESE, IL US","2019-12-22",,,,,,
"US1ILDP0150","BLOOMINGDALE 1.2 ESE, IL US","2019-12-23",,,,,,
"US1ILDP0150","BLOOMINGDALE 1.2 ESE, IL US","2019-12-24",,,,,,
"US1ILDP0150","BLOOMINGDALE 1.2 ESE, IL US","2019-12-25",,,,,,
"US1ILDP0150","BLOOMINGDALE 1.2 ESE, IL US","2019-12-26",,,,,,
"US1ILDP0150","BLOOMINGDALE 1.2 ESE, IL US","2019-12-27",,,,,,
"US1ILDP0150","BLOOMINGDALE 1.2 ESE, IL US","2019-12-28",,,,,,
"US1ILDP0150","BLOOMINGDALE 1.2 ESE, IL US","2019-12-29",,,,,,
"US1ILDP0150","BLOOMINGDALE 1.2 ESE, IL US","2019-12-30",,,,,,
"US1ILDP0150","BLOOMINGDALE 1.2 ESE, IL US","2020-01-01",,,,,,
"US1ILDP0150","BLOOMINGDALE 1.2 ESE, IL US","2020-01-02",,,,,,
"US1ILDP0150","BLOOMINGDALE 1.2 ESE, IL US","2020-01-03",,,,,,
"US1ILDP0150","BLOOMINGDALE 1.2 ESE, IL US","2020-01-05",,,,,,
"US1ILDP0150","BLOOMINGDALE 1.2 ESE, IL US","2020-01-06",,,,,,
"US1ILDP0150","BLOOMINGDALE 1.2 ESE, IL US","2020-01-07",,,,,,
"US1ILDP0150","BLOOMINGDALE 1.2 ESE, IL US","2020-01-08",,,,,,
"US1ILDP0150","BLOOMINGDALE 1.2 ESE, IL US","2020-01-09",,,,,,
"US1ILDP0150","BLOOMINGDALE 1.2 ESE, IL US","2020-01-10",,,,,,
"US1ILDP0150","BLOOMINGDALE 1.2 ESE, IL US","2020-01-11",,,,,,
"US1ILDP0150","BLOOMINGDALE 1.2 ESE, IL US","2020-01-13",,,,,,
"US1ILDP0150","BLOOMINGDALE 1.2 ESE, IL US","2020-01-14",,,,,,
"US1ILDP0150","BLOOMINGDALE 1.2 ESE, IL US","2020-01-15",,,,,,
"US1ILDP0150","BLOOMINGDALE 1.2 ESE, IL US","2020-01-16",,,,,,
"US1ILDP0150","BLOOMINGDALE 1.2 ESE, IL US","2020-01-17",,,,,,
"US1ILDP0150","BLOOMINGDALE 1.2 ESE, IL US","2020-01-19",,,,,,
"US1ILDP0150","BLOOMINGDALE 1.2 ESE, IL US","2020-01-20",,,,,,
"US1ILDP0150","BLOOMINGDALE 1.2 ESE, IL US","2020-01-21",,,,,,
"US1ILDP0150","BLOOMINGDALE 1.2 ESE, IL US","2020-01-22",,,,,,
"US1ILDP0150","BLOOMINGDALE 1.2 ESE, IL US","2020-01-24",,,,,,
"US1ILDP0150","BLOOMINGDALE 1.2 ESE, IL US","2020-01-25",,,,,,
"US1ILDP0150","BLOOMINGDALE 1.2 ESE, IL US","2020-01-26",,,,,,
"US1ILDP0150","BLOOMINGDALE 1.2 ESE, IL US","2020-01-27",,,,,,
"US1ILDP0150","BLOOMINGDALE 1.2 ESE, IL US","2020-01-28",,,,,,
"US1ILDP0150","BLOOMINGDALE 1.2 ESE, IL US","2020-01-29",,,,,,
"US1ILDP0150","BLOOMINGDALE 1.2 ESE, IL US","2020-01-30",,,,,,
"US1ILDP0150","BLOOMINGDALE 1.2 ESE, IL US","2020-02-01",,,,,,
"US1ILDP0150","BLOOMINGDALE 1.2 ESE, IL US","2020-02-02",,,,,,
"US1ILDP0150","BLOOMINGDALE 1.2 ESE, IL US","2020-02-03",,,,,,
"US1ILDP0150","BLOOMINGDALE 1.2 ESE, IL US","2020-02-04",,,,,,
"US1ILDP0150","BLOOMINGDALE 1.2 ESE, IL US","2020-02-05",,,,,,
"US1ILDP0150","BLOOMINGDALE 1.2 ESE, IL US","2020-02-08",,,,,,
"US1ILDP0150","BLOOMINGDALE 1.2 ESE, IL US","2020-02-09",,,,,,
"US1ILDP0150","BLOOMINGDALE 1.2 ESE, IL US","2020-02-10",,,,,,
"US1ILDP0150","BLOOMINGDALE 1.2 ESE, IL US","2020-02-11",,,,,,
"US1ILDP0150","BLOOMINGDALE 1.2 ESE, IL US","2020-02-12",,,,,,
"US1ILDP0150","BLOOMINGDALE 1.2 ESE, IL US","2020-02-15",,,,,,
"US1ILDP0150","BLOOMINGDALE 1.2 ESE, IL US","2020-02-16",,,,,,
"US1ILDP0150","BLOOMINGDALE 1.2 ESE, IL US","2020-02-17",,,,,,
"US1ILDP0150","BLOOMINGDALE 1.2 ESE, IL US","2020-02-18",,,,,,
"US1ILDP0150","BLOOMINGDALE 1.2 ESE, IL US","2020-02-19",,,,,,
"US1ILDP0150","BLOOMINGDALE 1.2 ESE, IL US","2020-02-20",,,,,,
"US1ILDP0150","BLOOMINGDALE 1.2 ESE, IL US","2020-02-21",,,,,,
"US1ILDP0150","BLOOMINGDALE 1.2 ESE, IL US","2020-02-22",,,,,,
"US1ILDP0150","BLOOMINGDALE 1.2 ESE, IL US","2020-02-23",,,,,,
"US1ILDP0150","BLOOMINGDALE 1.2 ESE, IL US","2020-02-24",,,,,,
"US1ILDP0150","BLOOMINGDALE 1.2 ESE, IL US","2020-02-25",,,,,,
"US1ILDP0150","BLOOMINGDALE 1.2 ESE, IL US","2020-02-27",,,,,,
"US1ILDP0150","BLOOMINGDALE 1.2 ESE, IL US","2020-02-28",,,,,,
"US1ILDP0150","BLOOMINGDALE 1.2 ESE, IL US","2020-02-29",,,,,,
"US1ILDP0150","BLOOMINGDALE 1.2 ESE, IL US","2020-03-01",,,,,,
"US1ILDP0150","BLOOMINGDALE 1.2 ESE, IL US","2020-03-02",,,,,,
"US1ILDP0150","BLOOMINGDALE 1.2 ESE, IL US","2020-03-03",,,,,,
"US1ILDP0150","BLOOMINGDALE 1.2 ESE, IL US","2020-03-04",,,,,,
"US1ILDP0150","BLOOMINGDALE 1.2 ESE, IL US","2020-03-05",,,,,,
"US1ILDP0150","BLOOMINGDALE 1.2 ESE, IL US","2020-03-06",,,,,,
"US1ILDP0150","BLOOMINGDALE 1.2 ESE, IL US","2020-03-07",,,,,,
"US1ILDP0150","BLOOMINGDALE 1.2 ESE, IL US","2020-03-08",,,,,,
"US1ILDP0150","BLOOMINGDALE 1.2 ESE, IL US","2020-03-09",,,,,,
"US1ILDP0150","BLOOMINGDALE 1.2 ESE, IL US","2020-03-10",,,,,,
"US1ILDP0150","BLOOMINGDALE 1.2 ESE, IL US","2020-03-11",,,,,,
"US1ILDP0150","BLOOMINGDALE 1.2 ESE, IL US","2020-03-12",,,,,,
"US1ILDP0150","BLOOMINGDALE 1.2 ESE, IL US","2020-03-13",,,,,,
"US1ILDP0150","BLOOMINGDALE 1.2 ESE, IL US","2020-03-14",,,,,,
"US1ILDP0150","BLOOMINGDALE 1.2 ESE, IL US","2020-03-15",,,,,,
"US1ILDP0150","BLOOMINGDALE 1.2 ESE, IL US","2020-03-16",,,,,,
"US1ILDP0150","BLOOMINGDALE 1.2 ESE, IL US","2020-03-17",,,,,,
"US1ILDP0150","BLOOMINGDALE 1.2 ESE, IL US","2020-03-18",,,,,,
"US1ILDP0150","BLOOMINGDALE 1.2 ESE, IL US","2020-03-19",,,,,,
"US1ILDP0150","BLOOMINGDALE 1.2 ESE, IL US","2020-03-20",,,,,,
"US1ILDP0150","BLOOMINGDALE 1.2 ESE, IL US","2020-03-21",,,,,,
"US1ILDP0150","BLOOMINGDALE 1.2 ESE, IL US","2020-03-22",,,,,,
"US1ILDP0150","BLOOMINGDALE 1.2 ESE, IL US","2020-03-24",,,,,,
"US1ILDP0150","BLOOMINGDALE 1.2 ESE, IL US","2020-03-25",,,,,,
"US1ILDP0150","BLOOMINGDALE 1.2 ESE, IL US","2020-03-26",,,,,,
"US1ILDP0150","BLOOMINGDALE 1.2 ESE, IL US","2020-03-27",,,,,,
"US1ILDP0150","BLOOMINGDALE 1.2 ESE, IL US","2020-03-28",,,,,,
"US1ILDP0150","BLOOMINGDALE 1.2 ESE, IL US","2020-03-29",,,,,,
"US1ILDP0150","BLOOMINGDALE 1.2 ESE, IL US","2020-03-30",,,,,,
"US1ILDP0150","BLOOMINGDALE 1.2 ESE, IL US","2020-03-31",,,,,,
"US1ILDP0150","BLOOMINGDALE 1.2 ESE, IL US","2020-04-01",,,,,,
"US1ILDP0150","BLOOMINGDALE 1.2 ESE, IL US","2020-04-02",,,,,,
"US1ILDP0150","BLOOMINGDALE 1.2 ESE, IL US","2020-04-03",,,,,,
"US1ILDP0150","BLOOMINGDALE 1.2 ESE, IL US","2020-04-04",,,,,,
"US1ILDP0150","BLOOMINGDALE 1.2 ESE, IL US","2020-04-05",,,,,,
"US1ILDP0150","BLOOMINGDALE 1.2 ESE, IL US","2020-04-06",,,,,,
"US1ILDP0150","BLOOMINGDALE 1.2 ESE, IL US","2020-04-07",,,,,,
"US1ILDP0150","BLOOMINGDALE 1.2 ESE, IL US","2020-04-08",,,,,,
"US1ILDP0150","BLOOMINGDALE 1.2 ESE, IL US","2020-04-09",,,,,,
"US1ILDP0150","BLOOMINGDALE 1.2 ESE, IL US","2020-04-10",,,,,,
"US1ILDP0150","BLOOMINGDALE 1.2 ESE, IL US","2020-04-11",,,,,,
"US1ILDP0150","BLOOMINGDALE 1.2 ESE, IL US","2020-04-12",,,,,,
"US1ILDP0150","BLOOMINGDALE 1.2 ESE, IL US","2020-04-13",,,,,,
"US1ILDP0150","BLOOMINGDALE 1.2 ESE, IL US","2020-04-14",,,,,,
"US1ILDP0150","BLOOMINGDALE 1.2 ESE, IL US","2020-04-15",,,,,,
"US1ILDP0150","BLOOMINGDALE 1.2 ESE, IL US","2020-04-16",,,,,,
"US1ILDP0150","BLOOMINGDALE 1.2 ESE, IL US","2020-04-17",,,,,,
"US1ILDP0150","BLOOMINGDALE 1.2 ESE, IL US","2020-04-18",,,,,,
"US1ILDP0150","BLOOMINGDALE 1.2 ESE, IL US","2020-04-19",,,,,,
"US1ILDP0150","BLOOMINGDALE 1.2 ESE, IL US","2020-04-20",,,,,,
"US1ILDP0150","BLOOMINGDALE 1.2 ESE, IL US","2020-04-21",,,,,,
"US1ILDP0150","BLOOMINGDALE 1.2 ESE, IL US","2020-04-22",,,,,,
"US1ILDP0150","BLOOMINGDALE 1.2 ESE, IL US","2020-04-23",,,,,,
"US1ILDP0150","BLOOMINGDALE 1.2 ESE, IL US","2020-04-24",,,,,,
"US1ILDP0150","BLOOMINGDALE 1.2 ESE, IL US","2020-04-25",,,,,,
"US1ILDP0150","BLOOMINGDALE 1.2 ESE, IL US","2020-04-26",,,,,,
"US1ILDP0150","BLOOMINGDALE 1.2 ESE, IL US","2020-04-27",,,,,,
"US1ILDP0150","BLOOMINGDALE 1.2 ESE, IL US","2020-04-28",,,,,,
"US1ILDP0150","BLOOMINGDALE 1.2 ESE, IL US","2020-04-29",,,,,,
"US1ILDP0150","BLOOMINGDALE 1.2 ESE, IL US","2020-04-30",,,,,,
"US1ILDP0150","BLOOMINGDALE 1.2 ESE, IL US","2020-05-01",,,,,,
"US1ILDP0150","BLOOMINGDALE 1.2 ESE, IL US","2020-05-02",,,,,,
"US1ILDP0150","BLOOMINGDALE 1.2 ESE, IL US","2020-05-03",,,,,,
"US1ILDP0150","BLOOMINGDALE 1.2 ESE, IL US","2020-05-04",,,,,,
"US1ILDP0150","BLOOMINGDALE 1.2 ESE, IL US","2020-05-05",,,,,,
"US1ILDP0150","BLOOMINGDALE 1.2 ESE, IL US","2020-05-06",,,,,,
"US1ILDP0150","BLOOMINGDALE 1.2 ESE, IL US","2020-05-07",,,,,,
"US1ILDP0150","BLOOMINGDALE 1.2 ESE, IL US","2020-05-08",,,,,,
"US1ILDP0150","BLOOMINGDALE 1.2 ESE, IL US","2020-05-09",,,,,,
"US1ILDP0150","BLOOMINGDALE 1.2 ESE, IL US","2020-05-10",,,,,,
"US1ILDP0150","BLOOMINGDALE 1.2 ESE, IL US","2020-05-11",,,,,,
"US1ILDP0150","BLOOMINGDALE 1.2 ESE, IL US","2020-05-12",,,,,,
"US1ILDP0150","BLOOMINGDALE 1.2 ESE, IL US","2020-05-13",,,,,,
"US1ILDP0150","BLOOMINGDALE 1.2 ESE, IL US","2020-05-14",,,,,,
"US1ILDP0150","BLOOMINGDALE 1.2 ESE, IL US","2020-05-15",,,,,,
"US1ILDP0150","BLOOMINGDALE 1.2 ESE, IL US","2020-05-16",,,,,,
"US1ILDP0150","BLOOMINGDALE 1.2 ESE, IL US","2020-05-17",,,,,,
"US1ILDP0150","BLOOMINGDALE 1.2 ESE, IL US","2020-05-18",,,,,,
"US1ILDP0150","BLOOMINGDALE 1.2 ESE, IL US","2020-05-19",,,,,,
"US1ILDP0150","BLOOMINGDALE 1.2 ESE, IL US","2020-05-20",,,,,,
"US1ILDP0150","BLOOMINGDALE 1.2 ESE, IL US","2020-05-21",,,,,,
"US1ILDP0150","BLOOMINGDALE 1.2 ESE, IL US","2020-05-22",,,,,,
"US1ILDP0150","BLOOMINGDALE 1.2 ESE, IL US","2020-05-23",,,,,,
"US1ILDP0150","BLOOMINGDALE 1.2 ESE, IL US","2020-05-24",,,,,,
"US1ILDP0150","BLOOMINGDALE 1.2 ESE, IL US","2020-05-25",,,,,,
"US1ILDP0150","BLOOMINGDALE 1.2 ESE, IL US","2020-05-26",,,,,,
"US1ILDP0150","BLOOMINGDALE 1.2 ESE, IL US","2020-05-27",,,,,,
"US1ILDP0150","BLOOMINGDALE 1.2 ESE, IL US","2020-05-28",,,,,,
"US1ILDP0150","BLOOMINGDALE 1.2 ESE, IL US","2020-05-29",,,,,,
"US1ILDP0150","BLOOMINGDALE 1.2 ESE, IL US","2020-05-30",,,,,,
"US1ILDP0150","BLOOMINGDALE 1.2 ESE, IL US","2020-05-31",,,,,,
"US1ILDP0150","BLOOMINGDALE 1.2 ESE, IL US","2020-06-01",,,,,,
"US1ILDP0150","BLOOMINGDALE 1.2 ESE, IL US","2020-06-02",,,,,,
"US1ILDP0150","BLOOMINGDALE 1.2 ESE, IL US","2020-06-03",,,,,,
"US1ILDP0150","BLOOMINGDALE 1.2 ESE, IL US","2020-06-04",,,,,,
"US1ILDP0150","BLOOMINGDALE 1.2 ESE, IL US","2020-06-05",,,,,,
"US1ILDP0150","BLOOMINGDALE 1.2 ESE, IL US","2020-06-06",,,,,,
"US1ILDP0150","BLOOMINGDALE 1.2 ESE, IL US","2020-06-07",,,,,,
"US1ILDP0150","BLOOMINGDALE 1.2 ESE, IL US","2020-06-08",,,,,,
"US1ILDP0150","BLOOMINGDALE 1.2 ESE, IL US","2020-06-09",,,,,,
"US1ILDP0150","BLOOMINGDALE 1.2 ESE, IL US","2020-06-10",,,,,,
"US1ILDP0150","BLOOMINGDALE 1.2 ESE, IL US","2020-06-11",,,,,,
"US1ILDP0150","BLOOMINGDALE 1.2 ESE, IL US","2020-06-12",,,,,,
"US1ILDP0150","BLOOMINGDALE 1.2 ESE, IL US","2020-06-13",,,,,,
"US1ILDP0150","BLOOMINGDALE 1.2 ESE, IL US","2020-06-14",,,,,,
"US1ILDP0150","BLOOMINGDALE 1.2 ESE, IL US","2020-06-15",,,,,,
"US1ILDP0150","BLOOMINGDALE 1.2 ESE, IL US","2020-06-16",,,,,,
"US1ILDP0150","BLOOMINGDALE 1.2 ESE, IL US","2020-06-17",,,,,,
"US1ILDP0150","BLOOMINGDALE 1.2 ESE, IL US","2020-06-18",,,,,,
"US1ILDP0150","BLOOMINGDALE 1.2 ESE, IL US","2020-06-19",,,,,,
"US1ILDP0150","BLOOMINGDALE 1.2 ESE, IL US","2020-06-20",,,,,,
"US1ILDP0150","BLOOMINGDALE 1.2 ESE, IL US","2020-06-21",,,,,,
"US1ILDP0150","BLOOMINGDALE 1.2 ESE, IL US","2020-06-22",,,,,,
"US1ILDP0150","BLOOMINGDALE 1.2 ESE, IL US","2020-06-23",,,,,,
"US1ILDP0150","BLOOMINGDALE 1.2 ESE, IL US","2020-06-24",,,,,,
"US1ILDP0150","BLOOMINGDALE 1.2 ESE, IL US","2020-06-25",,,,,,
"US1ILDP0150","BLOOMINGDALE 1.2 ESE, IL US","2020-06-26",,,,,,
"US1ILDP0150","BLOOMINGDALE 1.2 ESE, IL US","2020-06-27",,,,,,
"US1ILDP0150","BLOOMINGDALE 1.2 ESE, IL US","2020-06-28",,,,,,
"US1ILDP0150","BLOOMINGDALE 1.2 ESE, IL US","2020-06-29",,,,,,
"US1ILDP0150","BLOOMINGDALE 1.2 ESE, IL US","2020-06-30",,,,,,
"US1ILDP0150","BLOOMINGDALE 1.2 ESE, IL US","2020-07-01",,,,,,
"US1ILDP0150","BLOOMINGDALE 1.2 ESE, IL US","2020-07-02",,,,,,
"US1ILDP0150","BLOOMINGDALE 1.2 ESE, IL US","2020-07-03",,,,,,
"US1ILDP0150","BLOOMINGDALE 1.2 ESE, IL US","2020-07-04",,,,,,
"US1ILDP0150","BLOOMINGDALE 1.2 ESE, IL US","2020-07-05",,,,,,
"US1ILDP0150","BLOOMINGDALE 1.2 ESE, IL US","2020-07-06",,,,,,
"US1ILDP0150","BLOOMINGDALE 1.2 ESE, IL US","2020-07-08",,,,,,
"US1ILDP0150","BLOOMINGDALE 1.2 ESE, IL US","2020-07-09",,,,,,
"US1ILDP0150","BLOOMINGDALE 1.2 ESE, IL US","2020-07-10",,,,,,
"US1ILDP0150","BLOOMINGDALE 1.2 ESE, IL US","2020-07-11",,,,,,
"US1ILDP0150","BLOOMINGDALE 1.2 ESE, IL US","2020-07-12",,,,,,
"US1ILDP0150","BLOOMINGDALE 1.2 ESE, IL US","2020-07-13",,,,,,
"US1ILDP0150","BLOOMINGDALE 1.2 ESE, IL US","2020-07-14",,,,,,
"US1ILDP0150","BLOOMINGDALE 1.2 ESE, IL US","2020-07-15",,,,,,
"US1ILDP0150","BLOOMINGDALE 1.2 ESE, IL US","2020-07-16",,,,,,
"US1ILDP0150","BLOOMINGDALE 1.2 ESE, IL US","2020-07-17",,,,,,
"US1ILDP0150","BLOOMINGDALE 1.2 ESE, IL US","2020-07-18",,,,,,
"US1ILDP0150","BLOOMINGDALE 1.2 ESE, IL US","2020-07-19",,,,,,
"US1ILDP0150","BLOOMINGDALE 1.2 ESE, IL US","2020-07-20",,,,,,
"US1ILDP0150","BLOOMINGDALE 1.2 ESE, IL US","2020-07-21",,,,,,
"US1ILDP0150","BLOOMINGDALE 1.2 ESE, IL US","2020-07-22",,,,,,
"US1ILDP0150","BLOOMINGDALE 1.2 ESE, IL US","2020-07-23",,,,,,
"US1ILDP0150","BLOOMINGDALE 1.2 ESE, IL US","2020-07-24",,,,,,
"US1ILDP0150","BLOOMINGDALE 1.2 ESE, IL US","2020-07-25",,,,,,
"US1ILDP0150","BLOOMINGDALE 1.2 ESE, IL US","2020-07-26",,,,,,
"US1ILDP0150","BLOOMINGDALE 1.2 ESE, IL US","2020-07-27",,,,,,
"US1ILDP0150","BLOOMINGDALE 1.2 ESE, IL US","2020-07-28",,,,,,
"US1ILDP0150","BLOOMINGDALE 1.2 ESE, IL US","2020-07-29",,,,,,
"US1ILDP0150","BLOOMINGDALE 1.2 ESE, IL US","2020-07-30",,,,,,
"US1ILDP0150","BLOOMINGDALE 1.2 ESE, IL US","2020-07-31",,,,,,
"US1ILDP0150","BLOOMINGDALE 1.2 ESE, IL US","2020-08-01",,,,,,
"US1ILDP0150","BLOOMINGDALE 1.2 ESE, IL US","2020-08-02",,,,,,
"US1ILDP0150","BLOOMINGDALE 1.2 ESE, IL US","2020-08-03",,,,,,
"US1ILDP0150","BLOOMINGDALE 1.2 ESE, IL US","2020-08-04",,,,,,
"US1ILDP0150","BLOOMINGDALE 1.2 ESE, IL US","2020-08-05",,,,,,
"US1ILDP0150","BLOOMINGDALE 1.2 ESE, IL US","2020-08-06",,,,,,
"US1ILDP0150","BLOOMINGDALE 1.2 ESE, IL US","2020-08-07",,,,,,
"US1ILDP0150","BLOOMINGDALE 1.2 ESE, IL US","2020-08-08",,,,,,
"US1ILDP0150","BLOOMINGDALE 1.2 ESE, IL US","2020-08-09",,,,,,
"US1ILDP0150","BLOOMINGDALE 1.2 ESE, IL US","2020-08-10",,,,,,
"US1ILDP0150","BLOOMINGDALE 1.2 ESE, IL US","2020-08-11",,,,,,
"US1ILDP0150","BLOOMINGDALE 1.2 ESE, IL US","2020-08-12",,,,,,
"US1ILDP0150","BLOOMINGDALE 1.2 ESE, IL US","2020-08-13",,,,,,
"US1ILDP0150","BLOOMINGDALE 1.2 ESE, IL US","2020-08-14",,,,,,
"US1ILDP0150","BLOOMINGDALE 1.2 ESE, IL US","2020-08-15",,,,,,
"US1ILDP0150","BLOOMINGDALE 1.2 ESE, IL US","2020-08-16",,,,,,
"US1ILDP0150","BLOOMINGDALE 1.2 ESE, IL US","2020-08-17",,,,,,
"US1ILDP0150","BLOOMINGDALE 1.2 ESE, IL US","2020-08-18",,,,,,
"US1ILDP0150","BLOOMINGDALE 1.2 ESE, IL US","2020-08-19",,,,,,
"US1ILDP0150","BLOOMINGDALE 1.2 ESE, IL US","2020-08-20",,,,,,
"US1ILDP0150","BLOOMINGDALE 1.2 ESE, IL US","2020-08-21",,,,,,
"US1ILDP0150","BLOOMINGDALE 1.2 ESE, IL US","2020-08-22",,,,,,
"US1ILDP0150","BLOOMINGDALE 1.2 ESE, IL US","2020-08-23",,,,,,
"US1ILDP0150","BLOOMINGDALE 1.2 ESE, IL US","2020-08-24",,,,,,
"US1ILDP0150","BLOOMINGDALE 1.2 ESE, IL US","2020-08-25",,,,,,
"US1ILDP0150","BLOOMINGDALE 1.2 ESE, IL US","2020-08-26",,,,,,
"US1ILDP0150","BLOOMINGDALE 1.2 ESE, IL US","2020-08-27",,,,,,
"US1ILDP0150","BLOOMINGDALE 1.2 ESE, IL US","2020-08-28",,,,,,
"US1ILDP0150","BLOOMINGDALE 1.2 ESE, IL US","2020-08-29",,,,,,
"US1ILDP0150","BLOOMINGDALE 1.2 ESE, IL US","2020-08-30",,,,,,
"US1ILDP0150","BLOOMINGDALE 1.2 ESE, IL US","2020-08-31",,,,,,
"US1ILDP0150","BLOOMINGDALE 1.2 ESE, IL US","2020-09-01",,,,,,
"US1ILDP0150","BLOOMINGDALE 1.2 ESE, IL US","2020-09-02",,,,,,
"US1ILDP0150","BLOOMINGDALE 1.2 ESE, IL US","2020-09-03",,,,,,
"US1ILDP0150","BLOOMINGDALE 1.2 ESE, IL US","2020-09-04",,,,,,
"US1ILDP0150","BLOOMINGDALE 1.2 ESE, IL US","2020-09-05",,,,,,
"US1ILDP0150","BLOOMINGDALE 1.2 ESE, IL US","2020-09-06",,,,,,
"US1ILDP0150","BLOOMINGDALE 1.2 ESE, IL US","2020-09-07",,,,,,
"US1ILDP0150","BLOOMINGDALE 1.2 ESE, IL US","2020-09-08",,,,,,
"US1ILLK0103","BUFFALO GROVE 1.3 ESE, IL US","2019-10-01",,,,,,
"US1ILLK0103","BUFFALO GROVE 1.3 ESE, IL US","2019-10-02",,,,,,
"US1ILLK0103","BUFFALO GROVE 1.3 ESE, IL US","2019-10-03",,,,,,
"US1ILLK0103","BUFFALO GROVE 1.3 ESE, IL US","2019-10-04",,,,,,
"US1ILLK0103","BUFFALO GROVE 1.3 ESE, IL US","2019-10-05",,,,,,
"US1ILLK0103","BUFFALO GROVE 1.3 ESE, IL US","2019-10-06",,,,,,
"US1ILLK0103","BUFFALO GROVE 1.3 ESE, IL US","2019-10-07",,,,,,
"US1ILLK0103","BUFFALO GROVE 1.3 ESE, IL US","2019-10-08",,,,,,
"US1ILLK0103","BUFFALO GROVE 1.3 ESE, IL US","2019-10-09",,,,,,
"US1ILLK0103","BUFFALO GROVE 1.3 ESE, IL US","2019-10-10",,,,,,
"US1ILLK0103","BUFFALO GROVE 1.3 ESE, IL US","2019-10-11",,,,,,
"US1ILLK0103","BUFFALO GROVE 1.3 ESE, IL US","2019-10-12",,,,,,
"US1ILLK0103","BUFFALO GROVE 1.3 ESE, IL US","2019-10-13",,,,,,
"US1ILLK0103","BUFFALO GROVE 1.3 ESE, IL US","2019-10-14",,,,,,
"US1ILLK0103","BUFFALO GROVE 1.3 ESE, IL US","2019-10-15",,,,,,
"US1ILLK0103","BUFFALO GROVE 1.3 ESE, IL US","2019-10-16",,,,,,
"US1ILLK0103","BUFFALO GROVE 1.3 ESE, IL US","2019-10-17",,,,,,
"US1ILLK0103","BUFFALO GROVE 1.3 ESE, IL US","2019-10-18",,,,,,
"US1ILLK0103","BUFFALO GROVE 1.3 ESE, IL US","2019-10-19",,,,,,
"US1ILLK0103","BUFFALO GROVE 1.3 ESE, IL US","2019-10-20",,,,,,
"US1ILLK0103","BUFFALO GROVE 1.3 ESE, IL US","2019-10-21",,,,,,
"US1ILLK0103","BUFFALO GROVE 1.3 ESE, IL US","2019-10-22",,,,,,
"US1ILLK0103","BUFFALO GROVE 1.3 ESE, IL US","2019-10-23",,,,,,
"US1ILLK0103","BUFFALO GROVE 1.3 ESE, IL US","2019-10-24",,,,,,
"US1ILLK0103","BUFFALO GROVE 1.3 ESE, IL US","2019-10-25",,,,,,
"US1ILLK0103","BUFFALO GROVE 1.3 ESE, IL US","2019-10-26",,,,,,
"US1ILLK0103","BUFFALO GROVE 1.3 ESE, IL US","2019-10-27",,,,,,
"US1ILLK0103","BUFFALO GROVE 1.3 ESE, IL US","2019-10-28",,,,,,
"US1ILLK0103","BUFFALO GROVE 1.3 ESE, IL US","2019-10-29",,,,,,
"US1ILLK0103","BUFFALO GROVE 1.3 ESE, IL US","2019-10-30",,,,,,
"US1ILLK0103","BUFFALO GROVE 1.3 ESE, IL US","2019-10-31",,,,,,
"US1ILLK0103","BUFFALO GROVE 1.3 ESE, IL US","2019-11-01",,,,,,
"US1ILLK0103","BUFFALO GROVE 1.3 ESE, IL US","2019-11-02",,,,,,
"US1ILLK0103","BUFFALO GROVE 1.3 ESE, IL US","2019-11-03",,,,,,
"US1ILLK0103","BUFFALO GROVE 1.3 ESE, IL US","2019-11-04",,,,,,
"US1ILLK0103","BUFFALO GROVE 1.3 ESE, IL US","2019-11-05",,,,,,
"US1ILLK0103","BUFFALO GROVE 1.3 ESE, IL US","2019-11-06",,,,,,
"US1ILLK0103","BUFFALO GROVE 1.3 ESE, IL US","2019-11-07",,,,,,
"US1ILLK0103","BUFFALO GROVE 1.3 ESE, IL US","2019-11-08",,,,,,
"US1ILLK0103","BUFFALO GROVE 1.3 ESE, IL US","2019-11-09",,,,,,
"US1ILLK0103","BUFFALO GROVE 1.3 ESE, IL US","2019-11-10",,,,,,
"US1ILLK0103","BUFFALO GROVE 1.3 ESE, IL US","2019-11-11",,,,,,
"US1ILLK0103","BUFFALO GROVE 1.3 ESE, IL US","2019-11-12",,,,,,
"US1ILLK0103","BUFFALO GROVE 1.3 ESE, IL US","2019-11-13",,,,,,
"US1ILLK0103","BUFFALO GROVE 1.3 ESE, IL US","2019-11-14",,,,,,
"US1ILLK0103","BUFFALO GROVE 1.3 ESE, IL US","2019-11-15",,,,,,
"US1ILLK0103","BUFFALO GROVE 1.3 ESE, IL US","2019-11-16",,,,,,
"US1ILLK0103","BUFFALO GROVE 1.3 ESE, IL US","2019-11-17",,,,,,
"US1ILLK0103","BUFFALO GROVE 1.3 ESE, IL US","2019-11-18",,,,,,
"US1ILLK0103","BUFFALO GROVE 1.3 ESE, IL US","2019-11-19",,,,,,
"US1ILLK0103","BUFFALO GROVE 1.3 ESE, IL US","2019-11-20",,,,,,
"US1ILLK0103","BUFFALO GROVE 1.3 ESE, IL US","2019-11-21",,,,,,
"US1ILLK0103","BUFFALO GROVE 1.3 ESE, IL US","2019-11-22",,,,,,
"US1ILLK0103","BUFFALO GROVE 1.3 ESE, IL US","2019-11-23",,,,,,
"US1ILLK0103","BUFFALO GROVE 1.3 ESE, IL US","2019-11-24",,,,,,
"US1ILLK0103","BUFFALO GROVE 1.3 ESE, IL US","2019-11-25",,,,,,
"US1ILLK0103","BUFFALO GROVE 1.3 ESE, IL US","2019-11-26",,,,,,
"US1ILLK0103","BUFFALO GROVE 1.3 ESE, IL US","2019-11-27",,,,,,
"US1ILLK0103","BUFFALO GROVE 1.3 ESE, IL US","2019-11-28",,,,,,
"US1ILLK0103","BUFFALO GROVE 1.3 ESE, IL US","2019-11-29",,,,,,
"US1ILLK0103","BUFFALO GROVE 1.3 ESE, IL US","2019-11-30",,,,,,
"US1ILLK0103","BUFFALO GROVE 1.3 ESE, IL US","2019-12-01",,,,,,
"US1ILLK0103","BUFFALO GROVE 1.3 ESE, IL US","2019-12-02",,,,,,
"US1ILLK0103","BUFFALO GROVE 1.3 ESE, IL US","2019-12-03",,,,,,
"US1ILLK0103","BUFFALO GROVE 1.3 ESE, IL US","2019-12-04",,,,,,
"US1ILLK0103","BUFFALO GROVE 1.3 ESE, IL US","2019-12-05",,,,,,
"US1ILLK0103","BUFFALO GROVE 1.3 ESE, IL US","2019-12-06",,,,,,
"US1ILLK0103","BUFFALO GROVE 1.3 ESE, IL US","2019-12-07",,,,,,
"US1ILLK0103","BUFFALO GROVE 1.3 ESE, IL US","2019-12-08",,,,,,
"US1ILLK0103","BUFFALO GROVE 1.3 ESE, IL US","2019-12-09",,,,,,
"US1ILLK0103","BUFFALO GROVE 1.3 ESE, IL US","2019-12-10",,,,,,
"US1ILLK0103","BUFFALO GROVE 1.3 ESE, IL US","2019-12-11",,,,,,
"US1ILLK0103","BUFFALO GROVE 1.3 ESE, IL US","2019-12-12",,,,,,
"US1ILLK0103","BUFFALO GROVE 1.3 ESE, IL US","2019-12-13",,,,,,
"US1ILLK0103","BUFFALO GROVE 1.3 ESE, IL US","2019-12-14",,,,,,
"US1ILLK0103","BUFFALO GROVE 1.3 ESE, IL US","2019-12-15",,,,,,
"US1ILLK0103","BUFFALO GROVE 1.3 ESE, IL US","2019-12-16",,,,,,
"US1ILLK0103","BUFFALO GROVE 1.3 ESE, IL US","2019-12-17",,,,,,
"US1ILLK0103","BUFFALO GROVE 1.3 ESE, IL US","2019-12-18",,,,,,
"US1ILLK0103","BUFFALO GROVE 1.3 ESE, IL US","2019-12-19",,,,,,
"US1ILLK0103","BUFFALO GROVE 1.3 ESE, IL US","2019-12-20",,,,,,
"US1ILLK0103","BUFFALO GROVE 1.3 ESE, IL US","2019-12-21",,,,,,
"US1ILLK0103","BUFFALO GROVE 1.3 ESE, IL US","2019-12-22",,,,,,
"US1ILLK0103","BUFFALO GROVE 1.3 ESE, IL US","2019-12-23",,,,,,
"US1ILLK0103","BUFFALO GROVE 1.3 ESE, IL US","2019-12-24",,,,,,
"US1ILLK0103","BUFFALO GROVE 1.3 ESE, IL US","2019-12-25",,,,,,
"US1ILLK0103","BUFFALO GROVE 1.3 ESE, IL US","2019-12-26",,,,,,
"US1ILLK0103","BUFFALO GROVE 1.3 ESE, IL US","2019-12-27",,,,,,
"US1ILLK0103","BUFFALO GROVE 1.3 ESE, IL US","2019-12-28",,,,,,
"US1ILLK0103","BUFFALO GROVE 1.3 ESE, IL US","2019-12-29",,,,,,
"US1ILLK0103","BUFFALO GROVE 1.3 ESE, IL US","2020-01-01",,,,,,
"US1ILLK0103","BUFFALO GROVE 1.3 ESE, IL US","2020-01-02",,,,,,
"US1ILLK0103","BUFFALO GROVE 1.3 ESE, IL US","2020-01-03",,,,,,
"US1ILLK0103","BUFFALO GROVE 1.3 ESE, IL US","2020-01-04",,,,,,
"US1ILLK0103","BUFFALO GROVE 1.3 ESE, IL US","2020-01-05",,,,,,
"US1ILLK0103","BUFFALO GROVE 1.3 ESE, IL US","2020-01-06",,,,,,
"US1ILLK0103","BUFFALO GROVE 1.3 ESE, IL US","2020-01-07",,,,,,
"US1ILLK0103","BUFFALO GROVE 1.3 ESE, IL US","2020-01-08",,,,,,
"US1ILLK0103","BUFFALO GROVE 1.3 ESE, IL US","2020-01-09",,,,,,
"US1ILLK0103","BUFFALO GROVE 1.3 ESE, IL US","2020-01-10",,,,,,
"US1ILLK0103","BUFFALO GROVE 1.3 ESE, IL US","2020-01-11",,,,,,
"US1ILLK0103","BUFFALO GROVE 1.3 ESE, IL US","2020-01-13",,,,,,
"US1ILLK0103","BUFFALO GROVE 1.3 ESE, IL US","2020-01-14",,,,,,
"US1ILLK0103","BUFFALO GROVE 1.3 ESE, IL US","2020-01-15",,,,,,
"US1ILLK0103","BUFFALO GROVE 1.3 ESE, IL US","2020-01-16",,,,,,
"US1ILLK0103","BUFFALO GROVE 1.3 ESE, IL US","2020-01-17",,,,,,
"US1ILLK0103","BUFFALO GROVE 1.3 ESE, IL US","2020-01-18",,,,,,
"US1ILLK0103","BUFFALO GROVE 1.3 ESE, IL US","2020-01-19",,,,,,
"US1ILLK0103","BUFFALO GROVE 1.3 ESE, IL US","2020-01-20",,,,,,
"US1ILLK0103","BUFFALO GROVE 1.3 ESE, IL US","2020-01-21",,,,,,
"US1ILLK0103","BUFFALO GROVE 1.3 ESE, IL US","2020-01-22",,,,,,
"US1ILLK0103","BUFFALO GROVE 1.3 ESE, IL US","2020-01-23",,,,,,
"US1ILLK0103","BUFFALO GROVE 1.3 ESE, IL US","2020-01-24",,,,,,
"US1ILLK0103","BUFFALO GROVE 1.3 ESE, IL US","2020-01-26",,,,,,
"US1ILLK0103","BUFFALO GROVE 1.3 ESE, IL US","2020-01-27",,,,,,
"US1ILLK0103","BUFFALO GROVE 1.3 ESE, IL US","2020-01-28",,,,,,
"US1ILLK0103","BUFFALO GROVE 1.3 ESE, IL US","2020-01-29",,,,,,
"US1ILLK0103","BUFFALO GROVE 1.3 ESE, IL US","2020-01-30",,,,,,
"US1ILLK0103","BUFFALO GROVE 1.3 ESE, IL US","2020-02-01",,,,,,
"US1ILLK0103","BUFFALO GROVE 1.3 ESE, IL US","2020-02-02",,,,,,
"US1ILLK0103","BUFFALO GROVE 1.3 ESE, IL US","2020-02-03",,,,,,
"US1ILLK0103","BUFFALO GROVE 1.3 ESE, IL US","2020-02-04",,,,,,
"US1ILLK0103","BUFFALO GROVE 1.3 ESE, IL US","2020-02-05",,,,,,
"US1ILLK0103","BUFFALO GROVE 1.3 ESE, IL US","2020-02-06",,,,,,
"US1ILLK0103","BUFFALO GROVE 1.3 ESE, IL US","2020-02-07",,,,,,
"US1ILLK0103","BUFFALO GROVE 1.3 ESE, IL US","2020-02-08",,,,,,
"US1ILLK0103","BUFFALO GROVE 1.3 ESE, IL US","2020-02-09",,,,,,
"US1ILLK0103","BUFFALO GROVE 1.3 ESE, IL US","2020-02-10",,,,,,
"US1ILLK0103","BUFFALO GROVE 1.3 ESE, IL US","2020-02-11",,,,,,
"US1ILLK0103","BUFFALO GROVE 1.3 ESE, IL US","2020-02-12",,,,,,
"US1ILLK0103","BUFFALO GROVE 1.3 ESE, IL US","2020-02-13",,,,,,
"US1ILLK0103","BUFFALO GROVE 1.3 ESE, IL US","2020-02-14",,,,,,
"US1ILLK0103","BUFFALO GROVE 1.3 ESE, IL US","2020-02-15",,,,,,
"US1ILLK0103","BUFFALO GROVE 1.3 ESE, IL US","2020-02-16",,,,,,
"US1ILLK0103","BUFFALO GROVE 1.3 ESE, IL US","2020-02-17",,,,,,
"US1ILLK0103","BUFFALO GROVE 1.3 ESE, IL US","2020-02-18",,,,,,
"US1ILLK0103","BUFFALO GROVE 1.3 ESE, IL US","2020-02-19",,,,,,
"US1ILLK0103","BUFFALO GROVE 1.3 ESE, IL US","2020-02-20",,,,,,
"US1ILLK0103","BUFFALO GROVE 1.3 ESE, IL US","2020-02-21",,,,,,
"US1ILLK0103","BUFFALO GROVE 1.3 ESE, IL US","2020-02-22",,,,,,
"US1ILLK0103","BUFFALO GROVE 1.3 ESE, IL US","2020-02-23",,,,,,
"US1ILLK0103","BUFFALO GROVE 1.3 ESE, IL US","2020-02-24",,,,,,
"US1ILLK0103","BUFFALO GROVE 1.3 ESE, IL US","2020-02-25",,,,,,
"US1ILLK0103","BUFFALO GROVE 1.3 ESE, IL US","2020-02-26",,,,,,
"US1ILLK0103","BUFFALO GROVE 1.3 ESE, IL US","2020-02-27",,,,,,
"US1ILLK0103","BUFFALO GROVE 1.3 ESE, IL US","2020-02-28",,,,,,
"US1ILLK0103","BUFFALO GROVE 1.3 ESE, IL US","2020-02-29",,,,,,
"US1ILLK0103","BUFFALO GROVE 1.3 ESE, IL US","2020-03-01",,,,,,
"US1ILLK0103","BUFFALO GROVE 1.3 ESE, IL US","2020-03-02",,,,,,
"US1ILLK0103","BUFFALO GROVE 1.3 ESE, IL US","2020-03-03",,,,,,
"US1ILLK0103","BUFFALO GROVE 1.3 ESE, IL US","2020-03-04",,,,,,
"US1ILLK0103","BUFFALO GROVE 1.3 ESE, IL US","2020-03-05",,,,,,
"US1ILLK0103","BUFFALO GROVE 1.3 ESE, IL US","2020-03-06",,,,,,
"US1ILLK0103","BUFFALO GROVE 1.3 ESE, IL US","2020-03-07",,,,,,
"US1ILLK0103","BUFFALO GROVE 1.3 ESE, IL US","2020-03-08",,,,,,
"US1ILLK0103","BUFFALO GROVE 1.3 ESE, IL US","2020-03-09",,,,,,
"US1ILLK0103","BUFFALO GROVE 1.3 ESE, IL US","2020-03-10",,,,,,
"US1ILLK0103","BUFFALO GROVE 1.3 ESE, IL US","2020-03-11",,,,,,
"US1ILLK0103","BUFFALO GROVE 1.3 ESE, IL US","2020-03-12",,,,,,
"US1ILLK0103","BUFFALO GROVE 1.3 ESE, IL US","2020-03-13",,,,,,
"US1ILLK0103","BUFFALO GROVE 1.3 ESE, IL US","2020-03-14",,,,,,
"US1ILLK0103","BUFFALO GROVE 1.3 ESE, IL US","2020-03-15",,,,,,
"US1ILLK0103","BUFFALO GROVE 1.3 ESE, IL US","2020-03-16",,,,,,
"US1ILLK0103","BUFFALO GROVE 1.3 ESE, IL US","2020-03-17",,,,,,
"US1ILLK0103","BUFFALO GROVE 1.3 ESE, IL US","2020-03-18",,,,,,
"US1ILLK0103","BUFFALO GROVE 1.3 ESE, IL US","2020-03-19",,,,,,
"US1ILLK0103","BUFFALO GROVE 1.3 ESE, IL US","2020-03-20",,,,,,
"US1ILLK0103","BUFFALO GROVE 1.3 ESE, IL US","2020-03-21",,,,,,
"US1ILLK0103","BUFFALO GROVE 1.3 ESE, IL US","2020-03-22",,,,,,
"US1ILLK0103","BUFFALO GROVE 1.3 ESE, IL US","2020-03-23",,,,,,
"US1ILLK0103","BUFFALO GROVE 1.3 ESE, IL US","2020-03-24",,,,,,
"US1ILLK0103","BUFFALO GROVE 1.3 ESE, IL US","2020-03-25",,,,,,
"US1ILLK0103","BUFFALO GROVE 1.3 ESE, IL US","2020-03-26",,,,,,
"US1ILLK0103","BUFFALO GROVE 1.3 ESE, IL US","2020-03-27",,,,,,
"US1ILLK0103","BUFFALO GROVE 1.3 ESE, IL US","2020-03-29",,,,,,
"US1ILLK0103","BUFFALO GROVE 1.3 ESE, IL US","2020-03-30",,,,,,
"US1ILLK0103","BUFFALO GROVE 1.3 ESE, IL US","2020-03-31",,,,,,
"US1ILLK0103","BUFFALO GROVE 1.3 ESE, IL US","2020-04-01",,,,,,
"US1ILLK0103","BUFFALO GROVE 1.3 ESE, IL US","2020-04-02",,,,,,
"US1ILLK0103","BUFFALO GROVE 1.3 ESE, IL US","2020-04-03",,,,,,
"US1ILLK0103","BUFFALO GROVE 1.3 ESE, IL US","2020-04-04",,,,,,
"US1ILLK0103","BUFFALO GROVE 1.3 ESE, IL US","2020-04-05",,,,,,
"US1ILLK0103","BUFFALO GROVE 1.3 ESE, IL US","2020-04-06",,,,,,
"US1ILLK0103","BUFFALO GROVE 1.3 ESE, IL US","2020-04-07",,,,,,
"US1ILLK0103","BUFFALO GROVE 1.3 ESE, IL US","2020-04-08",,,,,,
"US1ILLK0103","BUFFALO GROVE 1.3 ESE, IL US","2020-04-09",,,,,,
"US1ILLK0103","BUFFALO GROVE 1.3 ESE, IL US","2020-04-10",,,,,,
"US1ILLK0103","BUFFALO GROVE 1.3 ESE, IL US","2020-04-11",,,,,,
"US1ILLK0103","BUFFALO GROVE 1.3 ESE, IL US","2020-04-12",,,,,,
"US1ILLK0103","BUFFALO GROVE 1.3 ESE, IL US","2020-04-13",,,,,,
"US1ILLK0103","BUFFALO GROVE 1.3 ESE, IL US","2020-04-14",,,,,,
"US1ILLK0103","BUFFALO GROVE 1.3 ESE, IL US","2020-04-16",,,,,,
"US1ILLK0103","BUFFALO GROVE 1.3 ESE, IL US","2020-04-17",,,,,,
"US1ILLK0103","BUFFALO GROVE 1.3 ESE, IL US","2020-04-18",,,,,,
"US1ILLK0103","BUFFALO GROVE 1.3 ESE, IL US","2020-04-19",,,,,,
"US1ILLK0103","BUFFALO GROVE 1.3 ESE, IL US","2020-04-20",,,,,,
"US1ILLK0103","BUFFALO GROVE 1.3 ESE, IL US","2020-04-21",,,,,,
"US1ILLK0103","BUFFALO GROVE 1.3 ESE, IL US","2020-04-22",,,,,,
"US1ILLK0103","BUFFALO GROVE 1.3 ESE, IL US","2020-04-23",,,,,,
"US1ILLK0103","BUFFALO GROVE 1.3 ESE, IL US","2020-04-24",,,,,,
"US1ILLK0103","BUFFALO GROVE 1.3 ESE, IL US","2020-04-25",,,,,,
"US1ILLK0103","BUFFALO GROVE 1.3 ESE, IL US","2020-04-26",,,,,,
"US1ILLK0103","BUFFALO GROVE 1.3 ESE, IL US","2020-04-27",,,,,,
"US1ILLK0103","BUFFALO GROVE 1.3 ESE, IL US","2020-04-28",,,,,,
"US1ILLK0103","BUFFALO GROVE 1.3 ESE, IL US","2020-04-29",,,,,,
"US1ILLK0103","BUFFALO GROVE 1.3 ESE, IL US","2020-04-30",,,,,,
"US1ILLK0103","BUFFALO GROVE 1.3 ESE, IL US","2020-05-01",,,,,,
"US1ILLK0103","BUFFALO GROVE 1.3 ESE, IL US","2020-05-02",,,,,,
"US1ILLK0103","BUFFALO GROVE 1.3 ESE, IL US","2020-05-03",,,,,,
"US1ILLK0103","BUFFALO GROVE 1.3 ESE, IL US","2020-05-04",,,,,,
"US1ILLK0103","BUFFALO GROVE 1.3 ESE, IL US","2020-05-05",,,,,,
"US1ILLK0103","BUFFALO GROVE 1.3 ESE, IL US","2020-05-06",,,,,,
"US1ILLK0103","BUFFALO GROVE 1.3 ESE, IL US","2020-05-07",,,,,,
"US1ILLK0103","BUFFALO GROVE 1.3 ESE, IL US","2020-05-08",,,,,,
"US1ILLK0103","BUFFALO GROVE 1.3 ESE, IL US","2020-05-09",,,,,,
"US1ILLK0103","BUFFALO GROVE 1.3 ESE, IL US","2020-05-10",,,,,,
"US1ILLK0103","BUFFALO GROVE 1.3 ESE, IL US","2020-05-11",,,,,,
"US1ILLK0103","BUFFALO GROVE 1.3 ESE, IL US","2020-05-12",,,,,,
"US1ILLK0103","BUFFALO GROVE 1.3 ESE, IL US","2020-05-13",,,,,,
"US1ILLK0103","BUFFALO GROVE 1.3 ESE, IL US","2020-05-15",,,,,,
"US1ILLK0103","BUFFALO GROVE 1.3 ESE, IL US","2020-05-16",,,,,,
"US1ILLK0103","BUFFALO GROVE 1.3 ESE, IL US","2020-05-17",,,,,,
"US1ILLK0103","BUFFALO GROVE 1.3 ESE, IL US","2020-05-18",,,,,,
"US1ILLK0103","BUFFALO GROVE 1.3 ESE, IL US","2020-05-19",,,,,,
"US1ILLK0103","BUFFALO GROVE 1.3 ESE, IL US","2020-05-20",,,,,,
"US1ILLK0103","BUFFALO GROVE 1.3 ESE, IL US","2020-05-21",,,,,,
"US1ILLK0103","BUFFALO GROVE 1.3 ESE, IL US","2020-05-22",,,,,,
"US1ILLK0103","BUFFALO GROVE 1.3 ESE, IL US","2020-05-23",,,,,,
"US1ILLK0103","BUFFALO GROVE 1.3 ESE, IL US","2020-05-24",,,,,,
"US1ILLK0103","BUFFALO GROVE 1.3 ESE, IL US","2020-05-25",,,,,,
"US1ILLK0103","BUFFALO GROVE 1.3 ESE, IL US","2020-05-26",,,,,,
"US1ILLK0103","BUFFALO GROVE 1.3 ESE, IL US","2020-05-27",,,,,,
"US1ILLK0103","BUFFALO GROVE 1.3 ESE, IL US","2020-05-28",,,,,,
"US1ILLK0103","BUFFALO GROVE 1.3 ESE, IL US","2020-05-29",,,,,,
"US1ILLK0103","BUFFALO GROVE 1.3 ESE, IL US","2020-05-30",,,,,,
"US1ILLK0103","BUFFALO GROVE 1.3 ESE, IL US","2020-05-31",,,,,,
"US1ILLK0103","BUFFALO GROVE 1.3 ESE, IL US","2020-06-01",,,,,,
"US1ILLK0103","BUFFALO GROVE 1.3 ESE, IL US","2020-06-02",,,,,,
"US1ILLK0103","BUFFALO GROVE 1.3 ESE, IL US","2020-06-03",,,,,,
"US1ILLK0103","BUFFALO GROVE 1.3 ESE, IL US","2020-06-04",,,,,,
"US1ILLK0103","BUFFALO GROVE 1.3 ESE, IL US","2020-06-05",,,,,,
"US1ILLK0103","BUFFALO GROVE 1.3 ESE, IL US","2020-06-06",,,,,,
"US1ILLK0103","BUFFALO GROVE 1.3 ESE, IL US","2020-06-07",,,,,,
"US1ILLK0103","BUFFALO GROVE 1.3 ESE, IL US","2020-06-08",,,,,,
"US1ILLK0103","BUFFALO GROVE 1.3 ESE, IL US","2020-06-09",,,,,,
"US1ILLK0103","BUFFALO GROVE 1.3 ESE, IL US","2020-06-10",,,,,,
"US1ILLK0103","BUFFALO GROVE 1.3 ESE, IL US","2020-06-11",,,,,,
"US1ILLK0103","BUFFALO GROVE 1.3 ESE, IL US","2020-06-12",,,,,,
"US1ILLK0103","BUFFALO GROVE 1.3 ESE, IL US","2020-06-13",,,,,,
"US1ILLK0103","BUFFALO GROVE 1.3 ESE, IL US","2020-06-14",,,,,,
"US1ILLK0103","BUFFALO GROVE 1.3 ESE, IL US","2020-06-15",,,,,,
"US1ILLK0103","BUFFALO GROVE 1.3 ESE, IL US","2020-06-16",,,,,,
"US1ILLK0103","BUFFALO GROVE 1.3 ESE, IL US","2020-06-17",,,,,,
"US1ILLK0103","BUFFALO GROVE 1.3 ESE, IL US","2020-06-18",,,,,,
"US1ILLK0103","BUFFALO GROVE 1.3 ESE, IL US","2020-06-19",,,,,,
"US1ILLK0103","BUFFALO GROVE 1.3 ESE, IL US","2020-06-20",,,,,,
"US1ILLK0103","BUFFALO GROVE 1.3 ESE, IL US","2020-06-21",,,,,,
"US1ILLK0103","BUFFALO GROVE 1.3 ESE, IL US","2020-06-22",,,,,,
"US1ILLK0103","BUFFALO GROVE 1.3 ESE, IL US","2020-06-23",,,,,,
"US1ILLK0103","BUFFALO GROVE 1.3 ESE, IL US","2020-06-24",,,,,,
"US1ILLK0103","BUFFALO GROVE 1.3 ESE, IL US","2020-06-25",,,,,,
"US1ILLK0103","BUFFALO GROVE 1.3 ESE, IL US","2020-06-26",,,,,,
"US1ILLK0103","BUFFALO GROVE 1.3 ESE, IL US","2020-06-27",,,,,,
"US1ILLK0103","BUFFALO GROVE 1.3 ESE, IL US","2020-06-28",,,,,,
"US1ILLK0103","BUFFALO GROVE 1.3 ESE, IL US","2020-06-29",,,,,,
"US1ILLK0103","BUFFALO GROVE 1.3 ESE, IL US","2020-06-30",,,,,,
"US1ILLK0103","BUFFALO GROVE 1.3 ESE, IL US","2020-07-01",,,,,,
"US1ILLK0103","BUFFALO GROVE 1.3 ESE, IL US","2020-07-02",,,,,,
"US1ILLK0103","BUFFALO GROVE 1.3 ESE, IL US","2020-07-03",,,,,,
"US1ILLK0103","BUFFALO GROVE 1.3 ESE, IL US","2020-07-04",,,,,,
"US1ILLK0103","BUFFALO GROVE 1.3 ESE, IL US","2020-07-05",,,,,,
"US1ILLK0103","BUFFALO GROVE 1.3 ESE, IL US","2020-07-06",,,,,,
"US1ILLK0103","BUFFALO GROVE 1.3 ESE, IL US","2020-07-07",,,,,,
"US1ILLK0103","BUFFALO GROVE 1.3 ESE, IL US","2020-07-08",,,,,,
"US1ILLK0103","BUFFALO GROVE 1.3 ESE, IL US","2020-07-09",,,,,,
"US1ILLK0103","BUFFALO GROVE 1.3 ESE, IL US","2020-07-10",,,,,,
"US1ILLK0103","BUFFALO GROVE 1.3 ESE, IL US","2020-07-11",,,,,,
"US1ILLK0103","BUFFALO GROVE 1.3 ESE, IL US","2020-07-12",,,,,,
"US1ILLK0103","BUFFALO GROVE 1.3 ESE, IL US","2020-07-13",,,,,,
"US1ILLK0103","BUFFALO GROVE 1.3 ESE, IL US","2020-07-14",,,,,,
"US1ILLK0103","BUFFALO GROVE 1.3 ESE, IL US","2020-07-15",,,,,,
"US1ILLK0103","BUFFALO GROVE 1.3 ESE, IL US","2020-07-16",,,,,,
"US1ILLK0103","BUFFALO GROVE 1.3 ESE, IL US","2020-07-17",,,,,,
"US1ILLK0103","BUFFALO GROVE 1.3 ESE, IL US","2020-07-18",,,,,,
"US1ILLK0103","BUFFALO GROVE 1.3 ESE, IL US","2020-07-19",,,,,,
"US1ILLK0103","BUFFALO GROVE 1.3 ESE, IL US","2020-07-20",,,,,,
"US1ILLK0103","BUFFALO GROVE 1.3 ESE, IL US","2020-07-21",,,,,,
"US1ILLK0103","BUFFALO GROVE 1.3 ESE, IL US","2020-07-22",,,,,,
"US1ILLK0103","BUFFALO GROVE 1.3 ESE, IL US","2020-07-23",,,,,,
"US1ILLK0103","BUFFALO GROVE 1.3 ESE, IL US","2020-07-24",,,,,,
"US1ILLK0103","BUFFALO GROVE 1.3 ESE, IL US","2020-07-25",,,,,,
"US1ILLK0103","BUFFALO GROVE 1.3 ESE, IL US","2020-07-26",,,,,,
"US1ILLK0103","BUFFALO GROVE 1.3 ESE, IL US","2020-07-27",,,,,,
"US1ILLK0103","BUFFALO GROVE 1.3 ESE, IL US","2020-07-28",,,,,,
"US1ILLK0103","BUFFALO GROVE 1.3 ESE, IL US","2020-07-29",,,,,,
"US1ILLK0103","BUFFALO GROVE 1.3 ESE, IL US","2020-07-30",,,,,,
"US1ILLK0103","BUFFALO GROVE 1.3 ESE, IL US","2020-07-31",,,,,,
"US1ILLK0103","BUFFALO GROVE 1.3 ESE, IL US","2020-08-01",,,,,,
"US1ILLK0103","BUFFALO GROVE 1.3 ESE, IL US","2020-08-02",,,,,,
"US1ILLK0103","BUFFALO GROVE 1.3 ESE, IL US","2020-08-03",,,,,,
"US1ILLK0103","BUFFALO GROVE 1.3 ESE, IL US","2020-08-04",,,,,,
"US1ILLK0103","BUFFALO GROVE 1.3 ESE, IL US","2020-08-05",,,,,,
"US1ILLK0103","BUFFALO GROVE 1.3 ESE, IL US","2020-08-06",,,,,,
"US1ILLK0103","BUFFALO GROVE 1.3 ESE, IL US","2020-08-07",,,,,,
"US1ILLK0103","BUFFALO GROVE 1.3 ESE, IL US","2020-08-08",,,,,,
"US1ILLK0103","BUFFALO GROVE 1.3 ESE, IL US","2020-08-09",,,,,,
"US1ILLK0103","BUFFALO GROVE 1.3 ESE, IL US","2020-08-10",,,,,,
"US1ILLK0103","BUFFALO GROVE 1.3 ESE, IL US","2020-08-11",,,,,,
"US1ILLK0103","BUFFALO GROVE 1.3 ESE, IL US","2020-08-12",,,,,,
"US1ILLK0103","BUFFALO GROVE 1.3 ESE, IL US","2020-08-13",,,,,,
"US1ILLK0103","BUFFALO GROVE 1.3 ESE, IL US","2020-08-14",,,,,,
"US1ILLK0103","BUFFALO GROVE 1.3 ESE, IL US","2020-08-15",,,,,,
"US1ILLK0103","BUFFALO GROVE 1.3 ESE, IL US","2020-08-16",,,,,,
"US1ILLK0103","BUFFALO GROVE 1.3 ESE, IL US","2020-08-17",,,,,,
"US1ILLK0103","BUFFALO GROVE 1.3 ESE, IL US","2020-08-18",,,,,,
"US1ILLK0103","BUFFALO GROVE 1.3 ESE, IL US","2020-08-19",,,,,,
"US1ILLK0103","BUFFALO GROVE 1.3 ESE, IL US","2020-08-20",,,,,,
"US1ILLK0103","BUFFALO GROVE 1.3 ESE, IL US","2020-08-21",,,,,,
"US1ILLK0103","BUFFALO GROVE 1.3 ESE, IL US","2020-08-22",,,,,,
"US1ILLK0103","BUFFALO GROVE 1.3 ESE, IL US","2020-08-23",,,,,,
"US1ILLK0103","BUFFALO GROVE 1.3 ESE, IL US","2020-08-24",,,,,,
"US1ILLK0103","BUFFALO GROVE 1.3 ESE, IL US","2020-08-25",,,,,,
"US1ILLK0103","BUFFALO GROVE 1.3 ESE, IL US","2020-08-26",,,,,,
"US1ILLK0103","BUFFALO GROVE 1.3 ESE, IL US","2020-08-27",,,,,,
"US1ILLK0103","BUFFALO GROVE 1.3 ESE, IL US","2020-08-28",,,,,,
"US1ILLK0103","BUFFALO GROVE 1.3 ESE, IL US","2020-08-29",,,,,,
"US1ILLK0103","BUFFALO GROVE 1.3 ESE, IL US","2020-08-30",,,,,,
"US1ILLK0103","BUFFALO GROVE 1.3 ESE, IL US","2020-08-31",,,,,,
"US1ILLK0103","BUFFALO GROVE 1.3 ESE, IL US","2020-09-01",,,,,,
"US1ILLK0103","BUFFALO GROVE 1.3 ESE, IL US","2020-09-02",,,,,,
"US1ILLK0103","BUFFALO GROVE 1.3 ESE, IL US","2020-09-03",,,,,,
"US1ILLK0103","BUFFALO GROVE 1.3 ESE, IL US","2020-09-04",,,,,,
"US1ILLK0103","BUFFALO GROVE 1.3 ESE, IL US","2020-09-05",,,,,,
"US1ILLK0103","BUFFALO GROVE 1.3 ESE, IL US","2020-09-06",,,,,,
"US1ILLK0103","BUFFALO GROVE 1.3 ESE, IL US","2020-09-07",,,,,,
"US1ILLK0103","BUFFALO GROVE 1.3 ESE, IL US","2020-09-08",,,,,,
"US1ILLK0069","HIGHWOOD 0.9 S, IL US","2019-10-01",,,,,,
"US1ILLK0069","HIGHWOOD 0.9 S, IL US","2019-10-02",,,,,,
"US1ILLK0069","HIGHWOOD 0.9 S, IL US","2019-10-03",,,,,,
"US1ILLK0069","HIGHWOOD 0.9 S, IL US","2019-10-04",,,,,,
"US1ILLK0069","HIGHWOOD 0.9 S, IL US","2019-10-05",,,,,,
"US1ILLK0069","HIGHWOOD 0.9 S, IL US","2019-10-06",,,,,,
"US1ILLK0069","HIGHWOOD 0.9 S, IL US","2019-10-07",,,,,,
"US1ILLK0069","HIGHWOOD 0.9 S, IL US","2019-10-08",,,,,,
"US1ILLK0069","HIGHWOOD 0.9 S, IL US","2019-10-09",,,,,,
"US1ILLK0069","HIGHWOOD 0.9 S, IL US","2019-10-10",,,,,,
"US1ILLK0069","HIGHWOOD 0.9 S, IL US","2019-10-11",,,,,,
"US1ILLK0069","HIGHWOOD 0.9 S, IL US","2019-10-12",,,,,,
"US1ILLK0069","HIGHWOOD 0.9 S, IL US","2019-10-13",,,,,,
"US1ILLK0069","HIGHWOOD 0.9 S, IL US","2019-10-14",,,,,,
"US1ILLK0069","HIGHWOOD 0.9 S, IL US","2019-10-15",,,,,,
"US1ILLK0069","HIGHWOOD 0.9 S, IL US","2019-10-16",,,,,,
"US1ILLK0069","HIGHWOOD 0.9 S, IL US","2019-10-17",,,,,,
"US1ILLK0069","HIGHWOOD 0.9 S, IL US","2019-10-18",,,,,,
"US1ILLK0069","HIGHWOOD 0.9 S, IL US","2019-10-19",,,,,,
"US1ILLK0069","HIGHWOOD 0.9 S, IL US","2019-10-20",,,,,,
"US1ILLK0069","HIGHWOOD 0.9 S, IL US","2019-10-21",,,,,,
"US1ILLK0069","HIGHWOOD 0.9 S, IL US","2019-10-22",,,,,,
"US1ILLK0069","HIGHWOOD 0.9 S, IL US","2019-10-23",,,,,,
"US1ILLK0069","HIGHWOOD 0.9 S, IL US","2019-10-24",,,,,,
"US1ILLK0069","HIGHWOOD 0.9 S, IL US","2019-10-25",,,,,,
"US1ILLK0069","HIGHWOOD 0.9 S, IL US","2019-10-26",,,,,,
"US1ILLK0069","HIGHWOOD 0.9 S, IL US","2019-10-27",,,,,,
"US1ILLK0069","HIGHWOOD 0.9 S, IL US","2019-10-28",,,,,,
"US1ILLK0069","HIGHWOOD 0.9 S, IL US","2019-10-29",,,,,,
"US1ILLK0069","HIGHWOOD 0.9 S, IL US","2019-10-30",,,,,,
"US1ILLK0069","HIGHWOOD 0.9 S, IL US","2019-10-31",,,,,,
"US1ILLK0069","HIGHWOOD 0.9 S, IL US","2019-11-01",,,,,,
"US1ILLK0069","HIGHWOOD 0.9 S, IL US","2019-11-02",,,,,,
"US1ILLK0069","HIGHWOOD 0.9 S, IL US","2019-11-03",,,,,,
"US1ILLK0069","HIGHWOOD 0.9 S, IL US","2019-11-04",,,,,,
"US1ILLK0069","HIGHWOOD 0.9 S, IL US","2019-11-05",,,,,,
"US1ILLK0069","HIGHWOOD 0.9 S, IL US","2019-11-06",,,,,,
"US1ILLK0069","HIGHWOOD 0.9 S, IL US","2019-11-07",,,,,,
"US1ILLK0069","HIGHWOOD 0.9 S, IL US","2019-11-08",,,,,,
"US1ILLK0069","HIGHWOOD 0.9 S, IL US","2019-11-09",,,,,,
"US1ILLK0069","HIGHWOOD 0.9 S, IL US","2019-11-10",,,,,,
"US1ILLK0069","HIGHWOOD 0.9 S, IL US","2019-11-11",,,,,,
"US1ILLK0069","HIGHWOOD 0.9 S, IL US","2019-11-12",,,,,,
"US1ILLK0069","HIGHWOOD 0.9 S, IL US","2019-11-13",,,,,,
"US1ILLK0069","HIGHWOOD 0.9 S, IL US","2019-11-14",,,,,,
"US1ILLK0069","HIGHWOOD 0.9 S, IL US","2019-11-15",,,,,,
"US1ILLK0069","HIGHWOOD 0.9 S, IL US","2019-11-16",,,,,,
"US1ILLK0069","HIGHWOOD 0.9 S, IL US","2019-11-17",,,,,,
"US1ILLK0069","HIGHWOOD 0.9 S, IL US","2019-11-18",,,,,,
"US1ILLK0069","HIGHWOOD 0.9 S, IL US","2019-11-19",,,,,,
"US1ILLK0069","HIGHWOOD 0.9 S, IL US","2019-11-20",,,,,,
"US1ILLK0069","HIGHWOOD 0.9 S, IL US","2019-11-21",,,,,,
"US1ILLK0069","HIGHWOOD 0.9 S, IL US","2019-11-22",,,,,,
"US1ILLK0069","HIGHWOOD 0.9 S, IL US","2019-11-23",,,,,,
"US1ILLK0069","HIGHWOOD 0.9 S, IL US","2019-11-24",,,,,,
"US1ILLK0069","HIGHWOOD 0.9 S, IL US","2019-11-25",,,,,,
"US1ILLK0069","HIGHWOOD 0.9 S, IL US","2019-11-26",,,,,,
"US1ILLK0069","HIGHWOOD 0.9 S, IL US","2019-11-27",,,,,,
"US1ILLK0069","HIGHWOOD 0.9 S, IL US","2019-11-28",,,,,,
"US1ILLK0069","HIGHWOOD 0.9 S, IL US","2019-11-29",,,,,,
"US1ILLK0069","HIGHWOOD 0.9 S, IL US","2019-11-30",,,,,,
"US1ILLK0069","HIGHWOOD 0.9 S, IL US","2019-12-01",,,,,,
"US1ILLK0069","HIGHWOOD 0.9 S, IL US","2019-12-02",,,,,,
"US1ILLK0069","HIGHWOOD 0.9 S, IL US","2019-12-03",,,,,,
"US1ILLK0069","HIGHWOOD 0.9 S, IL US","2019-12-04",,,,,,
"US1ILLK0069","HIGHWOOD 0.9 S, IL US","2019-12-05",,,,,,
"US1ILLK0069","HIGHWOOD 0.9 S, IL US","2019-12-06",,,,,,
"US1ILLK0069","HIGHWOOD 0.9 S, IL US","2019-12-07",,,,,,
"US1ILLK0069","HIGHWOOD 0.9 S, IL US","2019-12-08",,,,,,
"US1ILLK0069","HIGHWOOD 0.9 S, IL US","2019-12-09",,,,,,
"US1ILLK0069","HIGHWOOD 0.9 S, IL US","2019-12-10",,,,,,
"US1ILLK0069","HIGHWOOD 0.9 S, IL US","2019-12-11",,,,,,
"US1ILLK0069","HIGHWOOD 0.9 S, IL US","2019-12-12",,,,,,
"US1ILLK0069","HIGHWOOD 0.9 S, IL US","2019-12-13",,,,,,
"US1ILLK0069","HIGHWOOD 0.9 S, IL US","2019-12-14",,,,,,
"US1ILLK0069","HIGHWOOD 0.9 S, IL US","2019-12-15",,,,,,
"US1ILLK0069","HIGHWOOD 0.9 S, IL US","2019-12-16",,,,,,
"US1ILLK0069","HIGHWOOD 0.9 S, IL US","2019-12-17",,,,,,
"US1ILLK0069","HIGHWOOD 0.9 S, IL US","2019-12-18",,,,,,
"US1ILLK0069","HIGHWOOD 0.9 S, IL US","2019-12-19",,,,,,
"US1ILLK0069","HIGHWOOD 0.9 S, IL US","2019-12-20",,,,,,
"US1ILLK0069","HIGHWOOD 0.9 S, IL US","2019-12-21",,,,,,
"US1ILLK0069","HIGHWOOD 0.9 S, IL US","2019-12-22",,,,,,
"US1ILLK0069","HIGHWOOD 0.9 S, IL US","2019-12-23",,,,,,
"US1ILLK0069","HIGHWOOD 0.9 S, IL US","2019-12-24",,,,,,
"US1ILLK0069","HIGHWOOD 0.9 S, IL US","2019-12-25",,,,,,
"US1ILLK0069","HIGHWOOD 0.9 S, IL US","2019-12-26",,,,,,
"US1ILLK0069","HIGHWOOD 0.9 S, IL US","2019-12-27",,,,,,
"US1ILLK0069","HIGHWOOD 0.9 S, IL US","2019-12-28",,,,,,
"US1ILLK0069","HIGHWOOD 0.9 S, IL US","2019-12-29",,,,,,
"US1ILLK0069","HIGHWOOD 0.9 S, IL US","2019-12-30",,,,,,
"US1ILLK0069","HIGHWOOD 0.9 S, IL US","2019-12-31",,,,,,
"US1ILLK0069","HIGHWOOD 0.9 S, IL US","2020-01-01",,,,,,
"US1ILLK0069","HIGHWOOD 0.9 S, IL US","2020-01-02",,,,,,
"US1ILLK0069","HIGHWOOD 0.9 S, IL US","2020-01-03",,,,,,
"US1ILLK0069","HIGHWOOD 0.9 S, IL US","2020-01-04",,,,,,
"US1ILLK0069","HIGHWOOD 0.9 S, IL US","2020-01-05",,,,,,
"US1ILLK0069","HIGHWOOD 0.9 S, IL US","2020-01-06",,,,,,
"US1ILLK0069","HIGHWOOD 0.9 S, IL US","2020-01-07",,,,,,
"US1ILLK0069","HIGHWOOD 0.9 S, IL US","2020-01-08",,,,,,
"US1ILLK0069","HIGHWOOD 0.9 S, IL US","2020-01-09",,,,,,
"US1ILLK0069","HIGHWOOD 0.9 S, IL US","2020-01-10",,,,,,
"US1ILLK0069","HIGHWOOD 0.9 S, IL US","2020-01-11",,,,,,
"US1ILLK0069","HIGHWOOD 0.9 S, IL US","2020-01-12",,,,,,
"US1ILLK0069","HIGHWOOD 0.9 S, IL US","2020-01-13",,,,,,
"US1ILLK0069","HIGHWOOD 0.9 S, IL US","2020-01-14",,,,,,
"US1ILLK0069","HIGHWOOD 0.9 S, IL US","2020-01-15",,,,,,
"US1ILLK0069","HIGHWOOD 0.9 S, IL US","2020-01-16",,,,,,
"US1ILLK0069","HIGHWOOD 0.9 S, IL US","2020-01-17",,,,,,
"US1ILLK0069","HIGHWOOD 0.9 S, IL US","2020-01-18",,,,,,
"US1ILLK0069","HIGHWOOD 0.9 S, IL US","2020-01-19",,,,,,
"US1ILLK0069","HIGHWOOD 0.9 S, IL US","2020-01-20",,,,,,
"US1ILLK0069","HIGHWOOD 0.9 S, IL US","2020-01-21",,,,,,
"US1ILLK0069","HIGHWOOD 0.9 S, IL US","2020-01-22",,,,,,
"US1ILLK0069","HIGHWOOD 0.9 S, IL US","2020-01-23",,,,,,
"US1ILLK0069","HIGHWOOD 0.9 S, IL US","2020-01-24",,,,,,
"US1ILLK0069","HIGHWOOD 0.9 S, IL US","2020-01-25",,,,,,
"US1ILLK0069","HIGHWOOD 0.9 S, IL US","2020-01-26",,,,,,
"US1ILLK0069","HIGHWOOD 0.9 S, IL US","2020-01-27",,,,,,
"US1ILLK0069","HIGHWOOD 0.9 S, IL US","2020-01-28",,,,,,
"US1ILLK0069","HIGHWOOD 0.9 S, IL US","2020-01-29",,,,,,
"US1ILLK0069","HIGHWOOD 0.9 S, IL US","2020-01-30",,,,,,
"US1ILLK0069","HIGHWOOD 0.9 S, IL US","2020-01-31",,,,,,
"US1ILLK0069","HIGHWOOD 0.9 S, IL US","2020-02-01",,,,,,
"US1ILLK0069","HIGHWOOD 0.9 S, IL US","2020-02-02",,,,,,
"US1ILLK0069","HIGHWOOD 0.9 S, IL US","2020-02-03",,,,,,
"US1ILLK0069","HIGHWOOD 0.9 S, IL US","2020-02-04",,,,,,
"US1ILLK0069","HIGHWOOD 0.9 S, IL US","2020-02-05",,,,,,
"US1ILLK0069","HIGHWOOD 0.9 S, IL US","2020-02-06",,,,,,
"US1ILLK0069","HIGHWOOD 0.9 S, IL US","2020-02-07",,,,,,
"US1ILLK0069","HIGHWOOD 0.9 S, IL US","2020-02-08",,,,,,
"US1ILLK0069","HIGHWOOD 0.9 S, IL US","2020-02-09",,,,,,
"US1ILLK0069","HIGHWOOD 0.9 S, IL US","2020-02-10",,,,,,
"US1ILLK0069","HIGHWOOD 0.9 S, IL US","2020-02-11",,,,,,
"US1ILLK0069","HIGHWOOD 0.9 S, IL US","2020-02-12",,,,,,
"US1ILLK0069","HIGHWOOD 0.9 S, IL US","2020-02-13",,,,,,
"US1ILLK0069","HIGHWOOD 0.9 S, IL US","2020-02-14",,,,,,
"US1ILLK0069","HIGHWOOD 0.9 S, IL US","2020-02-15",,,,,,
"US1ILLK0069","HIGHWOOD 0.9 S, IL US","2020-02-16",,,,,,
"US1ILLK0069","HIGHWOOD 0.9 S, IL US","2020-02-17",,,,,,
"US1ILLK0069","HIGHWOOD 0.9 S, IL US","2020-02-18",,,,,,
"US1ILLK0069","HIGHWOOD 0.9 S, IL US","2020-02-19",,,,,,
"US1ILLK0069","HIGHWOOD 0.9 S, IL US","2020-02-20",,,,,,
"US1ILLK0069","HIGHWOOD 0.9 S, IL US","2020-02-21",,,,,,
"US1ILLK0069","HIGHWOOD 0.9 S, IL US","2020-02-22",,,,,,
"US1ILLK0069","HIGHWOOD 0.9 S, IL US","2020-02-23",,,,,,
"US1ILLK0069","HIGHWOOD 0.9 S, IL US","2020-02-24",,,,,,
"US1ILLK0069","HIGHWOOD 0.9 S, IL US","2020-02-25",,,,,,
"US1ILLK0069","HIGHWOOD 0.9 S, IL US","2020-02-26",,,,,,
"US1ILLK0069","HIGHWOOD 0.9 S, IL US","2020-02-27",,,,,,
"US1ILLK0069","HIGHWOOD 0.9 S, IL US","2020-02-28",,,,,,
"US1ILLK0069","HIGHWOOD 0.9 S, IL US","2020-02-29",,,,,,
"US1ILLK0069","HIGHWOOD 0.9 S, IL US","2020-03-01",,,,,,
"US1ILLK0069","HIGHWOOD 0.9 S, IL US","2020-03-02",,,,,,
"US1ILLK0069","HIGHWOOD 0.9 S, IL US","2020-03-03",,,,,,
"US1ILLK0069","HIGHWOOD 0.9 S, IL US","2020-03-04",,,,,,
"US1ILLK0069","HIGHWOOD 0.9 S, IL US","2020-03-05",,,,,,
"US1ILLK0069","HIGHWOOD 0.9 S, IL US","2020-03-06",,,,,,
"US1ILLK0069","HIGHWOOD 0.9 S, IL US","2020-03-07",,,,,,
"US1ILLK0069","HIGHWOOD 0.9 S, IL US","2020-03-08",,,,,,
"US1ILLK0069","HIGHWOOD 0.9 S, IL US","2020-03-09",,,,,,
"US1ILLK0069","HIGHWOOD 0.9 S, IL US","2020-03-10",,,,,,
"US1ILLK0069","HIGHWOOD 0.9 S, IL US","2020-03-11",,,,,,
"US1ILLK0069","HIGHWOOD 0.9 S, IL US","2020-03-12",,,,,,
"US1ILLK0069","HIGHWOOD 0.9 S, IL US","2020-03-13",,,,,,
"US1ILLK0069","HIGHWOOD 0.9 S, IL US","2020-03-14",,,,,,
"US1ILLK0069","HIGHWOOD 0.9 S, IL US","2020-03-15",,,,,,
"US1ILLK0069","HIGHWOOD 0.9 S, IL US","2020-03-16",,,,,,
"US1ILLK0069","HIGHWOOD 0.9 S, IL US","2020-03-17",,,,,,
"US1ILLK0069","HIGHWOOD 0.9 S, IL US","2020-03-18",,,,,,
"US1ILLK0069","HIGHWOOD 0.9 S, IL US","2020-03-19",,,,,,
"US1ILLK0069","HIGHWOOD 0.9 S, IL US","2020-03-20",,,,,,
"US1ILLK0069","HIGHWOOD 0.9 S, IL US","2020-03-21",,,,,,
"US1ILLK0069","HIGHWOOD 0.9 S, IL US","2020-03-22",,,,,,
"US1ILLK0069","HIGHWOOD 0.9 S, IL US","2020-03-23",,,,,,
"US1ILLK0069","HIGHWOOD 0.9 S, IL US","2020-03-24",,,,,,
"US1ILLK0069","HIGHWOOD 0.9 S, IL US","2020-03-25",,,,,,
"US1ILLK0069","HIGHWOOD 0.9 S, IL US","2020-03-26",,,,,,
"US1ILLK0069","HIGHWOOD 0.9 S, IL US","2020-03-27",,,,,,
"US1ILLK0069","HIGHWOOD 0.9 S, IL US","2020-03-28",,,,,,
"US1ILLK0069","HIGHWOOD 0.9 S, IL US","2020-03-29",,,,,,
"US1ILLK0069","HIGHWOOD 0.9 S, IL US","2020-03-30",,,,,,
"US1ILLK0069","HIGHWOOD 0.9 S, IL US","2020-03-31",,,,,,
"US1ILLK0069","HIGHWOOD 0.9 S, IL US","2020-04-01",,,,,,
"US1ILLK0069","HIGHWOOD 0.9 S, IL US","2020-04-02",,,,,,
"US1ILLK0069","HIGHWOOD 0.9 S, IL US","2020-04-03",,,,,,
"US1ILLK0069","HIGHWOOD 0.9 S, IL US","2020-04-04",,,,,,
"US1ILLK0069","HIGHWOOD 0.9 S, IL US","2020-04-05",,,,,,
"US1ILLK0069","HIGHWOOD 0.9 S, IL US","2020-04-06",,,,,,
"US1ILLK0069","HIGHWOOD 0.9 S, IL US","2020-04-07",,,,,,
"US1ILLK0069","HIGHWOOD 0.9 S, IL US","2020-04-08",,,,,,
"US1ILLK0069","HIGHWOOD 0.9 S, IL US","2020-04-09",,,,,,
"US1ILLK0069","HIGHWOOD 0.9 S, IL US","2020-04-10",,,,,,
"US1ILLK0069","HIGHWOOD 0.9 S, IL US","2020-04-11",,,,,,
"US1ILLK0069","HIGHWOOD 0.9 S, IL US","2020-04-12",,,,,,
"US1ILLK0069","HIGHWOOD 0.9 S, IL US","2020-04-13",,,,,,
"US1ILLK0069","HIGHWOOD 0.9 S, IL US","2020-04-14",,,,,,
"US1ILLK0069","HIGHWOOD 0.9 S, IL US","2020-04-15",,,,,,
"US1ILLK0069","HIGHWOOD 0.9 S, IL US","2020-04-16",,,,,,
"US1ILLK0069","HIGHWOOD 0.9 S, IL US","2020-04-17",,,,,,
"US1ILLK0069","HIGHWOOD 0.9 S, IL US","2020-04-18",,,,,,
"US1ILLK0069","HIGHWOOD 0.9 S, IL US","2020-04-19",,,,,,
"US1ILLK0069","HIGHWOOD 0.9 S, IL US","2020-04-20",,,,,,
"US1ILLK0069","HIGHWOOD 0.9 S, IL US","2020-04-21",,,,,,
"US1ILLK0069","HIGHWOOD 0.9 S, IL US","2020-04-22",,,,,,
"US1ILLK0069","HIGHWOOD 0.9 S, IL US","2020-04-23",,,,,,
"US1ILLK0069","HIGHWOOD 0.9 S, IL US","2020-04-24",,,,,,
"US1ILLK0069","HIGHWOOD 0.9 S, IL US","2020-04-25",,,,,,
"US1ILLK0069","HIGHWOOD 0.9 S, IL US","2020-04-26",,,,,,
"US1ILLK0069","HIGHWOOD 0.9 S, IL US","2020-04-27",,,,,,
"US1ILLK0069","HIGHWOOD 0.9 S, IL US","2020-04-28",,,,,,
"US1ILLK0069","HIGHWOOD 0.9 S, IL US","2020-04-29",,,,,,
"US1ILLK0069","HIGHWOOD 0.9 S, IL US","2020-04-30",,,,,,
"US1ILLK0069","HIGHWOOD 0.9 S, IL US","2020-05-01",,,,,,
"US1ILLK0069","HIGHWOOD 0.9 S, IL US","2020-05-02",,,,,,
"US1ILLK0069","HIGHWOOD 0.9 S, IL US","2020-05-03",,,,,,
"US1ILLK0069","HIGHWOOD 0.9 S, IL US","2020-05-04",,,,,,
"US1ILLK0069","HIGHWOOD 0.9 S, IL US","2020-05-05",,,,,,
"US1ILLK0069","HIGHWOOD 0.9 S, IL US","2020-05-06",,,,,,
"US1ILLK0069","HIGHWOOD 0.9 S, IL US","2020-05-07",,,,,,
"US1ILLK0069","HIGHWOOD 0.9 S, IL US","2020-05-08",,,,,,
"US1ILLK0069","HIGHWOOD 0.9 S, IL US","2020-05-09",,,,,,
"US1ILLK0069","HIGHWOOD 0.9 S, IL US","2020-05-10",,,,,,
"US1ILLK0069","HIGHWOOD 0.9 S, IL US","2020-05-11",,,,,,
"US1ILLK0069","HIGHWOOD 0.9 S, IL US","2020-05-12",,,,,,
"US1ILLK0069","HIGHWOOD 0.9 S, IL US","2020-05-13",,,,,,
"US1ILLK0069","HIGHWOOD 0.9 S, IL US","2020-05-14",,,,,,
"US1ILLK0069","HIGHWOOD 0.9 S, IL US","2020-05-15",,,,,,
"US1ILLK0069","HIGHWOOD 0.9 S, IL US","2020-05-16",,,,,,
"US1ILLK0069","HIGHWOOD 0.9 S, IL US","2020-05-17",,,,,,
"US1ILLK0069","HIGHWOOD 0.9 S, IL US","2020-05-18",,,,,,
"US1ILLK0069","HIGHWOOD 0.9 S, IL US","2020-05-19",,,,,,
"US1ILLK0069","HIGHWOOD 0.9 S, IL US","2020-05-20",,,,,,
"US1ILLK0069","HIGHWOOD 0.9 S, IL US","2020-05-21",,,,,,
"US1ILLK0069","HIGHWOOD 0.9 S, IL US","2020-05-22",,,,,,
"US1ILLK0069","HIGHWOOD 0.9 S, IL US","2020-05-23",,,,,,
"US1ILLK0069","HIGHWOOD 0.9 S, IL US","2020-05-24",,,,,,
"US1ILLK0069","HIGHWOOD 0.9 S, IL US","2020-05-25",,,,,,
"US1ILLK0069","HIGHWOOD 0.9 S, IL US","2020-05-26",,,,,,
"US1ILLK0069","HIGHWOOD 0.9 S, IL US","2020-05-27",,,,,,
"US1ILLK0069","HIGHWOOD 0.9 S, IL US","2020-05-28",,,,,,
"US1ILLK0069","HIGHWOOD 0.9 S, IL US","2020-05-29",,,,,,
"US1ILLK0069","HIGHWOOD 0.9 S, IL US","2020-05-30",,,,,,
"US1ILLK0069","HIGHWOOD 0.9 S, IL US","2020-05-31",,,,,,
"US1ILLK0069","HIGHWOOD 0.9 S, IL US","2020-06-01",,,,,,
"US1ILLK0069","HIGHWOOD 0.9 S, IL US","2020-06-02",,,,,,
"US1ILLK0069","HIGHWOOD 0.9 S, IL US","2020-06-03",,,,,,
"US1ILLK0069","HIGHWOOD 0.9 S, IL US","2020-06-04",,,,,,
"US1ILLK0069","HIGHWOOD 0.9 S, IL US","2020-06-05",,,,,,
"US1ILLK0069","HIGHWOOD 0.9 S, IL US","2020-06-06",,,,,,
"US1ILLK0069","HIGHWOOD 0.9 S, IL US","2020-06-07",,,,,,
"US1ILLK0069","HIGHWOOD 0.9 S, IL US","2020-06-08",,,,,,
"US1ILLK0069","HIGHWOOD 0.9 S, IL US","2020-06-09",,,,,,
"US1ILLK0069","HIGHWOOD 0.9 S, IL US","2020-06-10",,,,,,
"US1ILLK0069","HIGHWOOD 0.9 S, IL US","2020-06-11",,,,,,
"US1ILLK0069","HIGHWOOD 0.9 S, IL US","2020-06-12",,,,,,
"US1ILLK0069","HIGHWOOD 0.9 S, IL US","2020-06-13",,,,,,
"US1ILLK0069","HIGHWOOD 0.9 S, IL US","2020-06-14",,,,,,
"US1ILLK0069","HIGHWOOD 0.9 S, IL US","2020-06-15",,,,,,
"US1ILLK0069","HIGHWOOD 0.9 S, IL US","2020-06-16",,,,,,
"US1ILLK0069","HIGHWOOD 0.9 S, IL US","2020-06-17",,,,,,
"US1ILLK0069","HIGHWOOD 0.9 S, IL US","2020-06-18",,,,,,
"US1ILLK0069","HIGHWOOD 0.9 S, IL US","2020-06-19",,,,,,
"US1ILLK0069","HIGHWOOD 0.9 S, IL US","2020-06-20",,,,,,
"US1ILLK0069","HIGHWOOD 0.9 S, IL US","2020-06-21",,,,,,
"US1ILLK0069","HIGHWOOD 0.9 S, IL US","2020-06-22",,,,,,
"US1ILLK0069","HIGHWOOD 0.9 S, IL US","2020-06-23",,,,,,
"US1ILLK0069","HIGHWOOD 0.9 S, IL US","2020-06-24",,,,,,
"US1ILLK0069","HIGHWOOD 0.9 S, IL US","2020-06-25",,,,,,
"US1ILLK0069","HIGHWOOD 0.9 S, IL US","2020-06-26",,,,,,
"US1ILLK0069","HIGHWOOD 0.9 S, IL US","2020-06-27",,,,,,
"US1ILLK0069","HIGHWOOD 0.9 S, IL US","2020-06-28",,,,,,
"US1ILLK0069","HIGHWOOD 0.9 S, IL US","2020-06-29",,,,,,
"US1ILLK0069","HIGHWOOD 0.9 S, IL US","2020-06-30",,,,,,
"US1ILLK0069","HIGHWOOD 0.9 S, IL US","2020-07-01",,,,,,
"US1ILLK0069","HIGHWOOD 0.9 S, IL US","2020-07-02",,,,,,
"US1ILLK0069","HIGHWOOD 0.9 S, IL US","2020-07-03",,,,,,
"US1ILLK0069","HIGHWOOD 0.9 S, IL US","2020-07-04",,,,,,
"US1ILLK0069","HIGHWOOD 0.9 S, IL US","2020-07-05",,,,,,
"US1ILLK0069","HIGHWOOD 0.9 S, IL US","2020-07-06",,,,,,
"US1ILLK0069","HIGHWOOD 0.9 S, IL US","2020-07-07",,,,,,
"US1ILLK0069","HIGHWOOD 0.9 S, IL US","2020-07-08",,,,,,
"US1ILLK0069","HIGHWOOD 0.9 S, IL US","2020-07-09",,,,,,
"US1ILLK0069","HIGHWOOD 0.9 S, IL US","2020-07-10",,,,,,
"US1ILLK0069","HIGHWOOD 0.9 S, IL US","2020-07-11",,,,,,
"US1ILLK0069","HIGHWOOD 0.9 S, IL US","2020-07-12",,,,,,
"US1ILLK0069","HIGHWOOD 0.9 S, IL US","2020-07-13",,,,,,
"US1ILLK0069","HIGHWOOD 0.9 S, IL US","2020-07-14",,,,,,
"US1ILLK0069","HIGHWOOD 0.9 S, IL US","2020-07-15",,,,,,
"US1ILLK0069","HIGHWOOD 0.9 S, IL US","2020-07-16",,,,,,
"US1ILLK0069","HIGHWOOD 0.9 S, IL US","2020-07-17",,,,,,
"US1ILLK0069","HIGHWOOD 0.9 S, IL US","2020-07-18",,,,,,
"US1ILLK0069","HIGHWOOD 0.9 S, IL US","2020-07-19",,,,,,
"US1ILLK0069","HIGHWOOD 0.9 S, IL US","2020-07-20",,,,,,
"US1ILLK0069","HIGHWOOD 0.9 S, IL US","2020-07-21",,,,,,
"US1ILLK0069","HIGHWOOD 0.9 S, IL US","2020-07-22",,,,,,
"US1ILLK0069","HIGHWOOD 0.9 S, IL US","2020-07-23",,,,,,
"US1ILLK0069","HIGHWOOD 0.9 S, IL US","2020-07-24",,,,,,
"US1ILLK0069","HIGHWOOD 0.9 S, IL US","2020-07-25",,,,,,
"US1ILLK0069","HIGHWOOD 0.9 S, IL US","2020-07-26",,,,,,
"US1ILLK0069","HIGHWOOD 0.9 S, IL US","2020-07-27",,,,,,
"US1ILLK0069","HIGHWOOD 0.9 S, IL US","2020-07-28",,,,,,
"US1ILLK0069","HIGHWOOD 0.9 S, IL US","2020-07-29",,,,,,
"US1ILLK0069","HIGHWOOD 0.9 S, IL US","2020-07-30",,,,,,
"US1ILLK0069","HIGHWOOD 0.9 S, IL US","2020-07-31",,,,,,
"US1ILLK0069","HIGHWOOD 0.9 S, IL US","2020-08-01",,,,,,
"US1ILLK0069","HIGHWOOD 0.9 S, IL US","2020-08-02",,,,,,
"US1ILLK0069","HIGHWOOD 0.9 S, IL US","2020-08-03",,,,,,
"US1ILLK0069","HIGHWOOD 0.9 S, IL US","2020-08-04",,,,,,
"US1ILLK0069","HIGHWOOD 0.9 S, IL US","2020-08-05",,,,,,
"US1ILLK0069","HIGHWOOD 0.9 S, IL US","2020-08-06",,,,,,
"US1ILLK0069","HIGHWOOD 0.9 S, IL US","2020-08-07",,,,,,
"US1ILLK0069","HIGHWOOD 0.9 S, IL US","2020-08-08",,,,,,
"US1ILLK0069","HIGHWOOD 0.9 S, IL US","2020-08-09",,,,,,
"US1ILLK0069","HIGHWOOD 0.9 S, IL US","2020-08-10",,,,,,
"US1ILLK0069","HIGHWOOD 0.9 S, IL US","2020-08-11",,,,,,
"US1ILLK0069","HIGHWOOD 0.9 S, IL US","2020-08-12",,,,,,
"US1ILLK0069","HIGHWOOD 0.9 S, IL US","2020-08-13",,,,,,
"US1ILLK0069","HIGHWOOD 0.9 S, IL US","2020-08-14",,,,,,
"US1ILLK0069","HIGHWOOD 0.9 S, IL US","2020-08-15",,,,,,
"US1ILLK0069","HIGHWOOD 0.9 S, IL US","2020-08-16",,,,,,
"US1ILLK0069","HIGHWOOD 0.9 S, IL US","2020-08-17",,,,,,
"US1ILLK0069","HIGHWOOD 0.9 S, IL US","2020-08-18",,,,,,
"US1ILLK0069","HIGHWOOD 0.9 S, IL US","2020-08-19",,,,,,
"US1ILLK0069","HIGHWOOD 0.9 S, IL US","2020-08-20",,,,,,
"US1ILLK0069","HIGHWOOD 0.9 S, IL US","2020-08-21",,,,,,
"US1ILLK0069","HIGHWOOD 0.9 S, IL US","2020-08-22",,,,,,
"US1ILLK0069","HIGHWOOD 0.9 S, IL US","2020-08-23",,,,,,
"US1ILLK0069","HIGHWOOD 0.9 S, IL US","2020-08-24",,,,,,
"US1ILLK0069","HIGHWOOD 0.9 S, IL US","2020-08-25",,,,,,
"US1ILLK0069","HIGHWOOD 0.9 S, IL US","2020-08-26",,,,,,
"US1ILLK0069","HIGHWOOD 0.9 S, IL US","2020-08-27",,,,,,
"US1ILLK0069","HIGHWOOD 0.9 S, IL US","2020-08-28",,,,,,
"US1ILLK0069","HIGHWOOD 0.9 S, IL US","2020-08-29",,,,,,
"US1ILLK0069","HIGHWOOD 0.9 S, IL US","2020-08-30",,,,,,
"US1ILLK0069","HIGHWOOD 0.9 S, IL US","2020-08-31",,,,,,
"US1ILLK0069","HIGHWOOD 0.9 S, IL US","2020-09-01",,,,,,
"US1ILLK0069","HIGHWOOD 0.9 S, IL US","2020-09-02",,,,,,
"US1ILLK0069","HIGHWOOD 0.9 S, IL US","2020-09-03",,,,,,
"US1ILLK0069","HIGHWOOD 0.9 S, IL US","2020-09-04",,,,,,
"US1ILLK0069","HIGHWOOD 0.9 S, IL US","2020-09-05",,,,,,
"US1ILLK0069","HIGHWOOD 0.9 S, IL US","2020-09-06",,,,,,
"US1ILLK0069","HIGHWOOD 0.9 S, IL US","2020-09-07",,,,,,
"US1ILLK0069","HIGHWOOD 0.9 S, IL US","2020-09-08",,,,,,
"US1ILCK0170","FLOSSMOOR 0.5 SW, IL US","2019-10-01",,,,,,
"US1ILCK0170","FLOSSMOOR 0.5 SW, IL US","2019-10-02",,,,,,
"US1ILCK0170","FLOSSMOOR 0.5 SW, IL US","2019-10-03",,,,,,
"US1ILCK0170","FLOSSMOOR 0.5 SW, IL US","2019-10-04",,,,,,
"US1ILCK0170","FLOSSMOOR 0.5 SW, IL US","2019-10-05",,,,,,
"US1ILCK0170","FLOSSMOOR 0.5 SW, IL US","2019-10-06",,,,,,
"US1ILCK0170","FLOSSMOOR 0.5 SW, IL US","2019-10-07",,,,,,
"US1ILCK0170","FLOSSMOOR 0.5 SW, IL US","2019-10-08",,,,,,
"US1ILCK0170","FLOSSMOOR 0.5 SW, IL US","2019-10-09",,,,,,
"US1ILCK0170","FLOSSMOOR 0.5 SW, IL US","2019-10-10",,,,,,
"US1ILCK0170","FLOSSMOOR 0.5 SW, IL US","2019-10-11",,,,,,
"US1ILCK0170","FLOSSMOOR 0.5 SW, IL US","2019-10-12",,,,,,
"US1ILCK0170","FLOSSMOOR 0.5 SW, IL US","2019-10-13",,,,,,
"US1ILCK0170","FLOSSMOOR 0.5 SW, IL US","2019-10-14",,,,,,
"US1ILCK0170","FLOSSMOOR 0.5 SW, IL US","2019-10-15",,,,,,
"US1ILCK0170","FLOSSMOOR 0.5 SW, IL US","2019-10-16",,,,,,
"US1ILCK0170","FLOSSMOOR 0.5 SW, IL US","2019-10-17",,,,,,
"US1ILCK0170","FLOSSMOOR 0.5 SW, IL US","2019-10-18",,,,,,
"US1ILCK0170","FLOSSMOOR 0.5 SW, IL US","2019-10-19",,,,,,
"US1ILCK0170","FLOSSMOOR 0.5 SW, IL US","2019-10-20",,,,,,
"US1ILCK0170","FLOSSMOOR 0.5 SW, IL US","2019-10-21",,,,,,
"US1ILCK0170","FLOSSMOOR 0.5 SW, IL US","2019-10-22",,,,,,
"US1ILCK0170","FLOSSMOOR 0.5 SW, IL US","2019-10-23",,,,,,
"US1ILCK0170","FLOSSMOOR 0.5 SW, IL US","2019-10-24",,,,,,
"US1ILCK0170","FLOSSMOOR 0.5 SW, IL US","2019-10-25",,,,,,
"US1ILCK0170","FLOSSMOOR 0.5 SW, IL US","2019-10-26",,,,,,
"US1ILCK0170","FLOSSMOOR 0.5 SW, IL US","2019-10-27",,,,,,
"US1ILCK0170","FLOSSMOOR 0.5 SW, IL US","2019-10-28",,,,,,
"US1ILCK0170","FLOSSMOOR 0.5 SW, IL US","2019-10-29",,,,,,
"US1ILCK0170","FLOSSMOOR 0.5 SW, IL US","2019-10-30",,,,,,
"US1ILCK0170","FLOSSMOOR 0.5 SW, IL US","2019-10-31",,,,,,
"US1ILCK0170","FLOSSMOOR 0.5 SW, IL US","2020-01-17",,,,,,
"US1ILCK0170","FLOSSMOOR 0.5 SW, IL US","2020-03-05",,,,,,
"US1ILCK0170","FLOSSMOOR 0.5 SW, IL US","2020-03-06",,,,,,
"US1ILCK0170","FLOSSMOOR 0.5 SW, IL US","2020-03-07",,,,,,
"US1ILCK0170","FLOSSMOOR 0.5 SW, IL US","2020-03-08",,,,,,
"US1ILCK0170","FLOSSMOOR 0.5 SW, IL US","2020-03-09",,,,,,
"US1ILCK0170","FLOSSMOOR 0.5 SW, IL US","2020-03-10",,,,,,
"US1ILCK0170","FLOSSMOOR 0.5 SW, IL US","2020-03-11",,,,,,
"US1ILCK0170","FLOSSMOOR 0.5 SW, IL US","2020-03-12",,,,,,
"US1ILCK0170","FLOSSMOOR 0.5 SW, IL US","2020-03-13",,,,,,
"US1ILCK0170","FLOSSMOOR 0.5 SW, IL US","2020-03-14",,,,,,
"US1ILCK0170","FLOSSMOOR 0.5 SW, IL US","2020-03-15",,,,,,
"US1ILCK0170","FLOSSMOOR 0.5 SW, IL US","2020-03-16",,,,,,
"US1ILCK0170","FLOSSMOOR 0.5 SW, IL US","2020-03-17",,,,,,
"US1ILCK0170","FLOSSMOOR 0.5 SW, IL US","2020-03-18",,,,,,
"US1ILCK0170","FLOSSMOOR 0.5 SW, IL US","2020-03-19",,,,,,
"US1ILCK0170","FLOSSMOOR 0.5 SW, IL US","2020-03-20",,,,,,
"US1ILCK0170","FLOSSMOOR 0.5 SW, IL US","2020-03-21",,,,,,
"US1ILCK0170","FLOSSMOOR 0.5 SW, IL US","2020-03-22",,,,,,
"US1ILCK0170","FLOSSMOOR 0.5 SW, IL US","2020-03-24",,,,,,
"US1ILCK0170","FLOSSMOOR 0.5 SW, IL US","2020-03-25",,,,,,
"US1ILCK0170","FLOSSMOOR 0.5 SW, IL US","2020-03-26",,,,,,
"US1ILCK0170","FLOSSMOOR 0.5 SW, IL US","2020-03-27",,,,,,
"US1ILCK0170","FLOSSMOOR 0.5 SW, IL US","2020-03-28",,,,,,
"US1ILCK0170","FLOSSMOOR 0.5 SW, IL US","2020-03-29",,,,,,
"US1ILCK0170","FLOSSMOOR 0.5 SW, IL US","2020-03-30",,,,,,
"US1ILCK0170","FLOSSMOOR 0.5 SW, IL US","2020-03-31",,,,,,
"US1ILCK0170","FLOSSMOOR 0.5 SW, IL US","2020-04-01",,,,,,
"US1ILCK0170","FLOSSMOOR 0.5 SW, IL US","2020-04-02",,,,,,
"US1ILCK0170","FLOSSMOOR 0.5 SW, IL US","2020-04-03",,,,,,
"US1ILCK0170","FLOSSMOOR 0.5 SW, IL US","2020-04-04",,,,,,
"US1ILCK0170","FLOSSMOOR 0.5 SW, IL US","2020-04-06",,,,,,
"US1ILCK0170","FLOSSMOOR 0.5 SW, IL US","2020-04-07",,,,,,
"US1ILCK0170","FLOSSMOOR 0.5 SW, IL US","2020-04-08",,,,,,
"US1ILCK0170","FLOSSMOOR 0.5 SW, IL US","2020-04-09",,,,,,
"US1ILCK0170","FLOSSMOOR 0.5 SW, IL US","2020-04-10",,,,,,
"US1ILCK0170","FLOSSMOOR 0.5 SW, IL US","2020-04-11",,,,,,
"US1ILCK0170","FLOSSMOOR 0.5 SW, IL US","2020-04-12",,,,,,
"US1ILCK0170","FLOSSMOOR 0.5 SW, IL US","2020-04-13",,,,,,
"US1ILCK0170","FLOSSMOOR 0.5 SW, IL US","2020-04-14",,,,,,
"US1ILCK0170","FLOSSMOOR 0.5 SW, IL US","2020-04-19",,,,,,
"US1ILCK0170","FLOSSMOOR 0.5 SW, IL US","2020-04-20",,,,,,
"US1ILCK0170","FLOSSMOOR 0.5 SW, IL US","2020-04-21",,,,,,
"US1ILCK0170","FLOSSMOOR 0.5 SW, IL US","2020-04-22",,,,,,
"US1ILCK0170","FLOSSMOOR 0.5 SW, IL US","2020-04-23",,,,,,
"US1ILCK0170","FLOSSMOOR 0.5 SW, IL US","2020-04-24",,,,,,
"US1ILCK0170","FLOSSMOOR 0.5 SW, IL US","2020-04-25",,,,,,
"US1ILCK0170","FLOSSMOOR 0.5 SW, IL US","2020-04-26",,,,,,
"US1ILCK0170","FLOSSMOOR 0.5 SW, IL US","2020-04-28",,,,,,
"US1ILCK0170","FLOSSMOOR 0.5 SW, IL US","2020-04-29",,,,,,
"US1ILCK0170","FLOSSMOOR 0.5 SW, IL US","2020-04-30",,,,,,
"US1ILCK0170","FLOSSMOOR 0.5 SW, IL US","2020-05-01",,,,,,
"US1ILCK0170","FLOSSMOOR 0.5 SW, IL US","2020-05-02",,,,,,
"US1ILCK0170","FLOSSMOOR 0.5 SW, IL US","2020-05-03",,,,,,
"US1ILCK0170","FLOSSMOOR 0.5 SW, IL US","2020-05-04",,,,,,
"US1ILCK0170","FLOSSMOOR 0.5 SW, IL US","2020-05-05",,,,,,
"US1ILCK0170","FLOSSMOOR 0.5 SW, IL US","2020-05-06",,,,,,
"US1ILCK0170","FLOSSMOOR 0.5 SW, IL US","2020-05-07",,,,,,
"US1ILCK0170","FLOSSMOOR 0.5 SW, IL US","2020-05-08",,,,,,
"US1ILCK0170","FLOSSMOOR 0.5 SW, IL US","2020-05-09",,,,,,
"US1ILCK0170","FLOSSMOOR 0.5 SW, IL US","2020-05-10",,,,,,
"US1ILCK0170","FLOSSMOOR 0.5 SW, IL US","2020-05-11",,,,,,
"US1ILCK0170","FLOSSMOOR 0.5 SW, IL US","2020-05-12",,,,,,
"US1ILCK0170","FLOSSMOOR 0.5 SW, IL US","2020-05-13",,,,,,
"US1ILCK0170","FLOSSMOOR 0.5 SW, IL US","2020-05-14",,,,,,
"US1ILCK0170","FLOSSMOOR 0.5 SW, IL US","2020-05-15",,,,,,
"US1ILCK0170","FLOSSMOOR 0.5 SW, IL US","2020-05-16",,,,,,
"US1ILCK0170","FLOSSMOOR 0.5 SW, IL US","2020-05-17",,,,,,
"US1ILCK0170","FLOSSMOOR 0.5 SW, IL US","2020-05-18",,,,,,
"US1ILCK0170","FLOSSMOOR 0.5 SW, IL US","2020-05-19",,,,,,
"US1ILCK0170","FLOSSMOOR 0.5 SW, IL US","2020-05-20",,,,,,
"US1ILCK0170","FLOSSMOOR 0.5 SW, IL US","2020-05-21",,,,,,
"US1ILCK0170","FLOSSMOOR 0.5 SW, IL US","2020-05-22",,,,,,
"US1ILCK0170","FLOSSMOOR 0.5 SW, IL US","2020-05-23",,,,,,
"US1ILCK0170","FLOSSMOOR 0.5 SW, IL US","2020-05-24",,,,,,
"US1ILCK0170","FLOSSMOOR 0.5 SW, IL US","2020-05-25",,,,,,
"US1ILCK0170","FLOSSMOOR 0.5 SW, IL US","2020-05-26",,,,,,
"US1ILCK0170","FLOSSMOOR 0.5 SW, IL US","2020-05-27",,,,,,
"US1ILCK0170","FLOSSMOOR 0.5 SW, IL US","2020-05-28",,,,,,
"US1ILCK0170","FLOSSMOOR 0.5 SW, IL US","2020-05-29",,,,,,
"US1ILCK0170","FLOSSMOOR 0.5 SW, IL US","2020-05-30",,,,,,
"US1ILCK0170","FLOSSMOOR 0.5 SW, IL US","2020-05-31",,,,,,
"US1ILCK0170","FLOSSMOOR 0.5 SW, IL US","2020-06-01",,,,,,
"US1ILCK0170","FLOSSMOOR 0.5 SW, IL US","2020-06-02",,,,,,
"US1ILCK0170","FLOSSMOOR 0.5 SW, IL US","2020-06-03",,,,,,
"US1ILCK0170","FLOSSMOOR 0.5 SW, IL US","2020-06-04",,,,,,
"US1ILCK0170","FLOSSMOOR 0.5 SW, IL US","2020-06-05",,,,,,
"US1ILCK0170","FLOSSMOOR 0.5 SW, IL US","2020-06-06",,,,,,
"US1ILCK0170","FLOSSMOOR 0.5 SW, IL US","2020-06-07",,,,,,
"US1ILCK0170","FLOSSMOOR 0.5 SW, IL US","2020-06-08",,,,,,
"US1ILCK0170","FLOSSMOOR 0.5 SW, IL US","2020-06-09",,,,,,
"US1ILCK0170","FLOSSMOOR 0.5 SW, IL US","2020-06-10",,,,,,
"US1ILCK0170","FLOSSMOOR 0.5 SW, IL US","2020-06-11",,,,,,
"US1ILCK0170","FLOSSMOOR 0.5 SW, IL US","2020-06-12",,,,,,
"US1ILCK0170","FLOSSMOOR 0.5 SW, IL US","2020-06-13",,,,,,
"US1ILCK0170","FLOSSMOOR 0.5 SW, IL US","2020-06-14",,,,,,
"US1ILCK0170","FLOSSMOOR 0.5 SW, IL US","2020-06-15",,,,,,
"US1ILCK0170","FLOSSMOOR 0.5 SW, IL US","2020-06-16",,,,,,
"US1ILCK0170","FLOSSMOOR 0.5 SW, IL US","2020-06-17",,,,,,
"US1ILCK0170","FLOSSMOOR 0.5 SW, IL US","2020-06-18",,,,,,
"US1ILCK0170","FLOSSMOOR 0.5 SW, IL US","2020-06-19",,,,,,
"US1ILCK0170","FLOSSMOOR 0.5 SW, IL US","2020-06-20",,,,,,
"US1ILCK0170","FLOSSMOOR 0.5 SW, IL US","2020-06-21",,,,,,
"US1ILCK0170","FLOSSMOOR 0.5 SW, IL US","2020-06-22",,,,,,
"US1ILCK0170","FLOSSMOOR 0.5 SW, IL US","2020-06-23",,,,,,
"US1ILCK0170","FLOSSMOOR 0.5 SW, IL US","2020-06-24",,,,,,
"US1ILCK0170","FLOSSMOOR 0.5 SW, IL US","2020-06-25",,,,,,
"US1ILCK0170","FLOSSMOOR 0.5 SW, IL US","2020-06-26",,,,,,
"US1ILCK0170","FLOSSMOOR 0.5 SW, IL US","2020-07-01",,,,,,
"US1ILCK0170","FLOSSMOOR 0.5 SW, IL US","2020-07-02",,,,,,
"US1ILCK0170","FLOSSMOOR 0.5 SW, IL US","2020-07-03",,,,,,
"US1ILCK0170","FLOSSMOOR 0.5 SW, IL US","2020-07-04",,,,,,
"US1ILCK0170","FLOSSMOOR 0.5 SW, IL US","2020-07-05",,,,,,
"US1ILCK0170","FLOSSMOOR 0.5 SW, IL US","2020-07-06",,,,,,
"US1ILCK0170","FLOSSMOOR 0.5 SW, IL US","2020-07-07",,,,,,
"US1ILCK0170","FLOSSMOOR 0.5 SW, IL US","2020-07-08",,,,,,
"US1ILCK0170","FLOSSMOOR 0.5 SW, IL US","2020-07-09",,,,,,
"US1ILCK0170","FLOSSMOOR 0.5 SW, IL US","2020-07-10",,,,,,
"US1ILCK0170","FLOSSMOOR 0.5 SW, IL US","2020-07-11",,,,,,
"US1ILCK0170","FLOSSMOOR 0.5 SW, IL US","2020-07-12",,,,,,
"US1ILCK0170","FLOSSMOOR 0.5 SW, IL US","2020-07-13",,,,,,
"US1ILCK0170","FLOSSMOOR 0.5 SW, IL US","2020-07-14",,,,,,
"US1ILCK0170","FLOSSMOOR 0.5 SW, IL US","2020-07-15",,,,,,
"US1ILCK0170","FLOSSMOOR 0.5 SW, IL US","2020-07-16",,,,,,
"US1ILCK0170","FLOSSMOOR 0.5 SW, IL US","2020-07-17",,,,,,
"US1ILCK0170","FLOSSMOOR 0.5 SW, IL US","2020-07-18",,,,,,
"US1ILCK0170","FLOSSMOOR 0.5 SW, IL US","2020-07-19",,,,,,
"US1ILCK0170","FLOSSMOOR 0.5 SW, IL US","2020-07-20",,,,,,
"US1ILCK0170","FLOSSMOOR 0.5 SW, IL US","2020-07-21",,,,,,
"US1ILCK0170","FLOSSMOOR 0.5 SW, IL US","2020-07-22",,,,,,
"US1ILCK0170","FLOSSMOOR 0.5 SW, IL US","2020-07-23",,,,,,
"US1ILCK0170","FLOSSMOOR 0.5 SW, IL US","2020-07-24",,,,,,
"US1ILCK0170","FLOSSMOOR 0.5 SW, IL US","2020-07-25",,,,,,
"US1ILCK0170","FLOSSMOOR 0.5 SW, IL US","2020-07-26",,,,,,
"US1ILCK0170","FLOSSMOOR 0.5 SW, IL US","2020-07-28",,,,,,
"US1ILCK0050","PALOS PARK 1.3 SW, IL US","2019-10-01",,,,,,
"US1ILCK0050","PALOS PARK 1.3 SW, IL US","2019-10-02",,,,,,
"US1ILCK0050","PALOS PARK 1.3 SW, IL US","2019-10-03",,,,,,
"US1ILCK0050","PALOS PARK 1.3 SW, IL US","2019-10-04",,,,,,
"US1ILCK0050","PALOS PARK 1.3 SW, IL US","2019-10-05",,,,,,
"US1ILCK0050","PALOS PARK 1.3 SW, IL US","2019-10-06",,,,,,
"US1ILCK0050","PALOS PARK 1.3 SW, IL US","2019-10-07",,,,,,
"US1ILCK0050","PALOS PARK 1.3 SW, IL US","2019-10-08",,,,,,
"US1ILCK0050","PALOS PARK 1.3 SW, IL US","2019-10-09",,,,,,
"US1ILCK0050","PALOS PARK 1.3 SW, IL US","2019-10-10",,,,,,
"US1ILCK0050","PALOS PARK 1.3 SW, IL US","2019-10-11",,,,,,
"US1ILCK0050","PALOS PARK 1.3 SW, IL US","2019-10-12",,,,,,
"US1ILCK0050","PALOS PARK 1.3 SW, IL US","2019-10-13",,,,,,
"US1ILCK0050","PALOS PARK 1.3 SW, IL US","2019-10-14",,,,,,
"US1ILCK0050","PALOS PARK 1.3 SW, IL US","2019-10-15",,,,,,
"US1ILCK0050","PALOS PARK 1.3 SW, IL US","2019-10-16",,,,,,
"US1ILCK0050","PALOS PARK 1.3 SW, IL US","2019-10-17",,,,,,
"US1ILCK0050","PALOS PARK 1.3 SW, IL US","2019-10-18",,,,,,
"US1ILCK0050","PALOS PARK 1.3 SW, IL US","2019-10-19",,,,,,
"US1ILCK0050","PALOS PARK 1.3 SW, IL US","2019-10-20",,,,,,
"US1ILCK0050","PALOS PARK 1.3 SW, IL US","2019-10-21",,,,,,
"US1ILCK0050","PALOS PARK 1.3 SW, IL US","2019-10-22",,,,,,
"US1ILCK0050","PALOS PARK 1.3 SW, IL US","2019-10-23",,,,,,
"US1ILCK0050","PALOS PARK 1.3 SW, IL US","2019-10-24",,,,,,
"US1ILCK0050","PALOS PARK 1.3 SW, IL US","2019-10-25",,,,,,
"US1ILCK0050","PALOS PARK 1.3 SW, IL US","2019-10-26",,,,,,
"US1ILCK0050","PALOS PARK 1.3 SW, IL US","2019-10-27",,,,,,
"US1ILCK0050","PALOS PARK 1.3 SW, IL US","2019-10-28",,,,,,
"US1ILCK0050","PALOS PARK 1.3 SW, IL US","2019-10-29",,,,,,
"US1ILCK0050","PALOS PARK 1.3 SW, IL US","2019-10-30",,,,,,
"US1ILCK0050","PALOS PARK 1.3 SW, IL US","2019-10-31",,,,,,
"US1ILCK0050","PALOS PARK 1.3 SW, IL US","2019-11-01",,,,,,
"US1ILCK0050","PALOS PARK 1.3 SW, IL US","2019-11-02",,,,,,
"US1ILCK0050","PALOS PARK 1.3 SW, IL US","2019-11-03",,,,,,
"US1ILCK0050","PALOS PARK 1.3 SW, IL US","2019-11-04",,,,,,
"US1ILCK0050","PALOS PARK 1.3 SW, IL US","2019-11-05",,,,,,
"US1ILCK0050","PALOS PARK 1.3 SW, IL US","2019-11-06",,,,,,
"US1ILCK0050","PALOS PARK 1.3 SW, IL US","2019-11-07",,,,,,
"US1ILCK0050","PALOS PARK 1.3 SW, IL US","2019-11-08",,,,,,
"US1ILCK0050","PALOS PARK 1.3 SW, IL US","2019-11-09",,,,,,
"US1ILCK0050","PALOS PARK 1.3 SW, IL US","2019-11-10",,,,,,
"US1ILCK0050","PALOS PARK 1.3 SW, IL US","2019-11-11",,,,,,
"US1ILCK0050","PALOS PARK 1.3 SW, IL US","2019-11-12",,,,,,
"US1ILCK0050","PALOS PARK 1.3 SW, IL US","2019-11-13",,,,,,
"US1ILCK0050","PALOS PARK 1.3 SW, IL US","2019-11-14",,,,,,
"US1ILCK0050","PALOS PARK 1.3 SW, IL US","2019-11-15",,,,,,
"US1ILCK0050","PALOS PARK 1.3 SW, IL US","2019-11-16",,,,,,
"US1ILCK0050","PALOS PARK 1.3 SW, IL US","2019-11-17",,,,,,
"US1ILCK0050","PALOS PARK 1.3 SW, IL US","2019-11-18",,,,,,
"US1ILCK0050","PALOS PARK 1.3 SW, IL US","2019-11-19",,,,,,
"US1ILCK0050","PALOS PARK 1.3 SW, IL US","2019-11-20",,,,,,
"US1ILCK0050","PALOS PARK 1.3 SW, IL US","2019-11-21",,,,,,
"US1ILCK0050","PALOS PARK 1.3 SW, IL US","2019-11-22",,,,,,
"US1ILCK0050","PALOS PARK 1.3 SW, IL US","2019-11-23",,,,,,
"US1ILCK0050","PALOS PARK 1.3 SW, IL US","2019-11-24",,,,,,
"US1ILCK0050","PALOS PARK 1.3 SW, IL US","2019-11-25",,,,,,
"US1ILCK0050","PALOS PARK 1.3 SW, IL US","2019-11-26",,,,,,
"US1ILCK0050","PALOS PARK 1.3 SW, IL US","2019-11-27",,,,,,
"US1ILCK0050","PALOS PARK 1.3 SW, IL US","2019-11-28",,,,,,
"US1ILCK0050","PALOS PARK 1.3 SW, IL US","2019-11-29",,,,,,
"US1ILCK0050","PALOS PARK 1.3 SW, IL US","2019-11-30",,,,,,
"US1ILCK0050","PALOS PARK 1.3 SW, IL US","2019-12-01",,,,,,
"US1ILCK0050","PALOS PARK 1.3 SW, IL US","2019-12-02",,,,,,
"US1ILCK0050","PALOS PARK 1.3 SW, IL US","2019-12-03",,,,,,
"US1ILCK0050","PALOS PARK 1.3 SW, IL US","2019-12-04",,,,,,
"US1ILCK0050","PALOS PARK 1.3 SW, IL US","2019-12-05",,,,,,
"US1ILCK0050","PALOS PARK 1.3 SW, IL US","2019-12-06",,,,,,
"US1ILCK0050","PALOS PARK 1.3 SW, IL US","2019-12-07",,,,,,
"US1ILCK0050","PALOS PARK 1.3 SW, IL US","2019-12-08",,,,,,
"US1ILCK0050","PALOS PARK 1.3 SW, IL US","2019-12-09",,,,,,
"US1ILCK0050","PALOS PARK 1.3 SW, IL US","2019-12-10",,,,,,
"US1ILCK0050","PALOS PARK 1.3 SW, IL US","2019-12-11",,,,,,
"US1ILCK0050","PALOS PARK 1.3 SW, IL US","2019-12-12",,,,,,
"US1ILCK0050","PALOS PARK 1.3 SW, IL US","2019-12-13",,,,,,
"US1ILCK0050","PALOS PARK 1.3 SW, IL US","2019-12-14",,,,,,
"US1ILCK0050","PALOS PARK 1.3 SW, IL US","2019-12-15",,,,,,
"US1ILCK0050","PALOS PARK 1.3 SW, IL US","2019-12-16",,,,,,
"US1ILCK0050","PALOS PARK 1.3 SW, IL US","2019-12-17",,,,,,
"US1ILCK0050","PALOS PARK 1.3 SW, IL US","2019-12-18",,,,,,
"US1ILCK0050","PALOS PARK 1.3 SW, IL US","2019-12-19",,,,,,
"US1ILCK0050","PALOS PARK 1.3 SW, IL US","2019-12-20",,,,,,
"US1ILCK0050","PALOS PARK 1.3 SW, IL US","2019-12-21",,,,,,
"US1ILCK0050","PALOS PARK 1.3 SW, IL US","2019-12-22",,,,,,
"US1ILCK0050","PALOS PARK 1.3 SW, IL US","2019-12-23",,,,,,
"US1ILCK0050","PALOS PARK 1.3 SW, IL US","2019-12-24",,,,,,
"US1ILCK0050","PALOS PARK 1.3 SW, IL US","2019-12-25",,,,,,
"US1ILCK0050","PALOS PARK 1.3 SW, IL US","2019-12-26",,,,,,
"US1ILCK0050","PALOS PARK 1.3 SW, IL US","2019-12-27",,,,,,
"US1ILCK0050","PALOS PARK 1.3 SW, IL US","2019-12-28",,,,,,
"US1ILCK0050","PALOS PARK 1.3 SW, IL US","2019-12-29",,,,,,
"US1ILCK0050","PALOS PARK 1.3 SW, IL US","2019-12-30",,,,,,
"US1ILCK0050","PALOS PARK 1.3 SW, IL US","2019-12-31",,,,,,
"US1ILCK0050","PALOS PARK 1.3 SW, IL US","2020-01-01",,,,,,
"US1ILCK0050","PALOS PARK 1.3 SW, IL US","2020-01-02",,,,,,
"US1ILCK0050","PALOS PARK 1.3 SW, IL US","2020-01-03",,,,,,
"US1ILCK0050","PALOS PARK 1.3 SW, IL US","2020-01-04",,,,,,
"US1ILCK0050","PALOS PARK 1.3 SW, IL US","2020-01-05",,,,,,
"US1ILCK0050","PALOS PARK 1.3 SW, IL US","2020-01-06",,,,,,
"US1ILCK0050","PALOS PARK 1.3 SW, IL US","2020-01-07",,,,,,
"US1ILCK0050","PALOS PARK 1.3 SW, IL US","2020-01-08",,,,,,
"US1ILCK0050","PALOS PARK 1.3 SW, IL US","2020-01-09",,,,,,
"US1ILCK0050","PALOS PARK 1.3 SW, IL US","2020-01-10",,,,,,
"US1ILCK0050","PALOS PARK 1.3 SW, IL US","2020-01-11",,,,,,
"US1ILCK0050","PALOS PARK 1.3 SW, IL US","2020-01-12",,,,,,
"US1ILCK0050","PALOS PARK 1.3 SW, IL US","2020-01-13",,,,,,
"US1ILCK0050","PALOS PARK 1.3 SW, IL US","2020-01-14",,,,,,
"US1ILCK0050","PALOS PARK 1.3 SW, IL US","2020-01-15",,,,,,
"US1ILCK0050","PALOS PARK 1.3 SW, IL US","2020-01-16",,,,,,
"US1ILCK0050","PALOS PARK 1.3 SW, IL US","2020-01-17",,,,,,
"US1ILCK0050","PALOS PARK 1.3 SW, IL US","2020-01-18",,,,,,
"US1ILCK0050","PALOS PARK 1.3 SW, IL US","2020-01-19",,,,,,
"US1ILCK0050","PALOS PARK 1.3 SW, IL US","2020-01-20",,,,,,
"US1ILCK0050","PALOS PARK 1.3 SW, IL US","2020-01-21",,,,,,
"US1ILCK0050","PALOS PARK 1.3 SW, IL US","2020-01-22",,,,,,
"US1ILCK0050","PALOS PARK 1.3 SW, IL US","2020-01-23",,,,,,
"US1ILCK0050","PALOS PARK 1.3 SW, IL US","2020-01-24",,,,,,
"US1ILCK0050","PALOS PARK 1.3 SW, IL US","2020-01-25",,,,,,
"US1ILCK0050","PALOS PARK 1.3 SW, IL US","2020-01-26",,,,,,
"US1ILCK0050","PALOS PARK 1.3 SW, IL US","2020-01-27",,,,,,
"US1ILCK0050","PALOS PARK 1.3 SW, IL US","2020-01-28",,,,,,
"US1ILCK0050","PALOS PARK 1.3 SW, IL US","2020-01-29",,,,,,
"US1ILCK0050","PALOS PARK 1.3 SW, IL US","2020-01-30",,,,,,
"US1ILCK0050","PALOS PARK 1.3 SW, IL US","2020-01-31",,,,,,
"US1ILCK0050","PALOS PARK 1.3 SW, IL US","2020-02-01",,,,,,
"US1ILCK0050","PALOS PARK 1.3 SW, IL US","2020-02-02",,,,,,
"US1ILCK0050","PALOS PARK 1.3 SW, IL US","2020-02-03",,,,,,
"US1ILCK0050","PALOS PARK 1.3 SW, IL US","2020-02-04",,,,,,
"US1ILCK0050","PALOS PARK 1.3 SW, IL US","2020-02-05",,,,,,
"US1ILCK0050","PALOS PARK 1.3 SW, IL US","2020-02-06",,,,,,
"US1ILCK0050","PALOS PARK 1.3 SW, IL US","2020-02-07",,,,,,
"US1ILCK0050","PALOS PARK 1.3 SW, IL US","2020-02-08",,,,,,
"US1ILCK0050","PALOS PARK 1.3 SW, IL US","2020-02-09",,,,,,
"US1ILCK0050","PALOS PARK 1.3 SW, IL US","2020-02-10",,,,,,
"US1ILCK0050","PALOS PARK 1.3 SW, IL US","2020-02-11",,,,,,
"US1ILCK0050","PALOS PARK 1.3 SW, IL US","2020-02-12",,,,,,
"US1ILCK0050","PALOS PARK 1.3 SW, IL US","2020-02-13",,,,,,
"US1ILCK0050","PALOS PARK 1.3 SW, IL US","2020-02-14",,,,,,
"US1ILCK0050","PALOS PARK 1.3 SW, IL US","2020-02-15",,,,,,
"US1ILCK0050","PALOS PARK 1.3 SW, IL US","2020-02-16",,,,,,
"US1ILCK0050","PALOS PARK 1.3 SW, IL US","2020-02-17",,,,,,
"US1ILCK0050","PALOS PARK 1.3 SW, IL US","2020-02-18",,,,,,
"US1ILCK0050","PALOS PARK 1.3 SW, IL US","2020-02-19",,,,,,
"US1ILCK0050","PALOS PARK 1.3 SW, IL US","2020-02-20",,,,,,
"US1ILCK0050","PALOS PARK 1.3 SW, IL US","2020-02-21",,,,,,
"US1ILCK0050","PALOS PARK 1.3 SW, IL US","2020-02-22",,,,,,
"US1ILCK0050","PALOS PARK 1.3 SW, IL US","2020-02-23",,,,,,
"US1ILCK0050","PALOS PARK 1.3 SW, IL US","2020-02-24",,,,,,
"US1ILCK0050","PALOS PARK 1.3 SW, IL US","2020-02-25",,,,,,
"US1ILCK0050","PALOS PARK 1.3 SW, IL US","2020-02-26",,,,,,
"US1ILCK0050","PALOS PARK 1.3 SW, IL US","2020-02-27",,,,,,
"US1ILCK0050","PALOS PARK 1.3 SW, IL US","2020-02-28",,,,,,
"US1ILCK0050","PALOS PARK 1.3 SW, IL US","2020-02-29",,,,,,
"US1ILCK0050","PALOS PARK 1.3 SW, IL US","2020-03-01",,,,,,
"US1ILCK0050","PALOS PARK 1.3 SW, IL US","2020-03-02",,,,,,
"US1ILCK0050","PALOS PARK 1.3 SW, IL US","2020-03-03",,,,,,
"US1ILCK0050","PALOS PARK 1.3 SW, IL US","2020-03-04",,,,,,
"US1ILCK0050","PALOS PARK 1.3 SW, IL US","2020-03-05",,,,,,
"US1ILCK0050","PALOS PARK 1.3 SW, IL US","2020-03-06",,,,,,
"US1ILCK0050","PALOS PARK 1.3 SW, IL US","2020-03-07",,,,,,
"US1ILCK0050","PALOS PARK 1.3 SW, IL US","2020-03-08",,,,,,
"US1ILCK0050","PALOS PARK 1.3 SW, IL US","2020-03-09",,,,,,
"US1ILCK0050","PALOS PARK 1.3 SW, IL US","2020-03-10",,,,,,
"US1ILCK0050","PALOS PARK 1.3 SW, IL US","2020-03-11",,,,,,
"US1ILCK0050","PALOS PARK 1.3 SW, IL US","2020-03-12",,,,,,
"US1ILCK0050","PALOS PARK 1.3 SW, IL US","2020-03-13",,,,,,
"US1ILCK0050","PALOS PARK 1.3 SW, IL US","2020-03-14",,,,,,
"US1ILCK0050","PALOS PARK 1.3 SW, IL US","2020-03-15",,,,,,
"US1ILCK0050","PALOS PARK 1.3 SW, IL US","2020-03-16",,,,,,
"US1ILCK0050","PALOS PARK 1.3 SW, IL US","2020-03-17",,,,,,
"US1ILCK0050","PALOS PARK 1.3 SW, IL US","2020-03-18",,,,,,
"US1ILCK0050","PALOS PARK 1.3 SW, IL US","2020-03-19",,,,,,
"US1ILCK0050","PALOS PARK 1.3 SW, IL US","2020-03-20",,,,,,
"US1ILCK0050","PALOS PARK 1.3 SW, IL US","2020-03-21",,,,,,
"US1ILCK0050","PALOS PARK 1.3 SW, IL US","2020-03-22",,,,,,
"US1ILCK0050","PALOS PARK 1.3 SW, IL US","2020-03-23",,,,,,
"US1ILCK0050","PALOS PARK 1.3 SW, IL US","2020-03-24",,,,,,
"US1ILCK0050","PALOS PARK 1.3 SW, IL US","2020-03-25",,,,,,
"US1ILCK0050","PALOS PARK 1.3 SW, IL US","2020-03-26",,,,,,
"US1ILCK0050","PALOS PARK 1.3 SW, IL US","2020-03-27",,,,,,
"US1ILCK0050","PALOS PARK 1.3 SW, IL US","2020-03-28",,,,,,
"US1ILCK0050","PALOS PARK 1.3 SW, IL US","2020-03-29",,,,,,
"US1ILCK0050","PALOS PARK 1.3 SW, IL US","2020-03-30",,,,,,
"US1ILCK0050","PALOS PARK 1.3 SW, IL US","2020-03-31",,,,,,
"US1ILCK0050","PALOS PARK 1.3 SW, IL US","2020-04-01",,,,,,
"US1ILCK0050","PALOS PARK 1.3 SW, IL US","2020-04-02",,,,,,
"US1ILCK0050","PALOS PARK 1.3 SW, IL US","2020-04-03",,,,,,
"US1ILCK0050","PALOS PARK 1.3 SW, IL US","2020-04-04",,,,,,
"US1ILCK0050","PALOS PARK 1.3 SW, IL US","2020-04-05",,,,,,
"US1ILCK0050","PALOS PARK 1.3 SW, IL US","2020-04-06",,,,,,
"US1ILCK0050","PALOS PARK 1.3 SW, IL US","2020-04-07",,,,,,
"US1ILCK0050","PALOS PARK 1.3 SW, IL US","2020-04-08",,,,,,
"US1ILCK0050","PALOS PARK 1.3 SW, IL US","2020-04-09",,,,,,
"US1ILCK0050","PALOS PARK 1.3 SW, IL US","2020-04-10",,,,,,
"US1ILCK0050","PALOS PARK 1.3 SW, IL US","2020-04-11",,,,,,
"US1ILCK0050","PALOS PARK 1.3 SW, IL US","2020-04-12",,,,,,
"US1ILCK0050","PALOS PARK 1.3 SW, IL US","2020-04-13",,,,,,
"US1ILCK0050","PALOS PARK 1.3 SW, IL US","2020-04-14",,,,,,
"US1ILCK0050","PALOS PARK 1.3 SW, IL US","2020-04-15",,,,,,
"US1ILCK0050","PALOS PARK 1.3 SW, IL US","2020-04-16",,,,,,
"US1ILCK0050","PALOS PARK 1.3 SW, IL US","2020-04-17",,,,,,
"US1ILCK0050","PALOS PARK 1.3 SW, IL US","2020-04-18",,,,,,
"US1ILCK0050","PALOS PARK 1.3 SW, IL US","2020-04-19",,,,,,
"US1ILCK0050","PALOS PARK 1.3 SW, IL US","2020-04-20",,,,,,
"US1ILCK0050","PALOS PARK 1.3 SW, IL US","2020-04-21",,,,,,
"US1ILCK0050","PALOS PARK 1.3 SW, IL US","2020-04-22",,,,,,
"US1ILCK0050","PALOS PARK 1.3 SW, IL US","2020-04-23",,,,,,
"US1ILCK0050","PALOS PARK 1.3 SW, IL US","2020-04-24",,,,,,
"US1ILCK0050","PALOS PARK 1.3 SW, IL US","2020-04-25",,,,,,
"US1ILCK0050","PALOS PARK 1.3 SW, IL US","2020-04-26",,,,,,
"US1ILCK0050","PALOS PARK 1.3 SW, IL US","2020-04-27",,,,,,
"US1ILCK0050","PALOS PARK 1.3 SW, IL US","2020-04-28",,,,,,
"US1ILCK0050","PALOS PARK 1.3 SW, IL US","2020-04-29",,,,,,
"US1ILCK0050","PALOS PARK 1.3 SW, IL US","2020-04-30",,,,,,
"US1ILCK0050","PALOS PARK 1.3 SW, IL US","2020-05-01",,,,,,
"US1ILCK0050","PALOS PARK 1.3 SW, IL US","2020-05-02",,,,,,
"US1ILCK0050","PALOS PARK 1.3 SW, IL US","2020-05-03",,,,,,
"US1ILCK0050","PALOS PARK 1.3 SW, IL US","2020-05-04",,,,,,
"US1ILCK0050","PALOS PARK 1.3 SW, IL US","2020-05-05",,,,,,
"US1ILCK0050","PALOS PARK 1.3 SW, IL US","2020-05-06",,,,,,
"US1ILCK0050","PALOS PARK 1.3 SW, IL US","2020-05-07",,,,,,
"US1ILCK0050","PALOS PARK 1.3 SW, IL US","2020-05-08",,,,,,
"US1ILCK0050","PALOS PARK 1.3 SW, IL US","2020-05-09",,,,,,
"US1ILCK0050","PALOS PARK 1.3 SW, IL US","2020-05-10",,,,,,
"US1ILCK0050","PALOS PARK 1.3 SW, IL US","2020-05-11",,,,,,
"US1ILCK0050","PALOS PARK 1.3 SW, IL US","2020-05-12",,,,,,
"US1ILCK0050","PALOS PARK 1.3 SW, IL US","2020-05-13",,,,,,
"US1ILCK0050","PALOS PARK 1.3 SW, IL US","2020-05-14",,,,,,
"US1ILCK0050","PALOS PARK 1.3 SW, IL US","2020-05-15",,,,,,
"US1ILCK0050","PALOS PARK 1.3 SW, IL US","2020-05-16",,,,,,
"US1ILCK0050","PALOS PARK 1.3 SW, IL US","2020-05-17",,,,,,
"US1ILCK0050","PALOS PARK 1.3 SW, IL US","2020-05-18",,,,,,
"US1ILCK0050","PALOS PARK 1.3 SW, IL US","2020-05-19",,,,,,
"US1ILCK0050","PALOS PARK 1.3 SW, IL US","2020-05-20",,,,,,
"US1ILCK0050","PALOS PARK 1.3 SW, IL US","2020-05-22",,,,,,
"US1ILCK0050","PALOS PARK 1.3 SW, IL US","2020-05-23",,,,,,
"US1ILCK0050","PALOS PARK 1.3 SW, IL US","2020-05-24",,,,,,
"US1ILCK0050","PALOS PARK 1.3 SW, IL US","2020-05-25",,,,,,
"US1ILCK0050","PALOS PARK 1.3 SW, IL US","2020-05-26",,,,,,
"US1ILCK0050","PALOS PARK 1.3 SW, IL US","2020-05-27",,,,,,
"US1ILCK0050","PALOS PARK 1.3 SW, IL US","2020-05-28",,,,,,
"US1ILCK0050","PALOS PARK 1.3 SW, IL US","2020-05-29",,,,,,
"US1ILCK0050","PALOS PARK 1.3 SW, IL US","2020-05-30",,,,,,
"US1ILCK0050","PALOS PARK 1.3 SW, IL US","2020-05-31",,,,,,
"US1ILCK0050","PALOS PARK 1.3 SW, IL US","2020-06-01",,,,,,
"US1ILCK0050","PALOS PARK 1.3 SW, IL US","2020-06-02",,,,,,
"US1ILCK0050","PALOS PARK 1.3 SW, IL US","2020-06-03",,,,,,
"US1ILCK0050","PALOS PARK 1.3 SW, IL US","2020-06-04",,,,,,
"US1ILCK0050","PALOS PARK 1.3 SW, IL US","2020-06-05",,,,,,
"US1ILCK0050","PALOS PARK 1.3 SW, IL US","2020-06-06",,,,,,
"US1ILCK0050","PALOS PARK 1.3 SW, IL US","2020-06-07",,,,,,
"US1ILCK0050","PALOS PARK 1.3 SW, IL US","2020-06-08",,,,,,
"US1ILCK0050","PALOS PARK 1.3 SW, IL US","2020-06-09",,,,,,
"US1ILCK0050","PALOS PARK 1.3 SW, IL US","2020-06-10",,,,,,
"US1ILCK0050","PALOS PARK 1.3 SW, IL US","2020-06-11",,,,,,
"US1ILCK0050","PALOS PARK 1.3 SW, IL US","2020-06-12",,,,,,
"US1ILCK0050","PALOS PARK 1.3 SW, IL US","2020-06-13",,,,,,
"US1ILCK0050","PALOS PARK 1.3 SW, IL US","2020-06-14",,,,,,
"US1ILCK0050","PALOS PARK 1.3 SW, IL US","2020-06-15",,,,,,
"US1ILCK0050","PALOS PARK 1.3 SW, IL US","2020-06-16",,,,,,
"US1ILCK0050","PALOS PARK 1.3 SW, IL US","2020-06-17",,,,,,
"US1ILCK0050","PALOS PARK 1.3 SW, IL US","2020-06-18",,,,,,
"US1ILCK0050","PALOS PARK 1.3 SW, IL US","2020-06-19",,,,,,
"US1ILCK0050","PALOS PARK 1.3 SW, IL US","2020-06-20",,,,,,
"US1ILCK0050","PALOS PARK 1.3 SW, IL US","2020-06-21",,,,,,
"US1ILCK0050","PALOS PARK 1.3 SW, IL US","2020-06-22",,,,,,
"US1ILCK0050","PALOS PARK 1.3 SW, IL US","2020-06-23",,,,,,
"US1ILCK0050","PALOS PARK 1.3 SW, IL US","2020-06-24",,,,,,
"US1ILCK0050","PALOS PARK 1.3 SW, IL US","2020-06-25",,,,,,
"US1ILCK0050","PALOS PARK 1.3 SW, IL US","2020-06-26",,,,,,
"US1ILCK0050","PALOS PARK 1.3 SW, IL US","2020-06-27",,,,,,
"US1ILCK0050","PALOS PARK 1.3 SW, IL US","2020-06-28",,,,,,
"US1ILCK0050","PALOS PARK 1.3 SW, IL US","2020-06-29",,,,,,
"US1ILCK0050","PALOS PARK 1.3 SW, IL US","2020-06-30",,,,,,
"US1ILCK0050","PALOS PARK 1.3 SW, IL US","2020-07-01",,,,,,
"US1ILCK0050","PALOS PARK 1.3 SW, IL US","2020-07-02",,,,,,
"US1ILCK0050","PALOS PARK 1.3 SW, IL US","2020-07-03",,,,,,
"US1ILCK0050","PALOS PARK 1.3 SW, IL US","2020-07-04",,,,,,
"US1ILCK0050","PALOS PARK 1.3 SW, IL US","2020-07-05",,,,,,
"US1ILCK0050","PALOS PARK 1.3 SW, IL US","2020-07-06",,,,,,
"US1ILCK0050","PALOS PARK 1.3 SW, IL US","2020-07-07",,,,,,
"US1ILCK0050","PALOS PARK 1.3 SW, IL US","2020-07-08",,,,,,
"US1ILCK0050","PALOS PARK 1.3 SW, IL US","2020-07-09",,,,,,
"US1ILCK0050","PALOS PARK 1.3 SW, IL US","2020-07-10",,,,,,
"US1ILCK0050","PALOS PARK 1.3 SW, IL US","2020-07-11",,,,,,
"US1ILCK0050","PALOS PARK 1.3 SW, IL US","2020-07-12",,,,,,
"US1ILCK0050","PALOS PARK 1.3 SW, IL US","2020-07-13",,,,,,
"US1ILCK0050","PALOS PARK 1.3 SW, IL US","2020-07-14",,,,,,
"US1ILCK0050","PALOS PARK 1.3 SW, IL US","2020-07-15",,,,,,
"US1ILCK0050","PALOS PARK 1.3 SW, IL US","2020-07-16",,,,,,
"US1ILCK0050","PALOS PARK 1.3 SW, IL US","2020-07-17",,,,,,
"US1ILCK0050","PALOS PARK 1.3 SW, IL US","2020-07-18",,,,,,
"US1ILCK0050","PALOS PARK 1.3 SW, IL US","2020-07-19",,,,,,
"US1ILCK0050","PALOS PARK 1.3 SW, IL US","2020-07-20",,,,,,
"US1ILCK0050","PALOS PARK 1.3 SW, IL US","2020-07-21",,,,,,
"US1ILCK0050","PALOS PARK 1.3 SW, IL US","2020-07-22",,,,,,
"US1ILCK0050","PALOS PARK 1.3 SW, IL US","2020-07-23",,,,,,
"US1ILCK0050","PALOS PARK 1.3 SW, IL US","2020-07-24",,,,,,
"US1ILCK0050","PALOS PARK 1.3 SW, IL US","2020-07-25",,,,,,
"US1ILCK0050","PALOS PARK 1.3 SW, IL US","2020-07-26",,,,,,
"US1ILCK0050","PALOS PARK 1.3 SW, IL US","2020-07-27",,,,,,
"US1ILCK0050","PALOS PARK 1.3 SW, IL US","2020-07-28",,,,,,
"US1ILCK0050","PALOS PARK 1.3 SW, IL US","2020-07-29",,,,,,
"US1ILCK0050","PALOS PARK 1.3 SW, IL US","2020-07-30",,,,,,
"US1ILCK0050","PALOS PARK 1.3 SW, IL US","2020-07-31",,,,,,
"US1ILCK0050","PALOS PARK 1.3 SW, IL US","2020-08-01",,,,,,
"US1ILCK0050","PALOS PARK 1.3 SW, IL US","2020-08-02",,,,,,
"US1ILCK0050","PALOS PARK 1.3 SW, IL US","2020-08-03",,,,,,
"US1ILCK0050","PALOS PARK 1.3 SW, IL US","2020-08-04",,,,,,
"US1ILCK0050","PALOS PARK 1.3 SW, IL US","2020-08-05",,,,,,
"US1ILCK0050","PALOS PARK 1.3 SW, IL US","2020-08-06",,,,,,
"US1ILCK0050","PALOS PARK 1.3 SW, IL US","2020-08-07",,,,,,
"US1ILCK0050","PALOS PARK 1.3 SW, IL US","2020-08-08",,,,,,
"US1ILCK0050","PALOS PARK 1.3 SW, IL US","2020-08-09",,,,,,
"US1ILCK0050","PALOS PARK 1.3 SW, IL US","2020-08-10",,,,,,
"US1ILCK0050","PALOS PARK 1.3 SW, IL US","2020-08-11",,,,,,
"US1ILCK0050","PALOS PARK 1.3 SW, IL US","2020-08-12",,,,,,
"US1ILCK0050","PALOS PARK 1.3 SW, IL US","2020-08-13",,,,,,
"US1ILCK0050","PALOS PARK 1.3 SW, IL US","2020-08-14",,,,,,
"US1ILCK0050","PALOS PARK 1.3 SW, IL US","2020-08-15",,,,,,
"US1ILCK0050","PALOS PARK 1.3 SW, IL US","2020-08-16",,,,,,
"US1ILCK0050","PALOS PARK 1.3 SW, IL US","2020-08-17",,,,,,
"US1ILCK0050","PALOS PARK 1.3 SW, IL US","2020-08-18",,,,,,
"US1ILCK0050","PALOS PARK 1.3 SW, IL US","2020-08-19",,,,,,
"US1ILCK0050","PALOS PARK 1.3 SW, IL US","2020-08-20",,,,,,
"US1ILCK0050","PALOS PARK 1.3 SW, IL US","2020-08-21",,,,,,
"US1ILCK0050","PALOS PARK 1.3 SW, IL US","2020-08-22",,,,,,
"US1ILCK0050","PALOS PARK 1.3 SW, IL US","2020-08-23",,,,,,
"US1ILCK0050","PALOS PARK 1.3 SW, IL US","2020-08-24",,,,,,
"US1ILCK0050","PALOS PARK 1.3 SW, IL US","2020-08-25",,,,,,
"US1ILCK0050","PALOS PARK 1.3 SW, IL US","2020-08-26",,,,,,
"US1ILCK0050","PALOS PARK 1.3 SW, IL US","2020-08-27",,,,,,
"US1ILCK0050","PALOS PARK 1.3 SW, IL US","2020-08-28",,,,,,
"US1ILCK0050","PALOS PARK 1.3 SW, IL US","2020-08-29",,,,,,
"US1ILCK0050","PALOS PARK 1.3 SW, IL US","2020-08-30",,,,,,
"US1ILCK0050","PALOS PARK 1.3 SW, IL US","2020-08-31",,,,,,
"US1ILCK0050","PALOS PARK 1.3 SW, IL US","2020-09-01",,,,,,
"US1ILCK0050","PALOS PARK 1.3 SW, IL US","2020-09-02",,,,,,
"US1ILCK0050","PALOS PARK 1.3 SW, IL US","2020-09-03",,,,,,
"US1ILCK0050","PALOS PARK 1.3 SW, IL US","2020-09-04",,,,,,
"US1ILCK0050","PALOS PARK 1.3 SW, IL US","2020-09-05",,,,,,
"US1ILCK0050","PALOS PARK 1.3 SW, IL US","2020-09-06",,,,,,
"US1ILCK0050","PALOS PARK 1.3 SW, IL US","2020-09-07",,,,,,
"US1ILCK0050","PALOS PARK 1.3 SW, IL US","2020-09-08",,,,,,
"US1ILWL0140","CRETE 3.7 SSE, IL US","2019-10-01",,,,,,
"US1ILWL0140","CRETE 3.7 SSE, IL US","2019-10-02",,,,,,
"US1ILWL0140","CRETE 3.7 SSE, IL US","2019-10-03",,,,,,
"US1ILWL0140","CRETE 3.7 SSE, IL US","2019-10-04",,,,,,
"US1ILWL0140","CRETE 3.7 SSE, IL US","2019-10-05",,,,,,
"US1ILWL0140","CRETE 3.7 SSE, IL US","2019-10-06",,,,,,
"US1ILWL0140","CRETE 3.7 SSE, IL US","2019-10-07",,,,,,
"US1ILWL0140","CRETE 3.7 SSE, IL US","2019-10-08",,,,,,
"US1ILWL0140","CRETE 3.7 SSE, IL US","2019-10-09",,,,,,
"US1ILWL0140","CRETE 3.7 SSE, IL US","2019-10-10",,,,,,
"US1ILWL0140","CRETE 3.7 SSE, IL US","2019-10-11",,,,,,
"US1ILWL0140","CRETE 3.7 SSE, IL US","2019-10-12",,,,,,
"US1ILWL0140","CRETE 3.7 SSE, IL US","2019-10-13",,,,,,
"US1ILWL0140","CRETE 3.7 SSE, IL US","2019-10-14",,,,,,
"US1ILWL0140","CRETE 3.7 SSE, IL US","2019-10-15",,,,,,
"US1ILWL0140","CRETE 3.7 SSE, IL US","2019-10-16",,,,,,
"US1ILWL0140","CRETE 3.7 SSE, IL US","2019-10-17",,,,,,
"US1ILWL0140","CRETE 3.7 SSE, IL US","2019-10-18",,,,,,
"US1ILWL0140","CRETE 3.7 SSE, IL US","2019-10-19",,,,,,
"US1ILWL0140","CRETE 3.7 SSE, IL US","2019-10-22",,,,,,
"US1ILWL0140","CRETE 3.7 SSE, IL US","2019-10-23",,,,,,
"US1ILWL0140","CRETE 3.7 SSE, IL US","2019-10-24",,,,,,
"US1ILWL0140","CRETE 3.7 SSE, IL US","2019-10-25",,,,,,
"US1ILWL0140","CRETE 3.7 SSE, IL US","2019-10-26",,,,,,
"US1ILWL0140","CRETE 3.7 SSE, IL US","2019-10-27",,,,,,
"US1ILWL0140","CRETE 3.7 SSE, IL US","2019-10-29",,,,,,
"US1ILWL0140","CRETE 3.7 SSE, IL US","2019-10-30",,,,,,
"US1ILWL0140","CRETE 3.7 SSE, IL US","2019-10-31",,,,,,
"US1ILWL0140","CRETE 3.7 SSE, IL US","2019-11-01",,,,,,
"US1ILWL0140","CRETE 3.7 SSE, IL US","2019-11-02",,,,,,
"US1ILWL0140","CRETE 3.7 SSE, IL US","2019-11-03",,,,,,
"US1ILWL0140","CRETE 3.7 SSE, IL US","2019-11-04",,,,,,
"US1ILWL0140","CRETE 3.7 SSE, IL US","2019-11-05",,,,,,
"US1ILWL0140","CRETE 3.7 SSE, IL US","2019-11-06",,,,,,
"US1ILWL0140","CRETE 3.7 SSE, IL US","2019-11-07",,,,,,
"US1ILWL0140","CRETE 3.7 SSE, IL US","2019-11-08",,,,,,
"US1ILWL0140","CRETE 3.7 SSE, IL US","2019-11-09",,,,,,
"US1ILWL0140","CRETE 3.7 SSE, IL US","2019-11-10",,,,,,
"US1ILWL0140","CRETE 3.7 SSE, IL US","2019-11-11",,,,,,
"US1ILWL0140","CRETE 3.7 SSE, IL US","2019-11-12",,,,,,
"US1ILWL0140","CRETE 3.7 SSE, IL US","2019-11-13",,,,,,
"US1ILWL0140","CRETE 3.7 SSE, IL US","2019-11-14",,,,,,
"US1ILWL0140","CRETE 3.7 SSE, IL US","2019-11-15",,,,,,
"US1ILWL0140","CRETE 3.7 SSE, IL US","2019-11-16",,,,,,
"US1ILWL0140","CRETE 3.7 SSE, IL US","2019-11-17",,,,,,
"US1ILWL0140","CRETE 3.7 SSE, IL US","2019-11-18",,,,,,
"US1ILWL0140","CRETE 3.7 SSE, IL US","2019-11-19",,,,,,
"US1ILWL0140","CRETE 3.7 SSE, IL US","2019-11-20",,,,,,
"US1ILWL0140","CRETE 3.7 SSE, IL US","2019-11-21",,,,,,
"US1ILWL0140","CRETE 3.7 SSE, IL US","2019-11-22",,,,,,
"US1ILWL0140","CRETE 3.7 SSE, IL US","2019-11-23",,,,,,
"US1ILWL0140","CRETE 3.7 SSE, IL US","2019-11-24",,,,,,
"US1ILWL0140","CRETE 3.7 SSE, IL US","2019-11-25",,,,,,
"US1ILWL0140","CRETE 3.7 SSE, IL US","2019-11-26",,,,,,
"US1ILWL0140","CRETE 3.7 SSE, IL US","2019-11-27",,,,,,
"US1ILWL0140","CRETE 3.7 SSE, IL US","2019-11-28",,,,,,
"US1ILWL0140","CRETE 3.7 SSE, IL US","2019-11-29",,,,,,
"US1ILWL0140","CRETE 3.7 SSE, IL US","2019-11-30",,,,,,
"US1ILWL0140","CRETE 3.7 SSE, IL US","2019-12-01",,,,,,
"US1ILWL0140","CRETE 3.7 SSE, IL US","2019-12-02",,,,,,
"US1ILWL0140","CRETE 3.7 SSE, IL US","2019-12-03",,,,,,
"US1ILWL0140","CRETE 3.7 SSE, IL US","2019-12-04",,,,,,
"US1ILWL0140","CRETE 3.7 SSE, IL US","2019-12-05",,,,,,
"US1ILWL0140","CRETE 3.7 SSE, IL US","2019-12-06",,,,,,
"US1ILWL0140","CRETE 3.7 SSE, IL US","2019-12-07",,,,,,
"US1ILWL0140","CRETE 3.7 SSE, IL US","2019-12-08",,,,,,
"US1ILWL0140","CRETE 3.7 SSE, IL US","2019-12-10",,,,,,
"US1ILWL0140","CRETE 3.7 SSE, IL US","2019-12-12",,,,,,
"US1ILWL0140","CRETE 3.7 SSE, IL US","2019-12-13",,,,,,
"US1ILWL0140","CRETE 3.7 SSE, IL US","2019-12-14",,,,,,
"US1ILWL0140","CRETE 3.7 SSE, IL US","2019-12-15",,,,,,
"US1ILWL0140","CRETE 3.7 SSE, IL US","2019-12-28",,,,,,
"US1ILWL0140","CRETE 3.7 SSE, IL US","2019-12-29",,,,,,
"US1ILWL0140","CRETE 3.7 SSE, IL US","2019-12-31",,,,,,
"US1ILWL0140","CRETE 3.7 SSE, IL US","2020-01-01",,,,,,
"US1ILWL0140","CRETE 3.7 SSE, IL US","2020-01-02",,,,,,
"US1ILWL0140","CRETE 3.7 SSE, IL US","2020-01-04",,,,,,
"US1ILWL0140","CRETE 3.7 SSE, IL US","2020-01-05",,,,,,
"US1ILWL0140","CRETE 3.7 SSE, IL US","2020-01-10",,,,,,
"US1ILWL0140","CRETE 3.7 SSE, IL US","2020-01-11",,,,,,
"US1ILWL0140","CRETE 3.7 SSE, IL US","2020-01-12",,,,,,
"US1ILWL0140","CRETE 3.7 SSE, IL US","2020-01-13",,,,,,
"US1ILWL0140","CRETE 3.7 SSE, IL US","2020-01-14",,,,,,
"US1ILWL0140","CRETE 3.7 SSE, IL US","2020-01-15",,,,,,
"US1ILWL0140","CRETE 3.7 SSE, IL US","2020-01-16",,,,,,
"US1ILWL0140","CRETE 3.7 SSE, IL US","2020-01-17",,,,,,
"US1ILWL0140","CRETE 3.7 SSE, IL US","2020-01-21",,,,,,
"US1ILWL0140","CRETE 3.7 SSE, IL US","2020-01-22",,,,,,
"US1ILWL0140","CRETE 3.7 SSE, IL US","2020-01-24",,,,,,
"US1ILWL0140","CRETE 3.7 SSE, IL US","2020-01-26",,,,,,
"US1ILWL0140","CRETE 3.7 SSE, IL US","2020-01-27",,,,,,
"US1ILWL0140","CRETE 3.7 SSE, IL US","2020-01-28",,,,,,
"US1ILWL0140","CRETE 3.7 SSE, IL US","2020-01-29",,,,,,
"US1ILWL0140","CRETE 3.7 SSE, IL US","2020-01-31",,,,,,
"US1ILWL0140","CRETE 3.7 SSE, IL US","2020-02-01",,,,,,
"US1ILWL0140","CRETE 3.7 SSE, IL US","2020-02-02",,,,,,
"US1ILWL0140","CRETE 3.7 SSE, IL US","2020-02-03",,,,,,
"US1ILWL0140","CRETE 3.7 SSE, IL US","2020-02-04",,,,,,
"US1ILWL0140","CRETE 3.7 SSE, IL US","2020-02-05",,,,,,
"US1ILWL0140","CRETE 3.7 SSE, IL US","2020-02-08",,,,,,
"US1ILWL0140","CRETE 3.7 SSE, IL US","2020-02-11",,,,,,
"US1ILWL0140","CRETE 3.7 SSE, IL US","2020-02-12",,,,,,
"US1ILWL0140","CRETE 3.7 SSE, IL US","2020-02-14",,,,,,
"US1ILWL0140","CRETE 3.7 SSE, IL US","2020-02-15",,,,,,
"US1ILWL0140","CRETE 3.7 SSE, IL US","2020-02-16",,,,,,
"US1ILWL0140","CRETE 3.7 SSE, IL US","2020-02-17",,,,,,
"US1ILWL0140","CRETE 3.7 SSE, IL US","2020-02-18",,,,,,
"US1ILWL0140","CRETE 3.7 SSE, IL US","2020-02-19",,,,,,
"US1ILWL0140","CRETE 3.7 SSE, IL US","2020-02-20",,,,,,
"US1ILWL0140","CRETE 3.7 SSE, IL US","2020-02-21",,,,,,
"US1ILWL0140","CRETE 3.7 SSE, IL US","2020-02-22",,,,,,
"US1ILWL0140","CRETE 3.7 SSE, IL US","2020-02-23",,,,,,
"US1ILWL0140","CRETE 3.7 SSE, IL US","2020-02-24",,,,,,
"US1ILWL0140","CRETE 3.7 SSE, IL US","2020-02-25",,,,,,
"US1ILWL0140","CRETE 3.7 SSE, IL US","2020-02-27",,,,,,
"US1ILWL0140","CRETE 3.7 SSE, IL US","2020-02-28",,,,,,
"US1ILWL0140","CRETE 3.7 SSE, IL US","2020-02-29",,,,,,
"US1ILWL0140","CRETE 3.7 SSE, IL US","2020-03-01",,,,,,
"US1ILWL0140","CRETE 3.7 SSE, IL US","2020-03-02",,,,,,
"US1ILWL0140","CRETE 3.7 SSE, IL US","2020-03-03",,,,,,
"US1ILWL0140","CRETE 3.7 SSE, IL US","2020-03-04",,,,,,
"US1ILWL0140","CRETE 3.7 SSE, IL US","2020-03-05",,,,,,
"US1ILWL0140","CRETE 3.7 SSE, IL US","2020-03-06",,,,,,
"US1ILWL0140","CRETE 3.7 SSE, IL US","2020-03-07",,,,,,
"US1ILWL0140","CRETE 3.7 SSE, IL US","2020-03-08",,,,,,
"US1ILWL0140","CRETE 3.7 SSE, IL US","2020-03-09",,,,,,
"US1ILWL0140","CRETE 3.7 SSE, IL US","2020-03-10",,,,,,
"US1ILWL0140","CRETE 3.7 SSE, IL US","2020-03-11",,,,,,
"US1ILWL0140","CRETE 3.7 SSE, IL US","2020-03-12",,,,,,
"US1ILWL0140","CRETE 3.7 SSE, IL US","2020-03-13",,,,,,
"US1ILWL0140","CRETE 3.7 SSE, IL US","2020-03-14",,,,,,
"US1ILWL0140","CRETE 3.7 SSE, IL US","2020-03-15",,,,,,
"US1ILWL0140","CRETE 3.7 SSE, IL US","2020-03-16",,,,,,
"US1ILWL0140","CRETE 3.7 SSE, IL US","2020-03-17",,,,,,
"US1ILWL0140","CRETE 3.7 SSE, IL US","2020-03-18",,,,,,
"US1ILWL0140","CRETE 3.7 SSE, IL US","2020-03-19",,,,,,
"US1ILWL0140","CRETE 3.7 SSE, IL US","2020-03-20",,,,,,
"US1ILWL0140","CRETE 3.7 SSE, IL US","2020-03-22",,,,,,
"US1ILWL0140","CRETE 3.7 SSE, IL US","2020-03-24",,,,,,
"US1ILWL0140","CRETE 3.7 SSE, IL US","2020-03-26",,,,,,
"US1ILWL0140","CRETE 3.7 SSE, IL US","2020-03-28",,,,,,
"US1ILWL0140","CRETE 3.7 SSE, IL US","2020-03-31",,,,,,
"US1ILWL0140","CRETE 3.7 SSE, IL US","2020-04-01",,,,,,
"US1ILWL0140","CRETE 3.7 SSE, IL US","2020-04-02",,,,,,
"US1ILWL0140","CRETE 3.7 SSE, IL US","2020-04-03",,,,,,
"US1ILWL0140","CRETE 3.7 SSE, IL US","2020-04-04",,,,,,
"US1ILWL0140","CRETE 3.7 SSE, IL US","2020-04-05",,,,,,
"US1ILWL0140","CRETE 3.7 SSE, IL US","2020-04-06",,,,,,
"US1ILWL0140","CRETE 3.7 SSE, IL US","2020-04-07",,,,,,
"US1ILWL0140","CRETE 3.7 SSE, IL US","2020-04-08",,,,,,
"US1ILWL0140","CRETE 3.7 SSE, IL US","2020-04-09",,,,,,
"US1ILWL0140","CRETE 3.7 SSE, IL US","2020-04-10",,,,,,
"US1ILWL0140","CRETE 3.7 SSE, IL US","2020-04-12",,,,,,
"US1ILWL0140","CRETE 3.7 SSE, IL US","2020-04-13",,,,,,
"US1ILWL0140","CRETE 3.7 SSE, IL US","2020-04-16",,,,,,
"US1ILWL0140","CRETE 3.7 SSE, IL US","2020-04-17",,,,,,
"US1ILWL0140","CRETE 3.7 SSE, IL US","2020-04-18",,,,,,
"US1ILWL0140","CRETE 3.7 SSE, IL US","2020-04-19",,,,,,
"US1ILWL0140","CRETE 3.7 SSE, IL US","2020-04-20",,,,,,
"US1ILWL0140","CRETE 3.7 SSE, IL US","2020-04-21",,,,,,
"US1ILWL0140","CRETE 3.7 SSE, IL US","2020-04-22",,,,,,
"US1ILWL0140","CRETE 3.7 SSE, IL US","2020-04-23",,,,,,
"US1ILWL0140","CRETE 3.7 SSE, IL US","2020-04-26",,,,,,
"US1ILWL0140","CRETE 3.7 SSE, IL US","2020-04-27",,,,,,
"US1ILWL0140","CRETE 3.7 SSE, IL US","2020-04-28",,,,,,
"US1ILWL0140","CRETE 3.7 SSE, IL US","2020-04-29",,,,,,
"US1ILWL0140","CRETE 3.7 SSE, IL US","2020-04-30",,,,,,
"US1ILWL0140","CRETE 3.7 SSE, IL US","2020-05-01",,,,,,
"US1ILWL0140","CRETE 3.7 SSE, IL US","2020-05-02",,,,,,
"US1ILWL0140","CRETE 3.7 SSE, IL US","2020-05-03",,,,,,
"US1ILWL0140","CRETE 3.7 SSE, IL US","2020-05-05",,,,,,
"US1ILWL0140","CRETE 3.7 SSE, IL US","2020-05-06",,,,,,
"US1ILWL0140","CRETE 3.7 SSE, IL US","2020-05-08",,,,,,
"US1ILWL0140","CRETE 3.7 SSE, IL US","2020-05-11",,,,,,
"US1ILWL0140","CRETE 3.7 SSE, IL US","2020-05-12",,,,,,
"US1ILWL0140","CRETE 3.7 SSE, IL US","2020-05-13",,,,,,
"US1ILWL0140","CRETE 3.7 SSE, IL US","2020-05-15",,,,,,
"US1ILWL0140","CRETE 3.7 SSE, IL US","2020-05-16",,,,,,
"US1ILWL0140","CRETE 3.7 SSE, IL US","2020-05-18",,,,,,
"US1ILWL0140","CRETE 3.7 SSE, IL US","2020-05-19",,,,,,
"US1ILWL0140","CRETE 3.7 SSE, IL US","2020-05-20",,,,,,
"US1ILWL0140","CRETE 3.7 SSE, IL US","2020-05-21",,,,,,
"US1ILWL0140","CRETE 3.7 SSE, IL US","2020-05-24",,,,,,
"US1ILWL0140","CRETE 3.7 SSE, IL US","2020-05-30",,,,,,
"US1ILWL0140","CRETE 3.7 SSE, IL US","2020-05-31",,,,,,
"US1ILWL0140","CRETE 3.7 SSE, IL US","2020-06-01",,,,,,
"US1ILWL0140","CRETE 3.7 SSE, IL US","2020-06-02",,,,,,
"US1ILWL0140","CRETE 3.7 SSE, IL US","2020-06-03",,,,,,
"US1ILWL0140","CRETE 3.7 SSE, IL US","2020-06-04",,,,,,
"US1ILWL0140","CRETE 3.7 SSE, IL US","2020-06-05",,,,,,
"US1ILWL0140","CRETE 3.7 SSE, IL US","2020-06-06",,,,,,
"US1ILWL0140","CRETE 3.7 SSE, IL US","2020-06-07",,,,,,
"US1ILWL0140","CRETE 3.7 SSE, IL US","2020-06-08",,,,,,
"US1ILWL0140","CRETE 3.7 SSE, IL US","2020-06-09",,,,,,
"US1ILWL0140","CRETE 3.7 SSE, IL US","2020-06-10",,,,,,
"US1ILWL0140","CRETE 3.7 SSE, IL US","2020-06-11",,,,,,
"US1ILWL0140","CRETE 3.7 SSE, IL US","2020-06-13",,,,,,
"US1ILWL0140","CRETE 3.7 SSE, IL US","2020-06-14",,,,,,
"US1ILWL0140","CRETE 3.7 SSE, IL US","2020-06-15",,,,,,
"US1ILWL0140","CRETE 3.7 SSE, IL US","2020-06-16",,,,,,
"US1ILWL0140","CRETE 3.7 SSE, IL US","2020-06-18",,,,,,
"US1ILWL0140","CRETE 3.7 SSE, IL US","2020-06-19",,,,,,
"US1ILWL0140","CRETE 3.7 SSE, IL US","2020-06-20",,,,,,
"US1ILWL0140","CRETE 3.7 SSE, IL US","2020-06-21",,,,,,
"US1ILWL0140","CRETE 3.7 SSE, IL US","2020-06-22",,,,,,
"US1ILWL0140","CRETE 3.7 SSE, IL US","2020-06-23",,,,,,
"US1ILWL0140","CRETE 3.7 SSE, IL US","2020-06-24",,,,,,
"US1ILWL0140","CRETE 3.7 SSE, IL US","2020-06-30",,,,,,
"US1ILWL0140","CRETE 3.7 SSE, IL US","2020-07-02",,,,,,
"US1ILWL0140","CRETE 3.7 SSE, IL US","2020-07-03",,,,,,
"US1ILWL0140","CRETE 3.7 SSE, IL US","2020-07-04",,,,,,
"US1ILWL0140","CRETE 3.7 SSE, IL US","2020-07-05",,,,,,
"US1ILWL0140","CRETE 3.7 SSE, IL US","2020-07-06",,,,,,
"US1ILWL0140","CRETE 3.7 SSE, IL US","2020-07-07",,,,,,
"US1ILWL0140","CRETE 3.7 SSE, IL US","2020-07-08",,,,,,
"US1ILWL0140","CRETE 3.7 SSE, IL US","2020-07-11",,,,,,
"US1ILWL0140","CRETE 3.7 SSE, IL US","2020-07-13",,,,,,
"US1ILWL0140","CRETE 3.7 SSE, IL US","2020-07-14",,,,,,
"US1ILWL0140","CRETE 3.7 SSE, IL US","2020-07-15",,,,,,
"US1ILWL0140","CRETE 3.7 SSE, IL US","2020-07-16",,,,,,
"US1ILWL0140","CRETE 3.7 SSE, IL US","2020-07-17",,,,,,
"US1ILWL0140","CRETE 3.7 SSE, IL US","2020-07-18",,,,,,
"US1ILWL0140","CRETE 3.7 SSE, IL US","2020-07-19",,,,,,
"US1ILWL0140","CRETE 3.7 SSE, IL US","2020-07-20",,,,,,
"US1ILWL0140","CRETE 3.7 SSE, IL US","2020-07-22",,,,,,
"US1ILWL0140","CRETE 3.7 SSE, IL US","2020-07-23",,,,,,
"US1ILWL0140","CRETE 3.7 SSE, IL US","2020-07-24",,,,,,
"US1ILWL0140","CRETE 3.7 SSE, IL US","2020-07-25",,,,,,
"US1ILWL0140","CRETE 3.7 SSE, IL US","2020-07-26",,,,,,
"US1ILWL0140","CRETE 3.7 SSE, IL US","2020-07-27",,,,,,
"US1ILWL0140","CRETE 3.7 SSE, IL US","2020-07-28",,,,,,
"US1ILWL0140","CRETE 3.7 SSE, IL US","2020-07-29",,,,,,
"US1ILWL0140","CRETE 3.7 SSE, IL US","2020-07-30",,,,,,
"US1ILWL0140","CRETE 3.7 SSE, IL US","2020-08-02",,,,,,
"US1ILWL0140","CRETE 3.7 SSE, IL US","2020-08-04",,,,,,
"US1ILWL0140","CRETE 3.7 SSE, IL US","2020-08-05",,,,,,
"US1ILWL0140","CRETE 3.7 SSE, IL US","2020-08-06",,,,,,
"US1ILWL0140","CRETE 3.7 SSE, IL US","2020-08-07",,,,,,
"US1ILWL0140","CRETE 3.7 SSE, IL US","2020-08-08",,,,,,
"US1ILWL0140","CRETE 3.7 SSE, IL US","2020-08-09",,,,,,
"US1ILWL0140","CRETE 3.7 SSE, IL US","2020-08-10",,,,,,
"US1ILWL0140","CRETE 3.7 SSE, IL US","2020-08-11",,,,,,
"US1ILWL0140","CRETE 3.7 SSE, IL US","2020-08-12",,,,,,
"US1ILWL0140","CRETE 3.7 SSE, IL US","2020-08-13",,,,,,
"US1ILWL0140","CRETE 3.7 SSE, IL US","2020-08-14",,,,,,
"US1ILWL0140","CRETE 3.7 SSE, IL US","2020-08-15",,,,,,
"US1ILWL0140","CRETE 3.7 SSE, IL US","2020-08-16",,,,,,
"US1ILWL0140","CRETE 3.7 SSE, IL US","2020-08-17",,,,,,
"US1ILWL0140","CRETE 3.7 SSE, IL US","2020-08-18",,,,,,
"US1ILWL0140","CRETE 3.7 SSE, IL US","2020-08-19",,,,,,
"US1ILWL0140","CRETE 3.7 SSE, IL US","2020-08-20",,,,,,
"US1ILWL0140","CRETE 3.7 SSE, IL US","2020-08-21",,,,,,
"US1ILWL0140","CRETE 3.7 SSE, IL US","2020-08-22",,,,,,
"US1ILWL0140","CRETE 3.7 SSE, IL US","2020-08-27",,,,,,
"US1ILWL0140","CRETE 3.7 SSE, IL US","2020-08-28",,,,,,
"US1ILWL0140","CRETE 3.7 SSE, IL US","2020-08-29",,,,,,
"US1ILWL0140","CRETE 3.7 SSE, IL US","2020-08-30",,,,,,
"US1ILWL0140","CRETE 3.7 SSE, IL US","2020-09-02",,,,,,
"US1ILWL0140","CRETE 3.7 SSE, IL US","2020-09-03",,,,,,
"US1ILWL0140","CRETE 3.7 SSE, IL US","2020-09-05",,,,,,
"US1INLK0015","DYER 1.0 WNW, IN US","2019-10-01",,,,,,
"US1INLK0015","DYER 1.0 WNW, IN US","2019-10-02",,,,,,
"US1INLK0015","DYER 1.0 WNW, IN US","2019-10-03",,,,,,
"US1INLK0015","DYER 1.0 WNW, IN US","2019-10-04",,,,,,
"US1INLK0015","DYER 1.0 WNW, IN US","2019-10-05",,,,,,
"US1INLK0015","DYER 1.0 WNW, IN US","2019-10-06",,,,,,
"US1INLK0015","DYER 1.0 WNW, IN US","2019-10-07",,,,,,
"US1INLK0015","DYER 1.0 WNW, IN US","2019-10-08",,,,,,
"US1INLK0015","DYER 1.0 WNW, IN US","2019-10-09",,,,,,
"US1INLK0015","DYER 1.0 WNW, IN US","2019-10-10",,,,,,
"US1INLK0015","DYER 1.0 WNW, IN US","2019-10-11",,,,,,
"US1INLK0015","DYER 1.0 WNW, IN US","2019-10-12",,,,,,
"US1INLK0015","DYER 1.0 WNW, IN US","2019-10-13",,,,,,
"US1INLK0015","DYER 1.0 WNW, IN US","2019-10-14",,,,,,
"US1INLK0015","DYER 1.0 WNW, IN US","2019-10-15",,,,,,
"US1INLK0015","DYER 1.0 WNW, IN US","2019-10-16",,,,,,
"US1INLK0015","DYER 1.0 WNW, IN US","2019-10-17",,,,,,
"US1INLK0015","DYER 1.0 WNW, IN US","2019-10-18",,,,,,
"US1INLK0015","DYER 1.0 WNW, IN US","2019-10-19",,,,,,
"US1INLK0015","DYER 1.0 WNW, IN US","2019-10-20",,,,,,
"US1INLK0015","DYER 1.0 WNW, IN US","2019-10-21",,,,,,
"US1INLK0015","DYER 1.0 WNW, IN US","2019-10-22",,,,,,
"US1INLK0015","DYER 1.0 WNW, IN US","2019-10-23",,,,,,
"US1INLK0015","DYER 1.0 WNW, IN US","2019-10-24",,,,,,
"US1INLK0015","DYER 1.0 WNW, IN US","2019-10-25",,,,,,
"US1INLK0015","DYER 1.0 WNW, IN US","2019-10-26",,,,,,
"US1INLK0015","DYER 1.0 WNW, IN US","2019-10-27",,,,,,
"US1INLK0015","DYER 1.0 WNW, IN US","2019-10-28",,,,,,
"US1INLK0015","DYER 1.0 WNW, IN US","2019-10-29",,,,,,
"US1INLK0015","DYER 1.0 WNW, IN US","2019-10-30",,,,,,
"US1INLK0015","DYER 1.0 WNW, IN US","2019-10-31",,,,,,
"US1INLK0015","DYER 1.0 WNW, IN US","2019-11-01",,,,,,
"US1INLK0015","DYER 1.0 WNW, IN US","2019-11-02",,,,,,
"US1INLK0015","DYER 1.0 WNW, IN US","2019-11-03",,,,,,
"US1INLK0015","DYER 1.0 WNW, IN US","2019-11-04",,,,,,
"US1INLK0015","DYER 1.0 WNW, IN US","2019-11-05",,,,,,
"US1INLK0015","DYER 1.0 WNW, IN US","2019-11-06",,,,,,
"US1INLK0015","DYER 1.0 WNW, IN US","2019-11-07",,,,,,
"US1INLK0015","DYER 1.0 WNW, IN US","2019-11-08",,,,,,
"US1INLK0015","DYER 1.0 WNW, IN US","2019-11-09",,,,,,
"US1INLK0015","DYER 1.0 WNW, IN US","2019-11-10",,,,,,
"US1INLK0015","DYER 1.0 WNW, IN US","2019-11-11",,,,,,
"US1INLK0015","DYER 1.0 WNW, IN US","2019-11-12",,,,,,
"US1INLK0015","DYER 1.0 WNW, IN US","2019-11-13",,,,,,
"US1INLK0015","DYER 1.0 WNW, IN US","2019-11-14",,,,,,
"US1INLK0015","DYER 1.0 WNW, IN US","2019-11-15",,,,,,
"US1INLK0015","DYER 1.0 WNW, IN US","2019-11-16",,,,,,
"US1INLK0015","DYER 1.0 WNW, IN US","2019-11-17",,,,,,
"US1INLK0015","DYER 1.0 WNW, IN US","2019-11-18",,,,,,
"US1INLK0015","DYER 1.0 WNW, IN US","2019-11-19",,,,,,
"US1INLK0015","DYER 1.0 WNW, IN US","2019-11-20",,,,,,
"US1INLK0015","DYER 1.0 WNW, IN US","2019-11-21",,,,,,
"US1INLK0015","DYER 1.0 WNW, IN US","2019-11-22",,,,,,
"US1INLK0015","DYER 1.0 WNW, IN US","2019-11-23",,,,,,
"US1INLK0015","DYER 1.0 WNW, IN US","2019-11-24",,,,,,
"US1INLK0015","DYER 1.0 WNW, IN US","2019-11-25",,,,,,
"US1INLK0015","DYER 1.0 WNW, IN US","2019-11-26",,,,,,
"US1INLK0015","DYER 1.0 WNW, IN US","2019-11-27",,,,,,
"US1INLK0015","DYER 1.0 WNW, IN US","2019-11-28",,,,,,
"US1INLK0015","DYER 1.0 WNW, IN US","2019-11-29",,,,,,
"US1INLK0015","DYER 1.0 WNW, IN US","2019-11-30",,,,,,
"US1INLK0015","DYER 1.0 WNW, IN US","2019-12-01",,,,,,
"US1INLK0015","DYER 1.0 WNW, IN US","2019-12-02",,,,,,
"US1INLK0015","DYER 1.0 WNW, IN US","2019-12-03",,,,,,
"US1INLK0015","DYER 1.0 WNW, IN US","2019-12-04",,,,,,
"US1INLK0015","DYER 1.0 WNW, IN US","2019-12-05",,,,,,
"US1INLK0015","DYER 1.0 WNW, IN US","2019-12-06",,,,,,
"US1INLK0015","DYER 1.0 WNW, IN US","2019-12-07",,,,,,
"US1INLK0015","DYER 1.0 WNW, IN US","2019-12-08",,,,,,
"US1INLK0015","DYER 1.0 WNW, IN US","2019-12-09",,,,,,
"US1INLK0015","DYER 1.0 WNW, IN US","2019-12-10",,,,,,
"US1INLK0015","DYER 1.0 WNW, IN US","2019-12-11",,,,,,
"US1INLK0015","DYER 1.0 WNW, IN US","2019-12-12",,,,,,
"US1INLK0015","DYER 1.0 WNW, IN US","2019-12-13",,,,,,
"US1INLK0015","DYER 1.0 WNW, IN US","2019-12-14",,,,,,
"US1INLK0015","DYER 1.0 WNW, IN US","2019-12-15",,,,,,
"US1INLK0015","DYER 1.0 WNW, IN US","2019-12-16",,,,,,
"US1INLK0015","DYER 1.0 WNW, IN US","2019-12-17",,,,,,
"US1INLK0015","DYER 1.0 WNW, IN US","2019-12-18",,,,,,
"US1INLK0015","DYER 1.0 WNW, IN US","2019-12-19",,,,,,
"US1INLK0015","DYER 1.0 WNW, IN US","2019-12-20",,,,,,
"US1INLK0015","DYER 1.0 WNW, IN US","2019-12-21",,,,,,
"US1INLK0015","DYER 1.0 WNW, IN US","2019-12-22",,,,,,
"US1INLK0015","DYER 1.0 WNW, IN US","2019-12-23",,,,,,
"US1INLK0015","DYER 1.0 WNW, IN US","2019-12-24",,,,,,
"US1INLK0015","DYER 1.0 WNW, IN US","2019-12-25",,,,,,
"US1INLK0015","DYER 1.0 WNW, IN US","2019-12-26",,,,,,
"US1INLK0015","DYER 1.0 WNW, IN US","2019-12-27",,,,,,
"US1INLK0015","DYER 1.0 WNW, IN US","2019-12-28",,,,,,
"US1INLK0015","DYER 1.0 WNW, IN US","2019-12-29",,,,,,
"US1INLK0015","DYER 1.0 WNW, IN US","2019-12-30",,,,,,
"US1INLK0015","DYER 1.0 WNW, IN US","2019-12-31",,,,,,
"US1INLK0015","DYER 1.0 WNW, IN US","2020-01-01",,,,,,
"US1INLK0015","DYER 1.0 WNW, IN US","2020-01-02",,,,,,
"US1INLK0015","DYER 1.0 WNW, IN US","2020-01-03",,,,,,
"US1INLK0015","DYER 1.0 WNW, IN US","2020-01-04",,,,,,
"US1INLK0015","DYER 1.0 WNW, IN US","2020-01-05",,,,,,
"US1INLK0015","DYER 1.0 WNW, IN US","2020-01-06",,,,,,
"US1INLK0015","DYER 1.0 WNW, IN US","2020-01-07",,,,,,
"US1INLK0015","DYER 1.0 WNW, IN US","2020-01-08",,,,,,
"US1INLK0015","DYER 1.0 WNW, IN US","2020-01-09",,,,,,
"US1INLK0015","DYER 1.0 WNW, IN US","2020-01-10",,,,,,
"US1INLK0015","DYER 1.0 WNW, IN US","2020-01-11",,,,,,
"US1INLK0015","DYER 1.0 WNW, IN US","2020-01-12",,,,,,
"US1INLK0015","DYER 1.0 WNW, IN US","2020-01-13",,,,,,
"US1INLK0015","DYER 1.0 WNW, IN US","2020-01-14",,,,,,
"US1INLK0015","DYER 1.0 WNW, IN US","2020-01-15",,,,,,
"US1INLK0015","DYER 1.0 WNW, IN US","2020-01-16",,,,,,
"US1INLK0015","DYER 1.0 WNW, IN US","2020-01-17",,,,,,
"US1INLK0015","DYER 1.0 WNW, IN US","2020-01-18",,,,,,
"US1INLK0015","DYER 1.0 WNW, IN US","2020-01-19",,,,,,
"US1INLK0015","DYER 1.0 WNW, IN US","2020-01-21",,,,,,
"US1INLK0015","DYER 1.0 WNW, IN US","2020-01-22",,,,,,
"US1INLK0015","DYER 1.0 WNW, IN US","2020-01-23",,,,,,
"US1INLK0015","DYER 1.0 WNW, IN US","2020-01-24",,,,,,
"US1INLK0015","DYER 1.0 WNW, IN US","2020-01-25",,,,,,
"US1INLK0015","DYER 1.0 WNW, IN US","2020-01-26",,,,,,
"US1INLK0015","DYER 1.0 WNW, IN US","2020-01-27",,,,,,
"US1INLK0015","DYER 1.0 WNW, IN US","2020-01-28",,,,,,
"US1INLK0015","DYER 1.0 WNW, IN US","2020-01-29",,,,,,
"US1INLK0015","DYER 1.0 WNW, IN US","2020-01-30",,,,,,
"US1INLK0015","DYER 1.0 WNW, IN US","2020-01-31",,,,,,
"US1INLK0015","DYER 1.0 WNW, IN US","2020-02-01",,,,,,
"US1INLK0015","DYER 1.0 WNW, IN US","2020-02-02",,,,,,
"US1INLK0015","DYER 1.0 WNW, IN US","2020-02-03",,,,,,
"US1INLK0015","DYER 1.0 WNW, IN US","2020-02-04",,,,,,
"US1INLK0015","DYER 1.0 WNW, IN US","2020-02-05",,,,,,
"US1INLK0015","DYER 1.0 WNW, IN US","2020-02-06",,,,,,
"US1INLK0015","DYER 1.0 WNW, IN US","2020-02-07",,,,,,
"US1INLK0015","DYER 1.0 WNW, IN US","2020-02-08",,,,,,
"US1INLK0015","DYER 1.0 WNW, IN US","2020-02-09",,,,,,
"US1INLK0015","DYER 1.0 WNW, IN US","2020-02-10",,,,,,
"US1INLK0015","DYER 1.0 WNW, IN US","2020-02-11",,,,,,
"US1INLK0015","DYER 1.0 WNW, IN US","2020-02-12",,,,,,
"US1INLK0015","DYER 1.0 WNW, IN US","2020-02-13",,,,,,
"US1INLK0015","DYER 1.0 WNW, IN US","2020-02-14",,,,,,
"US1INLK0015","DYER 1.0 WNW, IN US","2020-02-15",,,,,,
"US1INLK0015","DYER 1.0 WNW, IN US","2020-02-16",,,,,,
"US1INLK0015","DYER 1.0 WNW, IN US","2020-02-17",,,,,,
"US1INLK0015","DYER 1.0 WNW, IN US","2020-02-18",,,,,,
"US1INLK0015","DYER 1.0 WNW, IN US","2020-02-19",,,,,,
"US1INLK0015","DYER 1.0 WNW, IN US","2020-02-20",,,,,,
"US1INLK0015","DYER 1.0 WNW, IN US","2020-02-21",,,,,,
"US1INLK0015","DYER 1.0 WNW, IN US","2020-02-22",,,,,,
"US1INLK0015","DYER 1.0 WNW, IN US","2020-02-23",,,,,,
"US1INLK0015","DYER 1.0 WNW, IN US","2020-02-24",,,,,,
"US1INLK0015","DYER 1.0 WNW, IN US","2020-02-25",,,,,,
"US1INLK0015","DYER 1.0 WNW, IN US","2020-02-26",,,,,,
"US1INLK0015","DYER 1.0 WNW, IN US","2020-02-27",,,,,,
"US1INLK0015","DYER 1.0 WNW, IN US","2020-02-28",,,,,,
"US1INLK0015","DYER 1.0 WNW, IN US","2020-02-29",,,,,,
"US1INLK0015","DYER 1.0 WNW, IN US","2020-03-01",,,,,,
"US1INLK0015","DYER 1.0 WNW, IN US","2020-03-02",,,,,,
"US1INLK0015","DYER 1.0 WNW, IN US","2020-03-03",,,,,,
"US1INLK0015","DYER 1.0 WNW, IN US","2020-03-04",,,,,,
"US1INLK0015","DYER 1.0 WNW, IN US","2020-03-05",,,,,,
"US1INLK0015","DYER 1.0 WNW, IN US","2020-03-06",,,,,,
"US1INLK0015","DYER 1.0 WNW, IN US","2020-03-07",,,,,,
"US1INLK0015","DYER 1.0 WNW, IN US","2020-03-08",,,,,,
"US1INLK0015","DYER 1.0 WNW, IN US","2020-03-09",,,,,,
"US1INLK0015","DYER 1.0 WNW, IN US","2020-03-10",,,,,,
"US1INLK0015","DYER 1.0 WNW, IN US","2020-03-11",,,,,,
"US1INLK0015","DYER 1.0 WNW, IN US","2020-03-12",,,,,,
"US1INLK0015","DYER 1.0 WNW, IN US","2020-03-13",,,,,,
"US1INLK0015","DYER 1.0 WNW, IN US","2020-03-14",,,,,,
"US1INLK0015","DYER 1.0 WNW, IN US","2020-03-15",,,,,,
"US1INLK0015","DYER 1.0 WNW, IN US","2020-03-16",,,,,,
"US1INLK0015","DYER 1.0 WNW, IN US","2020-03-17",,,,,,
"US1INLK0015","DYER 1.0 WNW, IN US","2020-03-18",,,,,,
"US1INLK0015","DYER 1.0 WNW, IN US","2020-03-19",,,,,,
"US1INLK0015","DYER 1.0 WNW, IN US","2020-03-20",,,,,,
"US1INLK0015","DYER 1.0 WNW, IN US","2020-03-21",,,,,,
"US1INLK0015","DYER 1.0 WNW, IN US","2020-03-22",,,,,,
"US1INLK0015","DYER 1.0 WNW, IN US","2020-03-23",,,,,,
"US1INLK0015","DYER 1.0 WNW, IN US","2020-03-24",,,,,,
"US1INLK0015","DYER 1.0 WNW, IN US","2020-03-25",,,,,,
"US1INLK0015","DYER 1.0 WNW, IN US","2020-03-26",,,,,,
"US1INLK0015","DYER 1.0 WNW, IN US","2020-03-27",,,,,,
"US1INLK0015","DYER 1.0 WNW, IN US","2020-03-28",,,,,,
"US1INLK0015","DYER 1.0 WNW, IN US","2020-03-29",,,,,,
"US1INLK0015","DYER 1.0 WNW, IN US","2020-03-30",,,,,,
"US1INLK0015","DYER 1.0 WNW, IN US","2020-03-31",,,,,,
"US1INLK0015","DYER 1.0 WNW, IN US","2020-04-01",,,,,,
"US1INLK0015","DYER 1.0 WNW, IN US","2020-04-02",,,,,,
"US1INLK0015","DYER 1.0 WNW, IN US","2020-04-03",,,,,,
"US1INLK0015","DYER 1.0 WNW, IN US","2020-04-04",,,,,,
"US1INLK0015","DYER 1.0 WNW, IN US","2020-04-05",,,,,,
"US1INLK0015","DYER 1.0 WNW, IN US","2020-04-06",,,,,,
"US1INLK0015","DYER 1.0 WNW, IN US","2020-04-07",,,,,,
"US1INLK0015","DYER 1.0 WNW, IN US","2020-04-08",,,,,,
"US1INLK0015","DYER 1.0 WNW, IN US","2020-04-09",,,,,,
"US1INLK0015","DYER 1.0 WNW, IN US","2020-04-10",,,,,,
"US1INLK0015","DYER 1.0 WNW, IN US","2020-04-11",,,,,,
"US1INLK0015","DYER 1.0 WNW, IN US","2020-04-12",,,,,,
"US1INLK0015","DYER 1.0 WNW, IN US","2020-04-13",,,,,,
"US1INLK0015","DYER 1.0 WNW, IN US","2020-04-14",,,,,,
"US1INLK0015","DYER 1.0 WNW, IN US","2020-04-15",,,,,,
"US1INLK0015","DYER 1.0 WNW, IN US","2020-04-16",,,,,,
"US1INLK0015","DYER 1.0 WNW, IN US","2020-04-17",,,,,,
"US1INLK0015","DYER 1.0 WNW, IN US","2020-04-18",,,,,,
"US1INLK0015","DYER 1.0 WNW, IN US","2020-04-19",,,,,,
"US1INLK0015","DYER 1.0 WNW, IN US","2020-04-20",,,,,,
"US1INLK0015","DYER 1.0 WNW, IN US","2020-04-21",,,,,,
"US1INLK0015","DYER 1.0 WNW, IN US","2020-04-22",,,,,,
"US1INLK0015","DYER 1.0 WNW, IN US","2020-04-23",,,,,,
"US1INLK0015","DYER 1.0 WNW, IN US","2020-04-24",,,,,,
"US1INLK0015","DYER 1.0 WNW, IN US","2020-04-25",,,,,,
"US1INLK0015","DYER 1.0 WNW, IN US","2020-04-26",,,,,,
"US1INLK0015","DYER 1.0 WNW, IN US","2020-04-27",,,,,,
"US1INLK0015","DYER 1.0 WNW, IN US","2020-04-28",,,,,,
"US1INLK0015","DYER 1.0 WNW, IN US","2020-04-29",,,,,,
"US1INLK0015","DYER 1.0 WNW, IN US","2020-04-30",,,,,,
"US1INLK0015","DYER 1.0 WNW, IN US","2020-05-01",,,,,,
"US1INLK0015","DYER 1.0 WNW, IN US","2020-05-02",,,,,,
"US1INLK0015","DYER 1.0 WNW, IN US","2020-05-03",,,,,,
"US1INLK0015","DYER 1.0 WNW, IN US","2020-05-04",,,,,,
"US1INLK0015","DYER 1.0 WNW, IN US","2020-05-05",,,,,,
"US1INLK0015","DYER 1.0 WNW, IN US","2020-05-06",,,,,,
"US1INLK0015","DYER 1.0 WNW, IN US","2020-05-07",,,,,,
"US1INLK0015","DYER 1.0 WNW, IN US","2020-05-08",,,,,,
"US1INLK0015","DYER 1.0 WNW, IN US","2020-05-09",,,,,,
"US1INLK0015","DYER 1.0 WNW, IN US","2020-05-10",,,,,,
"US1INLK0015","DYER 1.0 WNW, IN US","2020-05-11",,,,,,
"US1INLK0015","DYER 1.0 WNW, IN US","2020-05-12",,,,,,
"US1INLK0015","DYER 1.0 WNW, IN US","2020-05-13",,,,,,
"US1INLK0015","DYER 1.0 WNW, IN US","2020-05-14",,,,,,
"US1INLK0015","DYER 1.0 WNW, IN US","2020-05-15",,,,,,
"US1INLK0015","DYER 1.0 WNW, IN US","2020-05-16",,,,,,
"US1INLK0015","DYER 1.0 WNW, IN US","2020-05-17",,,,,,
"US1INLK0015","DYER 1.0 WNW, IN US","2020-05-18",,,,,,
"US1INLK0015","DYER 1.0 WNW, IN US","2020-05-19",,,,,,
"US1INLK0015","DYER 1.0 WNW, IN US","2020-05-20",,,,,,
"US1INLK0015","DYER 1.0 WNW, IN US","2020-05-21",,,,,,
"US1INLK0015","DYER 1.0 WNW, IN US","2020-05-22",,,,,,
"US1INLK0015","DYER 1.0 WNW, IN US","2020-05-23",,,,,,
"US1INLK0015","DYER 1.0 WNW, IN US","2020-05-24",,,,,,
"US1INLK0015","DYER 1.0 WNW, IN US","2020-05-25",,,,,,
"US1INLK0015","DYER 1.0 WNW, IN US","2020-05-26",,,,,,
"US1INLK0015","DYER 1.0 WNW, IN US","2020-05-27",,,,,,
"US1INLK0015","DYER 1.0 WNW, IN US","2020-05-28",,,,,,
"US1INLK0015","DYER 1.0 WNW, IN US","2020-05-29",,,,,,
"US1INLK0015","DYER 1.0 WNW, IN US","2020-05-30",,,,,,
"US1INLK0015","DYER 1.0 WNW, IN US","2020-05-31",,,,,,
"US1INLK0015","DYER 1.0 WNW, IN US","2020-06-01",,,,,,
"US1INLK0015","DYER 1.0 WNW, IN US","2020-06-02",,,,,,
"US1INLK0015","DYER 1.0 WNW, IN US","2020-06-03",,,,,,
"US1INLK0015","DYER 1.0 WNW, IN US","2020-06-04",,,,,,
"US1INLK0015","DYER 1.0 WNW, IN US","2020-06-05",,,,,,
"US1INLK0015","DYER 1.0 WNW, IN US","2020-06-06",,,,,,
"US1INLK0015","DYER 1.0 WNW, IN US","2020-06-07",,,,,,
"US1INLK0015","DYER 1.0 WNW, IN US","2020-06-08",,,,,,
"US1INLK0015","DYER 1.0 WNW, IN US","2020-06-09",,,,,,
"US1INLK0015","DYER 1.0 WNW, IN US","2020-06-10",,,,,,
"US1INLK0015","DYER 1.0 WNW, IN US","2020-06-11",,,,,,
"US1INLK0015","DYER 1.0 WNW, IN US","2020-06-12",,,,,,
"US1INLK0015","DYER 1.0 WNW, IN US","2020-06-13",,,,,,
"US1INLK0015","DYER 1.0 WNW, IN US","2020-06-14",,,,,,
"US1INLK0015","DYER 1.0 WNW, IN US","2020-06-15",,,,,,
"US1INLK0015","DYER 1.0 WNW, IN US","2020-06-16",,,,,,
"US1INLK0015","DYER 1.0 WNW, IN US","2020-06-17",,,,,,
"US1INLK0015","DYER 1.0 WNW, IN US","2020-06-18",,,,,,
"US1INLK0015","DYER 1.0 WNW, IN US","2020-06-19",,,,,,
"US1INLK0015","DYER 1.0 WNW, IN US","2020-06-20",,,,,,
"US1INLK0015","DYER 1.0 WNW, IN US","2020-06-21",,,,,,
"US1INLK0015","DYER 1.0 WNW, IN US","2020-06-22",,,,,,
"US1INLK0015","DYER 1.0 WNW, IN US","2020-06-23",,,,,,
"US1INLK0015","DYER 1.0 WNW, IN US","2020-06-24",,,,,,
"US1INLK0015","DYER 1.0 WNW, IN US","2020-06-25",,,,,,
"US1INLK0015","DYER 1.0 WNW, IN US","2020-06-26",,,,,,
"US1INLK0015","DYER 1.0 WNW, IN US","2020-06-27",,,,,,
"US1INLK0015","DYER 1.0 WNW, IN US","2020-06-28",,,,,,
"US1INLK0015","DYER 1.0 WNW, IN US","2020-06-29",,,,,,
"US1INLK0015","DYER 1.0 WNW, IN US","2020-06-30",,,,,,
"US1INLK0015","DYER 1.0 WNW, IN US","2020-07-01",,,,,,
"US1INLK0015","DYER 1.0 WNW, IN US","2020-07-02",,,,,,
"US1INLK0015","DYER 1.0 WNW, IN US","2020-07-03",,,,,,
"US1INLK0015","DYER 1.0 WNW, IN US","2020-07-04",,,,,,
"US1INLK0015","DYER 1.0 WNW, IN US","2020-07-05",,,,,,
"US1INLK0015","DYER 1.0 WNW, IN US","2020-07-06",,,,,,
"US1INLK0015","DYER 1.0 WNW, IN US","2020-07-07",,,,,,
"US1INLK0015","DYER 1.0 WNW, IN US","2020-07-08",,,,,,
"US1INLK0015","DYER 1.0 WNW, IN US","2020-07-09",,,,,,
"US1INLK0015","DYER 1.0 WNW, IN US","2020-07-10",,,,,,
"US1INLK0015","DYER 1.0 WNW, IN US","2020-07-11",,,,,,
"US1INLK0015","DYER 1.0 WNW, IN US","2020-07-12",,,,,,
"US1INLK0015","DYER 1.0 WNW, IN US","2020-07-13",,,,,,
"US1INLK0015","DYER 1.0 WNW, IN US","2020-07-14",,,,,,
"US1INLK0015","DYER 1.0 WNW, IN US","2020-07-15",,,,,,
"US1INLK0015","DYER 1.0 WNW, IN US","2020-07-16",,,,,,
"US1INLK0015","DYER 1.0 WNW, IN US","2020-07-17",,,,,,
"US1INLK0015","DYER 1.0 WNW, IN US","2020-07-18",,,,,,
"US1INLK0015","DYER 1.0 WNW, IN US","2020-07-19",,,,,,
"US1INLK0015","DYER 1.0 WNW, IN US","2020-07-20",,,,,,
"US1INLK0015","DYER 1.0 WNW, IN US","2020-07-21",,,,,,
"US1INLK0015","DYER 1.0 WNW, IN US","2020-07-22",,,,,,
"US1INLK0015","DYER 1.0 WNW, IN US","2020-07-23",,,,,,
"US1INLK0015","DYER 1.0 WNW, IN US","2020-07-24",,,,,,
"US1INLK0015","DYER 1.0 WNW, IN US","2020-07-25",,,,,,
"US1INLK0015","DYER 1.0 WNW, IN US","2020-07-26",,,,,,
"US1INLK0015","DYER 1.0 WNW, IN US","2020-07-27",,,,,,
"US1INLK0015","DYER 1.0 WNW, IN US","2020-07-28",,,,,,
"US1INLK0015","DYER 1.0 WNW, IN US","2020-07-29",,,,,,
"US1INLK0015","DYER 1.0 WNW, IN US","2020-07-30",,,,,,
"US1INLK0015","DYER 1.0 WNW, IN US","2020-07-31",,,,,,
"US1INLK0015","DYER 1.0 WNW, IN US","2020-08-01",,,,,,
"US1INLK0015","DYER 1.0 WNW, IN US","2020-08-02",,,,,,
"US1INLK0015","DYER 1.0 WNW, IN US","2020-08-03",,,,,,
"US1INLK0015","DYER 1.0 WNW, IN US","2020-08-04",,,,,,
"US1INLK0015","DYER 1.0 WNW, IN US","2020-08-05",,,,,,
"US1INLK0015","DYER 1.0 WNW, IN US","2020-08-06",,,,,,
"US1INLK0015","DYER 1.0 WNW, IN US","2020-08-07",,,,,,
"US1INLK0015","DYER 1.0 WNW, IN US","2020-08-08",,,,,,
"US1INLK0015","DYER 1.0 WNW, IN US","2020-08-09",,,,,,
"US1INLK0015","DYER 1.0 WNW, IN US","2020-08-10",,,,,,
"US1INLK0015","DYER 1.0 WNW, IN US","2020-08-11",,,,,,
"US1INLK0015","DYER 1.0 WNW, IN US","2020-08-12",,,,,,
"US1INLK0015","DYER 1.0 WNW, IN US","2020-08-13",,,,,,
"US1INLK0015","DYER 1.0 WNW, IN US","2020-08-14",,,,,,
"US1INLK0015","DYER 1.0 WNW, IN US","2020-08-15",,,,,,
"US1INLK0015","DYER 1.0 WNW, IN US","2020-08-16",,,,,,
"US1INLK0015","DYER 1.0 WNW, IN US","2020-08-17",,,,,,
"US1INLK0015","DYER 1.0 WNW, IN US","2020-08-18",,,,,,
"US1INLK0015","DYER 1.0 WNW, IN US","2020-08-19",,,,,,
"US1INLK0015","DYER 1.0 WNW, IN US","2020-08-20",,,,,,
"US1INLK0015","DYER 1.0 WNW, IN US","2020-08-21",,,,,,
"US1INLK0015","DYER 1.0 WNW, IN US","2020-08-22",,,,,,
"US1INLK0015","DYER 1.0 WNW, IN US","2020-08-23",,,,,,
"US1INLK0015","DYER 1.0 WNW, IN US","2020-08-24",,,,,,
"US1INLK0015","DYER 1.0 WNW, IN US","2020-08-25",,,,,,
"US1INLK0015","DYER 1.0 WNW, IN US","2020-08-26",,,,,,
"US1INLK0015","DYER 1.0 WNW, IN US","2020-08-27",,,,,,
"US1INLK0015","DYER 1.0 WNW, IN US","2020-08-28",,,,,,
"US1INLK0015","DYER 1.0 WNW, IN US","2020-08-29",,,,,,
"US1INLK0015","DYER 1.0 WNW, IN US","2020-08-30",,,,,,
"US1INLK0015","DYER 1.0 WNW, IN US","2020-08-31",,,,,,
"US1INLK0015","DYER 1.0 WNW, IN US","2020-09-01",,,,,,
"US1INLK0015","DYER 1.0 WNW, IN US","2020-09-02",,,,,,
"US1INLK0015","DYER 1.0 WNW, IN US","2020-09-03",,,,,,
"US1INLK0015","DYER 1.0 WNW, IN US","2020-09-04",,,,,,
"US1INLK0015","DYER 1.0 WNW, IN US","2020-09-05",,,,,,
"US1INLK0015","DYER 1.0 WNW, IN US","2020-09-06",,,,,,
"US1INLK0015","DYER 1.0 WNW, IN US","2020-09-07",,,,,,
"US1INLK0015","DYER 1.0 WNW, IN US","2020-09-08",,,,,,
"US1ILDP0029","GLEN ELLYN 1.6 SSE, IL US","2019-10-02",,,,,,
"US1ILDP0029","GLEN ELLYN 1.6 SSE, IL US","2019-10-03",,,,,,
"US1ILDP0029","GLEN ELLYN 1.6 SSE, IL US","2019-10-06",,,,,,
"US1ILDP0029","GLEN ELLYN 1.6 SSE, IL US","2019-10-11",,,,,,
"US1ILDP0029","GLEN ELLYN 1.6 SSE, IL US","2019-10-27",,,,,,
"US1ILDP0029","GLEN ELLYN 1.6 SSE, IL US","2019-12-29",,,,,,
"US1ILDP0029","GLEN ELLYN 1.6 SSE, IL US","2019-12-30",,,,,,
"US1ILDP0029","GLEN ELLYN 1.6 SSE, IL US","2020-01-11",,,,,,
"US1ILDP0029","GLEN ELLYN 1.6 SSE, IL US","2020-03-29",,,,,,
"US1ILDP0029","GLEN ELLYN 1.6 SSE, IL US","2020-04-29",,,,,,
"US1ILDP0029","GLEN ELLYN 1.6 SSE, IL US","2020-04-30",,,,,,
"US1ILDP0029","GLEN ELLYN 1.6 SSE, IL US","2020-05-05",,,,,,
"US1ILDP0029","GLEN ELLYN 1.6 SSE, IL US","2020-05-11",,,,,,
"US1ILDP0029","GLEN ELLYN 1.6 SSE, IL US","2020-05-14",,,,,,
"US1ILDP0029","GLEN ELLYN 1.6 SSE, IL US","2020-05-15",,,,,,
"US1ILDP0029","GLEN ELLYN 1.6 SSE, IL US","2020-05-17",,,,,,
"US1ILDP0029","GLEN ELLYN 1.6 SSE, IL US","2020-05-18",,,,,,
"US1ILDP0029","GLEN ELLYN 1.6 SSE, IL US","2020-05-19",,,,,,
"US1ILDP0029","GLEN ELLYN 1.6 SSE, IL US","2020-05-24",,,,,,
"US1ILDP0029","GLEN ELLYN 1.6 SSE, IL US","2020-05-25",,,,,,
"US1ILDP0029","GLEN ELLYN 1.6 SSE, IL US","2020-05-29",,,,,,
"US1ILDP0029","GLEN ELLYN 1.6 SSE, IL US","2020-06-21",,,,,,
"US1ILDP0029","GLEN ELLYN 1.6 SSE, IL US","2020-06-23",,,,,,
"US1ILDP0029","GLEN ELLYN 1.6 SSE, IL US","2020-06-27",,,,,,
"US1ILDP0029","GLEN ELLYN 1.6 SSE, IL US","2020-07-08",,,,,,
"US1ILDP0029","GLEN ELLYN 1.6 SSE, IL US","2020-07-10",,,,,,
"US1ILDP0029","GLEN ELLYN 1.6 SSE, IL US","2020-07-12",,,,,,
"US1ILDP0029","GLEN ELLYN 1.6 SSE, IL US","2020-07-16",,,,,,
"US1ILDP0029","GLEN ELLYN 1.6 SSE, IL US","2020-07-19",,,,,,
"US1ILDP0029","GLEN ELLYN 1.6 SSE, IL US","2020-08-11",,,,,,
"US1ILDP0029","GLEN ELLYN 1.6 SSE, IL US","2020-08-16",,,,,,
"US1ILDP0029","GLEN ELLYN 1.6 SSE, IL US","2020-09-02",,,,,,
"US1ILDP0029","GLEN ELLYN 1.6 SSE, IL US","2020-09-06",,,,,,
"US1ILDP0029","GLEN ELLYN 1.6 SSE, IL US","2020-09-08",,,,,,
"US1INLK0098","GRIFFITH 1.2 N, IN US","2019-10-02",,,,,,
"US1INLK0098","GRIFFITH 1.2 N, IN US","2019-10-03",,,,,,
"US1INLK0098","GRIFFITH 1.2 N, IN US","2019-10-04",,,,,,
"US1INLK0098","GRIFFITH 1.2 N, IN US","2019-10-06",,,,,,
"US1INLK0098","GRIFFITH 1.2 N, IN US","2019-10-07",,,,,,
"US1INLK0098","GRIFFITH 1.2 N, IN US","2019-10-10",,,,,,
"US1INLK0098","GRIFFITH 1.2 N, IN US","2019-10-11",,,,,,
"US1INLK0098","GRIFFITH 1.2 N, IN US","2019-10-12",,,,,,
"US1INLK0098","GRIFFITH 1.2 N, IN US","2019-10-14",,,,,,
"US1INLK0098","GRIFFITH 1.2 N, IN US","2019-10-16",,,,,,
"US1INLK0098","GRIFFITH 1.2 N, IN US","2019-10-19",,,,,,
"US1INLK0098","GRIFFITH 1.2 N, IN US","2019-10-20",,,,,,
"US1INLK0098","GRIFFITH 1.2 N, IN US","2019-10-21",,,,,,
"US1INLK0098","GRIFFITH 1.2 N, IN US","2019-10-22",,,,,,
"US1INLK0098","GRIFFITH 1.2 N, IN US","2019-10-27",,,,,,
"US1INLK0098","GRIFFITH 1.2 N, IN US","2019-10-28",,,,,,
"US1INLK0098","GRIFFITH 1.2 N, IN US","2019-10-29",,,,,,
"US1INLK0098","GRIFFITH 1.2 N, IN US","2019-10-30",,,,,,
"US1INLK0098","GRIFFITH 1.2 N, IN US","2019-10-31",,,,,,
"US1INLK0098","GRIFFITH 1.2 N, IN US","2019-11-05",,,,,,
"US1INLK0098","GRIFFITH 1.2 N, IN US","2019-11-06",,,,,,
"US1INLK0098","GRIFFITH 1.2 N, IN US","2019-11-07",,,,,,
"US1INLK0098","GRIFFITH 1.2 N, IN US","2019-11-08",,,,,,
"US1INLK0098","GRIFFITH 1.2 N, IN US","2019-11-13",,,,,,
"US1INLK0098","GRIFFITH 1.2 N, IN US","2019-11-19",,,,,,
"US1INLK0098","GRIFFITH 1.2 N, IN US","2019-11-20",,,,,,
"US1INLK0098","GRIFFITH 1.2 N, IN US","2019-11-22",,,,,,
"US1INLK0098","GRIFFITH 1.2 N, IN US","2019-11-24",,,,,,
"US1INLK0098","GRIFFITH 1.2 N, IN US","2019-11-25",,,,,,
"US1INLK0098","GRIFFITH 1.2 N, IN US","2019-11-27",,,,,,
"US1INLK0098","GRIFFITH 1.2 N, IN US","2019-11-29",,,,,,
"US1INLK0098","GRIFFITH 1.2 N, IN US","2019-11-30",,,,,,
"US1INLK0098","GRIFFITH 1.2 N, IN US","2019-12-01",,,,,,
"US1INLK0098","GRIFFITH 1.2 N, IN US","2019-12-02",,,,,,
"US1INLK0098","GRIFFITH 1.2 N, IN US","2019-12-03",,,,,,
"US1INLK0098","GRIFFITH 1.2 N, IN US","2019-12-04",,,,,,
"US1INLK0098","GRIFFITH 1.2 N, IN US","2019-12-05",,,,,,
"US1INLK0098","GRIFFITH 1.2 N, IN US","2019-12-06",,,,,,
"US1INLK0098","GRIFFITH 1.2 N, IN US","2019-12-09",,,,,,
"US1INLK0098","GRIFFITH 1.2 N, IN US","2019-12-10",,,,,,
"US1INLK0098","GRIFFITH 1.2 N, IN US","2019-12-12",,,,,,
"US1INLK0098","GRIFFITH 1.2 N, IN US","2019-12-18",,,,,,
"US1INLK0098","GRIFFITH 1.2 N, IN US","2019-12-19",,,,,,
"US1INLK0098","GRIFFITH 1.2 N, IN US","2019-12-29",,,,,,
"US1INLK0098","GRIFFITH 1.2 N, IN US","2019-12-30",,,,,,
"US1INLK0098","GRIFFITH 1.2 N, IN US","2019-12-31",,,,,,
"US1INLK0098","GRIFFITH 1.2 N, IN US","2020-01-01",,,,,,
"US1INLK0098","GRIFFITH 1.2 N, IN US","2020-01-02",,,,,,
"US1INLK0098","GRIFFITH 1.2 N, IN US","2020-01-04",,,,,,
"US1INLK0098","GRIFFITH 1.2 N, IN US","2020-01-05",,,,,,
"US1INLK0098","GRIFFITH 1.2 N, IN US","2020-01-06",,,,,,
"US1INLK0098","GRIFFITH 1.2 N, IN US","2020-01-07",,,,,,
"US1INLK0098","GRIFFITH 1.2 N, IN US","2020-01-08",,,,,,
"US1INLK0098","GRIFFITH 1.2 N, IN US","2020-01-09",,,,,,
"US1INLK0098","GRIFFITH 1.2 N, IN US","2020-01-10",,,,,,
"US1INLK0098","GRIFFITH 1.2 N, IN US","2020-01-11",,,,,,
"US1INLK0098","GRIFFITH 1.2 N, IN US","2020-01-12",,,,,,
"US1INLK0098","GRIFFITH 1.2 N, IN US","2020-01-14",,,,,,
"US1INLK0098","GRIFFITH 1.2 N, IN US","2020-01-15",,,,,,
"US1INLK0098","GRIFFITH 1.2 N, IN US","2020-01-16",,,,,,
"US1INLK0098","GRIFFITH 1.2 N, IN US","2020-01-17",,,,,,
"US1INLK0098","GRIFFITH 1.2 N, IN US","2020-01-18",,,,,,
"US1INLK0098","GRIFFITH 1.2 N, IN US","2020-01-19",,,,,,
"US1INLK0098","GRIFFITH 1.2 N, IN US","2020-01-20",,,,,,
"US1INLK0098","GRIFFITH 1.2 N, IN US","2020-01-21",,,,,,
"US1INLK0098","GRIFFITH 1.2 N, IN US","2020-01-22",,,,,,
"US1INLK0098","GRIFFITH 1.2 N, IN US","2020-01-23",,,,,,
"US1INLK0098","GRIFFITH 1.2 N, IN US","2020-01-24",,,,,,
"US1INLK0098","GRIFFITH 1.2 N, IN US","2020-01-25",,,,,,
"US1INLK0098","GRIFFITH 1.2 N, IN US","2020-01-26",,,,,,
"US1INLK0098","GRIFFITH 1.2 N, IN US","2020-01-27",,,,,,
"US1INLK0098","GRIFFITH 1.2 N, IN US","2020-01-29",,,,,,
"US1INLK0098","GRIFFITH 1.2 N, IN US","2020-01-30",,,,,,
"US1INLK0098","GRIFFITH 1.2 N, IN US","2020-01-31",,,,,,
"US1INLK0098","GRIFFITH 1.2 N, IN US","2020-02-01",,,,,,
"US1INLK0098","GRIFFITH 1.2 N, IN US","2020-02-02",,,,,,
"US1INLK0098","GRIFFITH 1.2 N, IN US","2020-02-03",,,,,,
"US1INLK0098","GRIFFITH 1.2 N, IN US","2020-02-05",,,,,,
"US1INLK0098","GRIFFITH 1.2 N, IN US","2020-02-06",,,,,,
"US1INLK0098","GRIFFITH 1.2 N, IN US","2020-02-07",,,,,,
"US1INLK0098","GRIFFITH 1.2 N, IN US","2020-02-10",,,,,,
"US1INLK0098","GRIFFITH 1.2 N, IN US","2020-02-11",,,,,,
"US1INLK0098","GRIFFITH 1.2 N, IN US","2020-02-12",,,,,,
"US1INLK0098","GRIFFITH 1.2 N, IN US","2020-02-13",,,,,,
"US1INLK0098","GRIFFITH 1.2 N, IN US","2020-02-15",,,,,,
"US1INLK0098","GRIFFITH 1.2 N, IN US","2020-02-16",,,,,,
"US1INLK0098","GRIFFITH 1.2 N, IN US","2020-02-17",,,,,,
"US1INLK0098","GRIFFITH 1.2 N, IN US","2020-02-18",,,,,,
"US1INLK0098","GRIFFITH 1.2 N, IN US","2020-02-19",,,,,,
"US1INLK0098","GRIFFITH 1.2 N, IN US","2020-02-20",,,,,,
"US1INLK0098","GRIFFITH 1.2 N, IN US","2020-02-21",,,,,,
"US1INLK0098","GRIFFITH 1.2 N, IN US","2020-02-23",,,,,,
"US1INLK0098","GRIFFITH 1.2 N, IN US","2020-02-24",,,,,,
"US1INLK0098","GRIFFITH 1.2 N, IN US","2020-02-25",,,,,,
"US1INLK0098","GRIFFITH 1.2 N, IN US","2020-02-27",,,,,,
"US1INLK0098","GRIFFITH 1.2 N, IN US","2020-02-28",,,,,,
"US1INLK0098","GRIFFITH 1.2 N, IN US","2020-02-29",,,,,,
"US1INLK0098","GRIFFITH 1.2 N, IN US","2020-03-01",,,,,,
"US1INLK0098","GRIFFITH 1.2 N, IN US","2020-03-02",,,,,,
"US1INLK0098","GRIFFITH 1.2 N, IN US","2020-03-05",,,,,,
"US1INLK0098","GRIFFITH 1.2 N, IN US","2020-03-06",,,,,,
"US1INLK0098","GRIFFITH 1.2 N, IN US","2020-03-07",,,,,,
"US1INLK0098","GRIFFITH 1.2 N, IN US","2020-03-09",,,,,,
"US1INLK0098","GRIFFITH 1.2 N, IN US","2020-03-10",,,,,,
"US1INLK0098","GRIFFITH 1.2 N, IN US","2020-03-11",,,,,,
"US1INLK0098","GRIFFITH 1.2 N, IN US","2020-03-12",,,,,,
"US1INLK0098","GRIFFITH 1.2 N, IN US","2020-03-13",,,,,,
"US1INLK0098","GRIFFITH 1.2 N, IN US","2020-03-14",,,,,,
"US1INLK0098","GRIFFITH 1.2 N, IN US","2020-03-15",,,,,,
"US1INLK0098","GRIFFITH 1.2 N, IN US","2020-03-16",,,,,,
"US1INLK0098","GRIFFITH 1.2 N, IN US","2020-03-17",,,,,,
"US1INLK0098","GRIFFITH 1.2 N, IN US","2020-03-18",,,,,,
"US1INLK0098","GRIFFITH 1.2 N, IN US","2020-03-19",,,,,,
"US1INLK0098","GRIFFITH 1.2 N, IN US","2020-03-20",,,,,,
"US1INLK0098","GRIFFITH 1.2 N, IN US","2020-03-24",,,,,,
"US1INLK0098","GRIFFITH 1.2 N, IN US","2020-03-25",,,,,,
"US1INLK0098","GRIFFITH 1.2 N, IN US","2020-03-26",,,,,,
"US1INLK0098","GRIFFITH 1.2 N, IN US","2020-03-27",,,,,,
"US1INLK0098","GRIFFITH 1.2 N, IN US","2020-03-28",,,,,,
"US1INLK0098","GRIFFITH 1.2 N, IN US","2020-03-29",,,,,,
"US1INLK0098","GRIFFITH 1.2 N, IN US","2020-03-30",,,,,,
"US1INLK0098","GRIFFITH 1.2 N, IN US","2020-03-31",,,,,,
"US1INLK0098","GRIFFITH 1.2 N, IN US","2020-04-01",,,,,,
"US1INLK0098","GRIFFITH 1.2 N, IN US","2020-04-02",,,,,,
"US1INLK0098","GRIFFITH 1.2 N, IN US","2020-04-03",,,,,,
"US1INLK0098","GRIFFITH 1.2 N, IN US","2020-04-04",,,,,,
"US1INLK0098","GRIFFITH 1.2 N, IN US","2020-04-05",,,,,,
"US1INLK0098","GRIFFITH 1.2 N, IN US","2020-04-06",,,,,,
"US1INLK0098","GRIFFITH 1.2 N, IN US","2020-04-07",,,,,,
"US1INLK0098","GRIFFITH 1.2 N, IN US","2020-04-08",,,,,,
"US1INLK0098","GRIFFITH 1.2 N, IN US","2020-04-09",,,,,,
"US1INLK0098","GRIFFITH 1.2 N, IN US","2020-04-10",,,,,,
"US1INLK0098","GRIFFITH 1.2 N, IN US","2020-04-11",,,,,,
"US1INLK0098","GRIFFITH 1.2 N, IN US","2020-04-12",,,,,,
"US1INLK0098","GRIFFITH 1.2 N, IN US","2020-04-13",,,,,,
"US1INLK0098","GRIFFITH 1.2 N, IN US","2020-04-15",,,,,,
"US1INLK0098","GRIFFITH 1.2 N, IN US","2020-04-16",,,,,,
"US1INLK0098","GRIFFITH 1.2 N, IN US","2020-04-18",,,,,,
"US1INLK0098","GRIFFITH 1.2 N, IN US","2020-04-19",,,,,,
"US1INLK0098","GRIFFITH 1.2 N, IN US","2020-04-20",,,,,,
"US1INLK0098","GRIFFITH 1.2 N, IN US","2020-04-21",,,,,,
"US1INLK0098","GRIFFITH 1.2 N, IN US","2020-04-22",,,,,,
"US1INLK0098","GRIFFITH 1.2 N, IN US","2020-04-24",,,,,,
"US1INLK0098","GRIFFITH 1.2 N, IN US","2020-04-25",,,,,,
"US1INLK0098","GRIFFITH 1.2 N, IN US","2020-04-26",,,,,,
"US1INLK0098","GRIFFITH 1.2 N, IN US","2020-04-27",,,,,,
"US1INLK0098","GRIFFITH 1.2 N, IN US","2020-04-28",,,,,,
"US1INLK0098","GRIFFITH 1.2 N, IN US","2020-04-29",,,,,,
"US1INLK0098","GRIFFITH 1.2 N, IN US","2020-04-30",,,,,,
"US1INLK0098","GRIFFITH 1.2 N, IN US","2020-05-02",,,,,,
"US1INLK0098","GRIFFITH 1.2 N, IN US","2020-05-03",,,,,,
"US1INLK0098","GRIFFITH 1.2 N, IN US","2020-05-04",,,,,,
"US1INLK0098","GRIFFITH 1.2 N, IN US","2020-05-05",,,,,,
"US1INLK0098","GRIFFITH 1.2 N, IN US","2020-05-06",,,,,,
"US1INLK0098","GRIFFITH 1.2 N, IN US","2020-05-07",,,,,,
"US1INLK0098","GRIFFITH 1.2 N, IN US","2020-05-09",,,,,,
"US1INLK0098","GRIFFITH 1.2 N, IN US","2020-05-10",,,,,,
"US1INLK0098","GRIFFITH 1.2 N, IN US","2020-05-11",,,,,,
"US1INLK0098","GRIFFITH 1.2 N, IN US","2020-05-12",,,,,,
"US1INLK0098","GRIFFITH 1.2 N, IN US","2020-05-13",,,,,,
"US1INLK0098","GRIFFITH 1.2 N, IN US","2020-05-14",,,,,,
"US1INLK0098","GRIFFITH 1.2 N, IN US","2020-05-15",,,,,,
"US1INLK0098","GRIFFITH 1.2 N, IN US","2020-05-16",,,,,,
"US1INLK0098","GRIFFITH 1.2 N, IN US","2020-05-17",,,,,,
"US1INLK0098","GRIFFITH 1.2 N, IN US","2020-05-18",,,,,,
"US1INLK0098","GRIFFITH 1.2 N, IN US","2020-05-20",,,,,,
"US1INLK0098","GRIFFITH 1.2 N, IN US","2020-05-21",,,,,,
"US1INLK0098","GRIFFITH 1.2 N, IN US","2020-05-22",,,,,,
"US1INLK0098","GRIFFITH 1.2 N, IN US","2020-05-24",,,,,,
"US1INLK0098","GRIFFITH 1.2 N, IN US","2020-05-25",,,,,,
"US1INLK0098","GRIFFITH 1.2 N, IN US","2020-05-26",,,,,,
"US1INLK0098","GRIFFITH 1.2 N, IN US","2020-05-27",,,,,,
"US1INLK0098","GRIFFITH 1.2 N, IN US","2020-06-02",,,,,,
"US1INLK0098","GRIFFITH 1.2 N, IN US","2020-06-03",,,,,,
"US1INLK0098","GRIFFITH 1.2 N, IN US","2020-06-04",,,,,,
"US1INLK0098","GRIFFITH 1.2 N, IN US","2020-06-05",,,,,,
"US1INLK0098","GRIFFITH 1.2 N, IN US","2020-06-06",,,,,,
"US1INLK0098","GRIFFITH 1.2 N, IN US","2020-06-07",,,,,,
"US1INLK0098","GRIFFITH 1.2 N, IN US","2020-06-08",,,,,,
"US1INLK0098","GRIFFITH 1.2 N, IN US","2020-06-09",,,,,,
"US1INLK0098","GRIFFITH 1.2 N, IN US","2020-06-10",,,,,,
"US1INLK0098","GRIFFITH 1.2 N, IN US","2020-06-11",,,,,,
"US1INLK0098","GRIFFITH 1.2 N, IN US","2020-06-12",,,,,,
"US1INLK0098","GRIFFITH 1.2 N, IN US","2020-06-13",,,,,,
"US1INLK0098","GRIFFITH 1.2 N, IN US","2020-06-14",,,,,,
"US1INLK0098","GRIFFITH 1.2 N, IN US","2020-06-15",,,,,,
"US1INLK0098","GRIFFITH 1.2 N, IN US","2020-06-16",,,,,,
"US1INLK0098","GRIFFITH 1.2 N, IN US","2020-06-17",,,,,,
"US1INLK0098","GRIFFITH 1.2 N, IN US","2020-06-18",,,,,,
"US1INLK0098","GRIFFITH 1.2 N, IN US","2020-06-19",,,,,,
"US1INLK0098","GRIFFITH 1.2 N, IN US","2020-06-20",,,,,,
"US1INLK0098","GRIFFITH 1.2 N, IN US","2020-06-21",,,,,,
"US1INLK0098","GRIFFITH 1.2 N, IN US","2020-06-23",,,,,,
"US1INLK0098","GRIFFITH 1.2 N, IN US","2020-06-24",,,,,,
"US1INLK0098","GRIFFITH 1.2 N, IN US","2020-07-01",,,,,,
"US1INLK0098","GRIFFITH 1.2 N, IN US","2020-07-02",,,,,,
"US1INLK0098","GRIFFITH 1.2 N, IN US","2020-07-03",,,,,,
"US1INLK0098","GRIFFITH 1.2 N, IN US","2020-07-04",,,,,,
"US1INLK0098","GRIFFITH 1.2 N, IN US","2020-07-05",,,,,,
"US1INLK0098","GRIFFITH 1.2 N, IN US","2020-07-06",,,,,,
"US1INLK0098","GRIFFITH 1.2 N, IN US","2020-07-13",,,,,,
"US1INLK0098","GRIFFITH 1.2 N, IN US","2020-07-14",,,,,,
"US1INLK0098","GRIFFITH 1.2 N, IN US","2020-07-15",,,,,,
"US1INLK0098","GRIFFITH 1.2 N, IN US","2020-07-16",,,,,,
"US1INLK0098","GRIFFITH 1.2 N, IN US","2020-07-17",,,,,,
"US1INLK0098","GRIFFITH 1.2 N, IN US","2020-07-18",,,,,,
"US1INLK0098","GRIFFITH 1.2 N, IN US","2020-07-19",,,,,,
"US1INLK0098","GRIFFITH 1.2 N, IN US","2020-07-20",,,,,,
"US1INLK0098","GRIFFITH 1.2 N, IN US","2020-07-21",,,,,,
"US1INLK0098","GRIFFITH 1.2 N, IN US","2020-07-22",,,,,,
"US1INLK0098","GRIFFITH 1.2 N, IN US","2020-07-23",,,,,,
"US1INLK0098","GRIFFITH 1.2 N, IN US","2020-07-24",,,,,,
"US1INLK0098","GRIFFITH 1.2 N, IN US","2020-07-25",,,,,,
"US1INLK0098","GRIFFITH 1.2 N, IN US","2020-07-27",,,,,,
"US1INLK0098","GRIFFITH 1.2 N, IN US","2020-07-28",,,,,,
"US1INLK0098","GRIFFITH 1.2 N, IN US","2020-07-29",,,,,,
"US1INLK0098","GRIFFITH 1.2 N, IN US","2020-07-30",,,,,,
"US1INLK0098","GRIFFITH 1.2 N, IN US","2020-08-04",,,,,,
"US1INLK0098","GRIFFITH 1.2 N, IN US","2020-08-05",,,,,,
"US1INLK0098","GRIFFITH 1.2 N, IN US","2020-08-06",,,,,,
"US1INLK0098","GRIFFITH 1.2 N, IN US","2020-08-07",,,,,,
"US1INLK0098","GRIFFITH 1.2 N, IN US","2020-08-08",,,,,,
"US1INLK0098","GRIFFITH 1.2 N, IN US","2020-08-09",,,,,,
"US1INLK0098","GRIFFITH 1.2 N, IN US","2020-08-10",,,,,,
"US1INLK0098","GRIFFITH 1.2 N, IN US","2020-08-12",,,,,,
"US1INLK0098","GRIFFITH 1.2 N, IN US","2020-08-13",,,,,,
"US1INLK0098","GRIFFITH 1.2 N, IN US","2020-08-14",,,,,,
"US1INLK0098","GRIFFITH 1.2 N, IN US","2020-08-15",,,,,,
"US1INLK0098","GRIFFITH 1.2 N, IN US","2020-08-16",,,,,,
"US1INLK0098","GRIFFITH 1.2 N, IN US","2020-08-17",,,,,,
"US1INLK0098","GRIFFITH 1.2 N, IN US","2020-08-18",,,,,,
"US1INLK0098","GRIFFITH 1.2 N, IN US","2020-08-19",,,,,,
"US1INLK0098","GRIFFITH 1.2 N, IN US","2020-08-20",,,,,,
"US1INLK0098","GRIFFITH 1.2 N, IN US","2020-08-22",,,,,,
"US1INLK0098","GRIFFITH 1.2 N, IN US","2020-08-23",,,,,,
"US1INLK0098","GRIFFITH 1.2 N, IN US","2020-08-24",,,,,,
"US1INLK0098","GRIFFITH 1.2 N, IN US","2020-08-25",,,,,,
"US1INLK0098","GRIFFITH 1.2 N, IN US","2020-08-26",,,,,,
"US1INLK0098","GRIFFITH 1.2 N, IN US","2020-08-27",,,,,,
"US1INLK0098","GRIFFITH 1.2 N, IN US","2020-08-28",,,,,,
"US1INLK0098","GRIFFITH 1.2 N, IN US","2020-08-29",,,,,,
"US1INLK0098","GRIFFITH 1.2 N, IN US","2020-08-30",,,,,,
"US1INLK0098","GRIFFITH 1.2 N, IN US","2020-08-31",,,,,,
"US1INLK0098","GRIFFITH 1.2 N, IN US","2020-09-01",,,,,,
"US1INLK0098","GRIFFITH 1.2 N, IN US","2020-09-02",,,,,,
"US1INLK0098","GRIFFITH 1.2 N, IN US","2020-09-03",,,,,,
"US1INLK0098","GRIFFITH 1.2 N, IN US","2020-09-05",,,,,,
"US1INLK0098","GRIFFITH 1.2 N, IN US","2020-09-06",,,,,,
"US1INLK0098","GRIFFITH 1.2 N, IN US","2020-09-07",,,,,,
"US1INLK0098","GRIFFITH 1.2 N, IN US","2020-09-08",,,,,,
"USC00113490","GLEN ELLYN 4 S, IL US","2019-10-04",,,,,,
"USC00113490","GLEN ELLYN 4 S, IL US","2019-10-11",,,,,,
"USC00113490","GLEN ELLYN 4 S, IL US","2019-10-12",,,,,,
"USC00113490","GLEN ELLYN 4 S, IL US","2019-10-13",,,,,,
"USC00113490","GLEN ELLYN 4 S, IL US","2019-10-14",,,,,,
"USC00113490","GLEN ELLYN 4 S, IL US","2019-10-15",,,,,,
"USC00113490","GLEN ELLYN 4 S, IL US","2019-10-16",,,,,,
"USC00113490","GLEN ELLYN 4 S, IL US","2019-10-17",,,,,,
"USC00113490","GLEN ELLYN 4 S, IL US","2019-10-18",,,,,,
"USC00113490","GLEN ELLYN 4 S, IL US","2019-10-19",,,,,,
"USC00113490","GLEN ELLYN 4 S, IL US","2019-10-20",,,,,,
"USC00113490","GLEN ELLYN 4 S, IL US","2019-10-21",,,,,,
"USC00113490","GLEN ELLYN 4 S, IL US","2019-10-22",,,,,,
"USC00113490","GLEN ELLYN 4 S, IL US","2019-10-23",,,,,,
"USC00113490","GLEN ELLYN 4 S, IL US","2019-10-24",,,,,,
"USC00113490","GLEN ELLYN 4 S, IL US","2019-10-25",,,,,,
"USC00113490","GLEN ELLYN 4 S, IL US","2019-10-26",,,,,,
"USC00113490","GLEN ELLYN 4 S, IL US","2019-10-27",,,,,,
"USC00113490","GLEN ELLYN 4 S, IL US","2019-10-28",,,,,,
"USC00113490","GLEN ELLYN 4 S, IL US","2019-10-29",,,,,,
"USC00113490","GLEN ELLYN 4 S, IL US","2019-10-30",,,,,,
"USC00113490","GLEN ELLYN 4 S, IL US","2019-10-31",,,,,,
"USC00113490","GLEN ELLYN 4 S, IL US","2019-11-01",,,,,,
"USC00113490","GLEN ELLYN 4 S, IL US","2019-11-02",,,,,,
"USC00113490","GLEN ELLYN 4 S, IL US","2019-11-03",,,,,,
"USC00113490","GLEN ELLYN 4 S, IL US","2019-11-04",,,,,,
"USC00113490","GLEN ELLYN 4 S, IL US","2019-11-05",,,,,,
"USC00113490","GLEN ELLYN 4 S, IL US","2019-11-06",,,,,,
"USC00113490","GLEN ELLYN 4 S, IL US","2019-11-07",,,,,,
"USC00113490","GLEN ELLYN 4 S, IL US","2019-11-08",,,,,,
"USC00113490","GLEN ELLYN 4 S, IL US","2019-11-09",,,,,,
"USC00113490","GLEN ELLYN 4 S, IL US","2019-11-10",,,,,,
"USC00113490","GLEN ELLYN 4 S, IL US","2019-11-11",,,,,,
"USC00113490","GLEN ELLYN 4 S, IL US","2019-11-12",,,,,,
"USC00113490","GLEN ELLYN 4 S, IL US","2019-11-13",,,,,,
"USC00113490","GLEN ELLYN 4 S, IL US","2019-11-14",,,,,,
"USC00113490","GLEN ELLYN 4 S, IL US","2019-11-15",,,,,,
"USC00113490","GLEN ELLYN 4 S, IL US","2019-11-16",,,,,,
"USC00113490","GLEN ELLYN 4 S, IL US","2019-11-17",,,,,,
"USC00113490","GLEN ELLYN 4 S, IL US","2019-11-18",,,,,,
"USC00113490","GLEN ELLYN 4 S, IL US","2019-11-19",,,,,,
"USC00113490","GLEN ELLYN 4 S, IL US","2019-11-20",,,,,,
"USC00113490","GLEN ELLYN 4 S, IL US","2019-11-21",,,,,,
"USC00113490","GLEN ELLYN 4 S, IL US","2019-11-22",,,,,,
"USC00113490","GLEN ELLYN 4 S, IL US","2019-11-23",,,,,,
"USC00113490","GLEN ELLYN 4 S, IL US","2019-11-24",,,,,,
"USC00113490","GLEN ELLYN 4 S, IL US","2019-11-25",,,,,,
"USC00113490","GLEN ELLYN 4 S, IL US","2019-11-26",,,,,,
"USC00113490","GLEN ELLYN 4 S, IL US","2019-11-27",,,,,,
"USC00113490","GLEN ELLYN 4 S, IL US","2019-11-28",,,,,,
"USC00113490","GLEN ELLYN 4 S, IL US","2019-11-29",,,,,,
"USC00113490","GLEN ELLYN 4 S, IL US","2019-11-30",,,,,,
"USC00113490","GLEN ELLYN 4 S, IL US","2019-12-01",,,,,,
"USC00113490","GLEN ELLYN 4 S, IL US","2019-12-02",,,,,,
"USC00113490","GLEN ELLYN 4 S, IL US","2019-12-03",,,,,,
"USC00113490","GLEN ELLYN 4 S, IL US","2019-12-04",,,,,,
"USC00113490","GLEN ELLYN 4 S, IL US","2019-12-05",,,,,,
"USC00113490","GLEN ELLYN 4 S, IL US","2019-12-06",,,,,,
"USC00113490","GLEN ELLYN 4 S, IL US","2019-12-07",,,,,,
"USC00113490","GLEN ELLYN 4 S, IL US","2019-12-08",,,,,,
"USC00113490","GLEN ELLYN 4 S, IL US","2019-12-09",,,,,,
"USC00113490","GLEN ELLYN 4 S, IL US","2019-12-10",,,,,,
"USC00113490","GLEN ELLYN 4 S, IL US","2019-12-11",,,,,,
"USC00113490","GLEN ELLYN 4 S, IL US","2019-12-12",,,,,,
"USC00113490","GLEN ELLYN 4 S, IL US","2019-12-13",,,,,,
"USC00113490","GLEN ELLYN 4 S, IL US","2019-12-14",,,,,,
"USC00113490","GLEN ELLYN 4 S, IL US","2019-12-15",,,,,,
"USC00113490","GLEN ELLYN 4 S, IL US","2019-12-16",,,,,,
"USC00113490","GLEN ELLYN 4 S, IL US","2019-12-17",,,,,,
"USC00113490","GLEN ELLYN 4 S, IL US","2019-12-18",,,,,,
"USC00113490","GLEN ELLYN 4 S, IL US","2019-12-19",,,,,,
"USC00113490","GLEN ELLYN 4 S, IL US","2019-12-20",,,,,,
"USC00113490","GLEN ELLYN 4 S, IL US","2019-12-21",,,,,,
"USC00113490","GLEN ELLYN 4 S, IL US","2019-12-22",,,,,,
"USC00113490","GLEN ELLYN 4 S, IL US","2019-12-23",,,,,,
"USC00113490","GLEN ELLYN 4 S, IL US","2019-12-24",,,,,,
"USC00113490","GLEN ELLYN 4 S, IL US","2019-12-25",,,,,,
"USC00113490","GLEN ELLYN 4 S, IL US","2019-12-26",,,,,,
"USC00113490","GLEN ELLYN 4 S, IL US","2019-12-27",,,,,,
"USC00113490","GLEN ELLYN 4 S, IL US","2019-12-28",,,,,,
"USC00113490","GLEN ELLYN 4 S, IL US","2019-12-29",,,,,,
"USC00113490","GLEN ELLYN 4 S, IL US","2019-12-30",,,,,,
"USC00113490","GLEN ELLYN 4 S, IL US","2019-12-31",,,,,,
"USC00113490","GLEN ELLYN 4 S, IL US","2020-01-01",,,,,,
"USC00113490","GLEN ELLYN 4 S, IL US","2020-01-02",,,,,,
"USC00113490","GLEN ELLYN 4 S, IL US","2020-01-03",,,,,,
"USC00113490","GLEN ELLYN 4 S, IL US","2020-01-04",,,,,,
"USC00113490","GLEN ELLYN 4 S, IL US","2020-01-05",,,,,,
"USC00113490","GLEN ELLYN 4 S, IL US","2020-01-06",,,,,,
"USC00113490","GLEN ELLYN 4 S, IL US","2020-01-07",,,,,,
"USC00113490","GLEN ELLYN 4 S, IL US","2020-01-08",,,,,,
"USC00113490","GLEN ELLYN 4 S, IL US","2020-01-09",,,,,,
"USC00113490","GLEN ELLYN 4 S, IL US","2020-01-10",,,,,,
"USC00113490","GLEN ELLYN 4 S, IL US","2020-01-11",,,,,,
"USC00113490","GLEN ELLYN 4 S, IL US","2020-01-12",,,,,,
"USC00113490","GLEN ELLYN 4 S, IL US","2020-01-13",,,,,,
"USC00113490","GLEN ELLYN 4 S, IL US","2020-01-14",,,,,,
"USC00113490","GLEN ELLYN 4 S, IL US","2020-01-15",,,,,,
"USC00113490","GLEN ELLYN 4 S, IL US","2020-01-16",,,,,,
"USC00113490","GLEN ELLYN 4 S, IL US","2020-01-17",,,,,,
"USC00113490","GLEN ELLYN 4 S, IL US","2020-01-18",,,,,,
"USC00113490","GLEN ELLYN 4 S, IL US","2020-01-19",,,,,,
"USC00113490","GLEN ELLYN 4 S, IL US","2020-01-20",,,,,,
"USC00113490","GLEN ELLYN 4 S, IL US","2020-01-21",,,,,,
"USC00113490","GLEN ELLYN 4 S, IL US","2020-01-22",,,,,,
"USC00113490","GLEN ELLYN 4 S, IL US","2020-01-23",,,,,,
"USC00113490","GLEN ELLYN 4 S, IL US","2020-01-24",,,,,,
"USC00113490","GLEN ELLYN 4 S, IL US","2020-01-25",,,,,,
"USC00113490","GLEN ELLYN 4 S, IL US","2020-01-26",,,,,,
"USC00113490","GLEN ELLYN 4 S, IL US","2020-01-27",,,,,,
"USC00113490","GLEN ELLYN 4 S, IL US","2020-01-28",,,,,,
"USC00113490","GLEN ELLYN 4 S, IL US","2020-01-29",,,,,,
"USC00113490","GLEN ELLYN 4 S, IL US","2020-01-30",,,,,,
"USC00113490","GLEN ELLYN 4 S, IL US","2020-01-31",,,,,,
"USC00113490","GLEN ELLYN 4 S, IL US","2020-02-01",,,,,,
"USC00113490","GLEN ELLYN 4 S, IL US","2020-02-02",,,,,,
"USC00113490","GLEN ELLYN 4 S, IL US","2020-02-03",,,,,,
"USC00113490","GLEN ELLYN 4 S, IL US","2020-02-04",,,,,,
"USC00113490","GLEN ELLYN 4 S, IL US","2020-02-05",,,,,,
"USC00113490","GLEN ELLYN 4 S, IL US","2020-02-06",,,,,,
"USC00113490","GLEN ELLYN 4 S, IL US","2020-02-07",,,,,,
"USC00113490","GLEN ELLYN 4 S, IL US","2020-02-08",,,,,,
"USC00113490","GLEN ELLYN 4 S, IL US","2020-02-09",,,,,,
"USC00113490","GLEN ELLYN 4 S, IL US","2020-02-10",,,,,,
"USC00113490","GLEN ELLYN 4 S, IL US","2020-02-11",,,,,,
"USC00113490","GLEN ELLYN 4 S, IL US","2020-02-12",,,,,,
"USC00113490","GLEN ELLYN 4 S, IL US","2020-02-13",,,,,,
"USC00113490","GLEN ELLYN 4 S, IL US","2020-02-14",,,,,,
"USC00113490","GLEN ELLYN 4 S, IL US","2020-02-15",,,,,,
"USC00113490","GLEN ELLYN 4 S, IL US","2020-02-16",,,,,,
"USC00113490","GLEN ELLYN 4 S, IL US","2020-02-17",,,,,,
"USC00113490","GLEN ELLYN 4 S, IL US","2020-02-18",,,,,,
"USC00113490","GLEN ELLYN 4 S, IL US","2020-02-19",,,,,,
"USC00113490","GLEN ELLYN 4 S, IL US","2020-02-20",,,,,,
"USC00113490","GLEN ELLYN 4 S, IL US","2020-02-21",,,,,,
"USC00113490","GLEN ELLYN 4 S, IL US","2020-02-22",,,,,,
"USC00113490","GLEN ELLYN 4 S, IL US","2020-02-23",,,,,,
"USC00113490","GLEN ELLYN 4 S, IL US","2020-02-24",,,,,,
"USC00113490","GLEN ELLYN 4 S, IL US","2020-02-25",,,,,,
"USC00113490","GLEN ELLYN 4 S, IL US","2020-02-26",,,,,,
"USC00113490","GLEN ELLYN 4 S, IL US","2020-02-27",,,,,,
"USC00113490","GLEN ELLYN 4 S, IL US","2020-02-28",,,,,,
"USC00113490","GLEN ELLYN 4 S, IL US","2020-02-29",,,,,,
"USC00113490","GLEN ELLYN 4 S, IL US","2020-03-01",,,,,,
"USC00113490","GLEN ELLYN 4 S, IL US","2020-03-02",,,,,,
"USC00113490","GLEN ELLYN 4 S, IL US","2020-03-03",,,,,,
"USC00113490","GLEN ELLYN 4 S, IL US","2020-03-04",,,,,,
"USC00113490","GLEN ELLYN 4 S, IL US","2020-03-05",,,,,,
"USC00113490","GLEN ELLYN 4 S, IL US","2020-03-06",,,,,,
"USC00113490","GLEN ELLYN 4 S, IL US","2020-03-07",,,,,,
"USC00113490","GLEN ELLYN 4 S, IL US","2020-03-08",,,,,,
"USC00113490","GLEN ELLYN 4 S, IL US","2020-03-09",,,,,,
"USC00113490","GLEN ELLYN 4 S, IL US","2020-03-10",,,,,,
"USC00113490","GLEN ELLYN 4 S, IL US","2020-03-11",,,,,,
"USC00113490","GLEN ELLYN 4 S, IL US","2020-03-12",,,,,,
"USC00113490","GLEN ELLYN 4 S, IL US","2020-03-13",,,,,,
"USC00113490","GLEN ELLYN 4 S, IL US","2020-03-14",,,,,,
"USC00113490","GLEN ELLYN 4 S, IL US","2020-03-15",,,,,,
"USC00113490","GLEN ELLYN 4 S, IL US","2020-03-16",,,,,,
"USC00113490","GLEN ELLYN 4 S, IL US","2020-03-17",,,,,,
"USC00113490","GLEN ELLYN 4 S, IL US","2020-03-18",,,,,,
"USC00113490","GLEN ELLYN 4 S, IL US","2020-03-19",,,,,,
"USC00113490","GLEN ELLYN 4 S, IL US","2020-03-20",,,,,,
"USC00113490","GLEN ELLYN 4 S, IL US","2020-03-21",,,,,,
"USC00113490","GLEN ELLYN 4 S, IL US","2020-03-22",,,,,,
"USC00113490","GLEN ELLYN 4 S, IL US","2020-03-23",,,,,,
"USC00113490","GLEN ELLYN 4 S, IL US","2020-03-24",,,,,,
"USC00113490","GLEN ELLYN 4 S, IL US","2020-03-25",,,,,,
"USC00113490","GLEN ELLYN 4 S, IL US","2020-03-26",,,,,,
"USC00113490","GLEN ELLYN 4 S, IL US","2020-03-27",,,,,,
"USC00113490","GLEN ELLYN 4 S, IL US","2020-03-28",,,,,,
"USC00113490","GLEN ELLYN 4 S, IL US","2020-03-29",,,,,,
"USC00113490","GLEN ELLYN 4 S, IL US","2020-03-30",,,,,,
"USC00113490","GLEN ELLYN 4 S, IL US","2020-03-31",,,,,,
"USC00113490","GLEN ELLYN 4 S, IL US","2020-04-01",,,,,,
"USC00113490","GLEN ELLYN 4 S, IL US","2020-04-02",,,,,,
"USC00113490","GLEN ELLYN 4 S, IL US","2020-04-03",,,,,,
"USC00113490","GLEN ELLYN 4 S, IL US","2020-04-04",,,,,,
"USC00113490","GLEN ELLYN 4 S, IL US","2020-04-05",,,,,,
"USC00113490","GLEN ELLYN 4 S, IL US","2020-04-06",,,,,,
"USC00113490","GLEN ELLYN 4 S, IL US","2020-04-07",,,,,,
"USC00113490","GLEN ELLYN 4 S, IL US","2020-04-08",,,,,,
"USC00113490","GLEN ELLYN 4 S, IL US","2020-04-09",,,,,,
"USC00113490","GLEN ELLYN 4 S, IL US","2020-04-10",,,,,,
"USC00113490","GLEN ELLYN 4 S, IL US","2020-04-11",,,,,,
"USC00113490","GLEN ELLYN 4 S, IL US","2020-04-12",,,,,,
"USC00113490","GLEN ELLYN 4 S, IL US","2020-04-13",,,,,,
"USC00113490","GLEN ELLYN 4 S, IL US","2020-04-14",,,,,,
"USC00113490","GLEN ELLYN 4 S, IL US","2020-04-15",,,,,,
"USC00113490","GLEN ELLYN 4 S, IL US","2020-04-16",,,,,,
"USC00113490","GLEN ELLYN 4 S, IL US","2020-04-17",,,,,,
"USC00113490","GLEN ELLYN 4 S, IL US","2020-04-18",,,,,,
"USC00113490","GLEN ELLYN 4 S, IL US","2020-04-19",,,,,,
"USC00113490","GLEN ELLYN 4 S, IL US","2020-04-20",,,,,,
"USC00113490","GLEN ELLYN 4 S, IL US","2020-04-21",,,,,,
"USC00113490","GLEN ELLYN 4 S, IL US","2020-04-22",,,,,,
"USC00113490","GLEN ELLYN 4 S, IL US","2020-04-23",,,,,,
"USC00113490","GLEN ELLYN 4 S, IL US","2020-04-24",,,,,,
"USC00113490","GLEN ELLYN 4 S, IL US","2020-04-25",,,,,,
"USC00113490","GLEN ELLYN 4 S, IL US","2020-04-26",,,,,,
"USC00113490","GLEN ELLYN 4 S, IL US","2020-04-27",,,,,,
"USC00113490","GLEN ELLYN 4 S, IL US","2020-04-28",,,,,,
"USC00113490","GLEN ELLYN 4 S, IL US","2020-04-29",,,,,,
"USC00113490","GLEN ELLYN 4 S, IL US","2020-04-30",,,,,,
"USC00113490","GLEN ELLYN 4 S, IL US","2020-05-01",,,,,,
"USC00113490","GLEN ELLYN 4 S, IL US","2020-05-02",,,,,,
"USC00113490","GLEN ELLYN 4 S, IL US","2020-05-03",,,,,,
"USC00113490","GLEN ELLYN 4 S, IL US","2020-05-04",,,,,,
"USC00113490","GLEN ELLYN 4 S, IL US","2020-05-05",,,,,,
"USC00113490","GLEN ELLYN 4 S, IL US","2020-05-06",,,,,,
"USC00113490","GLEN ELLYN 4 S, IL US","2020-05-07",,,,,,
"USC00113490","GLEN ELLYN 4 S, IL US","2020-05-08",,,,,,
"USC00113490","GLEN ELLYN 4 S, IL US","2020-05-09",,,,,,
"USC00113490","GLEN ELLYN 4 S, IL US","2020-05-10",,,,,,
"USC00113490","GLEN ELLYN 4 S, IL US","2020-05-11",,,,,,
"USC00113490","GLEN ELLYN 4 S, IL US","2020-05-12",,,,,,
"USC00113490","GLEN ELLYN 4 S, IL US","2020-05-13",,,,,,
"USC00113490","GLEN ELLYN 4 S, IL US","2020-05-14",,,,,,
"USC00113490","GLEN ELLYN 4 S, IL US","2020-05-15",,,,,,
"USC00113490","GLEN ELLYN 4 S, IL US","2020-05-16",,,,,,
"USC00113490","GLEN ELLYN 4 S, IL US","2020-05-17",,,,,,
"USC00113490","GLEN ELLYN 4 S, IL US","2020-05-18",,,,,,
"USC00113490","GLEN ELLYN 4 S, IL US","2020-05-19",,,,,,
"USC00113490","GLEN ELLYN 4 S, IL US","2020-05-20",,,,,,
"USC00113490","GLEN ELLYN 4 S, IL US","2020-05-21",,,,,,
"USC00113490","GLEN ELLYN 4 S, IL US","2020-05-22",,,,,,
"USC00113490","GLEN ELLYN 4 S, IL US","2020-05-23",,,,,,
"USC00113490","GLEN ELLYN 4 S, IL US","2020-05-24",,,,,,
"USC00113490","GLEN ELLYN 4 S, IL US","2020-05-25",,,,,,
"USC00113490","GLEN ELLYN 4 S, IL US","2020-05-26",,,,,,
"USC00113490","GLEN ELLYN 4 S, IL US","2020-05-27",,,,,,
"USC00113490","GLEN ELLYN 4 S, IL US","2020-05-28",,,,,,
"USC00113490","GLEN ELLYN 4 S, IL US","2020-05-29",,,,,,
"USC00113490","GLEN ELLYN 4 S, IL US","2020-05-30",,,,,,
"USC00113490","GLEN ELLYN 4 S, IL US","2020-05-31",,,,,,
"USC00113490","GLEN ELLYN 4 S, IL US","2020-06-01",,,,,,
"USC00113490","GLEN ELLYN 4 S, IL US","2020-06-02",,,,,,
"USC00113490","GLEN ELLYN 4 S, IL US","2020-06-03",,,,,,
"USC00113490","GLEN ELLYN 4 S, IL US","2020-06-04",,,,,,
"USC00113490","GLEN ELLYN 4 S, IL US","2020-06-05",,,,,,
"USC00113490","GLEN ELLYN 4 S, IL US","2020-06-06",,,,,,
"USC00113490","GLEN ELLYN 4 S, IL US","2020-06-07",,,,,,
"USC00113490","GLEN ELLYN 4 S, IL US","2020-06-08",,,,,,
"USC00113490","GLEN ELLYN 4 S, IL US","2020-06-09",,,,,,
"USC00113490","GLEN ELLYN 4 S, IL US","2020-06-10",,,,,,
"USC00113490","GLEN ELLYN 4 S, IL US","2020-06-11",,,,,,
"USC00113490","GLEN ELLYN 4 S, IL US","2020-06-12",,,,,,
"USC00113490","GLEN ELLYN 4 S, IL US","2020-06-13",,,,,,
"USC00113490","GLEN ELLYN 4 S, IL US","2020-06-14",,,,,,
"USC00113490","GLEN ELLYN 4 S, IL US","2020-06-15",,,,,,
"USC00113490","GLEN ELLYN 4 S, IL US","2020-06-16",,,,,,
"USC00113490","GLEN ELLYN 4 S, IL US","2020-06-17",,,,,,
"USC00113490","GLEN ELLYN 4 S, IL US","2020-06-18",,,,,,
"USC00113490","GLEN ELLYN 4 S, IL US","2020-06-19",,,,,,
"USC00113490","GLEN ELLYN 4 S, IL US","2020-06-20",,,,,,
"USC00113490","GLEN ELLYN 4 S, IL US","2020-06-21",,,,,,
"USC00113490","GLEN ELLYN 4 S, IL US","2020-06-22",,,,,,
"USC00113490","GLEN ELLYN 4 S, IL US","2020-06-23",,,,,,
"USC00113490","GLEN ELLYN 4 S, IL US","2020-06-24",,,,,,
"USC00113490","GLEN ELLYN 4 S, IL US","2020-06-25",,,,,,
"USC00113490","GLEN ELLYN 4 S, IL US","2020-06-26",,,,,,
"USC00113490","GLEN ELLYN 4 S, IL US","2020-06-27",,,,,,
"USC00113490","GLEN ELLYN 4 S, IL US","2020-06-28",,,,,,
"USC00113490","GLEN ELLYN 4 S, IL US","2020-06-29",,,,,,
"USC00113490","GLEN ELLYN 4 S, IL US","2020-06-30",,,,,,
"USC00113490","GLEN ELLYN 4 S, IL US","2020-07-01",,,,,,
"USC00113490","GLEN ELLYN 4 S, IL US","2020-07-02",,,,,,
"USC00113490","GLEN ELLYN 4 S, IL US","2020-07-03",,,,,,
"USC00113490","GLEN ELLYN 4 S, IL US","2020-07-04",,,,,,
"USC00113490","GLEN ELLYN 4 S, IL US","2020-07-05",,,,,,
"USC00113490","GLEN ELLYN 4 S, IL US","2020-07-06",,,,,,
"USC00113490","GLEN ELLYN 4 S, IL US","2020-07-07",,,,,,
"USC00113490","GLEN ELLYN 4 S, IL US","2020-07-08",,,,,,
"USC00113490","GLEN ELLYN 4 S, IL US","2020-07-09",,,,,,
"USC00113490","GLEN ELLYN 4 S, IL US","2020-07-10",,,,,,
"USC00113490","GLEN ELLYN 4 S, IL US","2020-07-11",,,,,,
"USC00113490","GLEN ELLYN 4 S, IL US","2020-07-12",,,,,,
"USC00113490","GLEN ELLYN 4 S, IL US","2020-07-13",,,,,,
"USC00113490","GLEN ELLYN 4 S, IL US","2020-07-14",,,,,,
"USC00113490","GLEN ELLYN 4 S, IL US","2020-07-15",,,,,,
"USC00113490","GLEN ELLYN 4 S, IL US","2020-07-16",,,,,,
"USC00113490","GLEN ELLYN 4 S, IL US","2020-07-17",,,,,,
"USC00113490","GLEN ELLYN 4 S, IL US","2020-07-18",,,,,,
"USC00113490","GLEN ELLYN 4 S, IL US","2020-07-19",,,,,,
"USC00113490","GLEN ELLYN 4 S, IL US","2020-07-20",,,,,,
"USC00113490","GLEN ELLYN 4 S, IL US","2020-07-21",,,,,,
"USC00113490","GLEN ELLYN 4 S, IL US","2020-07-22",,,,,,
"USC00113490","GLEN ELLYN 4 S, IL US","2020-07-23",,,,,,
"USC00113490","GLEN ELLYN 4 S, IL US","2020-07-24",,,,,,
"USC00113490","GLEN ELLYN 4 S, IL US","2020-07-25",,,,,,
"USC00113490","GLEN ELLYN 4 S, IL US","2020-07-26",,,,,,
"USC00113490","GLEN ELLYN 4 S, IL US","2020-07-27",,,,,,
"USC00113490","GLEN ELLYN 4 S, IL US","2020-07-28",,,,,,
"USC00113490","GLEN ELLYN 4 S, IL US","2020-07-29",,,,,,
"USC00113490","GLEN ELLYN 4 S, IL US","2020-07-30",,,,,,
"USC00113490","GLEN ELLYN 4 S, IL US","2020-07-31",,,,,,
"USC00113490","GLEN ELLYN 4 S, IL US","2020-08-01",,,,,,
"USC00113490","GLEN ELLYN 4 S, IL US","2020-08-02",,,,,,
"USC00113490","GLEN ELLYN 4 S, IL US","2020-08-03",,,,,,
"USC00113490","GLEN ELLYN 4 S, IL US","2020-08-04",,,,,,
"USC00113490","GLEN ELLYN 4 S, IL US","2020-08-05",,,,,,
"USC00113490","GLEN ELLYN 4 S, IL US","2020-08-06",,,,,,
"USC00113490","GLEN ELLYN 4 S, IL US","2020-08-07",,,,,,
"USC00113490","GLEN ELLYN 4 S, IL US","2020-08-08",,,,,,
"USC00113490","GLEN ELLYN 4 S, IL US","2020-08-10",,,,,,
"USC00113490","GLEN ELLYN 4 S, IL US","2020-08-11",,,,,,
"USC00113490","GLEN ELLYN 4 S, IL US","2020-08-12",,,,,,
"USC00113490","GLEN ELLYN 4 S, IL US","2020-08-13",,,,,,
"USC00113490","GLEN ELLYN 4 S, IL US","2020-08-14",,,,,,
"USC00113490","GLEN ELLYN 4 S, IL US","2020-08-15",,,,,,
"USC00113490","GLEN ELLYN 4 S, IL US","2020-08-16",,,,,,
"USC00113490","GLEN ELLYN 4 S, IL US","2020-08-17",,,,,,
"USC00113490","GLEN ELLYN 4 S, IL US","2020-08-18",,,,,,
"USC00113490","GLEN ELLYN 4 S, IL US","2020-08-19",,,,,,
"USC00113490","GLEN ELLYN 4 S, IL US","2020-08-20",,,,,,
"USC00113490","GLEN ELLYN 4 S, IL US","2020-08-21",,,,,,
"USC00113490","GLEN ELLYN 4 S, IL US","2020-08-22",,,,,,
"USC00113490","GLEN ELLYN 4 S, IL US","2020-08-23",,,,,,
"USC00113490","GLEN ELLYN 4 S, IL US","2020-08-24",,,,,,
"USC00113490","GLEN ELLYN 4 S, IL US","2020-08-25",,,,,,
"USC00113490","GLEN ELLYN 4 S, IL US","2020-08-26",,,,,,
"USC00113490","GLEN ELLYN 4 S, IL US","2020-08-27",,,,,,
"USC00113490","GLEN ELLYN 4 S, IL US","2020-08-28",,,,,,
"USC00113490","GLEN ELLYN 4 S, IL US","2020-08-29",,,,,,
"USC00113490","GLEN ELLYN 4 S, IL US","2020-08-30",,,,,,
"USC00113490","GLEN ELLYN 4 S, IL US","2020-08-31",,,,,,
"USC00113490","GLEN ELLYN 4 S, IL US","2020-09-01",,,,,,
"USC00113490","GLEN ELLYN 4 S, IL US","2020-09-02",,,,,,
"USC00113490","GLEN ELLYN 4 S, IL US","2020-09-03",,,,,,
"USC00113490","GLEN ELLYN 4 S, IL US","2020-09-04",,,,,,
"USC00113490","GLEN ELLYN 4 S, IL US","2020-09-05",,,,,,
"USC00113490","GLEN ELLYN 4 S, IL US","2020-09-06",,,,,,
"USC00113490","GLEN ELLYN 4 S, IL US","2020-09-07",,,,,,
"US1ILCK0298","CICERO 0.4 W, IL US","2019-10-01",,,,,,
"US1ILCK0298","CICERO 0.4 W, IL US","2019-10-02",,,,,,
"US1ILCK0298","CICERO 0.4 W, IL US","2019-10-03",,,,,,
"US1ILCK0298","CICERO 0.4 W, IL US","2019-10-04",,,,,,
"US1ILCK0298","CICERO 0.4 W, IL US","2019-10-05",,,,,,
"US1ILCK0298","CICERO 0.4 W, IL US","2019-10-06",,,,,,
"US1ILCK0298","CICERO 0.4 W, IL US","2019-10-07",,,,,,
"US1ILCK0298","CICERO 0.4 W, IL US","2019-10-08",,,,,,
"US1ILCK0298","CICERO 0.4 W, IL US","2019-10-09",,,,,,
"US1ILCK0298","CICERO 0.4 W, IL US","2019-10-10",,,,,,
"US1ILCK0298","CICERO 0.4 W, IL US","2019-10-11",,,,,,
"US1ILCK0298","CICERO 0.4 W, IL US","2019-10-12",,,,,,
"US1ILCK0298","CICERO 0.4 W, IL US","2019-10-13",,,,,,
"US1ILCK0298","CICERO 0.4 W, IL US","2019-10-14",,,,,,
"US1ILCK0298","CICERO 0.4 W, IL US","2019-10-15",,,,,,
"US1ILCK0298","CICERO 0.4 W, IL US","2019-10-17",,,,,,
"US1ILCK0298","CICERO 0.4 W, IL US","2019-10-18",,,,,,
"US1ILCK0298","CICERO 0.4 W, IL US","2019-10-19",,,,,,
"US1ILCK0298","CICERO 0.4 W, IL US","2019-10-20",,,,,,
"US1ILCK0298","CICERO 0.4 W, IL US","2019-10-21",,,,,,
"US1ILCK0298","CICERO 0.4 W, IL US","2019-10-23",,,,,,
"US1ILCK0298","CICERO 0.4 W, IL US","2019-10-24",,,,,,
"US1ILCK0298","CICERO 0.4 W, IL US","2019-10-25",,,,,,
"US1ILCK0298","CICERO 0.4 W, IL US","2019-10-26",,,,,,
"US1ILCK0298","CICERO 0.4 W, IL US","2019-10-27",,,,,,
"US1ILCK0298","CICERO 0.4 W, IL US","2019-10-28",,,,,,
"US1ILCK0298","CICERO 0.4 W, IL US","2019-10-29",,,,,,
"US1ILCK0298","CICERO 0.4 W, IL US","2019-10-30",,,,,,
"US1ILCK0298","CICERO 0.4 W, IL US","2019-11-05",,,,,,
"US1ILCK0298","CICERO 0.4 W, IL US","2019-11-06",,,,,,
"US1ILCK0298","CICERO 0.4 W, IL US","2019-11-10",,,,,,
"US1ILCK0298","CICERO 0.4 W, IL US","2019-11-11",,,,,,
"US1ILCK0298","CICERO 0.4 W, IL US","2019-11-14",,,,,,
"US1ILCK0298","CICERO 0.4 W, IL US","2019-11-20",,,,,,
"US1ILCK0298","CICERO 0.4 W, IL US","2019-11-21",,,,,,
"US1ILCK0298","CICERO 0.4 W, IL US","2019-11-29",,,,,,
"US1ILCK0298","CICERO 0.4 W, IL US","2019-11-30",,,,,,
"US1ILCK0298","CICERO 0.4 W, IL US","2019-12-01",,,,,,
"US1ILCK0298","CICERO 0.4 W, IL US","2019-12-04",,,,,,
"US1ILCK0298","CICERO 0.4 W, IL US","2019-12-05",,,,,,
"US1ILCK0298","CICERO 0.4 W, IL US","2019-12-06",,,,,,
"US1ILCK0298","CICERO 0.4 W, IL US","2019-12-07",,,,,,
"US1ILCK0298","CICERO 0.4 W, IL US","2019-12-08",,,,,,
"US1ILCK0298","CICERO 0.4 W, IL US","2019-12-18",,,,,,
"US1ILCK0298","CICERO 0.4 W, IL US","2019-12-19",,,,,,
"US1ILCK0298","CICERO 0.4 W, IL US","2019-12-20",,,,,,
"US1ILCK0298","CICERO 0.4 W, IL US","2019-12-21",,,,,,
"US1ILCK0298","CICERO 0.4 W, IL US","2019-12-22",,,,,,
"US1ILCK0298","CICERO 0.4 W, IL US","2019-12-23",,,,,,
"US1ILCK0298","CICERO 0.4 W, IL US","2019-12-24",,,,,,
"US1ILCK0298","CICERO 0.4 W, IL US","2019-12-25",,,,,,
"US1ILCK0298","CICERO 0.4 W, IL US","2019-12-26",,,,,,
"US1ILCK0298","CICERO 0.4 W, IL US","2019-12-27",,,,,,
"US1ILCK0298","CICERO 0.4 W, IL US","2019-12-28",,,,,,
"US1ILCK0298","CICERO 0.4 W, IL US","2020-01-10",,,,,,
"US1ILCK0298","CICERO 0.4 W, IL US","2020-01-27",,,,,,
"US1ILCK0298","CICERO 0.4 W, IL US","2020-01-30",,,,,,
"US1ILCK0298","CICERO 0.4 W, IL US","2020-02-01",,,,,,
"US1ILCK0298","CICERO 0.4 W, IL US","2020-02-02",,,,,,
"US1ILCK0298","CICERO 0.4 W, IL US","2020-02-03",,,,,,
"US1ILCK0298","CICERO 0.4 W, IL US","2020-02-04",,,,,,
"US1ILCK0298","CICERO 0.4 W, IL US","2020-02-05",,,,,,
"US1ILCK0298","CICERO 0.4 W, IL US","2020-02-06",,,,,,
"US1ILCK0298","CICERO 0.4 W, IL US","2020-04-06",,,,,,
"US1ILCK0298","CICERO 0.4 W, IL US","2020-04-07",,,,,,
"US1ILCK0298","CICERO 0.4 W, IL US","2020-04-19",,,,,,
"US1ILCK0298","CICERO 0.4 W, IL US","2020-05-05",,,,,,
"US1ILCK0298","CICERO 0.4 W, IL US","2020-05-14",,,,,,
"US1ILCK0298","CICERO 0.4 W, IL US","2020-05-15",,,,,,
"US1ILCK0298","CICERO 0.4 W, IL US","2020-05-16",,,,,,
"US1ILCK0298","CICERO 0.4 W, IL US","2020-05-18",,,,,,
"US1ILCK0298","CICERO 0.4 W, IL US","2020-05-20",,,,,,
"US1ILCK0298","CICERO 0.4 W, IL US","2020-05-21",,,,,,
"US1ILCK0298","CICERO 0.4 W, IL US","2020-05-22",,,,,,
"US1ILCK0298","CICERO 0.4 W, IL US","2020-05-23",,,,,,
"US1ILCK0298","CICERO 0.4 W, IL US","2020-05-24",,,,,,
"US1ILCK0298","CICERO 0.4 W, IL US","2020-05-25",,,,,,
"US1ILCK0298","CICERO 0.4 W, IL US","2020-05-26",,,,,,
"US1ILCK0298","CICERO 0.4 W, IL US","2020-05-27",,,,,,
"US1ILCK0298","CICERO 0.4 W, IL US","2020-06-01",,,,,,
"US1ILCK0298","CICERO 0.4 W, IL US","2020-06-02",,,,,,
"US1ILCK0298","CICERO 0.4 W, IL US","2020-06-03",,,,,,
"US1ILCK0298","CICERO 0.4 W, IL US","2020-06-04",,,,,,
"US1ILCK0298","CICERO 0.4 W, IL US","2020-06-05",,,,,,
"US1ILCK0298","CICERO 0.4 W, IL US","2020-06-06",,,,,,
"US1ILCK0298","CICERO 0.4 W, IL US","2020-06-07",,,,,,
"US1ILCK0298","CICERO 0.4 W, IL US","2020-06-08",,,,,,
"US1ILCK0298","CICERO 0.4 W, IL US","2020-06-09",,,,,,
"US1ILCK0298","CICERO 0.4 W, IL US","2020-06-20",,,,,,
"US1ILCK0298","CICERO 0.4 W, IL US","2020-06-21",,,,,,
"US1ILCK0298","CICERO 0.4 W, IL US","2020-06-22",,,,,,
"US1ILCK0298","CICERO 0.4 W, IL US","2020-06-26",,,,,,
"US1ILCK0298","CICERO 0.4 W, IL US","2020-06-27",,,,,,
"US1ILCK0298","CICERO 0.4 W, IL US","2020-06-28",,,,,,
"US1ILCK0298","CICERO 0.4 W, IL US","2020-06-29",,,,,,
"US1ILCK0298","CICERO 0.4 W, IL US","2020-06-30",,,,,,
"US1ILCK0298","CICERO 0.4 W, IL US","2020-07-11",,,,,,
"US1ILCK0298","CICERO 0.4 W, IL US","2020-07-12",,,,,,
"US1ILCK0298","CICERO 0.4 W, IL US","2020-07-13",,,,,,
"US1ILCK0298","CICERO 0.4 W, IL US","2020-07-14",,,,,,
"US1ILCK0298","CICERO 0.4 W, IL US","2020-07-15",,,,,,
"US1ILCK0298","CICERO 0.4 W, IL US","2020-07-17",,,,,,
"US1ILCK0298","CICERO 0.4 W, IL US","2020-07-20",,,,,,
"US1ILCK0298","CICERO 0.4 W, IL US","2020-07-21",,,,,,
"US1ILCK0298","CICERO 0.4 W, IL US","2020-07-22",,,,,,
"US1ILCK0298","CICERO 0.4 W, IL US","2020-07-23",,,,,,
"US1ILCK0298","CICERO 0.4 W, IL US","2020-07-24",,,,,,
"US1ILCK0298","CICERO 0.4 W, IL US","2020-07-25",,,,,,
"US1ILCK0298","CICERO 0.4 W, IL US","2020-07-26",,,,,,
"US1ILCK0298","CICERO 0.4 W, IL US","2020-07-27",,,,,,
"US1ILCK0298","CICERO 0.4 W, IL US","2020-07-28",,,,,,
"US1ILCK0298","CICERO 0.4 W, IL US","2020-07-29",,,,,,
"US1ILCK0298","CICERO 0.4 W, IL US","2020-07-30",,,,,,
"US1ILCK0298","CICERO 0.4 W, IL US","2020-07-31",,,,,,
"US1ILCK0298","CICERO 0.4 W, IL US","2020-08-01",,,,,,
"US1ILCK0298","CICERO 0.4 W, IL US","2020-08-02",,,,,,
"US1ILCK0298","CICERO 0.4 W, IL US","2020-08-03",,,,,,
"US1ILCK0298","CICERO 0.4 W, IL US","2020-08-04",,,,,,
"US1ILCK0298","CICERO 0.4 W, IL US","2020-08-05",,,,,,
"US1ILCK0298","CICERO 0.4 W, IL US","2020-08-06",,,,,,
"US1ILCK0298","CICERO 0.4 W, IL US","2020-08-07",,,,,,
"US1ILCK0298","CICERO 0.4 W, IL US","2020-08-08",,,,,,
"US1ILCK0298","CICERO 0.4 W, IL US","2020-08-09",,,,,,
"US1ILCK0298","CICERO 0.4 W, IL US","2020-08-15",,,,,,
"US1ILCK0298","CICERO 0.4 W, IL US","2020-08-16",,,,,,
"US1ILCK0298","CICERO 0.4 W, IL US","2020-08-17",,,,,,
"US1ILCK0298","CICERO 0.4 W, IL US","2020-08-18",,,,,,
"US1ILCK0298","CICERO 0.4 W, IL US","2020-08-19",,,,,,
"US1ILCK0298","CICERO 0.4 W, IL US","2020-08-20",,,,,,
"US1ILCK0298","CICERO 0.4 W, IL US","2020-08-21",,,,,,
"US1ILCK0298","CICERO 0.4 W, IL US","2020-08-22",,,,,,
"US1ILCK0298","CICERO 0.4 W, IL US","2020-08-23",,,,,,
"US1ILCK0298","CICERO 0.4 W, IL US","2020-08-24",,,,,,
"US1ILCK0298","CICERO 0.4 W, IL US","2020-08-25",,,,,,
"US1ILCK0298","CICERO 0.4 W, IL US","2020-08-26",,,,,,
"US1ILCK0298","CICERO 0.4 W, IL US","2020-08-27",,,,,,
"US1ILCK0298","CICERO 0.4 W, IL US","2020-08-28",,,,,,
"US1ILCK0298","CICERO 0.4 W, IL US","2020-08-30",,,,,,
"US1ILCK0298","CICERO 0.4 W, IL US","2020-08-31",,,,,,
"US1ILCK0298","CICERO 0.4 W, IL US","2020-09-01",,,,,,
"US1ILCK0298","CICERO 0.4 W, IL US","2020-09-02",,,,,,
"US1ILCK0298","CICERO 0.4 W, IL US","2020-09-05",,,,,,
"US1ILCK0298","CICERO 0.4 W, IL US","2020-09-06",,,,,,
"US1ILCK0298","CICERO 0.4 W, IL US","2020-09-07",,,,,,
"US1INLK0099","ST. JOHN 2.8 SE, IN US","2019-10-01",,,,,,
"US1INLK0099","ST. JOHN 2.8 SE, IN US","2019-10-02",,,,,,
"US1INLK0099","ST. JOHN 2.8 SE, IN US","2019-10-03",,,,,,
"US1INLK0099","ST. JOHN 2.8 SE, IN US","2019-10-04",,,,,,
"US1INLK0099","ST. JOHN 2.8 SE, IN US","2019-10-05",,,,,,
"US1INLK0099","ST. JOHN 2.8 SE, IN US","2019-10-06",,,,,,
"US1INLK0099","ST. JOHN 2.8 SE, IN US","2019-10-07",,,,,,
"US1INLK0099","ST. JOHN 2.8 SE, IN US","2019-10-08",,,,,,
"US1INLK0099","ST. JOHN 2.8 SE, IN US","2019-10-09",,,,,,
"US1INLK0099","ST. JOHN 2.8 SE, IN US","2019-10-10",,,,,,
"US1INLK0099","ST. JOHN 2.8 SE, IN US","2019-10-11",,,,,,
"US1INLK0099","ST. JOHN 2.8 SE, IN US","2019-10-12",,,,,,
"US1INLK0099","ST. JOHN 2.8 SE, IN US","2019-10-13",,,,,,
"US1INLK0099","ST. JOHN 2.8 SE, IN US","2019-10-14",,,,,,
"US1INLK0099","ST. JOHN 2.8 SE, IN US","2019-10-15",,,,,,
"US1INLK0099","ST. JOHN 2.8 SE, IN US","2019-10-16",,,,,,
"US1INLK0099","ST. JOHN 2.8 SE, IN US","2019-10-17",,,,,,
"US1INLK0099","ST. JOHN 2.8 SE, IN US","2019-10-18",,,,,,
"US1INLK0099","ST. JOHN 2.8 SE, IN US","2019-10-19",,,,,,
"US1INLK0099","ST. JOHN 2.8 SE, IN US","2019-10-20",,,,,,
"US1INLK0099","ST. JOHN 2.8 SE, IN US","2019-10-21",,,,,,
"US1INLK0099","ST. JOHN 2.8 SE, IN US","2019-10-22",,,,,,
"US1INLK0099","ST. JOHN 2.8 SE, IN US","2019-10-23",,,,,,
"US1INLK0099","ST. JOHN 2.8 SE, IN US","2019-10-24",,,,,,
"US1INLK0099","ST. JOHN 2.8 SE, IN US","2019-10-25",,,,,,
"US1INLK0099","ST. JOHN 2.8 SE, IN US","2019-10-26",,,,,,
"US1INLK0099","ST. JOHN 2.8 SE, IN US","2019-10-27",,,,,,
"US1INLK0099","ST. JOHN 2.8 SE, IN US","2019-10-28",,,,,,
"US1INLK0099","ST. JOHN 2.8 SE, IN US","2019-10-29",,,,,,
"US1INLK0099","ST. JOHN 2.8 SE, IN US","2019-10-30",,,,,,
"US1INLK0099","ST. JOHN 2.8 SE, IN US","2019-10-31",,,,,,
"US1INLK0099","ST. JOHN 2.8 SE, IN US","2019-11-01",,,,,,
"US1INLK0099","ST. JOHN 2.8 SE, IN US","2019-11-02",,,,,,
"US1INLK0099","ST. JOHN 2.8 SE, IN US","2019-11-03",,,,,,
"US1INLK0099","ST. JOHN 2.8 SE, IN US","2019-11-04",,,,,,
"US1INLK0099","ST. JOHN 2.8 SE, IN US","2019-11-05",,,,,,
"US1INLK0099","ST. JOHN 2.8 SE, IN US","2019-11-06",,,,,,
"US1INLK0099","ST. JOHN 2.8 SE, IN US","2019-11-07",,,,,,
"US1INLK0099","ST. JOHN 2.8 SE, IN US","2019-11-08",,,,,,
"US1INLK0099","ST. JOHN 2.8 SE, IN US","2019-11-09",,,,,,
"US1INLK0099","ST. JOHN 2.8 SE, IN US","2019-11-10",,,,,,
"US1INLK0099","ST. JOHN 2.8 SE, IN US","2019-11-11",,,,,,
"US1INLK0099","ST. JOHN 2.8 SE, IN US","2019-11-12",,,,,,
"US1INLK0099","ST. JOHN 2.8 SE, IN US","2019-11-13",,,,,,
"US1INLK0099","ST. JOHN 2.8 SE, IN US","2019-11-14",,,,,,
"US1INLK0099","ST. JOHN 2.8 SE, IN US","2019-11-15",,,,,,
"US1INLK0099","ST. JOHN 2.8 SE, IN US","2019-11-16",,,,,,
"US1INLK0099","ST. JOHN 2.8 SE, IN US","2019-11-17",,,,,,
"US1INLK0099","ST. JOHN 2.8 SE, IN US","2019-11-18",,,,,,
"US1INLK0099","ST. JOHN 2.8 SE, IN US","2019-11-19",,,,,,
"US1INLK0099","ST. JOHN 2.8 SE, IN US","2019-11-20",,,,,,
"US1INLK0099","ST. JOHN 2.8 SE, IN US","2019-11-21",,,,,,
"US1INLK0099","ST. JOHN 2.8 SE, IN US","2019-11-22",,,,,,
"US1INLK0099","ST. JOHN 2.8 SE, IN US","2019-11-23",,,,,,
"US1INLK0099","ST. JOHN 2.8 SE, IN US","2019-11-24",,,,,,
"US1INLK0099","ST. JOHN 2.8 SE, IN US","2019-11-25",,,,,,
"US1INLK0099","ST. JOHN 2.8 SE, IN US","2019-11-26",,,,,,
"US1INLK0099","ST. JOHN 2.8 SE, IN US","2019-11-27",,,,,,
"US1INLK0099","ST. JOHN 2.8 SE, IN US","2019-11-28",,,,,,
"US1INLK0099","ST. JOHN 2.8 SE, IN US","2019-11-29",,,,,,
"US1INLK0099","ST. JOHN 2.8 SE, IN US","2019-11-30",,,,,,
"US1INLK0099","ST. JOHN 2.8 SE, IN US","2019-12-01",,,,,,
"US1INLK0099","ST. JOHN 2.8 SE, IN US","2019-12-02",,,,,,
"US1INLK0099","ST. JOHN 2.8 SE, IN US","2019-12-03",,,,,,
"US1INLK0099","ST. JOHN 2.8 SE, IN US","2019-12-04",,,,,,
"US1INLK0099","ST. JOHN 2.8 SE, IN US","2019-12-05",,,,,,
"US1INLK0099","ST. JOHN 2.8 SE, IN US","2019-12-06",,,,,,
"US1INLK0099","ST. JOHN 2.8 SE, IN US","2019-12-07",,,,,,
"US1INLK0099","ST. JOHN 2.8 SE, IN US","2019-12-08",,,,,,
"US1INLK0099","ST. JOHN 2.8 SE, IN US","2019-12-09",,,,,,
"US1INLK0099","ST. JOHN 2.8 SE, IN US","2019-12-10",,,,,,
"US1INLK0099","ST. JOHN 2.8 SE, IN US","2019-12-11",,,,,,
"US1INLK0099","ST. JOHN 2.8 SE, IN US","2019-12-12",,,,,,
"US1INLK0099","ST. JOHN 2.8 SE, IN US","2019-12-13",,,,,,
"US1INLK0099","ST. JOHN 2.8 SE, IN US","2019-12-14",,,,,,
"US1INLK0099","ST. JOHN 2.8 SE, IN US","2019-12-15",,,,,,
"US1INLK0099","ST. JOHN 2.8 SE, IN US","2019-12-16",,,,,,
"US1INLK0099","ST. JOHN 2.8 SE, IN US","2019-12-17",,,,,,
"US1INLK0099","ST. JOHN 2.8 SE, IN US","2019-12-18",,,,,,
"US1INLK0099","ST. JOHN 2.8 SE, IN US","2019-12-19",,,,,,
"US1INLK0099","ST. JOHN 2.8 SE, IN US","2019-12-20",,,,,,
"US1INLK0099","ST. JOHN 2.8 SE, IN US","2019-12-21",,,,,,
"US1INLK0099","ST. JOHN 2.8 SE, IN US","2019-12-22",,,,,,
"US1INLK0099","ST. JOHN 2.8 SE, IN US","2019-12-23",,,,,,
"US1INLK0099","ST. JOHN 2.8 SE, IN US","2019-12-24",,,,,,
"US1INLK0099","ST. JOHN 2.8 SE, IN US","2019-12-25",,,,,,
"US1INLK0099","ST. JOHN 2.8 SE, IN US","2019-12-26",,,,,,
"US1INLK0099","ST. JOHN 2.8 SE, IN US","2019-12-27",,,,,,
"US1INLK0099","ST. JOHN 2.8 SE, IN US","2019-12-28",,,,,,
"US1INLK0099","ST. JOHN 2.8 SE, IN US","2019-12-29",,,,,,
"US1INLK0099","ST. JOHN 2.8 SE, IN US","2019-12-30",,,,,,
"US1INLK0099","ST. JOHN 2.8 SE, IN US","2019-12-31",,,,,,
"US1INLK0099","ST. JOHN 2.8 SE, IN US","2020-01-01",,,,,,
"US1INLK0099","ST. JOHN 2.8 SE, IN US","2020-01-02",,,,,,
"US1INLK0099","ST. JOHN 2.8 SE, IN US","2020-01-03",,,,,,
"US1INLK0099","ST. JOHN 2.8 SE, IN US","2020-01-04",,,,,,
"US1INLK0099","ST. JOHN 2.8 SE, IN US","2020-01-05",,,,,,
"US1INLK0099","ST. JOHN 2.8 SE, IN US","2020-01-06",,,,,,
"US1INLK0099","ST. JOHN 2.8 SE, IN US","2020-01-07",,,,,,
"US1INLK0099","ST. JOHN 2.8 SE, IN US","2020-01-08",,,,,,
"US1INLK0099","ST. JOHN 2.8 SE, IN US","2020-01-09",,,,,,
"US1INLK0099","ST. JOHN 2.8 SE, IN US","2020-01-10",,,,,,
"US1INLK0099","ST. JOHN 2.8 SE, IN US","2020-01-11",,,,,,
"US1INLK0099","ST. JOHN 2.8 SE, IN US","2020-01-12",,,,,,
"US1INLK0099","ST. JOHN 2.8 SE, IN US","2020-01-13",,,,,,
"US1INLK0099","ST. JOHN 2.8 SE, IN US","2020-01-14",,,,,,
"US1INLK0099","ST. JOHN 2.8 SE, IN US","2020-01-15",,,,,,
"US1INLK0099","ST. JOHN 2.8 SE, IN US","2020-01-16",,,,,,
"US1INLK0099","ST. JOHN 2.8 SE, IN US","2020-01-17",,,,,,
"US1INLK0099","ST. JOHN 2.8 SE, IN US","2020-01-18",,,,,,
"US1INLK0099","ST. JOHN 2.8 SE, IN US","2020-01-19",,,,,,
"US1INLK0099","ST. JOHN 2.8 SE, IN US","2020-01-20",,,,,,
"US1INLK0099","ST. JOHN 2.8 SE, IN US","2020-01-21",,,,,,
"US1INLK0099","ST. JOHN 2.8 SE, IN US","2020-01-22",,,,,,
"US1INLK0099","ST. JOHN 2.8 SE, IN US","2020-01-23",,,,,,
"US1INLK0099","ST. JOHN 2.8 SE, IN US","2020-01-24",,,,,,
"US1INLK0099","ST. JOHN 2.8 SE, IN US","2020-01-25",,,,,,
"US1INLK0099","ST. JOHN 2.8 SE, IN US","2020-01-26",,,,,,
"US1INLK0099","ST. JOHN 2.8 SE, IN US","2020-01-27",,,,,,
"US1INLK0099","ST. JOHN 2.8 SE, IN US","2020-01-28",,,,,,
"US1INLK0099","ST. JOHN 2.8 SE, IN US","2020-01-29",,,,,,
"US1INLK0099","ST. JOHN 2.8 SE, IN US","2020-01-30",,,,,,
"US1INLK0099","ST. JOHN 2.8 SE, IN US","2020-02-01",,,,,,
"US1INLK0099","ST. JOHN 2.8 SE, IN US","2020-02-02",,,,,,
"US1INLK0099","ST. JOHN 2.8 SE, IN US","2020-02-03",,,,,,
"US1INLK0099","ST. JOHN 2.8 SE, IN US","2020-02-04",,,,,,
"US1INLK0099","ST. JOHN 2.8 SE, IN US","2020-02-05",,,,,,
"US1INLK0099","ST. JOHN 2.8 SE, IN US","2020-02-06",,,,,,
"US1INLK0099","ST. JOHN 2.8 SE, IN US","2020-02-07",,,,,,
"US1INLK0099","ST. JOHN 2.8 SE, IN US","2020-02-08",,,,,,
"US1INLK0099","ST. JOHN 2.8 SE, IN US","2020-02-09",,,,,,
"US1INLK0099","ST. JOHN 2.8 SE, IN US","2020-02-10",,,,,,
"US1INLK0099","ST. JOHN 2.8 SE, IN US","2020-02-11",,,,,,
"US1INLK0099","ST. JOHN 2.8 SE, IN US","2020-02-12",,,,,,
"US1INLK0099","ST. JOHN 2.8 SE, IN US","2020-02-13",,,,,,
"US1INLK0099","ST. JOHN 2.8 SE, IN US","2020-02-14",,,,,,
"US1INLK0099","ST. JOHN 2.8 SE, IN US","2020-02-15",,,,,,
"US1INLK0099","ST. JOHN 2.8 SE, IN US","2020-02-16",,,,,,
"US1INLK0099","ST. JOHN 2.8 SE, IN US","2020-02-17",,,,,,
"US1INLK0099","ST. JOHN 2.8 SE, IN US","2020-02-18",,,,,,
"US1INLK0099","ST. JOHN 2.8 SE, IN US","2020-02-19",,,,,,
"US1INLK0099","ST. JOHN 2.8 SE, IN US","2020-02-20",,,,,,
"US1INLK0099","ST. JOHN 2.8 SE, IN US","2020-02-21",,,,,,
"US1INLK0099","ST. JOHN 2.8 SE, IN US","2020-02-22",,,,,,
"US1INLK0099","ST. JOHN 2.8 SE, IN US","2020-02-23",,,,,,
"US1INLK0099","ST. JOHN 2.8 SE, IN US","2020-02-24",,,,,,
"US1INLK0099","ST. JOHN 2.8 SE, IN US","2020-02-25",,,,,,
"US1INLK0099","ST. JOHN 2.8 SE, IN US","2020-02-26",,,,,,
"US1INLK0099","ST. JOHN 2.8 SE, IN US","2020-02-27",,,,,,
"US1INLK0099","ST. JOHN 2.8 SE, IN US","2020-02-28",,,,,,
"US1INLK0099","ST. JOHN 2.8 SE, IN US","2020-02-29",,,,,,
"US1INLK0099","ST. JOHN 2.8 SE, IN US","2020-03-01",,,,,,
"US1INLK0099","ST. JOHN 2.8 SE, IN US","2020-03-02",,,,,,
"US1INLK0099","ST. JOHN 2.8 SE, IN US","2020-03-03",,,,,,
"US1INLK0099","ST. JOHN 2.8 SE, IN US","2020-03-04",,,,,,
"US1INLK0099","ST. JOHN 2.8 SE, IN US","2020-03-05",,,,,,
"US1INLK0099","ST. JOHN 2.8 SE, IN US","2020-03-06",,,,,,
"US1INLK0099","ST. JOHN 2.8 SE, IN US","2020-03-07",,,,,,
"US1INLK0099","ST. JOHN 2.8 SE, IN US","2020-03-08",,,,,,
"US1INLK0099","ST. JOHN 2.8 SE, IN US","2020-03-09",,,,,,
"US1INLK0099","ST. JOHN 2.8 SE, IN US","2020-03-10",,,,,,
"US1INLK0099","ST. JOHN 2.8 SE, IN US","2020-03-11",,,,,,
"US1INLK0099","ST. JOHN 2.8 SE, IN US","2020-03-12",,,,,,
"US1INLK0099","ST. JOHN 2.8 SE, IN US","2020-03-13",,,,,,
"US1INLK0099","ST. JOHN 2.8 SE, IN US","2020-03-14",,,,,,
"US1INLK0099","ST. JOHN 2.8 SE, IN US","2020-03-15",,,,,,
"US1INLK0099","ST. JOHN 2.8 SE, IN US","2020-03-16",,,,,,
"US1INLK0099","ST. JOHN 2.8 SE, IN US","2020-03-17",,,,,,
"US1INLK0099","ST. JOHN 2.8 SE, IN US","2020-03-18",,,,,,
"US1INLK0099","ST. JOHN 2.8 SE, IN US","2020-03-19",,,,,,
"US1INLK0099","ST. JOHN 2.8 SE, IN US","2020-03-20",,,,,,
"US1INLK0099","ST. JOHN 2.8 SE, IN US","2020-03-21",,,,,,
"US1INLK0099","ST. JOHN 2.8 SE, IN US","2020-03-22",,,,,,
"US1INLK0099","ST. JOHN 2.8 SE, IN US","2020-03-23",,,,,,
"US1INLK0099","ST. JOHN 2.8 SE, IN US","2020-03-24",,,,,,
"US1INLK0099","ST. JOHN 2.8 SE, IN US","2020-03-25",,,,,,
"US1INLK0099","ST. JOHN 2.8 SE, IN US","2020-03-26",,,,,,
"US1INLK0099","ST. JOHN 2.8 SE, IN US","2020-03-27",,,,,,
"US1INLK0099","ST. JOHN 2.8 SE, IN US","2020-03-28",,,,,,
"US1INLK0099","ST. JOHN 2.8 SE, IN US","2020-03-29",,,,,,
"US1INLK0099","ST. JOHN 2.8 SE, IN US","2020-03-30",,,,,,
"US1INLK0099","ST. JOHN 2.8 SE, IN US","2020-03-31",,,,,,
"US1INLK0099","ST. JOHN 2.8 SE, IN US","2020-04-01",,,,,,
"US1INLK0099","ST. JOHN 2.8 SE, IN US","2020-04-02",,,,,,
"US1INLK0099","ST. JOHN 2.8 SE, IN US","2020-04-03",,,,,,
"US1INLK0099","ST. JOHN 2.8 SE, IN US","2020-04-04",,,,,,
"US1INLK0099","ST. JOHN 2.8 SE, IN US","2020-04-05",,,,,,
"US1INLK0099","ST. JOHN 2.8 SE, IN US","2020-04-06",,,,,,
"US1INLK0099","ST. JOHN 2.8 SE, IN US","2020-04-07",,,,,,
"US1INLK0099","ST. JOHN 2.8 SE, IN US","2020-04-08",,,,,,
"US1INLK0099","ST. JOHN 2.8 SE, IN US","2020-04-09",,,,,,
"US1INLK0099","ST. JOHN 2.8 SE, IN US","2020-04-10",,,,,,
"US1INLK0099","ST. JOHN 2.8 SE, IN US","2020-04-11",,,,,,
"US1INLK0099","ST. JOHN 2.8 SE, IN US","2020-04-12",,,,,,
"US1INLK0099","ST. JOHN 2.8 SE, IN US","2020-04-13",,,,,,
"US1INLK0099","ST. JOHN 2.8 SE, IN US","2020-04-14",,,,,,
"US1INLK0099","ST. JOHN 2.8 SE, IN US","2020-04-15",,,,,,
"US1INLK0099","ST. JOHN 2.8 SE, IN US","2020-04-16",,,,,,
"US1INLK0099","ST. JOHN 2.8 SE, IN US","2020-04-17",,,,,,
"US1INLK0099","ST. JOHN 2.8 SE, IN US","2020-04-18",,,,,,
"US1INLK0099","ST. JOHN 2.8 SE, IN US","2020-04-19",,,,,,
"US1INLK0099","ST. JOHN 2.8 SE, IN US","2020-04-20",,,,,,
"US1INLK0099","ST. JOHN 2.8 SE, IN US","2020-04-21",,,,,,
"US1INLK0099","ST. JOHN 2.8 SE, IN US","2020-04-22",,,,,,
"US1INLK0099","ST. JOHN 2.8 SE, IN US","2020-04-23",,,,,,
"US1INLK0099","ST. JOHN 2.8 SE, IN US","2020-04-24",,,,,,
"US1INLK0099","ST. JOHN 2.8 SE, IN US","2020-04-25",,,,,,
"US1INLK0099","ST. JOHN 2.8 SE, IN US","2020-04-26",,,,,,
"US1INLK0099","ST. JOHN 2.8 SE, IN US","2020-04-27",,,,,,
"US1INLK0099","ST. JOHN 2.8 SE, IN US","2020-04-28",,,,,,
"US1INLK0099","ST. JOHN 2.8 SE, IN US","2020-04-29",,,,,,
"US1INLK0099","ST. JOHN 2.8 SE, IN US","2020-04-30",,,,,,
"US1INLK0099","ST. JOHN 2.8 SE, IN US","2020-05-01",,,,,,
"US1INLK0099","ST. JOHN 2.8 SE, IN US","2020-05-02",,,,,,
"US1INLK0099","ST. JOHN 2.8 SE, IN US","2020-05-03",,,,,,
"US1INLK0099","ST. JOHN 2.8 SE, IN US","2020-05-04",,,,,,
"US1INLK0099","ST. JOHN 2.8 SE, IN US","2020-05-05",,,,,,
"US1INLK0099","ST. JOHN 2.8 SE, IN US","2020-05-06",,,,,,
"US1INLK0099","ST. JOHN 2.8 SE, IN US","2020-05-07",,,,,,
"US1INLK0099","ST. JOHN 2.8 SE, IN US","2020-05-08",,,,,,
"US1INLK0099","ST. JOHN 2.8 SE, IN US","2020-05-09",,,,,,
"US1INLK0099","ST. JOHN 2.8 SE, IN US","2020-05-10",,,,,,
"US1INLK0099","ST. JOHN 2.8 SE, IN US","2020-05-11",,,,,,
"US1INLK0099","ST. JOHN 2.8 SE, IN US","2020-05-12",,,,,,
"US1INLK0099","ST. JOHN 2.8 SE, IN US","2020-05-13",,,,,,
"US1INLK0099","ST. JOHN 2.8 SE, IN US","2020-05-14",,,,,,
"US1INLK0099","ST. JOHN 2.8 SE, IN US","2020-05-15",,,,,,
"US1INLK0099","ST. JOHN 2.8 SE, IN US","2020-05-16",,,,,,
"US1INLK0099","ST. JOHN 2.8 SE, IN US","2020-05-17",,,,,,
"US1INLK0099","ST. JOHN 2.8 SE, IN US","2020-05-18",,,,,,
"US1INLK0099","ST. JOHN 2.8 SE, IN US","2020-05-19",,,,,,
"US1INLK0099","ST. JOHN 2.8 SE, IN US","2020-05-20",,,,,,
"US1INLK0099","ST. JOHN 2.8 SE, IN US","2020-05-21",,,,,,
"US1INLK0099","ST. JOHN 2.8 SE, IN US","2020-05-22",,,,,,
"US1INLK0099","ST. JOHN 2.8 SE, IN US","2020-05-23",,,,,,
"US1INLK0099","ST. JOHN 2.8 SE, IN US","2020-05-24",,,,,,
"US1INLK0099","ST. JOHN 2.8 SE, IN US","2020-05-25",,,,,,
"US1INLK0099","ST. JOHN 2.8 SE, IN US","2020-05-26",,,,,,
"US1INLK0099","ST. JOHN 2.8 SE, IN US","2020-05-27",,,,,,
"US1INLK0099","ST. JOHN 2.8 SE, IN US","2020-05-28",,,,,,
"US1INLK0099","ST. JOHN 2.8 SE, IN US","2020-05-29",,,,,,
"US1INLK0099","ST. JOHN 2.8 SE, IN US","2020-05-30",,,,,,
"US1INLK0099","ST. JOHN 2.8 SE, IN US","2020-05-31",,,,,,
"US1INLK0099","ST. JOHN 2.8 SE, IN US","2020-06-01",,,,,,
"US1INLK0099","ST. JOHN 2.8 SE, IN US","2020-06-02",,,,,,
"US1INLK0099","ST. JOHN 2.8 SE, IN US","2020-06-03",,,,,,
"US1INLK0099","ST. JOHN 2.8 SE, IN US","2020-06-04",,,,,,
"US1INLK0099","ST. JOHN 2.8 SE, IN US","2020-06-05",,,,,,
"US1INLK0099","ST. JOHN 2.8 SE, IN US","2020-06-06",,,,,,
"US1INLK0099","ST. JOHN 2.8 SE, IN US","2020-06-07",,,,,,
"US1INLK0099","ST. JOHN 2.8 SE, IN US","2020-06-08",,,,,,
"US1INLK0099","ST. JOHN 2.8 SE, IN US","2020-06-09",,,,,,
"US1INLK0099","ST. JOHN 2.8 SE, IN US","2020-06-10",,,,,,
"US1INLK0099","ST. JOHN 2.8 SE, IN US","2020-06-11",,,,,,
"US1INLK0099","ST. JOHN 2.8 SE, IN US","2020-06-12",,,,,,
"US1INLK0099","ST. JOHN 2.8 SE, IN US","2020-06-13",,,,,,
"US1INLK0099","ST. JOHN 2.8 SE, IN US","2020-06-14",,,,,,
"US1INLK0099","ST. JOHN 2.8 SE, IN US","2020-06-15",,,,,,
"US1INLK0099","ST. JOHN 2.8 SE, IN US","2020-06-16",,,,,,
"US1INLK0099","ST. JOHN 2.8 SE, IN US","2020-06-17",,,,,,
"US1INLK0099","ST. JOHN 2.8 SE, IN US","2020-06-18",,,,,,
"US1INLK0099","ST. JOHN 2.8 SE, IN US","2020-06-19",,,,,,
"US1INLK0099","ST. JOHN 2.8 SE, IN US","2020-06-20",,,,,,
"US1INLK0099","ST. JOHN 2.8 SE, IN US","2020-06-21",,,,,,
"US1INLK0099","ST. JOHN 2.8 SE, IN US","2020-06-22",,,,,,
"US1INLK0099","ST. JOHN 2.8 SE, IN US","2020-06-23",,,,,,
"US1INLK0099","ST. JOHN 2.8 SE, IN US","2020-06-24",,,,,,
"US1INLK0099","ST. JOHN 2.8 SE, IN US","2020-06-25",,,,,,
"US1INLK0099","ST. JOHN 2.8 SE, IN US","2020-06-26",,,,,,
"US1INLK0099","ST. JOHN 2.8 SE, IN US","2020-06-27",,,,,,
"US1INLK0099","ST. JOHN 2.8 SE, IN US","2020-06-28",,,,,,
"US1INLK0099","ST. JOHN 2.8 SE, IN US","2020-06-29",,,,,,
"US1INLK0099","ST. JOHN 2.8 SE, IN US","2020-06-30",,,,,,
"US1INLK0099","ST. JOHN 2.8 SE, IN US","2020-07-01",,,,,,
"US1INLK0099","ST. JOHN 2.8 SE, IN US","2020-07-02",,,,,,
"US1INLK0099","ST. JOHN 2.8 SE, IN US","2020-07-03",,,,,,
"US1INLK0099","ST. JOHN 2.8 SE, IN US","2020-07-04",,,,,,
"US1INLK0099","ST. JOHN 2.8 SE, IN US","2020-07-05",,,,,,
"US1INLK0099","ST. JOHN 2.8 SE, IN US","2020-07-06",,,,,,
"US1INLK0099","ST. JOHN 2.8 SE, IN US","2020-07-07",,,,,,
"US1INLK0099","ST. JOHN 2.8 SE, IN US","2020-07-08",,,,,,
"US1INLK0099","ST. JOHN 2.8 SE, IN US","2020-07-09",,,,,,
"US1INLK0099","ST. JOHN 2.8 SE, IN US","2020-07-10",,,,,,
"US1INLK0099","ST. JOHN 2.8 SE, IN US","2020-07-11",,,,,,
"US1INLK0099","ST. JOHN 2.8 SE, IN US","2020-07-12",,,,,,
"US1INLK0099","ST. JOHN 2.8 SE, IN US","2020-07-13",,,,,,
"US1INLK0099","ST. JOHN 2.8 SE, IN US","2020-07-14",,,,,,
"US1INLK0099","ST. JOHN 2.8 SE, IN US","2020-07-15",,,,,,
"US1INLK0099","ST. JOHN 2.8 SE, IN US","2020-07-16",,,,,,
"US1INLK0099","ST. JOHN 2.8 SE, IN US","2020-07-17",,,,,,
"US1INLK0099","ST. JOHN 2.8 SE, IN US","2020-07-18",,,,,,
"US1INLK0099","ST. JOHN 2.8 SE, IN US","2020-07-19",,,,,,
"US1INLK0099","ST. JOHN 2.8 SE, IN US","2020-07-20",,,,,,
"US1INLK0099","ST. JOHN 2.8 SE, IN US","2020-07-21",,,,,,
"US1INLK0099","ST. JOHN 2.8 SE, IN US","2020-07-22",,,,,,
"US1INLK0099","ST. JOHN 2.8 SE, IN US","2020-07-23",,,,,,
"US1INLK0099","ST. JOHN 2.8 SE, IN US","2020-07-24",,,,,,
"US1INLK0099","ST. JOHN 2.8 SE, IN US","2020-07-25",,,,,,
"US1INLK0099","ST. JOHN 2.8 SE, IN US","2020-07-26",,,,,,
"US1INLK0099","ST. JOHN 2.8 SE, IN US","2020-07-27",,,,,,
"US1INLK0099","ST. JOHN 2.8 SE, IN US","2020-07-28",,,,,,
"US1INLK0099","ST. JOHN 2.8 SE, IN US","2020-07-29",,,,,,
"US1INLK0099","ST. JOHN 2.8 SE, IN US","2020-07-30",,,,,,
"US1INLK0099","ST. JOHN 2.8 SE, IN US","2020-07-31",,,,,,
"US1INLK0099","ST. JOHN 2.8 SE, IN US","2020-08-01",,,,,,
"US1INLK0099","ST. JOHN 2.8 SE, IN US","2020-08-02",,,,,,
"US1INLK0099","ST. JOHN 2.8 SE, IN US","2020-08-03",,,,,,
"US1INLK0099","ST. JOHN 2.8 SE, IN US","2020-08-04",,,,,,
"US1INLK0099","ST. JOHN 2.8 SE, IN US","2020-08-05",,,,,,
"US1INLK0099","ST. JOHN 2.8 SE, IN US","2020-08-06",,,,,,
"US1INLK0099","ST. JOHN 2.8 SE, IN US","2020-08-07",,,,,,
"US1INLK0099","ST. JOHN 2.8 SE, IN US","2020-08-08",,,,,,
"US1INLK0099","ST. JOHN 2.8 SE, IN US","2020-08-09",,,,,,
"US1INLK0099","ST. JOHN 2.8 SE, IN US","2020-08-10",,,,,,
"US1INLK0099","ST. JOHN 2.8 SE, IN US","2020-08-11",,,,,,
"US1INLK0099","ST. JOHN 2.8 SE, IN US","2020-08-12",,,,,,
"US1INLK0099","ST. JOHN 2.8 SE, IN US","2020-08-13",,,,,,
"US1INLK0099","ST. JOHN 2.8 SE, IN US","2020-08-14",,,,,,
"US1INLK0099","ST. JOHN 2.8 SE, IN US","2020-08-15",,,,,,
"US1INLK0099","ST. JOHN 2.8 SE, IN US","2020-08-16",,,,,,
"US1INLK0099","ST. JOHN 2.8 SE, IN US","2020-08-17",,,,,,
"US1INLK0099","ST. JOHN 2.8 SE, IN US","2020-08-18",,,,,,
"US1INLK0099","ST. JOHN 2.8 SE, IN US","2020-08-19",,,,,,
"US1INLK0099","ST. JOHN 2.8 SE, IN US","2020-08-20",,,,,,
"US1INLK0099","ST. JOHN 2.8 SE, IN US","2020-08-21",,,,,,
"US1INLK0099","ST. JOHN 2.8 SE, IN US","2020-08-22",,,,,,
"US1INLK0099","ST. JOHN 2.8 SE, IN US","2020-08-23",,,,,,
"US1INLK0099","ST. JOHN 2.8 SE, IN US","2020-08-24",,,,,,
"US1INLK0099","ST. JOHN 2.8 SE, IN US","2020-08-25",,,,,,
"US1INLK0099","ST. JOHN 2.8 SE, IN US","2020-08-26",,,,,,
"US1INLK0099","ST. JOHN 2.8 SE, IN US","2020-08-27",,,,,,
"US1INLK0099","ST. JOHN 2.8 SE, IN US","2020-08-28",,,,,,
"US1INLK0099","ST. JOHN 2.8 SE, IN US","2020-08-29",,,,,,
"US1INLK0099","ST. JOHN 2.8 SE, IN US","2020-08-30",,,,,,
"US1INLK0099","ST. JOHN 2.8 SE, IN US","2020-08-31",,,,,,
"US1INLK0099","ST. JOHN 2.8 SE, IN US","2020-09-01",,,,,,
"US1INLK0099","ST. JOHN 2.8 SE, IN US","2020-09-02",,,,,,
"US1INLK0099","ST. JOHN 2.8 SE, IN US","2020-09-03",,,,,,
"US1INLK0099","ST. JOHN 2.8 SE, IN US","2020-09-04",,,,,,
"US1INLK0099","ST. JOHN 2.8 SE, IN US","2020-09-05",,,,,,
"US1INLK0099","ST. JOHN 2.8 SE, IN US","2020-09-06",,,,,,
"US1INLK0099","ST. JOHN 2.8 SE, IN US","2020-09-07",,,,,,
"US1INLK0099","ST. JOHN 2.8 SE, IN US","2020-09-08",,,,,,
"USC00121940","CROWN POINT 1 N, IN US","2019-10-01",,,,,,
"USC00121940","CROWN POINT 1 N, IN US","2019-10-02",,,,,,
"USC00121940","CROWN POINT 1 N, IN US","2019-10-03",,,,,,
"USC00121940","CROWN POINT 1 N, IN US","2019-10-04",,,,,,
"USC00121940","CROWN POINT 1 N, IN US","2019-10-05",,,,,,
"USC00121940","CROWN POINT 1 N, IN US","2019-10-06",,,,,,
"USC00121940","CROWN POINT 1 N, IN US","2019-10-07",,,,,,
"USC00121940","CROWN POINT 1 N, IN US","2019-10-08",,,,,,
"USC00121940","CROWN POINT 1 N, IN US","2019-10-09",,,,,,
"USC00121940","CROWN POINT 1 N, IN US","2019-10-10",,,,,,
"USC00121940","CROWN POINT 1 N, IN US","2019-10-11",,,,,,
"USC00121940","CROWN POINT 1 N, IN US","2019-10-12",,,,,,
"USC00121940","CROWN POINT 1 N, IN US","2019-10-13",,,,,,
"USC00121940","CROWN POINT 1 N, IN US","2019-10-14",,,,,,
"USC00121940","CROWN POINT 1 N, IN US","2019-10-15",,,,,,
"USC00121940","CROWN POINT 1 N, IN US","2019-10-16",,,,,,
"USC00121940","CROWN POINT 1 N, IN US","2019-10-17",,,,,,
"USC00121940","CROWN POINT 1 N, IN US","2019-10-18",,,,,,
"USC00121940","CROWN POINT 1 N, IN US","2019-10-19",,,,,,
"USC00121940","CROWN POINT 1 N, IN US","2019-10-20",,,,,,
"USC00121940","CROWN POINT 1 N, IN US","2019-10-21",,,,,,
"USC00121940","CROWN POINT 1 N, IN US","2019-10-22",,,,,,
"USC00121940","CROWN POINT 1 N, IN US","2019-10-23",,,,,,
"USC00121940","CROWN POINT 1 N, IN US","2019-10-24",,,,,,
"USC00121940","CROWN POINT 1 N, IN US","2019-10-25",,,,,,
"USC00121940","CROWN POINT 1 N, IN US","2019-10-26",,,,,,
"USC00121940","CROWN POINT 1 N, IN US","2019-10-27",,,,,,
"USC00121940","CROWN POINT 1 N, IN US","2019-10-28",,,,,,
"USC00121940","CROWN POINT 1 N, IN US","2019-10-29",,,,,,
"USC00121940","CROWN POINT 1 N, IN US","2019-10-30",,,,,,
"USC00121940","CROWN POINT 1 N, IN US","2019-10-31",,,,,,
"USC00121940","CROWN POINT 1 N, IN US","2019-11-01",,,,,,
"USC00121940","CROWN POINT 1 N, IN US","2019-11-02",,,,,,
"USC00121940","CROWN POINT 1 N, IN US","2019-11-03",,,,,,
"USC00121940","CROWN POINT 1 N, IN US","2019-11-04",,,,,,
"USC00121940","CROWN POINT 1 N, IN US","2019-11-05",,,,,,
"USC00121940","CROWN POINT 1 N, IN US","2019-11-06",,,,,,
"USC00121940","CROWN POINT 1 N, IN US","2019-11-07",,,,,,
"USC00121940","CROWN POINT 1 N, IN US","2019-11-08",,,,,,
"USC00121940","CROWN POINT 1 N, IN US","2019-11-09",,,,,,
"USC00121940","CROWN POINT 1 N, IN US","2019-11-10",,,,,,
"USC00121940","CROWN POINT 1 N, IN US","2019-11-11",,,,,,
"USC00121940","CROWN POINT 1 N, IN US","2019-11-12",,,,,,
"USC00121940","CROWN POINT 1 N, IN US","2019-11-13",,,,,,
"USC00121940","CROWN POINT 1 N, IN US","2019-11-14",,,,,,
"USC00121940","CROWN POINT 1 N, IN US","2019-11-15",,,,,,
"USC00121940","CROWN POINT 1 N, IN US","2019-11-16",,,,,,
"USC00121940","CROWN POINT 1 N, IN US","2019-11-17",,,,,,
"USC00121940","CROWN POINT 1 N, IN US","2019-11-18",,,,,,
"USC00121940","CROWN POINT 1 N, IN US","2019-11-19",,,,,,
"USC00121940","CROWN POINT 1 N, IN US","2019-11-20",,,,,,
"USC00121940","CROWN POINT 1 N, IN US","2019-11-21",,,,,,
"USC00121940","CROWN POINT 1 N, IN US","2019-11-22",,,,,,
"USC00121940","CROWN POINT 1 N, IN US","2019-11-23",,,,,,
"USC00121940","CROWN POINT 1 N, IN US","2019-11-24",,,,,,
"USC00121940","CROWN POINT 1 N, IN US","2019-11-25",,,,,,
"USC00121940","CROWN POINT 1 N, IN US","2019-11-26",,,,,,
"USC00121940","CROWN POINT 1 N, IN US","2019-11-27",,,,,,
"USC00121940","CROWN POINT 1 N, IN US","2019-11-28",,,,,,
"USC00121940","CROWN POINT 1 N, IN US","2019-11-29",,,,,,
"USC00121940","CROWN POINT 1 N, IN US","2019-11-30",,,,,,
"USC00121940","CROWN POINT 1 N, IN US","2019-12-01",,,,,,
"USC00121940","CROWN POINT 1 N, IN US","2019-12-02",,,,,,
"USC00121940","CROWN POINT 1 N, IN US","2019-12-03",,,,,,
"USC00121940","CROWN POINT 1 N, IN US","2019-12-04",,,,,,
"USC00121940","CROWN POINT 1 N, IN US","2019-12-05",,,,,,
"USC00121940","CROWN POINT 1 N, IN US","2019-12-06",,,,,,
"USC00121940","CROWN POINT 1 N, IN US","2019-12-07",,,,,,
"USC00121940","CROWN POINT 1 N, IN US","2019-12-08",,,,,,
"USC00121940","CROWN POINT 1 N, IN US","2019-12-09",,,,,,
"USC00121940","CROWN POINT 1 N, IN US","2019-12-11",,,,,,
"USC00121940","CROWN POINT 1 N, IN US","2019-12-13",,,,,,
"USC00121940","CROWN POINT 1 N, IN US","2019-12-14",,,,,,
"USC00121940","CROWN POINT 1 N, IN US","2019-12-15",,,,,,
"USC00121940","CROWN POINT 1 N, IN US","2019-12-16",,,,,,
"USC00121940","CROWN POINT 1 N, IN US","2019-12-17",,,,,,
"USC00121940","CROWN POINT 1 N, IN US","2019-12-18",,,,,,
"USC00121940","CROWN POINT 1 N, IN US","2019-12-19",,,,,,
"USC00121940","CROWN POINT 1 N, IN US","2019-12-20",,,,,,
"USC00121940","CROWN POINT 1 N, IN US","2019-12-21",,,,,,
"USC00121940","CROWN POINT 1 N, IN US","2019-12-22",,,,,,
"USC00121940","CROWN POINT 1 N, IN US","2019-12-23",,,,,,
"USC00121940","CROWN POINT 1 N, IN US","2019-12-24",,,,,,
"USC00121940","CROWN POINT 1 N, IN US","2019-12-25",,,,,,
"USC00121940","CROWN POINT 1 N, IN US","2019-12-26",,,,,,
"USC00121940","CROWN POINT 1 N, IN US","2019-12-27",,,,,,
"USC00121940","CROWN POINT 1 N, IN US","2019-12-28",,,,,,
"USC00121940","CROWN POINT 1 N, IN US","2019-12-29",,,,,,
"USC00121940","CROWN POINT 1 N, IN US","2019-12-30",,,,,,
"USC00121940","CROWN POINT 1 N, IN US","2019-12-31",,,,,,
"USC00121940","CROWN POINT 1 N, IN US","2020-01-01",,,,,,
"USC00121940","CROWN POINT 1 N, IN US","2020-01-02",,,,,,
"USC00121940","CROWN POINT 1 N, IN US","2020-01-03",,,,,,
"USC00121940","CROWN POINT 1 N, IN US","2020-01-04",,,,,,
"USC00121940","CROWN POINT 1 N, IN US","2020-01-05",,,,,,
"USC00121940","CROWN POINT 1 N, IN US","2020-01-06",,,,,,
"USC00121940","CROWN POINT 1 N, IN US","2020-01-07",,,,,,
"USC00121940","CROWN POINT 1 N, IN US","2020-01-08",,,,,,
"USC00121940","CROWN POINT 1 N, IN US","2020-01-09",,,,,,
"USC00121940","CROWN POINT 1 N, IN US","2020-01-10",,,,,,
"USC00121940","CROWN POINT 1 N, IN US","2020-01-11",,,,,,
"USC00121940","CROWN POINT 1 N, IN US","2020-01-12",,,,,,
"USC00121940","CROWN POINT 1 N, IN US","2020-01-13",,,,,,
"USC00121940","CROWN POINT 1 N, IN US","2020-01-14",,,,,,
"USC00121940","CROWN POINT 1 N, IN US","2020-01-15",,,,,,
"USC00121940","CROWN POINT 1 N, IN US","2020-01-16",,,,,,
"USC00121940","CROWN POINT 1 N, IN US","2020-01-17",,,,,,
"USC00121940","CROWN POINT 1 N, IN US","2020-01-18",,,,,,
"USC00121940","CROWN POINT 1 N, IN US","2020-01-19",,,,,,
"USC00121940","CROWN POINT 1 N, IN US","2020-01-20",,,,,,
"USC00121940","CROWN POINT 1 N, IN US","2020-01-21",,,,,,
"USC00121940","CROWN POINT 1 N, IN US","2020-01-22",,,,,,
"USC00121940","CROWN POINT 1 N, IN US","2020-01-27",,,,,,
"USC00121940","CROWN POINT 1 N, IN US","2020-01-28",,,,,,
"USC00121940","CROWN POINT 1 N, IN US","2020-01-29",,,,,,
"USC00121940","CROWN POINT 1 N, IN US","2020-01-30",,,,,,
"USC00121940","CROWN POINT 1 N, IN US","2020-01-31",,,,,,
"USC00121940","CROWN POINT 1 N, IN US","2020-02-01",,,,,,
"USC00121940","CROWN POINT 1 N, IN US","2020-02-02",,,,,,
"USC00121940","CROWN POINT 1 N, IN US","2020-02-03",,,,,,
"USC00121940","CROWN POINT 1 N, IN US","2020-02-04",,,,,,
"USC00121940","CROWN POINT 1 N, IN US","2020-02-05",,,,,,
"USC00121940","CROWN POINT 1 N, IN US","2020-02-06",,,,,,
"USC00121940","CROWN POINT 1 N, IN US","2020-02-07",,,,,,
"USC00121940","CROWN POINT 1 N, IN US","2020-02-08",,,,,,
"USC00121940","CROWN POINT 1 N, IN US","2020-02-09",,,,,,
"USC00121940","CROWN POINT 1 N, IN US","2020-02-10",,,,,,
"USC00121940","CROWN POINT 1 N, IN US","2020-02-11",,,,,,
"USC00121940","CROWN POINT 1 N, IN US","2020-02-12",,,,,,
"USC00121940","CROWN POINT 1 N, IN US","2020-02-13",,,,,,
"USC00121940","CROWN POINT 1 N, IN US","2020-02-14",,,,,,
"USC00121940","CROWN POINT 1 N, IN US","2020-02-15",,,,,,
"USC00121940","CROWN POINT 1 N, IN US","2020-02-16",,,,,,
"USC00121940","CROWN POINT 1 N, IN US","2020-02-17",,,,,,
"USC00121940","CROWN POINT 1 N, IN US","2020-02-18",,,,,,
"USC00121940","CROWN POINT 1 N, IN US","2020-02-19",,,,,,
"USC00121940","CROWN POINT 1 N, IN US","2020-02-20",,,,,,
"USC00121940","CROWN POINT 1 N, IN US","2020-02-21",,,,,,
"USC00121940","CROWN POINT 1 N, IN US","2020-02-22",,,,,,
"USC00121940","CROWN POINT 1 N, IN US","2020-02-23",,,,,,
"USC00121940","CROWN POINT 1 N, IN US","2020-02-24",,,,,,
"USC00121940","CROWN POINT 1 N, IN US","2020-02-25",,,,,,
"USC00121940","CROWN POINT 1 N, IN US","2020-02-26",,,,,,
"USC00121940","CROWN POINT 1 N, IN US","2020-02-27",,,,,,
"USC00121940","CROWN POINT 1 N, IN US","2020-02-28",,,,,,
"USC00121940","CROWN POINT 1 N, IN US","2020-02-29",,,,,,
"USC00121940","CROWN POINT 1 N, IN US","2020-03-01",,,,,,
"USC00121940","CROWN POINT 1 N, IN US","2020-03-02",,,,,,
"USC00121940","CROWN POINT 1 N, IN US","2020-03-03",,,,,,
"USC00121940","CROWN POINT 1 N, IN US","2020-03-04",,,,,,
"USC00121940","CROWN POINT 1 N, IN US","2020-03-05",,,,,,
"USC00121940","CROWN POINT 1 N, IN US","2020-03-06",,,,,,
"USC00121940","CROWN POINT 1 N, IN US","2020-03-07",,,,,,
"USC00121940","CROWN POINT 1 N, IN US","2020-03-08",,,,,,
"USC00121940","CROWN POINT 1 N, IN US","2020-03-09",,,,,,
"USC00121940","CROWN POINT 1 N, IN US","2020-03-10",,,,,,
"USC00121940","CROWN POINT 1 N, IN US","2020-03-15",,,,,,
"USC00121940","CROWN POINT 1 N, IN US","2020-03-16",,,,,,
"USC00121940","CROWN POINT 1 N, IN US","2020-03-17",,,,,,
"USC00121940","CROWN POINT 1 N, IN US","2020-03-18",,,,,,
"USC00121940","CROWN POINT 1 N, IN US","2020-03-19",,,,,,
"USC00121940","CROWN POINT 1 N, IN US","2020-03-20",,,,,,
"USC00121940","CROWN POINT 1 N, IN US","2020-03-21",,,,,,
"USC00121940","CROWN POINT 1 N, IN US","2020-03-22",,,,,,
"USC00121940","CROWN POINT 1 N, IN US","2020-03-23",,,,,,
"USC00121940","CROWN POINT 1 N, IN US","2020-03-24",,,,,,
"USC00121940","CROWN POINT 1 N, IN US","2020-03-25",,,,,,
"USC00121940","CROWN POINT 1 N, IN US","2020-03-26",,,,,,
"USC00121940","CROWN POINT 1 N, IN US","2020-03-27",,,,,,
"USC00121940","CROWN POINT 1 N, IN US","2020-03-28",,,,,,
"USC00121940","CROWN POINT 1 N, IN US","2020-03-29",,,,,,
"USC00121940","CROWN POINT 1 N, IN US","2020-03-30",,,,,,
"USC00121940","CROWN POINT 1 N, IN US","2020-03-31",,,,,,
"USC00121940","CROWN POINT 1 N, IN US","2020-04-01",,,,,,
"USC00121940","CROWN POINT 1 N, IN US","2020-04-02",,,,,,
"USC00121940","CROWN POINT 1 N, IN US","2020-04-03",,,,,,
"USC00121940","CROWN POINT 1 N, IN US","2020-04-04",,,,,,
"USC00121940","CROWN POINT 1 N, IN US","2020-04-05",,,,,,
"USC00121940","CROWN POINT 1 N, IN US","2020-04-06",,,,,,
"USC00121940","CROWN POINT 1 N, IN US","2020-04-07",,,,,,
"USC00121940","CROWN POINT 1 N, IN US","2020-04-08",,,,,,
"USC00121940","CROWN POINT 1 N, IN US","2020-04-09",,,,,,
"USC00121940","CROWN POINT 1 N, IN US","2020-04-10",,,,,,
"USC00121940","CROWN POINT 1 N, IN US","2020-04-11",,,,,,
"USC00121940","CROWN POINT 1 N, IN US","2020-04-12",,,,,,
"USC00121940","CROWN POINT 1 N, IN US","2020-04-13",,,,,,
"USC00121940","CROWN POINT 1 N, IN US","2020-04-14",,,,,,
"USC00121940","CROWN POINT 1 N, IN US","2020-04-15",,,,,,
"USC00121940","CROWN POINT 1 N, IN US","2020-04-16",,,,,,
"USC00121940","CROWN POINT 1 N, IN US","2020-04-17",,,,,,
"USC00121940","CROWN POINT 1 N, IN US","2020-04-18",,,,,,
"USC00121940","CROWN POINT 1 N, IN US","2020-04-19",,,,,,
"USC00121940","CROWN POINT 1 N, IN US","2020-04-20",,,,,,
"USC00121940","CROWN POINT 1 N, IN US","2020-04-21",,,,,,
"USC00121940","CROWN POINT 1 N, IN US","2020-04-22",,,,,,
"USC00121940","CROWN POINT 1 N, IN US","2020-04-23",,,,,,
"USC00121940","CROWN POINT 1 N, IN US","2020-04-24",,,,,,
"USC00121940","CROWN POINT 1 N, IN US","2020-04-25",,,,,,
"USC00121940","CROWN POINT 1 N, IN US","2020-04-26",,,,,,
"USC00121940","CROWN POINT 1 N, IN US","2020-04-27",,,,,,
"USC00121940","CROWN POINT 1 N, IN US","2020-04-28",,,,,,
"USC00121940","CROWN POINT 1 N, IN US","2020-04-29",,,,,,
"USC00121940","CROWN POINT 1 N, IN US","2020-04-30",,,,,,
"USC00121940","CROWN POINT 1 N, IN US","2020-05-01",,,,,,
"USC00121940","CROWN POINT 1 N, IN US","2020-05-02",,,,,,
"USC00121940","CROWN POINT 1 N, IN US","2020-05-03",,,,,,
"USC00121940","CROWN POINT 1 N, IN US","2020-05-04",,,,,,
"USC00121940","CROWN POINT 1 N, IN US","2020-05-05",,,,,,
"USC00121940","CROWN POINT 1 N, IN US","2020-05-06",,,,,,
"USC00121940","CROWN POINT 1 N, IN US","2020-05-07",,,,,,
"USC00121940","CROWN POINT 1 N, IN US","2020-05-08",,,,,,
"USC00121940","CROWN POINT 1 N, IN US","2020-05-09",,,,,,
"USC00121940","CROWN POINT 1 N, IN US","2020-05-10",,,,,,
"USC00121940","CROWN POINT 1 N, IN US","2020-05-11",,,,,,
"USC00121940","CROWN POINT 1 N, IN US","2020-05-12",,,,,,
"USC00121940","CROWN POINT 1 N, IN US","2020-05-13",,,,,,
"USC00121940","CROWN POINT 1 N, IN US","2020-05-14",,,,,,
"USC00121940","CROWN POINT 1 N, IN US","2020-05-15",,,,,,
"USC00121940","CROWN POINT 1 N, IN US","2020-05-16",,,,,,
"USC00121940","CROWN POINT 1 N, IN US","2020-05-17",,,,,,
"USC00121940","CROWN POINT 1 N, IN US","2020-05-18",,,,,,
"USC00121940","CROWN POINT 1 N, IN US","2020-05-19",,,,,,
"USC00121940","CROWN POINT 1 N, IN US","2020-05-20",,,,,,
"USC00121940","CROWN POINT 1 N, IN US","2020-05-21",,,,,,
"USC00121940","CROWN POINT 1 N, IN US","2020-05-22",,,,,,
"USC00121940","CROWN POINT 1 N, IN US","2020-05-23",,,,,,
"USC00121940","CROWN POINT 1 N, IN US","2020-05-24",,,,,,
"USC00121940","CROWN POINT 1 N, IN US","2020-05-25",,,,,,
"USC00121940","CROWN POINT 1 N, IN US","2020-05-26",,,,,,
"USC00121940","CROWN POINT 1 N, IN US","2020-05-27",,,,,,
"USC00121940","CROWN POINT 1 N, IN US","2020-05-28",,,,,,
"USC00121940","CROWN POINT 1 N, IN US","2020-05-29",,,,,,
"USC00121940","CROWN POINT 1 N, IN US","2020-05-30",,,,,,
"USC00121940","CROWN POINT 1 N, IN US","2020-05-31",,,,,,
"USC00121940","CROWN POINT 1 N, IN US","2020-06-01",,,,,,
"USC00121940","CROWN POINT 1 N, IN US","2020-06-02",,,,,,
"USC00121940","CROWN POINT 1 N, IN US","2020-06-03",,,,,,
"USC00121940","CROWN POINT 1 N, IN US","2020-06-04",,,,,,
"USC00121940","CROWN POINT 1 N, IN US","2020-06-05",,,,,,
"USC00121940","CROWN POINT 1 N, IN US","2020-06-06",,,,,,
"USC00121940","CROWN POINT 1 N, IN US","2020-06-07",,,,,,
"USC00121940","CROWN POINT 1 N, IN US","2020-06-08",,,,,,
"USC00121940","CROWN POINT 1 N, IN US","2020-06-09",,,,,,
"USC00121940","CROWN POINT 1 N, IN US","2020-06-10",,,,,,
"USC00121940","CROWN POINT 1 N, IN US","2020-06-11",,,,,,
"USC00121940","CROWN POINT 1 N, IN US","2020-06-12",,,,,,
"USC00121940","CROWN POINT 1 N, IN US","2020-06-13",,,,,,
"USC00121940","CROWN POINT 1 N, IN US","2020-06-14",,,,,,
"USC00121940","CROWN POINT 1 N, IN US","2020-06-15",,,,,,
"USC00121940","CROWN POINT 1 N, IN US","2020-06-16",,,,,,
"USC00121940","CROWN POINT 1 N, IN US","2020-06-17",,,,,,
"USC00121940","CROWN POINT 1 N, IN US","2020-06-18",,,,,,
"USC00121940","CROWN POINT 1 N, IN US","2020-06-19",,,,,,
"USC00121940","CROWN POINT 1 N, IN US","2020-06-20",,,,,,
"USC00121940","CROWN POINT 1 N, IN US","2020-06-21",,,,,,
"USC00121940","CROWN POINT 1 N, IN US","2020-06-22",,,,,,
"USC00121940","CROWN POINT 1 N, IN US","2020-06-23",,,,,,
"USC00121940","CROWN POINT 1 N, IN US","2020-06-24",,,,,,
"USC00121940","CROWN POINT 1 N, IN US","2020-06-25",,,,,,
"USC00121940","CROWN POINT 1 N, IN US","2020-06-26",,,,,,
"USC00121940","CROWN POINT 1 N, IN US","2020-06-27",,,,,,
"USC00121940","CROWN POINT 1 N, IN US","2020-06-28",,,,,,
"USC00121940","CROWN POINT 1 N, IN US","2020-06-29",,,,,,
"USC00121940","CROWN POINT 1 N, IN US","2020-06-30",,,,,,
"USC00121940","CROWN POINT 1 N, IN US","2020-07-01",,,,,,
"USC00121940","CROWN POINT 1 N, IN US","2020-07-02",,,,,,
"USC00121940","CROWN POINT 1 N, IN US","2020-07-03",,,,,,
"USC00121940","CROWN POINT 1 N, IN US","2020-07-04",,,,,,
"USC00121940","CROWN POINT 1 N, IN US","2020-07-05",,,,,,
"USC00121940","CROWN POINT 1 N, IN US","2020-07-06",,,,,,
"USC00121940","CROWN POINT 1 N, IN US","2020-07-07",,,,,,
"USC00121940","CROWN POINT 1 N, IN US","2020-07-08",,,,,,
"USC00121940","CROWN POINT 1 N, IN US","2020-07-09",,,,,,
"USC00121940","CROWN POINT 1 N, IN US","2020-07-10",,,,,,
"USC00121940","CROWN POINT 1 N, IN US","2020-07-11",,,,,,
"USC00121940","CROWN POINT 1 N, IN US","2020-07-12",,,,,,
"USC00121940","CROWN POINT 1 N, IN US","2020-07-13",,,,,,
"USC00121940","CROWN POINT 1 N, IN US","2020-07-14",,,,,,
"USC00121940","CROWN POINT 1 N, IN US","2020-07-15",,,,,,
"USC00121940","CROWN POINT 1 N, IN US","2020-07-16",,,,,,
"USC00121940","CROWN POINT 1 N, IN US","2020-07-17",,,,,,
"USC00121940","CROWN POINT 1 N, IN US","2020-07-18",,,,,,
"USC00121940","CROWN POINT 1 N, IN US","2020-07-19",,,,,,
"USC00121940","CROWN POINT 1 N, IN US","2020-07-20",,,,,,
"USC00121940","CROWN POINT 1 N, IN US","2020-07-21",,,,,,
"USC00121940","CROWN POINT 1 N, IN US","2020-07-22",,,,,,
"USC00121940","CROWN POINT 1 N, IN US","2020-07-23",,,,,,
"USC00121940","CROWN POINT 1 N, IN US","2020-07-24",,,,,,
"USC00121940","CROWN POINT 1 N, IN US","2020-07-25",,,,,,
"USC00121940","CROWN POINT 1 N, IN US","2020-07-26",,,,,,
"USC00121940","CROWN POINT 1 N, IN US","2020-07-27",,,,,,
"USC00121940","CROWN POINT 1 N, IN US","2020-07-28",,,,,,
"USC00121940","CROWN POINT 1 N, IN US","2020-07-29",,,,,,
"USC00121940","CROWN POINT 1 N, IN US","2020-07-30",,,,,,
"USC00121940","CROWN POINT 1 N, IN US","2020-07-31",,,,,,
"USC00121940","CROWN POINT 1 N, IN US","2020-08-01",,,,,,
"USC00121940","CROWN POINT 1 N, IN US","2020-08-02",,,,,,
"USC00121940","CROWN POINT 1 N, IN US","2020-08-03",,,,,,
"USC00121940","CROWN POINT 1 N, IN US","2020-08-04",,,,,,
"USC00121940","CROWN POINT 1 N, IN US","2020-08-05",,,,,,
"USC00121940","CROWN POINT 1 N, IN US","2020-08-06",,,,,,
"USC00121940","CROWN POINT 1 N, IN US","2020-08-07",,,,,,
"USC00121940","CROWN POINT 1 N, IN US","2020-08-09",,,,,,
"USC00121940","CROWN POINT 1 N, IN US","2020-08-10",,,,,,
"USC00121940","CROWN POINT 1 N, IN US","2020-08-11",,,,,,
"USC00121940","CROWN POINT 1 N, IN US","2020-08-12",,,,,,
"USC00121940","CROWN POINT 1 N, IN US","2020-08-13",,,,,,
"USC00121940","CROWN POINT 1 N, IN US","2020-08-14",,,,,,
"USC00121940","CROWN POINT 1 N, IN US","2020-08-15",,,,,,
"USC00121940","CROWN POINT 1 N, IN US","2020-08-16",,,,,,
"USC00121940","CROWN POINT 1 N, IN US","2020-08-17",,,,,,
"USC00121940","CROWN POINT 1 N, IN US","2020-08-18",,,,,,
"USC00121940","CROWN POINT 1 N, IN US","2020-08-19",,,,,,
"USC00121940","CROWN POINT 1 N, IN US","2020-08-20",,,,,,
"USC00121940","CROWN POINT 1 N, IN US","2020-08-21",,,,,,
"USC00121940","CROWN POINT 1 N, IN US","2020-08-22",,,,,,
"USC00121940","CROWN POINT 1 N, IN US","2020-08-23",,,,,,
"USC00121940","CROWN POINT 1 N, IN US","2020-08-24",,,,,,
"USC00121940","CROWN POINT 1 N, IN US","2020-08-25",,,,,,
"USC00121940","CROWN POINT 1 N, IN US","2020-08-26",,,,,,
"USC00121940","CROWN POINT 1 N, IN US","2020-08-27",,,,,,
"USC00121940","CROWN POINT 1 N, IN US","2020-08-28",,,,,,
"USC00121940","CROWN POINT 1 N, IN US","2020-08-29",,,,,,
"USC00121940","CROWN POINT 1 N, IN US","2020-08-30",,,,,,
"USC00121940","CROWN POINT 1 N, IN US","2020-08-31",,,,,,
"USC00121940","CROWN POINT 1 N, IN US","2020-09-01",,,,,,
"USC00121940","CROWN POINT 1 N, IN US","2020-09-02",,,,,,
"USC00121940","CROWN POINT 1 N, IN US","2020-09-03",,,,,,
"USC00121940","CROWN POINT 1 N, IN US","2020-09-05",,,,,,
"USC00121940","CROWN POINT 1 N, IN US","2020-09-06",,,,,,
"USC00121940","CROWN POINT 1 N, IN US","2020-09-07",,,,,,
"USC00121940","CROWN POINT 1 N, IN US","2020-09-08",,,,,,
"US1ILCK0211","OAK LAWN 1.6 WNW, IL US","2019-10-01",,,,,,
"US1ILCK0211","OAK LAWN 1.6 WNW, IL US","2019-10-02",,,,,,
"US1ILCK0211","OAK LAWN 1.6 WNW, IL US","2019-10-03",,,,,,
"US1ILCK0211","OAK LAWN 1.6 WNW, IL US","2019-10-04",,,,,,
"US1ILCK0211","OAK LAWN 1.6 WNW, IL US","2019-10-05",,,,,,
"US1ILCK0211","OAK LAWN 1.6 WNW, IL US","2019-10-06",,,,,,
"US1ILCK0211","OAK LAWN 1.6 WNW, IL US","2019-10-07",,,,,,
"US1ILCK0211","OAK LAWN 1.6 WNW, IL US","2019-10-08",,,,,,
"US1ILCK0211","OAK LAWN 1.6 WNW, IL US","2019-10-09",,,,,,
"US1ILCK0211","OAK LAWN 1.6 WNW, IL US","2019-10-10",,,,,,
"US1ILCK0211","OAK LAWN 1.6 WNW, IL US","2019-10-11",,,,,,
"US1ILCK0211","OAK LAWN 1.6 WNW, IL US","2019-10-12",,,,,,
"US1ILCK0211","OAK LAWN 1.6 WNW, IL US","2019-10-13",,,,,,
"US1ILCK0211","OAK LAWN 1.6 WNW, IL US","2019-10-14",,,,,,
"US1ILCK0211","OAK LAWN 1.6 WNW, IL US","2019-10-15",,,,,,
"US1ILCK0211","OAK LAWN 1.6 WNW, IL US","2019-10-16",,,,,,
"US1ILCK0211","OAK LAWN 1.6 WNW, IL US","2019-10-17",,,,,,
"US1ILCK0211","OAK LAWN 1.6 WNW, IL US","2019-10-18",,,,,,
"US1ILCK0211","OAK LAWN 1.6 WNW, IL US","2019-10-19",,,,,,
"US1ILCK0211","OAK LAWN 1.6 WNW, IL US","2019-10-20",,,,,,
"US1ILCK0211","OAK LAWN 1.6 WNW, IL US","2019-10-21",,,,,,
"US1ILCK0211","OAK LAWN 1.6 WNW, IL US","2019-10-22",,,,,,
"US1ILCK0211","OAK LAWN 1.6 WNW, IL US","2019-10-23",,,,,,
"US1ILCK0211","OAK LAWN 1.6 WNW, IL US","2019-10-24",,,,,,
"US1ILCK0211","OAK LAWN 1.6 WNW, IL US","2019-10-25",,,,,,
"US1ILCK0211","OAK LAWN 1.6 WNW, IL US","2019-10-26",,,,,,
"US1ILCK0211","OAK LAWN 1.6 WNW, IL US","2019-10-27",,,,,,
"US1ILCK0211","OAK LAWN 1.6 WNW, IL US","2019-10-28",,,,,,
"US1ILCK0211","OAK LAWN 1.6 WNW, IL US","2019-10-29",,,,,,
"US1ILCK0211","OAK LAWN 1.6 WNW, IL US","2019-10-30",,,,,,
"US1ILCK0211","OAK LAWN 1.6 WNW, IL US","2019-10-31",,,,,,
"US1ILCK0211","OAK LAWN 1.6 WNW, IL US","2019-11-01",,,,,,
"US1ILCK0211","OAK LAWN 1.6 WNW, IL US","2019-11-02",,,,,,
"US1ILCK0211","OAK LAWN 1.6 WNW, IL US","2019-11-03",,,,,,
"US1ILCK0211","OAK LAWN 1.6 WNW, IL US","2019-11-04",,,,,,
"US1ILCK0211","OAK LAWN 1.6 WNW, IL US","2019-11-05",,,,,,
"US1ILCK0211","OAK LAWN 1.6 WNW, IL US","2019-11-06",,,,,,
"US1ILCK0211","OAK LAWN 1.6 WNW, IL US","2019-11-07",,,,,,
"US1ILCK0211","OAK LAWN 1.6 WNW, IL US","2019-11-08",,,,,,
"US1ILCK0211","OAK LAWN 1.6 WNW, IL US","2019-11-09",,,,,,
"US1ILCK0211","OAK LAWN 1.6 WNW, IL US","2019-11-10",,,,,,
"US1ILCK0211","OAK LAWN 1.6 WNW, IL US","2019-11-11",,,,,,
"US1ILCK0211","OAK LAWN 1.6 WNW, IL US","2019-11-12",,,,,,
"US1ILCK0211","OAK LAWN 1.6 WNW, IL US","2019-11-13",,,,,,
"US1ILCK0211","OAK LAWN 1.6 WNW, IL US","2019-11-14",,,,,,
"US1ILCK0211","OAK LAWN 1.6 WNW, IL US","2019-11-15",,,,,,
"US1ILCK0211","OAK LAWN 1.6 WNW, IL US","2019-11-16",,,,,,
"US1ILCK0211","OAK LAWN 1.6 WNW, IL US","2019-11-17",,,,,,
"US1ILCK0211","OAK LAWN 1.6 WNW, IL US","2019-11-18",,,,,,
"US1ILCK0211","OAK LAWN 1.6 WNW, IL US","2019-11-19",,,,,,
"US1ILCK0211","OAK LAWN 1.6 WNW, IL US","2019-11-20",,,,,,
"US1ILCK0211","OAK LAWN 1.6 WNW, IL US","2019-11-21",,,,,,
"US1ILCK0211","OAK LAWN 1.6 WNW, IL US","2019-11-22",,,,,,
"US1ILCK0211","OAK LAWN 1.6 WNW, IL US","2019-11-23",,,,,,
"US1ILCK0211","OAK LAWN 1.6 WNW, IL US","2019-11-24",,,,,,
"US1ILCK0211","OAK LAWN 1.6 WNW, IL US","2019-11-25",,,,,,
"US1ILCK0211","OAK LAWN 1.6 WNW, IL US","2019-11-26",,,,,,
"US1ILCK0211","OAK LAWN 1.6 WNW, IL US","2019-11-27",,,,,,
"US1ILCK0211","OAK LAWN 1.6 WNW, IL US","2019-11-28",,,,,,
"US1ILCK0211","OAK LAWN 1.6 WNW, IL US","2019-11-29",,,,,,
"US1ILCK0211","OAK LAWN 1.6 WNW, IL US","2019-11-30",,,,,,
"US1ILCK0211","OAK LAWN 1.6 WNW, IL US","2019-12-01",,,,,,
"US1ILCK0211","OAK LAWN 1.6 WNW, IL US","2019-12-02",,,,,,
"US1ILCK0211","OAK LAWN 1.6 WNW, IL US","2019-12-03",,,,,,
"US1ILCK0211","OAK LAWN 1.6 WNW, IL US","2019-12-04",,,,,,
"US1ILCK0211","OAK LAWN 1.6 WNW, IL US","2019-12-05",,,,,,
"US1ILCK0211","OAK LAWN 1.6 WNW, IL US","2019-12-06",,,,,,
"US1ILCK0211","OAK LAWN 1.6 WNW, IL US","2019-12-07",,,,,,
"US1ILCK0211","OAK LAWN 1.6 WNW, IL US","2019-12-08",,,,,,
"US1ILCK0211","OAK LAWN 1.6 WNW, IL US","2019-12-09",,,,,,
"US1ILCK0211","OAK LAWN 1.6 WNW, IL US","2019-12-10",,,,,,
"US1ILCK0211","OAK LAWN 1.6 WNW, IL US","2019-12-11",,,,,,
"US1ILCK0211","OAK LAWN 1.6 WNW, IL US","2019-12-12",,,,,,
"US1ILCK0211","OAK LAWN 1.6 WNW, IL US","2019-12-13",,,,,,
"US1ILCK0211","OAK LAWN 1.6 WNW, IL US","2019-12-14",,,,,,
"US1ILCK0211","OAK LAWN 1.6 WNW, IL US","2019-12-15",,,,,,
"US1ILCK0211","OAK LAWN 1.6 WNW, IL US","2019-12-16",,,,,,
"US1ILCK0211","OAK LAWN 1.6 WNW, IL US","2019-12-17",,,,,,
"US1ILCK0211","OAK LAWN 1.6 WNW, IL US","2019-12-18",,,,,,
"US1ILCK0211","OAK LAWN 1.6 WNW, IL US","2019-12-19",,,,,,
"US1ILCK0211","OAK LAWN 1.6 WNW, IL US","2019-12-20",,,,,,
"US1ILCK0211","OAK LAWN 1.6 WNW, IL US","2019-12-21",,,,,,
"US1ILCK0211","OAK LAWN 1.6 WNW, IL US","2019-12-22",,,,,,
"US1ILCK0211","OAK LAWN 1.6 WNW, IL US","2019-12-23",,,,,,
"US1ILCK0211","OAK LAWN 1.6 WNW, IL US","2019-12-24",,,,,,
"US1ILCK0211","OAK LAWN 1.6 WNW, IL US","2019-12-25",,,,,,
"US1ILCK0211","OAK LAWN 1.6 WNW, IL US","2019-12-26",,,,,,
"US1ILCK0211","OAK LAWN 1.6 WNW, IL US","2019-12-27",,,,,,
"US1ILCK0211","OAK LAWN 1.6 WNW, IL US","2019-12-28",,,,,,
"US1ILCK0211","OAK LAWN 1.6 WNW, IL US","2019-12-29",,,,,,
"US1ILCK0211","OAK LAWN 1.6 WNW, IL US","2019-12-30",,,,,,
"US1ILCK0211","OAK LAWN 1.6 WNW, IL US","2019-12-31",,,,,,
"US1ILCK0211","OAK LAWN 1.6 WNW, IL US","2020-01-01",,,,,,
"US1ILCK0211","OAK LAWN 1.6 WNW, IL US","2020-01-02",,,,,,
"US1ILCK0211","OAK LAWN 1.6 WNW, IL US","2020-01-03",,,,,,
"US1ILCK0211","OAK LAWN 1.6 WNW, IL US","2020-01-04",,,,,,
"US1ILCK0211","OAK LAWN 1.6 WNW, IL US","2020-01-05",,,,,,
"US1ILCK0211","OAK LAWN 1.6 WNW, IL US","2020-01-06",,,,,,
"US1ILCK0211","OAK LAWN 1.6 WNW, IL US","2020-01-07",,,,,,
"US1ILCK0211","OAK LAWN 1.6 WNW, IL US","2020-01-08",,,,,,
"US1ILCK0211","OAK LAWN 1.6 WNW, IL US","2020-01-09",,,,,,
"US1ILCK0211","OAK LAWN 1.6 WNW, IL US","2020-01-10",,,,,,
"US1ILCK0211","OAK LAWN 1.6 WNW, IL US","2020-01-11",,,,,,
"US1ILCK0211","OAK LAWN 1.6 WNW, IL US","2020-01-12",,,,,,
"US1ILCK0211","OAK LAWN 1.6 WNW, IL US","2020-01-13",,,,,,
"US1ILCK0211","OAK LAWN 1.6 WNW, IL US","2020-01-14",,,,,,
"US1ILCK0211","OAK LAWN 1.6 WNW, IL US","2020-01-15",,,,,,
"US1ILCK0211","OAK LAWN 1.6 WNW, IL US","2020-01-16",,,,,,
"US1ILCK0211","OAK LAWN 1.6 WNW, IL US","2020-01-17",,,,,,
"US1ILCK0211","OAK LAWN 1.6 WNW, IL US","2020-01-18",,,,,,
"US1ILCK0211","OAK LAWN 1.6 WNW, IL US","2020-01-19",,,,,,
"US1ILCK0211","OAK LAWN 1.6 WNW, IL US","2020-01-20",,,,,,
"US1ILCK0211","OAK LAWN 1.6 WNW, IL US","2020-01-21",,,,,,
"US1ILCK0211","OAK LAWN 1.6 WNW, IL US","2020-01-22",,,,,,
"US1ILCK0211","OAK LAWN 1.6 WNW, IL US","2020-01-23",,,,,,
"US1ILCK0211","OAK LAWN 1.6 WNW, IL US","2020-01-24",,,,,,
"US1ILCK0211","OAK LAWN 1.6 WNW, IL US","2020-01-25",,,,,,
"US1ILCK0211","OAK LAWN 1.6 WNW, IL US","2020-01-26",,,,,,
"US1ILCK0211","OAK LAWN 1.6 WNW, IL US","2020-01-27",,,,,,
"US1ILCK0211","OAK LAWN 1.6 WNW, IL US","2020-01-28",,,,,,
"US1ILCK0211","OAK LAWN 1.6 WNW, IL US","2020-01-29",,,,,,
"US1ILCK0211","OAK LAWN 1.6 WNW, IL US","2020-01-30",,,,,,
"US1ILCK0211","OAK LAWN 1.6 WNW, IL US","2020-01-31",,,,,,
"US1ILCK0211","OAK LAWN 1.6 WNW, IL US","2020-02-01",,,,,,
"US1ILCK0211","OAK LAWN 1.6 WNW, IL US","2020-02-02",,,,,,
"US1ILCK0211","OAK LAWN 1.6 WNW, IL US","2020-02-03",,,,,,
"US1ILCK0211","OAK LAWN 1.6 WNW, IL US","2020-02-04",,,,,,
"US1ILCK0211","OAK LAWN 1.6 WNW, IL US","2020-02-05",,,,,,
"US1ILCK0211","OAK LAWN 1.6 WNW, IL US","2020-02-06",,,,,,
"US1ILCK0211","OAK LAWN 1.6 WNW, IL US","2020-02-07",,,,,,
"US1ILCK0211","OAK LAWN 1.6 WNW, IL US","2020-02-08",,,,,,
"US1ILCK0211","OAK LAWN 1.6 WNW, IL US","2020-02-09",,,,,,
"US1ILCK0211","OAK LAWN 1.6 WNW, IL US","2020-02-10",,,,,,
"US1ILCK0211","OAK LAWN 1.6 WNW, IL US","2020-02-11",,,,,,
"US1ILCK0211","OAK LAWN 1.6 WNW, IL US","2020-02-12",,,,,,
"US1ILCK0211","OAK LAWN 1.6 WNW, IL US","2020-02-13",,,,,,
"US1ILCK0211","OAK LAWN 1.6 WNW, IL US","2020-02-14",,,,,,
"US1ILCK0211","OAK LAWN 1.6 WNW, IL US","2020-02-15",,,,,,
"US1ILCK0211","OAK LAWN 1.6 WNW, IL US","2020-02-16",,,,,,
"US1ILCK0211","OAK LAWN 1.6 WNW, IL US","2020-02-17",,,,,,
"US1ILCK0211","OAK LAWN 1.6 WNW, IL US","2020-02-18",,,,,,
"US1ILCK0211","OAK LAWN 1.6 WNW, IL US","2020-02-19",,,,,,
"US1ILCK0211","OAK LAWN 1.6 WNW, IL US","2020-02-20",,,,,,
"US1ILCK0211","OAK LAWN 1.6 WNW, IL US","2020-02-21",,,,,,
"US1ILCK0211","OAK LAWN 1.6 WNW, IL US","2020-02-22",,,,,,
"US1ILCK0211","OAK LAWN 1.6 WNW, IL US","2020-02-23",,,,,,
"US1ILCK0211","OAK LAWN 1.6 WNW, IL US","2020-02-24",,,,,,
"US1ILCK0211","OAK LAWN 1.6 WNW, IL US","2020-02-25",,,,,,
"US1ILCK0211","OAK LAWN 1.6 WNW, IL US","2020-02-26",,,,,,
"US1ILCK0211","OAK LAWN 1.6 WNW, IL US","2020-02-27",,,,,,
"US1ILCK0211","OAK LAWN 1.6 WNW, IL US","2020-02-28",,,,,,
"US1ILCK0211","OAK LAWN 1.6 WNW, IL US","2020-02-29",,,,,,
"US1ILCK0211","OAK LAWN 1.6 WNW, IL US","2020-03-01",,,,,,
"US1ILCK0211","OAK LAWN 1.6 WNW, IL US","2020-03-02",,,,,,
"US1ILCK0211","OAK LAWN 1.6 WNW, IL US","2020-03-03",,,,,,
"US1ILCK0211","OAK LAWN 1.6 WNW, IL US","2020-03-04",,,,,,
"US1ILCK0211","OAK LAWN 1.6 WNW, IL US","2020-03-05",,,,,,
"US1ILCK0211","OAK LAWN 1.6 WNW, IL US","2020-03-06",,,,,,
"US1ILCK0211","OAK LAWN 1.6 WNW, IL US","2020-03-07",,,,,,
"US1ILCK0211","OAK LAWN 1.6 WNW, IL US","2020-03-08",,,,,,
"US1ILCK0211","OAK LAWN 1.6 WNW, IL US","2020-03-09",,,,,,
"US1ILCK0211","OAK LAWN 1.6 WNW, IL US","2020-03-10",,,,,,
"US1ILCK0211","OAK LAWN 1.6 WNW, IL US","2020-03-11",,,,,,
"US1ILCK0211","OAK LAWN 1.6 WNW, IL US","2020-03-12",,,,,,
"US1ILCK0211","OAK LAWN 1.6 WNW, IL US","2020-03-13",,,,,,
"US1ILCK0211","OAK LAWN 1.6 WNW, IL US","2020-03-14",,,,,,
"US1ILCK0211","OAK LAWN 1.6 WNW, IL US","2020-03-15",,,,,,
"US1ILCK0211","OAK LAWN 1.6 WNW, IL US","2020-03-16",,,,,,
"US1ILCK0211","OAK LAWN 1.6 WNW, IL US","2020-03-17",,,,,,
"US1ILCK0211","OAK LAWN 1.6 WNW, IL US","2020-03-18",,,,,,
"US1ILCK0211","OAK LAWN 1.6 WNW, IL US","2020-03-19",,,,,,
"US1ILCK0211","OAK LAWN 1.6 WNW, IL US","2020-03-20",,,,,,
"US1ILCK0211","OAK LAWN 1.6 WNW, IL US","2020-03-21",,,,,,
"US1ILCK0211","OAK LAWN 1.6 WNW, IL US","2020-03-22",,,,,,
"US1ILCK0211","OAK LAWN 1.6 WNW, IL US","2020-03-23",,,,,,
"US1ILCK0211","OAK LAWN 1.6 WNW, IL US","2020-03-24",,,,,,
"US1ILCK0211","OAK LAWN 1.6 WNW, IL US","2020-03-25",,,,,,
"US1ILCK0211","OAK LAWN 1.6 WNW, IL US","2020-03-26",,,,,,
"US1ILCK0211","OAK LAWN 1.6 WNW, IL US","2020-03-27",,,,,,
"US1ILCK0211","OAK LAWN 1.6 WNW, IL US","2020-03-28",,,,,,
"US1ILCK0211","OAK LAWN 1.6 WNW, IL US","2020-03-29",,,,,,
"US1ILCK0211","OAK LAWN 1.6 WNW, IL US","2020-03-30",,,,,,
"US1ILCK0211","OAK LAWN 1.6 WNW, IL US","2020-03-31",,,,,,
"US1ILCK0211","OAK LAWN 1.6 WNW, IL US","2020-04-01",,,,,,
"US1ILCK0211","OAK LAWN 1.6 WNW, IL US","2020-04-02",,,,,,
"US1ILCK0211","OAK LAWN 1.6 WNW, IL US","2020-04-03",,,,,,
"US1ILCK0211","OAK LAWN 1.6 WNW, IL US","2020-04-04",,,,,,
"US1ILCK0211","OAK LAWN 1.6 WNW, IL US","2020-04-05",,,,,,
"US1ILCK0211","OAK LAWN 1.6 WNW, IL US","2020-04-06",,,,,,
"US1ILCK0211","OAK LAWN 1.6 WNW, IL US","2020-04-07",,,,,,
"US1ILCK0211","OAK LAWN 1.6 WNW, IL US","2020-04-08",,,,,,
"US1ILCK0211","OAK LAWN 1.6 WNW, IL US","2020-04-09",,,,,,
"US1ILCK0211","OAK LAWN 1.6 WNW, IL US","2020-04-10",,,,,,
"US1ILCK0211","OAK LAWN 1.6 WNW, IL US","2020-04-11",,,,,,
"US1ILCK0211","OAK LAWN 1.6 WNW, IL US","2020-04-12",,,,,,
"US1ILCK0211","OAK LAWN 1.6 WNW, IL US","2020-04-13",,,,,,
"US1ILCK0211","OAK LAWN 1.6 WNW, IL US","2020-04-14",,,,,,
"US1ILCK0211","OAK LAWN 1.6 WNW, IL US","2020-04-15",,,,,,
"US1ILCK0211","OAK LAWN 1.6 WNW, IL US","2020-04-16",,,,,,
"US1ILCK0211","OAK LAWN 1.6 WNW, IL US","2020-04-17",,,,,,
"US1ILCK0211","OAK LAWN 1.6 WNW, IL US","2020-04-18",,,,,,
"US1ILCK0211","OAK LAWN 1.6 WNW, IL US","2020-04-19",,,,,,
"US1ILCK0211","OAK LAWN 1.6 WNW, IL US","2020-04-20",,,,,,
"US1ILCK0211","OAK LAWN 1.6 WNW, IL US","2020-04-21",,,,,,
"US1ILCK0211","OAK LAWN 1.6 WNW, IL US","2020-04-22",,,,,,
"US1ILCK0211","OAK LAWN 1.6 WNW, IL US","2020-04-23",,,,,,
"US1ILCK0211","OAK LAWN 1.6 WNW, IL US","2020-04-24",,,,,,
"US1ILCK0211","OAK LAWN 1.6 WNW, IL US","2020-04-25",,,,,,
"US1ILCK0211","OAK LAWN 1.6 WNW, IL US","2020-04-26",,,,,,
"US1ILCK0211","OAK LAWN 1.6 WNW, IL US","2020-04-27",,,,,,
"US1ILCK0211","OAK LAWN 1.6 WNW, IL US","2020-04-28",,,,,,
"US1ILCK0211","OAK LAWN 1.6 WNW, IL US","2020-04-29",,,,,,
"US1ILCK0211","OAK LAWN 1.6 WNW, IL US","2020-04-30",,,,,,
"US1ILCK0211","OAK LAWN 1.6 WNW, IL US","2020-05-01",,,,,,
"US1ILCK0211","OAK LAWN 1.6 WNW, IL US","2020-05-02",,,,,,
"US1ILCK0211","OAK LAWN 1.6 WNW, IL US","2020-05-03",,,,,,
"US1ILCK0211","OAK LAWN 1.6 WNW, IL US","2020-05-04",,,,,,
"US1ILCK0211","OAK LAWN 1.6 WNW, IL US","2020-05-05",,,,,,
"US1ILCK0211","OAK LAWN 1.6 WNW, IL US","2020-05-06",,,,,,
"US1ILCK0211","OAK LAWN 1.6 WNW, IL US","2020-05-07",,,,,,
"US1ILCK0211","OAK LAWN 1.6 WNW, IL US","2020-05-08",,,,,,
"US1ILCK0211","OAK LAWN 1.6 WNW, IL US","2020-05-09",,,,,,
"US1ILCK0211","OAK LAWN 1.6 WNW, IL US","2020-05-10",,,,,,
"US1ILCK0211","OAK LAWN 1.6 WNW, IL US","2020-05-11",,,,,,
"US1ILCK0211","OAK LAWN 1.6 WNW, IL US","2020-05-12",,,,,,
"US1ILCK0211","OAK LAWN 1.6 WNW, IL US","2020-05-13",,,,,,
"US1ILCK0211","OAK LAWN 1.6 WNW, IL US","2020-05-14",,,,,,
"US1ILCK0211","OAK LAWN 1.6 WNW, IL US","2020-05-15",,,,,,
"US1ILCK0211","OAK LAWN 1.6 WNW, IL US","2020-05-16",,,,,,
"US1ILCK0211","OAK LAWN 1.6 WNW, IL US","2020-05-17",,,,,,
"US1ILCK0211","OAK LAWN 1.6 WNW, IL US","2020-05-18",,,,,,
"US1ILCK0211","OAK LAWN 1.6 WNW, IL US","2020-05-19",,,,,,
"US1ILCK0211","OAK LAWN 1.6 WNW, IL US","2020-05-20",,,,,,
"US1ILCK0211","OAK LAWN 1.6 WNW, IL US","2020-05-21",,,,,,
"US1ILCK0211","OAK LAWN 1.6 WNW, IL US","2020-05-22",,,,,,
"US1ILCK0211","OAK LAWN 1.6 WNW, IL US","2020-05-23",,,,,,
"US1ILCK0211","OAK LAWN 1.6 WNW, IL US","2020-05-24",,,,,,
"US1ILCK0211","OAK LAWN 1.6 WNW, IL US","2020-05-25",,,,,,
"US1ILCK0211","OAK LAWN 1.6 WNW, IL US","2020-05-26",,,,,,
"US1ILCK0211","OAK LAWN 1.6 WNW, IL US","2020-05-27",,,,,,
"US1ILCK0211","OAK LAWN 1.6 WNW, IL US","2020-05-28",,,,,,
"US1ILCK0211","OAK LAWN 1.6 WNW, IL US","2020-05-29",,,,,,
"US1ILCK0211","OAK LAWN 1.6 WNW, IL US","2020-05-30",,,,,,
"US1ILCK0211","OAK LAWN 1.6 WNW, IL US","2020-05-31",,,,,,
"US1ILCK0211","OAK LAWN 1.6 WNW, IL US","2020-06-01",,,,,,
"US1ILCK0211","OAK LAWN 1.6 WNW, IL US","2020-06-02",,,,,,
"US1ILCK0211","OAK LAWN 1.6 WNW, IL US","2020-06-03",,,,,,
"US1ILCK0211","OAK LAWN 1.6 WNW, IL US","2020-06-04",,,,,,
"US1ILCK0211","OAK LAWN 1.6 WNW, IL US","2020-06-05",,,,,,
"US1ILCK0211","OAK LAWN 1.6 WNW, IL US","2020-06-06",,,,,,
"US1ILCK0211","OAK LAWN 1.6 WNW, IL US","2020-06-07",,,,,,
"US1ILCK0211","OAK LAWN 1.6 WNW, IL US","2020-06-08",,,,,,
"US1ILCK0211","OAK LAWN 1.6 WNW, IL US","2020-06-09",,,,,,
"US1ILCK0211","OAK LAWN 1.6 WNW, IL US","2020-06-10",,,,,,
"US1ILCK0211","OAK LAWN 1.6 WNW, IL US","2020-06-11",,,,,,
"US1ILCK0211","OAK LAWN 1.6 WNW, IL US","2020-06-12",,,,,,
"US1ILCK0211","OAK LAWN 1.6 WNW, IL US","2020-06-13",,,,,,
"US1ILCK0211","OAK LAWN 1.6 WNW, IL US","2020-06-14",,,,,,
"US1ILCK0211","OAK LAWN 1.6 WNW, IL US","2020-06-15",,,,,,
"US1ILCK0211","OAK LAWN 1.6 WNW, IL US","2020-06-16",,,,,,
"US1ILCK0211","OAK LAWN 1.6 WNW, IL US","2020-06-17",,,,,,
"US1ILCK0211","OAK LAWN 1.6 WNW, IL US","2020-06-18",,,,,,
"US1ILCK0211","OAK LAWN 1.6 WNW, IL US","2020-06-19",,,,,,
"US1ILCK0211","OAK LAWN 1.6 WNW, IL US","2020-06-20",,,,,,
"US1ILCK0211","OAK LAWN 1.6 WNW, IL US","2020-06-21",,,,,,
"US1ILCK0211","OAK LAWN 1.6 WNW, IL US","2020-06-22",,,,,,
"US1ILCK0211","OAK LAWN 1.6 WNW, IL US","2020-06-23",,,,,,
"US1ILCK0211","OAK LAWN 1.6 WNW, IL US","2020-06-24",,,,,,
"US1ILCK0211","OAK LAWN 1.6 WNW, IL US","2020-06-25",,,,,,
"US1ILCK0211","OAK LAWN 1.6 WNW, IL US","2020-06-26",,,,,,
"US1ILCK0211","OAK LAWN 1.6 WNW, IL US","2020-06-27",,,,,,
"US1ILCK0211","OAK LAWN 1.6 WNW, IL US","2020-06-28",,,,,,
"US1ILCK0211","OAK LAWN 1.6 WNW, IL US","2020-06-29",,,,,,
"US1ILCK0211","OAK LAWN 1.6 WNW, IL US","2020-06-30",,,,,,
"US1ILCK0211","OAK LAWN 1.6 WNW, IL US","2020-07-01",,,,,,
"US1ILCK0211","OAK LAWN 1.6 WNW, IL US","2020-07-02",,,,,,
"US1ILCK0211","OAK LAWN 1.6 WNW, IL US","2020-07-03",,,,,,
"US1ILCK0211","OAK LAWN 1.6 WNW, IL US","2020-07-04",,,,,,
"US1ILCK0211","OAK LAWN 1.6 WNW, IL US","2020-07-05",,,,,,
"US1ILCK0211","OAK LAWN 1.6 WNW, IL US","2020-07-06",,,,,,
"US1ILCK0211","OAK LAWN 1.6 WNW, IL US","2020-07-07",,,,,,
"US1ILCK0211","OAK LAWN 1.6 WNW, IL US","2020-07-08",,,,,,
"US1ILCK0211","OAK LAWN 1.6 WNW, IL US","2020-07-09",,,,,,
"US1ILCK0211","OAK LAWN 1.6 WNW, IL US","2020-07-10",,,,,,
"US1ILCK0211","OAK LAWN 1.6 WNW, IL US","2020-07-11",,,,,,
"US1ILCK0211","OAK LAWN 1.6 WNW, IL US","2020-07-12",,,,,,
"US1ILCK0211","OAK LAWN 1.6 WNW, IL US","2020-07-13",,,,,,
"US1ILCK0211","OAK LAWN 1.6 WNW, IL US","2020-07-14",,,,,,
"US1ILCK0211","OAK LAWN 1.6 WNW, IL US","2020-07-15",,,,,,
"US1ILCK0211","OAK LAWN 1.6 WNW, IL US","2020-07-16",,,,,,
"US1ILCK0211","OAK LAWN 1.6 WNW, IL US","2020-07-17",,,,,,
"US1ILCK0211","OAK LAWN 1.6 WNW, IL US","2020-07-18",,,,,,
"US1ILCK0211","OAK LAWN 1.6 WNW, IL US","2020-07-19",,,,,,
"US1ILCK0211","OAK LAWN 1.6 WNW, IL US","2020-07-20",,,,,,
"US1ILCK0211","OAK LAWN 1.6 WNW, IL US","2020-07-21",,,,,,
"US1ILCK0211","OAK LAWN 1.6 WNW, IL US","2020-07-22",,,,,,
"US1ILCK0211","OAK LAWN 1.6 WNW, IL US","2020-07-23",,,,,,
"US1ILCK0211","OAK LAWN 1.6 WNW, IL US","2020-07-24",,,,,,
"US1ILCK0211","OAK LAWN 1.6 WNW, IL US","2020-07-25",,,,,,
"US1ILCK0211","OAK LAWN 1.6 WNW, IL US","2020-07-26",,,,,,
"US1ILCK0211","OAK LAWN 1.6 WNW, IL US","2020-07-27",,,,,,
"US1ILCK0211","OAK LAWN 1.6 WNW, IL US","2020-07-28",,,,,,
"US1ILCK0211","OAK LAWN 1.6 WNW, IL US","2020-07-29",,,,,,
"US1ILCK0211","OAK LAWN 1.6 WNW, IL US","2020-07-30",,,,,,
"US1ILCK0211","OAK LAWN 1.6 WNW, IL US","2020-07-31",,,,,,
"US1ILCK0211","OAK LAWN 1.6 WNW, IL US","2020-08-01",,,,,,
"US1ILCK0211","OAK LAWN 1.6 WNW, IL US","2020-08-02",,,,,,
"US1ILCK0211","OAK LAWN 1.6 WNW, IL US","2020-08-03",,,,,,
"US1ILCK0211","OAK LAWN 1.6 WNW, IL US","2020-08-04",,,,,,
"US1ILCK0211","OAK LAWN 1.6 WNW, IL US","2020-08-05",,,,,,
"US1ILCK0211","OAK LAWN 1.6 WNW, IL US","2020-08-06",,,,,,
"US1ILCK0211","OAK LAWN 1.6 WNW, IL US","2020-08-07",,,,,,
"US1ILCK0211","OAK LAWN 1.6 WNW, IL US","2020-08-08",,,,,,
"US1ILCK0211","OAK LAWN 1.6 WNW, IL US","2020-08-09",,,,,,
"US1ILCK0211","OAK LAWN 1.6 WNW, IL US","2020-08-10",,,,,,
"US1ILCK0211","OAK LAWN 1.6 WNW, IL US","2020-08-11",,,,,,
"US1ILCK0211","OAK LAWN 1.6 WNW, IL US","2020-08-12",,,,,,
"US1ILCK0211","OAK LAWN 1.6 WNW, IL US","2020-08-13",,,,,,
"US1ILCK0211","OAK LAWN 1.6 WNW, IL US","2020-08-14",,,,,,
"US1ILCK0211","OAK LAWN 1.6 WNW, IL US","2020-08-15",,,,,,
"US1ILCK0211","OAK LAWN 1.6 WNW, IL US","2020-08-16",,,,,,
"US1ILCK0211","OAK LAWN 1.6 WNW, IL US","2020-08-17",,,,,,
"US1ILCK0211","OAK LAWN 1.6 WNW, IL US","2020-08-18",,,,,,
"US1ILCK0211","OAK LAWN 1.6 WNW, IL US","2020-08-19",,,,,,
"US1ILCK0211","OAK LAWN 1.6 WNW, IL US","2020-08-20",,,,,,
"US1ILCK0211","OAK LAWN 1.6 WNW, IL US","2020-08-21",,,,,,
"US1ILCK0211","OAK LAWN 1.6 WNW, IL US","2020-08-22",,,,,,
"US1ILCK0211","OAK LAWN 1.6 WNW, IL US","2020-08-23",,,,,,
"US1ILCK0211","OAK LAWN 1.6 WNW, IL US","2020-08-24",,,,,,
"US1ILCK0211","OAK LAWN 1.6 WNW, IL US","2020-08-25",,,,,,
"US1ILCK0211","OAK LAWN 1.6 WNW, IL US","2020-08-26",,,,,,
"US1ILCK0211","OAK LAWN 1.6 WNW, IL US","2020-08-27",,,,,,
"US1ILCK0211","OAK LAWN 1.6 WNW, IL US","2020-08-28",,,,,,
"US1ILCK0211","OAK LAWN 1.6 WNW, IL US","2020-08-29",,,,,,
"US1ILCK0211","OAK LAWN 1.6 WNW, IL US","2020-08-30",,,,,,
"US1ILCK0211","OAK LAWN 1.6 WNW, IL US","2020-08-31",,,,,,
"US1ILCK0211","OAK LAWN 1.6 WNW, IL US","2020-09-01",,,,,,
"US1ILCK0211","OAK LAWN 1.6 WNW, IL US","2020-09-02",,,,,,
"US1ILCK0211","OAK LAWN 1.6 WNW, IL US","2020-09-03",,,,,,
"US1ILCK0211","OAK LAWN 1.6 WNW, IL US","2020-09-04",,,,,,
"US1ILCK0211","OAK LAWN 1.6 WNW, IL US","2020-09-05",,,,,,
"US1ILCK0211","OAK LAWN 1.6 WNW, IL US","2020-09-06",,,,,,
"US1ILCK0211","OAK LAWN 1.6 WNW, IL US","2020-09-07",,,,,,
"US1ILCK0211","OAK LAWN 1.6 WNW, IL US","2020-09-08",,,,,,
"US1ILDP0027","NAPERVILLE 2.1 ESE, IL US","2019-10-01",,,,,,
"US1ILDP0027","NAPERVILLE 2.1 ESE, IL US","2019-10-02",,,,,,
"US1ILDP0027","NAPERVILLE 2.1 ESE, IL US","2019-10-03",,,,,,
"US1ILDP0027","NAPERVILLE 2.1 ESE, IL US","2019-10-04",,,,,,
"US1ILDP0027","NAPERVILLE 2.1 ESE, IL US","2019-10-05",,,,,,
"US1ILDP0027","NAPERVILLE 2.1 ESE, IL US","2019-10-06",,,,,,
"US1ILDP0027","NAPERVILLE 2.1 ESE, IL US","2019-10-07",,,,,,
"US1ILDP0027","NAPERVILLE 2.1 ESE, IL US","2019-10-08",,,,,,
"US1ILDP0027","NAPERVILLE 2.1 ESE, IL US","2019-10-09",,,,,,
"US1ILDP0027","NAPERVILLE 2.1 ESE, IL US","2019-10-10",,,,,,
"US1ILDP0027","NAPERVILLE 2.1 ESE, IL US","2019-10-15",,,,,,
"US1ILDP0027","NAPERVILLE 2.1 ESE, IL US","2019-10-16",,,,,,
"US1ILDP0027","NAPERVILLE 2.1 ESE, IL US","2019-10-17",,,,,,
"US1ILDP0027","NAPERVILLE 2.1 ESE, IL US","2019-10-18",,,,,,
"US1ILDP0027","NAPERVILLE 2.1 ESE, IL US","2019-10-19",,,,,,
"US1ILDP0027","NAPERVILLE 2.1 ESE, IL US","2019-10-20",,,,,,
"US1ILDP0027","NAPERVILLE 2.1 ESE, IL US","2019-10-21",,,,,,
"US1ILDP0027","NAPERVILLE 2.1 ESE, IL US","2019-10-22",,,,,,
"US1ILDP0027","NAPERVILLE 2.1 ESE, IL US","2019-10-23",,,,,,
"US1ILDP0027","NAPERVILLE 2.1 ESE, IL US","2019-10-24",,,,,,
"US1ILDP0027","NAPERVILLE 2.1 ESE, IL US","2019-10-25",,,,,,
"US1ILDP0027","NAPERVILLE 2.1 ESE, IL US","2019-10-26",,,,,,
"US1ILDP0027","NAPERVILLE 2.1 ESE, IL US","2019-10-27",,,,,,
"US1ILDP0027","NAPERVILLE 2.1 ESE, IL US","2019-10-28",,,,,,
"US1ILDP0027","NAPERVILLE 2.1 ESE, IL US","2019-10-29",,,,,,
"US1ILDP0027","NAPERVILLE 2.1 ESE, IL US","2019-10-30",,,,,,
"US1ILDP0027","NAPERVILLE 2.1 ESE, IL US","2019-10-31",,,,,,
"US1ILDP0027","NAPERVILLE 2.1 ESE, IL US","2019-11-01",,,,,,
"US1ILDP0027","NAPERVILLE 2.1 ESE, IL US","2019-11-02",,,,,,
"US1ILDP0027","NAPERVILLE 2.1 ESE, IL US","2019-11-03",,,,,,
"US1ILDP0027","NAPERVILLE 2.1 ESE, IL US","2019-11-04",,,,,,
"US1ILDP0027","NAPERVILLE 2.1 ESE, IL US","2019-11-05",,,,,,
"US1ILDP0027","NAPERVILLE 2.1 ESE, IL US","2019-11-06",,,,,,
"US1ILDP0027","NAPERVILLE 2.1 ESE, IL US","2019-11-07",,,,,,
"US1ILDP0027","NAPERVILLE 2.1 ESE, IL US","2019-11-08",,,,,,
"US1ILDP0027","NAPERVILLE 2.1 ESE, IL US","2019-11-09",,,,,,
"US1ILDP0027","NAPERVILLE 2.1 ESE, IL US","2019-11-10",,,,,,
"US1ILDP0027","NAPERVILLE 2.1 ESE, IL US","2019-11-11",,,,,,
"US1ILDP0027","NAPERVILLE 2.1 ESE, IL US","2019-11-12",,,,,,
"US1ILDP0027","NAPERVILLE 2.1 ESE, IL US","2019-11-13",,,,,,
"US1ILDP0027","NAPERVILLE 2.1 ESE, IL US","2019-11-14",,,,,,
"US1ILDP0027","NAPERVILLE 2.1 ESE, IL US","2019-11-15",,,,,,
"US1ILDP0027","NAPERVILLE 2.1 ESE, IL US","2019-11-16",,,,,,
"US1ILDP0027","NAPERVILLE 2.1 ESE, IL US","2019-11-17",,,,,,
"US1ILDP0027","NAPERVILLE 2.1 ESE, IL US","2019-11-18",,,,,,
"US1ILDP0027","NAPERVILLE 2.1 ESE, IL US","2019-11-19",,,,,,
"US1ILDP0027","NAPERVILLE 2.1 ESE, IL US","2019-11-20",,,,,,
"US1ILDP0027","NAPERVILLE 2.1 ESE, IL US","2019-11-25",,,,,,
"US1ILDP0027","NAPERVILLE 2.1 ESE, IL US","2019-11-26",,,,,,
"US1ILDP0027","NAPERVILLE 2.1 ESE, IL US","2019-11-27",,,,,,
"US1ILDP0027","NAPERVILLE 2.1 ESE, IL US","2019-11-28",,,,,,
"US1ILDP0027","NAPERVILLE 2.1 ESE, IL US","2019-12-02",,,,,,
"US1ILDP0027","NAPERVILLE 2.1 ESE, IL US","2019-12-03",,,,,,
"US1ILDP0027","NAPERVILLE 2.1 ESE, IL US","2019-12-04",,,,,,
"US1ILDP0027","NAPERVILLE 2.1 ESE, IL US","2019-12-05",,,,,,
"US1ILDP0027","NAPERVILLE 2.1 ESE, IL US","2019-12-06",,,,,,
"US1ILDP0027","NAPERVILLE 2.1 ESE, IL US","2019-12-07",,,,,,
"US1ILDP0027","NAPERVILLE 2.1 ESE, IL US","2019-12-08",,,,,,
"US1ILDP0027","NAPERVILLE 2.1 ESE, IL US","2019-12-09",,,,,,
"US1ILDP0027","NAPERVILLE 2.1 ESE, IL US","2019-12-10",,,,,,
"US1ILDP0027","NAPERVILLE 2.1 ESE, IL US","2019-12-11",,,,,,
"US1ILDP0027","NAPERVILLE 2.1 ESE, IL US","2019-12-12",,,,,,
"US1ILDP0027","NAPERVILLE 2.1 ESE, IL US","2019-12-13",,,,,,
"US1ILDP0027","NAPERVILLE 2.1 ESE, IL US","2019-12-14",,,,,,
"US1ILDP0027","NAPERVILLE 2.1 ESE, IL US","2019-12-15",,,,,,
"US1ILDP0027","NAPERVILLE 2.1 ESE, IL US","2019-12-16",,,,,,
"US1ILDP0027","NAPERVILLE 2.1 ESE, IL US","2019-12-17",,,,,,
"US1ILDP0027","NAPERVILLE 2.1 ESE, IL US","2019-12-18",,,,,,
"US1ILDP0027","NAPERVILLE 2.1 ESE, IL US","2019-12-19",,,,,,
"US1ILDP0027","NAPERVILLE 2.1 ESE, IL US","2019-12-20",,,,,,
"US1ILDP0027","NAPERVILLE 2.1 ESE, IL US","2019-12-21",,,,,,
"US1ILDP0027","NAPERVILLE 2.1 ESE, IL US","2019-12-22",,,,,,
"US1ILDP0027","NAPERVILLE 2.1 ESE, IL US","2019-12-23",,,,,,
"US1ILDP0027","NAPERVILLE 2.1 ESE, IL US","2019-12-24",,,,,,
"US1ILDP0027","NAPERVILLE 2.1 ESE, IL US","2019-12-25",,,,,,
"US1ILDP0027","NAPERVILLE 2.1 ESE, IL US","2019-12-26",,,,,,
"US1ILDP0027","NAPERVILLE 2.1 ESE, IL US","2019-12-27",,,,,,
"US1ILDP0027","NAPERVILLE 2.1 ESE, IL US","2019-12-28",,,,,,
"US1ILDP0027","NAPERVILLE 2.1 ESE, IL US","2019-12-29",,,,,,
"US1ILDP0027","NAPERVILLE 2.1 ESE, IL US","2019-12-30",,,,,,
"US1ILDP0027","NAPERVILLE 2.1 ESE, IL US","2019-12-31",,,,,,
"US1ILDP0027","NAPERVILLE 2.1 ESE, IL US","2020-01-01",,,,,,
"US1ILDP0027","NAPERVILLE 2.1 ESE, IL US","2020-01-02",,,,,,
"US1ILDP0027","NAPERVILLE 2.1 ESE, IL US","2020-01-03",,,,,,
"US1ILDP0027","NAPERVILLE 2.1 ESE, IL US","2020-01-04",,,,,,
"US1ILDP0027","NAPERVILLE 2.1 ESE, IL US","2020-01-05",,,,,,
"US1ILDP0027","NAPERVILLE 2.1 ESE, IL US","2020-01-06",,,,,,
"US1ILDP0027","NAPERVILLE 2.1 ESE, IL US","2020-01-07",,,,,,
"US1ILDP0027","NAPERVILLE 2.1 ESE, IL US","2020-01-08",,,,,,
"US1ILDP0027","NAPERVILLE 2.1 ESE, IL US","2020-01-09",,,,,,
"US1ILDP0027","NAPERVILLE 2.1 ESE, IL US","2020-01-10",,,,,,
"US1ILDP0027","NAPERVILLE 2.1 ESE, IL US","2020-01-11",,,,,,
"US1ILDP0027","NAPERVILLE 2.1 ESE, IL US","2020-01-12",,,,,,
"US1ILDP0027","NAPERVILLE 2.1 ESE, IL US","2020-01-13",,,,,,
"US1ILDP0027","NAPERVILLE 2.1 ESE, IL US","2020-01-14",,,,,,
"US1ILDP0027","NAPERVILLE 2.1 ESE, IL US","2020-01-15",,,,,,
"US1ILDP0027","NAPERVILLE 2.1 ESE, IL US","2020-01-16",,,,,,
"US1ILDP0027","NAPERVILLE 2.1 ESE, IL US","2020-01-17",,,,,,
"US1ILDP0027","NAPERVILLE 2.1 ESE, IL US","2020-01-18",,,,,,
"US1ILDP0027","NAPERVILLE 2.1 ESE, IL US","2020-01-19",,,,,,
"US1ILDP0027","NAPERVILLE 2.1 ESE, IL US","2020-01-20",,,,,,
"US1ILDP0027","NAPERVILLE 2.1 ESE, IL US","2020-01-21",,,,,,
"US1ILDP0027","NAPERVILLE 2.1 ESE, IL US","2020-01-22",,,,,,
"US1ILDP0027","NAPERVILLE 2.1 ESE, IL US","2020-01-23",,,,,,
"US1ILDP0027","NAPERVILLE 2.1 ESE, IL US","2020-01-24",,,,,,
"US1ILDP0027","NAPERVILLE 2.1 ESE, IL US","2020-01-25",,,,,,
"US1ILDP0027","NAPERVILLE 2.1 ESE, IL US","2020-01-26",,,,,,
"US1ILDP0027","NAPERVILLE 2.1 ESE, IL US","2020-01-27",,,,,,
"US1ILDP0027","NAPERVILLE 2.1 ESE, IL US","2020-01-28",,,,,,
"US1ILDP0027","NAPERVILLE 2.1 ESE, IL US","2020-01-29",,,,,,
"US1ILDP0027","NAPERVILLE 2.1 ESE, IL US","2020-01-30",,,,,,
"US1ILDP0027","NAPERVILLE 2.1 ESE, IL US","2020-01-31",,,,,,
"US1ILDP0027","NAPERVILLE 2.1 ESE, IL US","2020-02-01",,,,,,
"US1ILDP0027","NAPERVILLE 2.1 ESE, IL US","2020-02-02",,,,,,
"US1ILDP0027","NAPERVILLE 2.1 ESE, IL US","2020-02-03",,,,,,
"US1ILDP0027","NAPERVILLE 2.1 ESE, IL US","2020-02-04",,,,,,
"US1ILDP0027","NAPERVILLE 2.1 ESE, IL US","2020-02-05",,,,,,
"US1ILDP0027","NAPERVILLE 2.1 ESE, IL US","2020-02-06",,,,,,
"US1ILDP0027","NAPERVILLE 2.1 ESE, IL US","2020-02-07",,,,,,
"US1ILDP0027","NAPERVILLE 2.1 ESE, IL US","2020-02-08",,,,,,
"US1ILDP0027","NAPERVILLE 2.1 ESE, IL US","2020-02-09",,,,,,
"US1ILDP0027","NAPERVILLE 2.1 ESE, IL US","2020-02-10",,,,,,
"US1ILDP0027","NAPERVILLE 2.1 ESE, IL US","2020-02-11",,,,,,
"US1ILDP0027","NAPERVILLE 2.1 ESE, IL US","2020-02-12",,,,,,
"US1ILDP0027","NAPERVILLE 2.1 ESE, IL US","2020-02-13",,,,,,
"US1ILDP0027","NAPERVILLE 2.1 ESE, IL US","2020-02-18",,,,,,
"US1ILDP0027","NAPERVILLE 2.1 ESE, IL US","2020-02-19",,,,,,
"US1ILDP0027","NAPERVILLE 2.1 ESE, IL US","2020-02-20",,,,,,
"US1ILDP0027","NAPERVILLE 2.1 ESE, IL US","2020-02-21",,,,,,
"US1ILDP0027","NAPERVILLE 2.1 ESE, IL US","2020-02-22",,,,,,
"US1ILDP0027","NAPERVILLE 2.1 ESE, IL US","2020-02-23",,,,,,
"US1ILDP0027","NAPERVILLE 2.1 ESE, IL US","2020-02-24",,,,,,
"US1ILDP0027","NAPERVILLE 2.1 ESE, IL US","2020-02-25",,,,,,
"US1ILDP0027","NAPERVILLE 2.1 ESE, IL US","2020-02-26",,,,,,
"US1ILDP0027","NAPERVILLE 2.1 ESE, IL US","2020-02-27",,,,,,
"US1ILDP0027","NAPERVILLE 2.1 ESE, IL US","2020-02-28",,,,,,
"US1ILDP0027","NAPERVILLE 2.1 ESE, IL US","2020-02-29",,,,,,
"US1ILDP0027","NAPERVILLE 2.1 ESE, IL US","2020-03-01",,,,,,
"US1ILDP0027","NAPERVILLE 2.1 ESE, IL US","2020-03-02",,,,,,
"US1ILDP0027","NAPERVILLE 2.1 ESE, IL US","2020-03-03",,,,,,
"US1ILDP0027","NAPERVILLE 2.1 ESE, IL US","2020-03-04",,,,,,
"US1ILDP0027","NAPERVILLE 2.1 ESE, IL US","2020-03-05",,,,,,
"US1ILDP0027","NAPERVILLE 2.1 ESE, IL US","2020-03-06",,,,,,
"US1ILDP0027","NAPERVILLE 2.1 ESE, IL US","2020-03-07",,,,,,
"US1ILDP0027","NAPERVILLE 2.1 ESE, IL US","2020-03-08",,,,,,
"US1ILDP0027","NAPERVILLE 2.1 ESE, IL US","2020-03-09",,,,,,
"US1ILDP0027","NAPERVILLE 2.1 ESE, IL US","2020-03-10",,,,,,
"US1ILDP0027","NAPERVILLE 2.1 ESE, IL US","2020-03-11",,,,,,
"US1ILDP0027","NAPERVILLE 2.1 ESE, IL US","2020-03-12",,,,,,
"US1ILDP0027","NAPERVILLE 2.1 ESE, IL US","2020-03-13",,,,,,
"US1ILDP0027","NAPERVILLE 2.1 ESE, IL US","2020-03-14",,,,,,
"US1ILDP0027","NAPERVILLE 2.1 ESE, IL US","2020-03-15",,,,,,
"US1ILDP0027","NAPERVILLE 2.1 ESE, IL US","2020-03-16",,,,,,
"US1ILDP0027","NAPERVILLE 2.1 ESE, IL US","2020-03-17",,,,,,
"US1ILDP0027","NAPERVILLE 2.1 ESE, IL US","2020-03-18",,,,,,
"US1ILDP0027","NAPERVILLE 2.1 ESE, IL US","2020-03-19",,,,,,
"US1ILDP0027","NAPERVILLE 2.1 ESE, IL US","2020-03-20",,,,,,
"US1ILDP0027","NAPERVILLE 2.1 ESE, IL US","2020-03-21",,,,,,
"US1ILDP0027","NAPERVILLE 2.1 ESE, IL US","2020-03-22",,,,,,
"US1ILDP0027","NAPERVILLE 2.1 ESE, IL US","2020-03-23",,,,,,
"US1ILDP0027","NAPERVILLE 2.1 ESE, IL US","2020-03-24",,,,,,
"US1ILDP0027","NAPERVILLE 2.1 ESE, IL US","2020-03-25",,,,,,
"US1ILDP0027","NAPERVILLE 2.1 ESE, IL US","2020-03-26",,,,,,
"US1ILDP0027","NAPERVILLE 2.1 ESE, IL US","2020-03-27",,,,,,
"US1ILDP0027","NAPERVILLE 2.1 ESE, IL US","2020-03-28",,,,,,
"US1ILDP0027","NAPERVILLE 2.1 ESE, IL US","2020-03-29",,,,,,
"US1ILDP0027","NAPERVILLE 2.1 ESE, IL US","2020-03-30",,,,,,
"US1ILDP0027","NAPERVILLE 2.1 ESE, IL US","2020-03-31",,,,,,
"US1ILDP0027","NAPERVILLE 2.1 ESE, IL US","2020-04-01",,,,,,
"US1ILDP0027","NAPERVILLE 2.1 ESE, IL US","2020-04-02",,,,,,
"US1ILDP0027","NAPERVILLE 2.1 ESE, IL US","2020-04-03",,,,,,
"US1ILDP0027","NAPERVILLE 2.1 ESE, IL US","2020-04-04",,,,,,
"US1ILDP0027","NAPERVILLE 2.1 ESE, IL US","2020-04-05",,,,,,
"US1ILDP0027","NAPERVILLE 2.1 ESE, IL US","2020-04-06",,,,,,
"US1ILDP0027","NAPERVILLE 2.1 ESE, IL US","2020-04-07",,,,,,
"US1ILDP0027","NAPERVILLE 2.1 ESE, IL US","2020-04-08",,,,,,
"US1ILDP0027","NAPERVILLE 2.1 ESE, IL US","2020-04-09",,,,,,
"US1ILDP0027","NAPERVILLE 2.1 ESE, IL US","2020-04-10",,,,,,
"US1ILDP0027","NAPERVILLE 2.1 ESE, IL US","2020-04-11",,,,,,
"US1ILDP0027","NAPERVILLE 2.1 ESE, IL US","2020-04-12",,,,,,
"US1ILDP0027","NAPERVILLE 2.1 ESE, IL US","2020-04-13",,,,,,
"US1ILDP0027","NAPERVILLE 2.1 ESE, IL US","2020-04-15",,,,,,
"US1ILDP0027","NAPERVILLE 2.1 ESE, IL US","2020-04-16",,,,,,
"US1ILDP0027","NAPERVILLE 2.1 ESE, IL US","2020-04-17",,,,,,
"US1ILDP0027","NAPERVILLE 2.1 ESE, IL US","2020-04-18",,,,,,
"US1ILDP0027","NAPERVILLE 2.1 ESE, IL US","2020-04-19",,,,,,
"US1ILDP0027","NAPERVILLE 2.1 ESE, IL US","2020-04-20",,,,,,
"US1ILDP0027","NAPERVILLE 2.1 ESE, IL US","2020-04-21",,,,,,
"US1ILDP0027","NAPERVILLE 2.1 ESE, IL US","2020-04-22",,,,,,
"US1ILDP0027","NAPERVILLE 2.1 ESE, IL US","2020-04-23",,,,,,
"US1ILDP0027","NAPERVILLE 2.1 ESE, IL US","2020-04-24",,,,,,
"US1ILDP0027","NAPERVILLE 2.1 ESE, IL US","2020-04-25",,,,,,
"US1ILDP0027","NAPERVILLE 2.1 ESE, IL US","2020-04-26",,,,,,
"US1ILDP0027","NAPERVILLE 2.1 ESE, IL US","2020-04-27",,,,,,
"US1ILDP0027","NAPERVILLE 2.1 ESE, IL US","2020-04-28",,,,,,
"US1ILDP0027","NAPERVILLE 2.1 ESE, IL US","2020-04-29",,,,,,
"US1ILDP0027","NAPERVILLE 2.1 ESE, IL US","2020-04-30",,,,,,
"US1ILDP0027","NAPERVILLE 2.1 ESE, IL US","2020-05-01",,,,,,
"US1ILDP0027","NAPERVILLE 2.1 ESE, IL US","2020-05-02",,,,,,
"US1ILDP0027","NAPERVILLE 2.1 ESE, IL US","2020-05-03",,,,,,
"US1ILDP0027","NAPERVILLE 2.1 ESE, IL US","2020-05-04",,,,,,
"US1ILDP0027","NAPERVILLE 2.1 ESE, IL US","2020-05-05",,,,,,
"US1ILDP0027","NAPERVILLE 2.1 ESE, IL US","2020-05-06",,,,,,
"US1ILDP0027","NAPERVILLE 2.1 ESE, IL US","2020-05-07",,,,,,
"US1ILDP0027","NAPERVILLE 2.1 ESE, IL US","2020-05-08",,,,,,
"US1ILDP0027","NAPERVILLE 2.1 ESE, IL US","2020-05-09",,,,,,
"US1ILDP0027","NAPERVILLE 2.1 ESE, IL US","2020-05-10",,,,,,
"US1ILDP0027","NAPERVILLE 2.1 ESE, IL US","2020-05-11",,,,,,
"US1ILDP0027","NAPERVILLE 2.1 ESE, IL US","2020-05-12",,,,,,
"US1ILDP0027","NAPERVILLE 2.1 ESE, IL US","2020-05-13",,,,,,
"US1ILDP0027","NAPERVILLE 2.1 ESE, IL US","2020-05-14",,,,,,
"US1ILDP0027","NAPERVILLE 2.1 ESE, IL US","2020-05-15",,,,,,
"US1ILDP0027","NAPERVILLE 2.1 ESE, IL US","2020-05-16",,,,,,
"US1ILDP0027","NAPERVILLE 2.1 ESE, IL US","2020-05-17",,,,,,
"US1ILDP0027","NAPERVILLE 2.1 ESE, IL US","2020-05-18",,,,,,
"US1ILDP0027","NAPERVILLE 2.1 ESE, IL US","2020-05-19",,,,,,
"US1ILDP0027","NAPERVILLE 2.1 ESE, IL US","2020-05-20",,,,,,
"US1ILDP0027","NAPERVILLE 2.1 ESE, IL US","2020-05-21",,,,,,
"US1ILDP0027","NAPERVILLE 2.1 ESE, IL US","2020-05-22",,,,,,
"US1ILDP0027","NAPERVILLE 2.1 ESE, IL US","2020-05-23",,,,,,
"US1ILDP0027","NAPERVILLE 2.1 ESE, IL US","2020-05-24",,,,,,
"US1ILDP0027","NAPERVILLE 2.1 ESE, IL US","2020-05-25",,,,,,
"US1ILDP0027","NAPERVILLE 2.1 ESE, IL US","2020-05-26",,,,,,
"US1ILDP0027","NAPERVILLE 2.1 ESE, IL US","2020-05-27",,,,,,
"US1ILDP0027","NAPERVILLE 2.1 ESE, IL US","2020-05-28",,,,,,
"US1ILDP0027","NAPERVILLE 2.1 ESE, IL US","2020-05-29",,,,,,
"US1ILDP0027","NAPERVILLE 2.1 ESE, IL US","2020-05-30",,,,,,
"US1ILDP0027","NAPERVILLE 2.1 ESE, IL US","2020-05-31",,,,,,
"US1ILDP0027","NAPERVILLE 2.1 ESE, IL US","2020-06-01",,,,,,
"US1ILDP0027","NAPERVILLE 2.1 ESE, IL US","2020-06-02",,,,,,
"US1ILDP0027","NAPERVILLE 2.1 ESE, IL US","2020-06-03",,,,,,
"US1ILDP0027","NAPERVILLE 2.1 ESE, IL US","2020-06-04",,,,,,
"US1ILDP0027","NAPERVILLE 2.1 ESE, IL US","2020-06-05",,,,,,
"US1ILDP0027","NAPERVILLE 2.1 ESE, IL US","2020-06-06",,,,,,
"US1ILDP0027","NAPERVILLE 2.1 ESE, IL US","2020-06-07",,,,,,
"US1ILDP0027","NAPERVILLE 2.1 ESE, IL US","2020-06-08",,,,,,
"US1ILDP0027","NAPERVILLE 2.1 ESE, IL US","2020-06-09",,,,,,
"US1ILDP0027","NAPERVILLE 2.1 ESE, IL US","2020-06-10",,,,,,
"US1ILDP0027","NAPERVILLE 2.1 ESE, IL US","2020-06-11",,,,,,
"US1ILDP0027","NAPERVILLE 2.1 ESE, IL US","2020-06-12",,,,,,
"US1ILDP0027","NAPERVILLE 2.1 ESE, IL US","2020-06-13",,,,,,
"US1ILDP0027","NAPERVILLE 2.1 ESE, IL US","2020-06-14",,,,,,
"US1ILDP0027","NAPERVILLE 2.1 ESE, IL US","2020-06-15",,,,,,
"US1ILDP0027","NAPERVILLE 2.1 ESE, IL US","2020-06-16",,,,,,
"US1ILDP0027","NAPERVILLE 2.1 ESE, IL US","2020-06-17",,,,,,
"US1ILDP0027","NAPERVILLE 2.1 ESE, IL US","2020-06-18",,,,,,
"US1ILDP0027","NAPERVILLE 2.1 ESE, IL US","2020-06-19",,,,,,
"US1ILDP0027","NAPERVILLE 2.1 ESE, IL US","2020-06-20",,,,,,
"US1ILDP0027","NAPERVILLE 2.1 ESE, IL US","2020-06-21",,,,,,
"US1ILDP0027","NAPERVILLE 2.1 ESE, IL US","2020-06-22",,,,,,
"US1ILDP0027","NAPERVILLE 2.1 ESE, IL US","2020-06-23",,,,,,
"US1ILDP0027","NAPERVILLE 2.1 ESE, IL US","2020-06-24",,,,,,
"US1ILDP0027","NAPERVILLE 2.1 ESE, IL US","2020-06-25",,,,,,
"US1ILDP0027","NAPERVILLE 2.1 ESE, IL US","2020-06-26",,,,,,
"US1ILDP0027","NAPERVILLE 2.1 ESE, IL US","2020-06-27",,,,,,
"US1ILDP0027","NAPERVILLE 2.1 ESE, IL US","2020-06-28",,,,,,
"US1ILDP0027","NAPERVILLE 2.1 ESE, IL US","2020-06-29",,,,,,
"US1ILDP0027","NAPERVILLE 2.1 ESE, IL US","2020-06-30",,,,,,
"US1ILDP0027","NAPERVILLE 2.1 ESE, IL US","2020-07-01",,,,,,
"US1ILDP0027","NAPERVILLE 2.1 ESE, IL US","2020-07-02",,,,,,
"US1ILDP0027","NAPERVILLE 2.1 ESE, IL US","2020-07-03",,,,,,
"US1ILDP0027","NAPERVILLE 2.1 ESE, IL US","2020-07-04",,,,,,
"US1ILDP0027","NAPERVILLE 2.1 ESE, IL US","2020-07-05",,,,,,
"US1ILDP0027","NAPERVILLE 2.1 ESE, IL US","2020-07-06",,,,,,
"US1ILDP0027","NAPERVILLE 2.1 ESE, IL US","2020-07-07",,,,,,
"US1ILDP0027","NAPERVILLE 2.1 ESE, IL US","2020-07-08",,,,,,
"US1ILDP0027","NAPERVILLE 2.1 ESE, IL US","2020-07-09",,,,,,
"US1ILDP0027","NAPERVILLE 2.1 ESE, IL US","2020-07-10",,,,,,
"US1ILDP0027","NAPERVILLE 2.1 ESE, IL US","2020-07-11",,,,,,
"US1ILDP0027","NAPERVILLE 2.1 ESE, IL US","2020-07-12",,,,,,
"US1ILDP0027","NAPERVILLE 2.1 ESE, IL US","2020-07-13",,,,,,
"US1ILDP0027","NAPERVILLE 2.1 ESE, IL US","2020-07-14",,,,,,
"US1ILDP0027","NAPERVILLE 2.1 ESE, IL US","2020-07-15",,,,,,
"US1ILDP0027","NAPERVILLE 2.1 ESE, IL US","2020-07-16",,,,,,
"US1ILDP0027","NAPERVILLE 2.1 ESE, IL US","2020-07-17",,,,,,
"US1ILDP0027","NAPERVILLE 2.1 ESE, IL US","2020-07-18",,,,,,
"US1ILDP0027","NAPERVILLE 2.1 ESE, IL US","2020-07-19",,,,,,
"US1ILDP0027","NAPERVILLE 2.1 ESE, IL US","2020-07-20",,,,,,
"US1ILDP0027","NAPERVILLE 2.1 ESE, IL US","2020-07-21",,,,,,
"US1ILDP0027","NAPERVILLE 2.1 ESE, IL US","2020-07-22",,,,,,
"US1ILDP0027","NAPERVILLE 2.1 ESE, IL US","2020-07-23",,,,,,
"US1ILDP0027","NAPERVILLE 2.1 ESE, IL US","2020-07-24",,,,,,
"US1ILDP0027","NAPERVILLE 2.1 ESE, IL US","2020-07-25",,,,,,
"US1ILDP0027","NAPERVILLE 2.1 ESE, IL US","2020-07-26",,,,,,
"US1ILDP0027","NAPERVILLE 2.1 ESE, IL US","2020-07-27",,,,,,
"US1ILDP0027","NAPERVILLE 2.1 ESE, IL US","2020-07-28",,,,,,
"US1ILDP0027","NAPERVILLE 2.1 ESE, IL US","2020-07-29",,,,,,
"US1ILDP0027","NAPERVILLE 2.1 ESE, IL US","2020-07-30",,,,,,
"US1ILDP0027","NAPERVILLE 2.1 ESE, IL US","2020-07-31",,,,,,
"US1ILDP0027","NAPERVILLE 2.1 ESE, IL US","2020-08-01",,,,,,
"US1ILDP0027","NAPERVILLE 2.1 ESE, IL US","2020-08-02",,,,,,
"US1ILDP0027","NAPERVILLE 2.1 ESE, IL US","2020-08-03",,,,,,
"US1ILDP0027","NAPERVILLE 2.1 ESE, IL US","2020-08-04",,,,,,
"US1ILDP0027","NAPERVILLE 2.1 ESE, IL US","2020-08-05",,,,,,
"US1ILDP0027","NAPERVILLE 2.1 ESE, IL US","2020-08-06",,,,,,
"US1ILDP0027","NAPERVILLE 2.1 ESE, IL US","2020-08-07",,,,,,
"US1ILDP0027","NAPERVILLE 2.1 ESE, IL US","2020-08-08",,,,,,
"US1ILDP0027","NAPERVILLE 2.1 ESE, IL US","2020-08-09",,,,,,
"US1ILDP0027","NAPERVILLE 2.1 ESE, IL US","2020-08-10",,,,,,
"US1ILDP0027","NAPERVILLE 2.1 ESE, IL US","2020-08-11",,,,,,
"US1ILDP0027","NAPERVILLE 2.1 ESE, IL US","2020-08-12",,,,,,
"US1ILDP0027","NAPERVILLE 2.1 ESE, IL US","2020-08-13",,,,,,
"US1ILDP0027","NAPERVILLE 2.1 ESE, IL US","2020-08-14",,,,,,
"US1ILDP0027","NAPERVILLE 2.1 ESE, IL US","2020-08-15",,,,,,
"US1ILDP0027","NAPERVILLE 2.1 ESE, IL US","2020-08-16",,,,,,
"US1ILDP0027","NAPERVILLE 2.1 ESE, IL US","2020-08-17",,,,,,
"US1ILDP0027","NAPERVILLE 2.1 ESE, IL US","2020-08-18",,,,,,
"US1ILDP0027","NAPERVILLE 2.1 ESE, IL US","2020-08-19",,,,,,
"US1ILDP0027","NAPERVILLE 2.1 ESE, IL US","2020-08-20",,,,,,
"US1ILDP0027","NAPERVILLE 2.1 ESE, IL US","2020-08-21",,,,,,
"US1ILDP0027","NAPERVILLE 2.1 ESE, IL US","2020-08-22",,,,,,
"US1ILDP0027","NAPERVILLE 2.1 ESE, IL US","2020-08-23",,,,,,
"US1ILDP0027","NAPERVILLE 2.1 ESE, IL US","2020-08-24",,,,,,
"US1ILDP0027","NAPERVILLE 2.1 ESE, IL US","2020-08-25",,,,,,
"US1ILDP0027","NAPERVILLE 2.1 ESE, IL US","2020-08-26",,,,,,
"US1ILDP0027","NAPERVILLE 2.1 ESE, IL US","2020-08-27",,,,,,
"US1ILDP0027","NAPERVILLE 2.1 ESE, IL US","2020-08-28",,,,,,
"US1ILDP0027","NAPERVILLE 2.1 ESE, IL US","2020-08-29",,,,,,
"US1ILDP0027","NAPERVILLE 2.1 ESE, IL US","2020-08-30",,,,,,
"US1ILDP0027","NAPERVILLE 2.1 ESE, IL US","2020-08-31",,,,,,
"US1ILDP0027","NAPERVILLE 2.1 ESE, IL US","2020-09-01",,,,,,
"US1ILDP0027","NAPERVILLE 2.1 ESE, IL US","2020-09-02",,,,,,
"US1ILDP0027","NAPERVILLE 2.1 ESE, IL US","2020-09-03",,,,,,
"US1ILDP0027","NAPERVILLE 2.1 ESE, IL US","2020-09-04",,,,,,
"US1ILDP0027","NAPERVILLE 2.1 ESE, IL US","2020-09-05",,,,,,
"US1ILDP0027","NAPERVILLE 2.1 ESE, IL US","2020-09-06",,,,,,
"US1ILDP0027","NAPERVILLE 2.1 ESE, IL US","2020-09-07",,,,,,
"US1ILDP0027","NAPERVILLE 2.1 ESE, IL US","2020-09-08",,,,,,
"US1ILWL0142","MOKENA 3.4 WNW, IL US","2019-10-01",,,,,,
"US1ILWL0142","MOKENA 3.4 WNW, IL US","2019-10-02",,,,,,
"US1ILWL0142","MOKENA 3.4 WNW, IL US","2019-10-03",,,,,,
"US1ILWL0142","MOKENA 3.4 WNW, IL US","2019-10-04",,,,,,
"US1ILWL0142","MOKENA 3.4 WNW, IL US","2019-10-05",,,,,,
"US1ILWL0142","MOKENA 3.4 WNW, IL US","2019-10-06",,,,,,
"US1ILWL0142","MOKENA 3.4 WNW, IL US","2019-10-07",,,,,,
"US1ILWL0142","MOKENA 3.4 WNW, IL US","2019-10-08",,,,,,
"US1ILWL0142","MOKENA 3.4 WNW, IL US","2019-10-09",,,,,,
"US1ILWL0142","MOKENA 3.4 WNW, IL US","2019-10-10",,,,,,
"US1ILWL0142","MOKENA 3.4 WNW, IL US","2019-10-11",,,,,,
"US1ILWL0142","MOKENA 3.4 WNW, IL US","2019-10-12",,,,,,
"US1ILWL0142","MOKENA 3.4 WNW, IL US","2019-10-13",,,,,,
"US1ILWL0142","MOKENA 3.4 WNW, IL US","2019-10-14",,,,,,
"US1ILWL0142","MOKENA 3.4 WNW, IL US","2019-10-15",,,,,,
"US1ILWL0142","MOKENA 3.4 WNW, IL US","2019-10-16",,,,,,
"US1ILWL0142","MOKENA 3.4 WNW, IL US","2019-10-17",,,,,,
"US1ILWL0142","MOKENA 3.4 WNW, IL US","2019-10-18",,,,,,
"US1ILWL0142","MOKENA 3.4 WNW, IL US","2019-10-19",,,,,,
"US1ILWL0142","MOKENA 3.4 WNW, IL US","2019-10-20",,,,,,
"US1ILWL0142","MOKENA 3.4 WNW, IL US","2019-10-21",,,,,,
"US1ILWL0142","MOKENA 3.4 WNW, IL US","2019-10-22",,,,,,
"US1ILWL0142","MOKENA 3.4 WNW, IL US","2019-10-23",,,,,,
"US1ILWL0142","MOKENA 3.4 WNW, IL US","2019-10-24",,,,,,
"US1ILWL0142","MOKENA 3.4 WNW, IL US","2019-10-25",,,,,,
"US1ILWL0142","MOKENA 3.4 WNW, IL US","2019-10-26",,,,,,
"US1ILWL0142","MOKENA 3.4 WNW, IL US","2019-10-27",,,,,,
"US1ILWL0142","MOKENA 3.4 WNW, IL US","2019-10-28",,,,,,
"US1ILWL0142","MOKENA 3.4 WNW, IL US","2019-10-29",,,,,,
"US1ILWL0142","MOKENA 3.4 WNW, IL US","2019-10-30",,,,,,
"US1ILWL0142","MOKENA 3.4 WNW, IL US","2019-10-31",,,,,,
"US1ILWL0142","MOKENA 3.4 WNW, IL US","2019-11-01",,,,,,
"US1ILWL0142","MOKENA 3.4 WNW, IL US","2019-11-02",,,,,,
"US1ILWL0142","MOKENA 3.4 WNW, IL US","2019-11-03",,,,,,
"US1ILWL0142","MOKENA 3.4 WNW, IL US","2019-11-04",,,,,,
"US1ILWL0142","MOKENA 3.4 WNW, IL US","2019-11-05",,,,,,
"US1ILWL0142","MOKENA 3.4 WNW, IL US","2019-11-06",,,,,,
"US1ILWL0142","MOKENA 3.4 WNW, IL US","2019-11-07",,,,,,
"US1ILWL0142","MOKENA 3.4 WNW, IL US","2019-11-08",,,,,,
"US1ILWL0142","MOKENA 3.4 WNW, IL US","2019-11-09",,,,,,
"US1ILWL0142","MOKENA 3.4 WNW, IL US","2019-11-10",,,,,,
"US1ILWL0142","MOKENA 3.4 WNW, IL US","2019-11-11",,,,,,
"US1ILWL0142","MOKENA 3.4 WNW, IL US","2019-11-12",,,,,,
"US1ILWL0142","MOKENA 3.4 WNW, IL US","2019-11-13",,,,,,
"US1ILWL0142","MOKENA 3.4 WNW, IL US","2019-11-14",,,,,,
"US1ILWL0142","MOKENA 3.4 WNW, IL US","2019-11-15",,,,,,
"US1ILWL0142","MOKENA 3.4 WNW, IL US","2019-11-16",,,,,,
"US1ILWL0142","MOKENA 3.4 WNW, IL US","2019-11-17",,,,,,
"US1ILWL0142","MOKENA 3.4 WNW, IL US","2019-11-18",,,,,,
"US1ILWL0142","MOKENA 3.4 WNW, IL US","2019-11-19",,,,,,
"US1ILWL0142","MOKENA 3.4 WNW, IL US","2019-11-20",,,,,,
"US1ILWL0142","MOKENA 3.4 WNW, IL US","2019-11-21",,,,,,
"US1ILWL0142","MOKENA 3.4 WNW, IL US","2019-11-22",,,,,,
"US1ILWL0142","MOKENA 3.4 WNW, IL US","2019-11-24",,,,,,
"US1ILWL0142","MOKENA 3.4 WNW, IL US","2019-11-25",,,,,,
"US1ILWL0142","MOKENA 3.4 WNW, IL US","2019-11-26",,,,,,
"US1ILWL0142","MOKENA 3.4 WNW, IL US","2019-11-27",,,,,,
"US1ILWL0142","MOKENA 3.4 WNW, IL US","2019-11-28",,,,,,
"US1ILWL0142","MOKENA 3.4 WNW, IL US","2019-11-29",,,,,,
"US1ILWL0142","MOKENA 3.4 WNW, IL US","2019-12-01",,,,,,
"US1ILWL0142","MOKENA 3.4 WNW, IL US","2019-12-02",,,,,,
"US1ILWL0142","MOKENA 3.4 WNW, IL US","2019-12-03",,,,,,
"US1ILWL0142","MOKENA 3.4 WNW, IL US","2019-12-04",,,,,,
"US1ILWL0142","MOKENA 3.4 WNW, IL US","2019-12-05",,,,,,
"US1ILWL0142","MOKENA 3.4 WNW, IL US","2019-12-06",,,,,,
"US1ILWL0142","MOKENA 3.4 WNW, IL US","2019-12-07",,,,,,
"US1ILWL0142","MOKENA 3.4 WNW, IL US","2019-12-08",,,,,,
"US1ILWL0142","MOKENA 3.4 WNW, IL US","2019-12-09",,,,,,
"US1ILWL0142","MOKENA 3.4 WNW, IL US","2019-12-10",,,,,,
"US1ILWL0142","MOKENA 3.4 WNW, IL US","2019-12-11",,,,,,
"US1ILWL0142","MOKENA 3.4 WNW, IL US","2019-12-12",,,,,,
"US1ILWL0142","MOKENA 3.4 WNW, IL US","2019-12-13",,,,,,
"US1ILWL0142","MOKENA 3.4 WNW, IL US","2019-12-14",,,,,,
"US1ILWL0142","MOKENA 3.4 WNW, IL US","2019-12-15",,,,,,
"US1ILWL0142","MOKENA 3.4 WNW, IL US","2019-12-16",,,,,,
"US1ILWL0142","MOKENA 3.4 WNW, IL US","2019-12-17",,,,,,
"US1ILWL0142","MOKENA 3.4 WNW, IL US","2019-12-18",,,,,,
"US1ILWL0142","MOKENA 3.4 WNW, IL US","2019-12-19",,,,,,
"US1ILWL0142","MOKENA 3.4 WNW, IL US","2019-12-20",,,,,,
"US1ILWL0142","MOKENA 3.4 WNW, IL US","2019-12-21",,,,,,
"US1ILWL0142","MOKENA 3.4 WNW, IL US","2019-12-22",,,,,,
"US1ILWL0142","MOKENA 3.4 WNW, IL US","2019-12-23",,,,,,
"US1ILWL0142","MOKENA 3.4 WNW, IL US","2019-12-24",,,,,,
"US1ILWL0142","MOKENA 3.4 WNW, IL US","2019-12-25",,,,,,
"US1ILWL0142","MOKENA 3.4 WNW, IL US","2019-12-26",,,,,,
"US1ILWL0142","MOKENA 3.4 WNW, IL US","2019-12-28",,,,,,
"US1ILWL0142","MOKENA 3.4 WNW, IL US","2019-12-29",,,,,,
"US1ILWL0142","MOKENA 3.4 WNW, IL US","2019-12-30",,,,,,
"US1ILWL0142","MOKENA 3.4 WNW, IL US","2019-12-31",,,,,,
"US1ILWL0142","MOKENA 3.4 WNW, IL US","2020-01-01",,,,,,
"US1ILWL0142","MOKENA 3.4 WNW, IL US","2020-01-02",,,,,,
"US1ILWL0142","MOKENA 3.4 WNW, IL US","2020-01-03",,,,,,
"US1ILWL0142","MOKENA 3.4 WNW, IL US","2020-01-04",,,,,,
"US1ILWL0142","MOKENA 3.4 WNW, IL US","2020-01-05",,,,,,
"US1ILWL0142","MOKENA 3.4 WNW, IL US","2020-01-06",,,,,,
"US1ILWL0142","MOKENA 3.4 WNW, IL US","2020-01-07",,,,,,
"US1ILWL0142","MOKENA 3.4 WNW, IL US","2020-01-08",,,,,,
"US1ILWL0142","MOKENA 3.4 WNW, IL US","2020-01-09",,,,,,
"US1ILWL0142","MOKENA 3.4 WNW, IL US","2020-01-10",,,,,,
"US1ILWL0142","MOKENA 3.4 WNW, IL US","2020-01-11",,,,,,
"US1ILWL0142","MOKENA 3.4 WNW, IL US","2020-01-12",,,,,,
"US1ILWL0142","MOKENA 3.4 WNW, IL US","2020-01-13",,,,,,
"US1ILWL0142","MOKENA 3.4 WNW, IL US","2020-01-14",,,,,,
"US1ILWL0142","MOKENA 3.4 WNW, IL US","2020-01-15",,,,,,
"US1ILWL0142","MOKENA 3.4 WNW, IL US","2020-01-16",,,,,,
"US1ILWL0142","MOKENA 3.4 WNW, IL US","2020-01-17",,,,,,
"US1ILWL0142","MOKENA 3.4 WNW, IL US","2020-01-18",,,,,,
"US1ILWL0142","MOKENA 3.4 WNW, IL US","2020-01-19",,,,,,
"US1ILWL0142","MOKENA 3.4 WNW, IL US","2020-01-20",,,,,,
"US1ILWL0142","MOKENA 3.4 WNW, IL US","2020-01-21",,,,,,
"US1ILWL0142","MOKENA 3.4 WNW, IL US","2020-01-22",,,,,,
"US1ILWL0142","MOKENA 3.4 WNW, IL US","2020-01-23",,,,,,
"US1ILWL0142","MOKENA 3.4 WNW, IL US","2020-01-24",,,,,,
"US1ILWL0142","MOKENA 3.4 WNW, IL US","2020-01-25",,,,,,
"US1ILWL0142","MOKENA 3.4 WNW, IL US","2020-01-26",,,,,,
"US1ILWL0142","MOKENA 3.4 WNW, IL US","2020-01-27",,,,,,
"US1ILWL0142","MOKENA 3.4 WNW, IL US","2020-01-28",,,,,,
"US1ILWL0142","MOKENA 3.4 WNW, IL US","2020-01-29",,,,,,
"US1ILWL0142","MOKENA 3.4 WNW, IL US","2020-01-30",,,,,,
"US1ILWL0142","MOKENA 3.4 WNW, IL US","2020-01-31",,,,,,
"US1ILWL0142","MOKENA 3.4 WNW, IL US","2020-02-01",,,,,,
"US1ILWL0142","MOKENA 3.4 WNW, IL US","2020-02-02",,,,,,
"US1ILWL0142","MOKENA 3.4 WNW, IL US","2020-02-03",,,,,,
"US1ILWL0142","MOKENA 3.4 WNW, IL US","2020-02-04",,,,,,
"US1ILWL0142","MOKENA 3.4 WNW, IL US","2020-02-05",,,,,,
"US1ILWL0142","MOKENA 3.4 WNW, IL US","2020-02-06",,,,,,
"US1ILWL0142","MOKENA 3.4 WNW, IL US","2020-02-07",,,,,,
"US1ILWL0142","MOKENA 3.4 WNW, IL US","2020-02-08",,,,,,
"US1ILWL0142","MOKENA 3.4 WNW, IL US","2020-02-09",,,,,,
"US1ILWL0142","MOKENA 3.4 WNW, IL US","2020-02-10",,,,,,
"US1ILWL0142","MOKENA 3.4 WNW, IL US","2020-02-11",,,,,,
"US1ILWL0142","MOKENA 3.4 WNW, IL US","2020-02-12",,,,,,
"US1ILWL0142","MOKENA 3.4 WNW, IL US","2020-02-13",,,,,,
"US1ILWL0142","MOKENA 3.4 WNW, IL US","2020-02-14",,,,,,
"US1ILWL0142","MOKENA 3.4 WNW, IL US","2020-02-15",,,,,,
"US1ILWL0142","MOKENA 3.4 WNW, IL US","2020-02-16",,,,,,
"US1ILWL0142","MOKENA 3.4 WNW, IL US","2020-02-18",,,,,,
"US1ILWL0142","MOKENA 3.4 WNW, IL US","2020-02-19",,,,,,
"US1ILWL0142","MOKENA 3.4 WNW, IL US","2020-02-20",,,,,,
"US1ILWL0142","MOKENA 3.4 WNW, IL US","2020-02-23",,,,,,
"US1ILWL0142","MOKENA 3.4 WNW, IL US","2020-02-24",,,,,,
"US1ILWL0142","MOKENA 3.4 WNW, IL US","2020-02-25",,,,,,
"US1ILWL0142","MOKENA 3.4 WNW, IL US","2020-02-26",,,,,,
"US1ILWL0142","MOKENA 3.4 WNW, IL US","2020-02-27",,,,,,
"US1ILWL0142","MOKENA 3.4 WNW, IL US","2020-02-28",,,,,,
"US1ILWL0142","MOKENA 3.4 WNW, IL US","2020-02-29",,,,,,
"US1ILWL0142","MOKENA 3.4 WNW, IL US","2020-03-02",,,,,,
"US1ILWL0142","MOKENA 3.4 WNW, IL US","2020-03-03",,,,,,
"US1ILWL0142","MOKENA 3.4 WNW, IL US","2020-03-04",,,,,,
"US1ILWL0142","MOKENA 3.4 WNW, IL US","2020-03-05",,,,,,
"US1ILWL0142","MOKENA 3.4 WNW, IL US","2020-03-06",,,,,,
"US1ILWL0142","MOKENA 3.4 WNW, IL US","2020-03-07",,,,,,
"US1ILWL0142","MOKENA 3.4 WNW, IL US","2020-03-08",,,,,,
"US1ILWL0142","MOKENA 3.4 WNW, IL US","2020-03-09",,,,,,
"US1ILWL0142","MOKENA 3.4 WNW, IL US","2020-03-10",,,,,,
"US1ILWL0142","MOKENA 3.4 WNW, IL US","2020-03-11",,,,,,
"US1ILWL0142","MOKENA 3.4 WNW, IL US","2020-03-12",,,,,,
"US1ILWL0142","MOKENA 3.4 WNW, IL US","2020-03-14",,,,,,
"US1ILWL0142","MOKENA 3.4 WNW, IL US","2020-03-15",,,,,,
"US1ILWL0142","MOKENA 3.4 WNW, IL US","2020-03-17",,,,,,
"US1ILWL0142","MOKENA 3.4 WNW, IL US","2020-03-18",,,,,,
"US1ILWL0142","MOKENA 3.4 WNW, IL US","2020-03-19",,,,,,
"US1ILWL0142","MOKENA 3.4 WNW, IL US","2020-03-20",,,,,,
"US1ILWL0142","MOKENA 3.4 WNW, IL US","2020-03-21",,,,,,
"US1ILWL0142","MOKENA 3.4 WNW, IL US","2020-03-22",,,,,,
"US1ILWL0142","MOKENA 3.4 WNW, IL US","2020-03-23",,,,,,
"US1ILWL0142","MOKENA 3.4 WNW, IL US","2020-03-24",,,,,,
"US1ILWL0142","MOKENA 3.4 WNW, IL US","2020-03-25",,,,,,
"US1ILWL0142","MOKENA 3.4 WNW, IL US","2020-03-26",,,,,,
"US1ILWL0142","MOKENA 3.4 WNW, IL US","2020-03-27",,,,,,
"US1ILWL0142","MOKENA 3.4 WNW, IL US","2020-03-28",,,,,,
"US1ILWL0142","MOKENA 3.4 WNW, IL US","2020-03-29",,,,,,
"US1ILWL0142","MOKENA 3.4 WNW, IL US","2020-03-30",,,,,,
"US1ILWL0142","MOKENA 3.4 WNW, IL US","2020-03-31",,,,,,
"US1ILWL0142","MOKENA 3.4 WNW, IL US","2020-04-01",,,,,,
"US1ILWL0142","MOKENA 3.4 WNW, IL US","2020-04-03",,,,,,
"US1ILWL0142","MOKENA 3.4 WNW, IL US","2020-04-04",,,,,,
"US1ILWL0142","MOKENA 3.4 WNW, IL US","2020-04-05",,,,,,
"US1ILWL0142","MOKENA 3.4 WNW, IL US","2020-04-06",,,,,,
"US1ILWL0142","MOKENA 3.4 WNW, IL US","2020-04-07",,,,,,
"US1ILWL0142","MOKENA 3.4 WNW, IL US","2020-04-08",,,,,,
"US1ILWL0142","MOKENA 3.4 WNW, IL US","2020-04-09",,,,,,
"US1ILWL0142","MOKENA 3.4 WNW, IL US","2020-04-10",,,,,,
"US1ILWL0142","MOKENA 3.4 WNW, IL US","2020-04-12",,,,,,
"US1ILWL0142","MOKENA 3.4 WNW, IL US","2020-04-13",,,,,,
"US1ILWL0142","MOKENA 3.4 WNW, IL US","2020-04-14",,,,,,
"US1ILWL0142","MOKENA 3.4 WNW, IL US","2020-04-17",,,,,,
"US1ILWL0142","MOKENA 3.4 WNW, IL US","2020-04-18",,,,,,
"US1ILWL0142","MOKENA 3.4 WNW, IL US","2020-04-19",,,,,,
"US1ILWL0142","MOKENA 3.4 WNW, IL US","2020-04-20",,,,,,
"US1ILWL0142","MOKENA 3.4 WNW, IL US","2020-04-21",,,,,,
"US1ILWL0142","MOKENA 3.4 WNW, IL US","2020-04-22",,,,,,
"US1ILWL0142","MOKENA 3.4 WNW, IL US","2020-04-23",,,,,,
"US1ILWL0142","MOKENA 3.4 WNW, IL US","2020-04-24",,,,,,
"US1ILWL0142","MOKENA 3.4 WNW, IL US","2020-04-25",,,,,,
"US1ILWL0142","MOKENA 3.4 WNW, IL US","2020-04-26",,,,,,
"US1ILWL0142","MOKENA 3.4 WNW, IL US","2020-04-27",,,,,,
"US1ILWL0142","MOKENA 3.4 WNW, IL US","2020-04-28",,,,,,
"US1ILWL0142","MOKENA 3.4 WNW, IL US","2020-04-29",,,,,,
"US1ILWL0142","MOKENA 3.4 WNW, IL US","2020-04-30",,,,,,
"US1ILWL0142","MOKENA 3.4 WNW, IL US","2020-05-01",,,,,,
"US1ILWL0142","MOKENA 3.4 WNW, IL US","2020-05-02",,,,,,
"US1ILWL0142","MOKENA 3.4 WNW, IL US","2020-05-03",,,,,,
"US1ILWL0142","MOKENA 3.4 WNW, IL US","2020-05-04",,,,,,
"US1ILWL0142","MOKENA 3.4 WNW, IL US","2020-05-05",,,,,,
"US1ILWL0142","MOKENA 3.4 WNW, IL US","2020-05-06",,,,,,
"US1ILWL0142","MOKENA 3.4 WNW, IL US","2020-05-09",,,,,,
"US1ILWL0142","MOKENA 3.4 WNW, IL US","2020-05-10",,,,,,
"US1ILWL0142","MOKENA 3.4 WNW, IL US","2020-05-11",,,,,,
"US1ILWL0142","MOKENA 3.4 WNW, IL US","2020-05-12",,,,,,
"US1ILWL0142","MOKENA 3.4 WNW, IL US","2020-05-13",,,,,,
"US1ILWL0142","MOKENA 3.4 WNW, IL US","2020-05-14",,,,,,
"US1ILWL0142","MOKENA 3.4 WNW, IL US","2020-05-15",,,,,,
"US1ILWL0142","MOKENA 3.4 WNW, IL US","2020-05-16",,,,,,
"US1ILWL0142","MOKENA 3.4 WNW, IL US","2020-05-17",,,,,,
"US1ILWL0142","MOKENA 3.4 WNW, IL US","2020-05-18",,,,,,
"US1ILWL0142","MOKENA 3.4 WNW, IL US","2020-05-19",,,,,,
"US1ILWL0142","MOKENA 3.4 WNW, IL US","2020-05-20",,,,,,
"US1ILWL0142","MOKENA 3.4 WNW, IL US","2020-05-21",,,,,,
"US1ILWL0142","MOKENA 3.4 WNW, IL US","2020-05-22",,,,,,
"US1ILWL0142","MOKENA 3.4 WNW, IL US","2020-05-23",,,,,,
"US1ILWL0142","MOKENA 3.4 WNW, IL US","2020-05-24",,,,,,
"US1ILWL0142","MOKENA 3.4 WNW, IL US","2020-05-25",,,,,,
"US1ILWL0142","MOKENA 3.4 WNW, IL US","2020-05-26",,,,,,
"US1ILWL0142","MOKENA 3.4 WNW, IL US","2020-05-27",,,,,,
"US1ILWL0142","MOKENA 3.4 WNW, IL US","2020-05-28",,,,,,
"US1ILWL0142","MOKENA 3.4 WNW, IL US","2020-05-29",,,,,,
"US1ILWL0142","MOKENA 3.4 WNW, IL US","2020-05-30",,,,,,
"US1ILWL0142","MOKENA 3.4 WNW, IL US","2020-05-31",,,,,,
"US1ILWL0142","MOKENA 3.4 WNW, IL US","2020-06-01",,,,,,
"US1ILWL0142","MOKENA 3.4 WNW, IL US","2020-06-02",,,,,,
"US1ILWL0142","MOKENA 3.4 WNW, IL US","2020-06-03",,,,,,
"US1ILWL0142","MOKENA 3.4 WNW, IL US","2020-06-04",,,,,,
"US1ILWL0142","MOKENA 3.4 WNW, IL US","2020-06-05",,,,,,
"US1ILWL0142","MOKENA 3.4 WNW, IL US","2020-06-06",,,,,,
"US1ILWL0142","MOKENA 3.4 WNW, IL US","2020-06-08",,,,,,
"US1ILWL0142","MOKENA 3.4 WNW, IL US","2020-06-09",,,,,,
"US1ILWL0142","MOKENA 3.4 WNW, IL US","2020-06-10",,,,,,
"US1ILWL0142","MOKENA 3.4 WNW, IL US","2020-06-11",,,,,,
"US1ILWL0142","MOKENA 3.4 WNW, IL US","2020-06-12",,,,,,
"US1ILWL0142","MOKENA 3.4 WNW, IL US","2020-06-13",,,,,,
"US1ILWL0142","MOKENA 3.4 WNW, IL US","2020-06-14",,,,,,
"US1ILWL0142","MOKENA 3.4 WNW, IL US","2020-06-15",,,,,,
"US1ILWL0142","MOKENA 3.4 WNW, IL US","2020-06-16",,,,,,
"US1ILWL0142","MOKENA 3.4 WNW, IL US","2020-06-17",,,,,,
"US1ILWL0142","MOKENA 3.4 WNW, IL US","2020-06-18",,,,,,
"US1ILWL0142","MOKENA 3.4 WNW, IL US","2020-06-20",,,,,,
"US1ILWL0142","MOKENA 3.4 WNW, IL US","2020-06-21",,,,,,
"US1ILWL0142","MOKENA 3.4 WNW, IL US","2020-06-22",,,,,,
"US1ILWL0142","MOKENA 3.4 WNW, IL US","2020-06-23",,,,,,
"US1ILWL0142","MOKENA 3.4 WNW, IL US","2020-06-24",,,,,,
"US1ILWL0142","MOKENA 3.4 WNW, IL US","2020-06-26",,,,,,
"US1ILWL0142","MOKENA 3.4 WNW, IL US","2020-06-27",,,,,,
"US1ILWL0142","MOKENA 3.4 WNW, IL US","2020-06-28",,,,,,
"US1ILWL0142","MOKENA 3.4 WNW, IL US","2020-06-29",,,,,,
"US1ILWL0142","MOKENA 3.4 WNW, IL US","2020-06-30",,,,,,
"US1ILWL0142","MOKENA 3.4 WNW, IL US","2020-07-01",,,,,,
"US1ILWL0142","MOKENA 3.4 WNW, IL US","2020-07-03",,,,,,
"US1ILWL0142","MOKENA 3.4 WNW, IL US","2020-07-04",,,,,,
"US1ILWL0142","MOKENA 3.4 WNW, IL US","2020-07-05",,,,,,
"US1ILWL0142","MOKENA 3.4 WNW, IL US","2020-07-06",,,,,,
"US1ILWL0142","MOKENA 3.4 WNW, IL US","2020-07-07",,,,,,
"US1ILWL0142","MOKENA 3.4 WNW, IL US","2020-07-08",,,,,,
"US1ILWL0142","MOKENA 3.4 WNW, IL US","2020-07-09",,,,,,
"US1ILWL0142","MOKENA 3.4 WNW, IL US","2020-07-10",,,,,,
"US1ILWL0142","MOKENA 3.4 WNW, IL US","2020-07-11",,,,,,
"US1ILWL0142","MOKENA 3.4 WNW, IL US","2020-07-12",,,,,,
"US1ILWL0142","MOKENA 3.4 WNW, IL US","2020-07-13",,,,,,
"US1ILWL0142","MOKENA 3.4 WNW, IL US","2020-07-14",,,,,,
"US1ILWL0142","MOKENA 3.4 WNW, IL US","2020-07-15",,,,,,
"US1ILWL0142","MOKENA 3.4 WNW, IL US","2020-07-16",,,,,,
"US1ILWL0142","MOKENA 3.4 WNW, IL US","2020-07-17",,,,,,
"US1ILWL0142","MOKENA 3.4 WNW, IL US","2020-07-18",,,,,,
"US1ILWL0142","MOKENA 3.4 WNW, IL US","2020-07-19",,,,,,
"US1ILWL0142","MOKENA 3.4 WNW, IL US","2020-07-20",,,,,,
"US1ILWL0142","MOKENA 3.4 WNW, IL US","2020-07-21",,,,,,
"US1ILWL0142","MOKENA 3.4 WNW, IL US","2020-07-22",,,,,,
"US1ILWL0142","MOKENA 3.4 WNW, IL US","2020-07-23",,,,,,
"US1ILWL0142","MOKENA 3.4 WNW, IL US","2020-07-24",,,,,,
"US1ILWL0142","MOKENA 3.4 WNW, IL US","2020-07-28",,,,,,
"US1ILWL0142","MOKENA 3.4 WNW, IL US","2020-07-29",,,,,,
"US1ILWL0142","MOKENA 3.4 WNW, IL US","2020-07-31",,,,,,
"US1ILWL0142","MOKENA 3.4 WNW, IL US","2020-08-01",,,,,,
"US1ILWL0142","MOKENA 3.4 WNW, IL US","2020-08-02",,,,,,
"US1ILWL0142","MOKENA 3.4 WNW, IL US","2020-08-03",,,,,,
"US1ILWL0142","MOKENA 3.4 WNW, IL US","2020-08-05",,,,,,
"US1ILWL0142","MOKENA 3.4 WNW, IL US","2020-08-07",,,,,,
"US1ILWL0142","MOKENA 3.4 WNW, IL US","2020-08-08",,,,,,
"US1ILWL0142","MOKENA 3.4 WNW, IL US","2020-08-09",,,,,,
"US1ILWL0142","MOKENA 3.4 WNW, IL US","2020-08-10",,,,,,
"US1ILWL0142","MOKENA 3.4 WNW, IL US","2020-08-11",,,,,,
"US1ILWL0142","MOKENA 3.4 WNW, IL US","2020-08-12",,,,,,
"US1ILWL0142","MOKENA 3.4 WNW, IL US","2020-08-13",,,,,,
"US1ILWL0142","MOKENA 3.4 WNW, IL US","2020-08-14",,,,,,
"US1ILWL0142","MOKENA 3.4 WNW, IL US","2020-08-15",,,,,,
"US1ILWL0142","MOKENA 3.4 WNW, IL US","2020-08-16",,,,,,
"US1ILWL0142","MOKENA 3.4 WNW, IL US","2020-08-17",,,,,,
"US1ILWL0142","MOKENA 3.4 WNW, IL US","2020-08-19",,,,,,
"US1ILWL0142","MOKENA 3.4 WNW, IL US","2020-08-20",,,,,,
"US1ILWL0142","MOKENA 3.4 WNW, IL US","2020-08-21",,,,,,
"US1ILWL0142","MOKENA 3.4 WNW, IL US","2020-08-22",,,,,,
"US1ILWL0142","MOKENA 3.4 WNW, IL US","2020-08-23",,,,,,
"US1ILWL0142","MOKENA 3.4 WNW, IL US","2020-08-24",,,,,,
"US1ILWL0142","MOKENA 3.4 WNW, IL US","2020-08-25",,,,,,
"US1ILWL0142","MOKENA 3.4 WNW, IL US","2020-08-26",,,,,,
"US1ILWL0142","MOKENA 3.4 WNW, IL US","2020-08-27",,,,,,
"US1ILWL0142","MOKENA 3.4 WNW, IL US","2020-08-28",,,,,,
"US1ILWL0142","MOKENA 3.4 WNW, IL US","2020-08-29",,,,,,
"US1ILWL0142","MOKENA 3.4 WNW, IL US","2020-08-30",,,,,,
"US1ILWL0142","MOKENA 3.4 WNW, IL US","2020-08-31",,,,,,
"US1ILWL0142","MOKENA 3.4 WNW, IL US","2020-09-01",,,,,,
"US1ILWL0142","MOKENA 3.4 WNW, IL US","2020-09-02",,,,,,
"US1ILWL0142","MOKENA 3.4 WNW, IL US","2020-09-03",,,,,,
"US1ILWL0142","MOKENA 3.4 WNW, IL US","2020-09-04",,,,,,
"US1ILWL0142","MOKENA 3.4 WNW, IL US","2020-09-05",,,,,,
"US1ILWL0142","MOKENA 3.4 WNW, IL US","2020-09-06",,,,,,
"US1ILWL0142","MOKENA 3.4 WNW, IL US","2020-09-07",,,,,,
"US1ILWL0142","MOKENA 3.4 WNW, IL US","2020-09-08",,,,,,
"US1ILWL0149","BULT FIELD MONEE 4.9 SE, IL US","2019-10-01",,,,,,
"US1ILWL0149","BULT FIELD MONEE 4.9 SE, IL US","2019-10-02",,,,,,
"US1ILWL0149","BULT FIELD MONEE 4.9 SE, IL US","2019-10-03",,,,,,
"US1ILWL0149","BULT FIELD MONEE 4.9 SE, IL US","2019-10-04",,,,,,
"US1ILWL0149","BULT FIELD MONEE 4.9 SE, IL US","2019-10-05",,,,,,
"US1ILWL0149","BULT FIELD MONEE 4.9 SE, IL US","2019-10-06",,,,,,
"US1ILWL0149","BULT FIELD MONEE 4.9 SE, IL US","2019-10-07",,,,,,
"US1ILWL0149","BULT FIELD MONEE 4.9 SE, IL US","2019-10-08",,,,,,
"US1ILWL0149","BULT FIELD MONEE 4.9 SE, IL US","2019-10-09",,,,,,
"US1ILWL0149","BULT FIELD MONEE 4.9 SE, IL US","2019-10-10",,,,,,
"US1ILWL0149","BULT FIELD MONEE 4.9 SE, IL US","2019-10-11",,,,,,
"US1ILWL0149","BULT FIELD MONEE 4.9 SE, IL US","2019-10-12",,,,,,
"US1ILWL0149","BULT FIELD MONEE 4.9 SE, IL US","2019-10-13",,,,,,
"US1ILWL0149","BULT FIELD MONEE 4.9 SE, IL US","2019-10-14",,,,,,
"US1ILWL0149","BULT FIELD MONEE 4.9 SE, IL US","2019-10-15",,,,,,
"US1ILWL0149","BULT FIELD MONEE 4.9 SE, IL US","2019-10-16",,,,,,
"US1ILWL0149","BULT FIELD MONEE 4.9 SE, IL US","2019-10-17",,,,,,
"US1ILWL0149","BULT FIELD MONEE 4.9 SE, IL US","2019-10-18",,,,,,
"US1ILWL0149","BULT FIELD MONEE 4.9 SE, IL US","2019-10-19",,,,,,
"US1ILWL0149","BULT FIELD MONEE 4.9 SE, IL US","2019-10-20",,,,,,
"US1ILWL0149","BULT FIELD MONEE 4.9 SE, IL US","2019-10-21",,,,,,
"US1ILWL0149","BULT FIELD MONEE 4.9 SE, IL US","2019-10-22",,,,,,
"US1ILWL0149","BULT FIELD MONEE 4.9 SE, IL US","2019-10-23",,,,,,
"US1ILWL0149","BULT FIELD MONEE 4.9 SE, IL US","2019-10-24",,,,,,
"US1ILWL0149","BULT FIELD MONEE 4.9 SE, IL US","2019-10-25",,,,,,
"US1ILWL0149","BULT FIELD MONEE 4.9 SE, IL US","2019-10-26",,,,,,
"US1ILWL0149","BULT FIELD MONEE 4.9 SE, IL US","2019-10-27",,,,,,
"US1ILWL0149","BULT FIELD MONEE 4.9 SE, IL US","2019-10-28",,,,,,
"US1ILWL0149","BULT FIELD MONEE 4.9 SE, IL US","2019-10-29",,,,,,
"US1ILWL0149","BULT FIELD MONEE 4.9 SE, IL US","2019-10-30",,,,,,
"US1ILWL0149","BULT FIELD MONEE 4.9 SE, IL US","2019-10-31",,,,,,
"US1ILWL0149","BULT FIELD MONEE 4.9 SE, IL US","2019-11-01",,,,,,
"US1ILWL0149","BULT FIELD MONEE 4.9 SE, IL US","2019-11-02",,,,,,
"US1ILWL0149","BULT FIELD MONEE 4.9 SE, IL US","2019-11-03",,,,,,
"US1ILWL0149","BULT FIELD MONEE 4.9 SE, IL US","2019-11-04",,,,,,
"US1ILWL0149","BULT FIELD MONEE 4.9 SE, IL US","2019-11-05",,,,,,
"US1ILWL0149","BULT FIELD MONEE 4.9 SE, IL US","2019-11-06",,,,,,
"US1ILWL0149","BULT FIELD MONEE 4.9 SE, IL US","2019-11-07",,,,,,
"US1ILWL0149","BULT FIELD MONEE 4.9 SE, IL US","2019-11-08",,,,,,
"US1ILWL0149","BULT FIELD MONEE 4.9 SE, IL US","2019-11-09",,,,,,
"US1ILWL0149","BULT FIELD MONEE 4.9 SE, IL US","2019-11-10",,,,,,
"US1ILWL0149","BULT FIELD MONEE 4.9 SE, IL US","2019-11-11",,,,,,
"US1ILWL0149","BULT FIELD MONEE 4.9 SE, IL US","2019-11-12",,,,,,
"US1ILWL0149","BULT FIELD MONEE 4.9 SE, IL US","2019-11-13",,,,,,
"US1ILWL0149","BULT FIELD MONEE 4.9 SE, IL US","2019-11-14",,,,,,
"US1ILWL0149","BULT FIELD MONEE 4.9 SE, IL US","2019-11-15",,,,,,
"US1ILWL0149","BULT FIELD MONEE 4.9 SE, IL US","2019-11-16",,,,,,
"US1ILWL0149","BULT FIELD MONEE 4.9 SE, IL US","2019-11-17",,,,,,
"US1ILWL0149","BULT FIELD MONEE 4.9 SE, IL US","2019-11-18",,,,,,
"US1ILWL0149","BULT FIELD MONEE 4.9 SE, IL US","2019-11-19",,,,,,
"US1ILWL0149","BULT FIELD MONEE 4.9 SE, IL US","2019-11-20",,,,,,
"US1ILWL0149","BULT FIELD MONEE 4.9 SE, IL US","2019-11-21",,,,,,
"US1ILWL0149","BULT FIELD MONEE 4.9 SE, IL US","2019-11-22",,,,,,
"US1ILWL0149","BULT FIELD MONEE 4.9 SE, IL US","2019-11-23",,,,,,
"US1ILWL0149","BULT FIELD MONEE 4.9 SE, IL US","2019-11-24",,,,,,
"US1ILWL0149","BULT FIELD MONEE 4.9 SE, IL US","2019-11-25",,,,,,
"US1ILWL0149","BULT FIELD MONEE 4.9 SE, IL US","2019-11-26",,,,,,
"US1ILWL0149","BULT FIELD MONEE 4.9 SE, IL US","2019-11-27",,,,,,
"US1ILWL0149","BULT FIELD MONEE 4.9 SE, IL US","2019-11-28",,,,,,
"US1ILWL0149","BULT FIELD MONEE 4.9 SE, IL US","2019-11-29",,,,,,
"US1ILWL0149","BULT FIELD MONEE 4.9 SE, IL US","2019-11-30",,,,,,
"US1ILWL0149","BULT FIELD MONEE 4.9 SE, IL US","2019-12-01",,,,,,
"US1ILWL0149","BULT FIELD MONEE 4.9 SE, IL US","2019-12-02",,,,,,
"US1ILWL0149","BULT FIELD MONEE 4.9 SE, IL US","2019-12-03",,,,,,
"US1ILWL0149","BULT FIELD MONEE 4.9 SE, IL US","2019-12-04",,,,,,
"US1ILWL0149","BULT FIELD MONEE 4.9 SE, IL US","2019-12-05",,,,,,
"US1ILWL0149","BULT FIELD MONEE 4.9 SE, IL US","2019-12-06",,,,,,
"US1ILWL0149","BULT FIELD MONEE 4.9 SE, IL US","2019-12-07",,,,,,
"US1ILWL0149","BULT FIELD MONEE 4.9 SE, IL US","2019-12-08",,,,,,
"US1ILWL0149","BULT FIELD MONEE 4.9 SE, IL US","2019-12-09",,,,,,
"US1ILWL0149","BULT FIELD MONEE 4.9 SE, IL US","2019-12-10",,,,,,
"US1ILWL0149","BULT FIELD MONEE 4.9 SE, IL US","2019-12-11",,,,,,
"US1ILWL0149","BULT FIELD MONEE 4.9 SE, IL US","2019-12-12",,,,,,
"US1ILWL0149","BULT FIELD MONEE 4.9 SE, IL US","2019-12-13",,,,,,
"US1ILWL0149","BULT FIELD MONEE 4.9 SE, IL US","2019-12-14",,,,,,
"US1ILWL0149","BULT FIELD MONEE 4.9 SE, IL US","2019-12-15",,,,,,
"US1ILWL0149","BULT FIELD MONEE 4.9 SE, IL US","2019-12-16",,,,,,
"US1ILWL0149","BULT FIELD MONEE 4.9 SE, IL US","2019-12-17",,,,,,
"US1ILWL0149","BULT FIELD MONEE 4.9 SE, IL US","2019-12-18",,,,,,
"US1ILWL0149","BULT FIELD MONEE 4.9 SE, IL US","2019-12-19",,,,,,
"US1ILWL0149","BULT FIELD MONEE 4.9 SE, IL US","2019-12-20",,,,,,
"US1ILWL0149","BULT FIELD MONEE 4.9 SE, IL US","2019-12-21",,,,,,
"US1ILWL0149","BULT FIELD MONEE 4.9 SE, IL US","2019-12-22",,,,,,
"US1ILWL0149","BULT FIELD MONEE 4.9 SE, IL US","2019-12-23",,,,,,
"US1ILWL0149","BULT FIELD MONEE 4.9 SE, IL US","2019-12-24",,,,,,
"US1ILWL0149","BULT FIELD MONEE 4.9 SE, IL US","2019-12-25",,,,,,
"US1ILWL0149","BULT FIELD MONEE 4.9 SE, IL US","2019-12-26",,,,,,
"US1ILWL0149","BULT FIELD MONEE 4.9 SE, IL US","2019-12-27",,,,,,
"US1ILWL0149","BULT FIELD MONEE 4.9 SE, IL US","2019-12-28",,,,,,
"US1ILWL0149","BULT FIELD MONEE 4.9 SE, IL US","2019-12-29",,,,,,
"US1ILWL0149","BULT FIELD MONEE 4.9 SE, IL US","2019-12-30",,,,,,
"US1ILWL0149","BULT FIELD MONEE 4.9 SE, IL US","2019-12-31",,,,,,
"US1ILWL0149","BULT FIELD MONEE 4.9 SE, IL US","2020-01-01",,,,,,
"US1ILWL0149","BULT FIELD MONEE 4.9 SE, IL US","2020-01-02",,,,,,
"US1ILWL0149","BULT FIELD MONEE 4.9 SE, IL US","2020-01-03",,,,,,
"US1ILWL0149","BULT FIELD MONEE 4.9 SE, IL US","2020-01-04",,,,,,
"US1ILWL0149","BULT FIELD MONEE 4.9 SE, IL US","2020-01-05",,,,,,
"US1ILWL0149","BULT FIELD MONEE 4.9 SE, IL US","2020-01-06",,,,,,
"US1ILWL0149","BULT FIELD MONEE 4.9 SE, IL US","2020-01-07",,,,,,
"US1ILWL0149","BULT FIELD MONEE 4.9 SE, IL US","2020-01-08",,,,,,
"US1ILWL0149","BULT FIELD MONEE 4.9 SE, IL US","2020-01-09",,,,,,
"US1ILWL0149","BULT FIELD MONEE 4.9 SE, IL US","2020-01-10",,,,,,
"US1ILWL0149","BULT FIELD MONEE 4.9 SE, IL US","2020-01-11",,,,,,
"US1ILWL0149","BULT FIELD MONEE 4.9 SE, IL US","2020-01-12",,,,,,
"US1ILWL0149","BULT FIELD MONEE 4.9 SE, IL US","2020-01-13",,,,,,
"US1ILWL0149","BULT FIELD MONEE 4.9 SE, IL US","2020-01-14",,,,,,
"US1ILWL0149","BULT FIELD MONEE 4.9 SE, IL US","2020-01-15",,,,,,
"US1ILWL0149","BULT FIELD MONEE 4.9 SE, IL US","2020-01-16",,,,,,
"US1ILWL0149","BULT FIELD MONEE 4.9 SE, IL US","2020-01-17",,,,,,
"US1ILWL0149","BULT FIELD MONEE 4.9 SE, IL US","2020-01-18",,,,,,
"US1ILWL0149","BULT FIELD MONEE 4.9 SE, IL US","2020-01-19",,,,,,
"US1ILWL0149","BULT FIELD MONEE 4.9 SE, IL US","2020-01-20",,,,,,
"US1ILWL0149","BULT FIELD MONEE 4.9 SE, IL US","2020-01-21",,,,,,
"US1ILWL0149","BULT FIELD MONEE 4.9 SE, IL US","2020-01-22",,,,,,
"US1ILWL0149","BULT FIELD MONEE 4.9 SE, IL US","2020-01-23",,,,,,
"US1ILWL0149","BULT FIELD MONEE 4.9 SE, IL US","2020-01-24",,,,,,
"US1ILWL0149","BULT FIELD MONEE 4.9 SE, IL US","2020-01-25",,,,,,
"US1ILWL0149","BULT FIELD MONEE 4.9 SE, IL US","2020-01-26",,,,,,
"US1ILWL0149","BULT FIELD MONEE 4.9 SE, IL US","2020-01-27",,,,,,
"US1ILWL0149","BULT FIELD MONEE 4.9 SE, IL US","2020-01-28",,,,,,
"US1ILWL0149","BULT FIELD MONEE 4.9 SE, IL US","2020-01-29",,,,,,
"US1ILWL0149","BULT FIELD MONEE 4.9 SE, IL US","2020-01-30",,,,,,
"US1ILWL0149","BULT FIELD MONEE 4.9 SE, IL US","2020-01-31",,,,,,
"US1ILWL0149","BULT FIELD MONEE 4.9 SE, IL US","2020-02-01",,,,,,
"US1ILWL0149","BULT FIELD MONEE 4.9 SE, IL US","2020-02-02",,,,,,
"US1ILWL0149","BULT FIELD MONEE 4.9 SE, IL US","2020-02-03",,,,,,
"US1ILWL0149","BULT FIELD MONEE 4.9 SE, IL US","2020-02-04",,,,,,
"US1ILWL0149","BULT FIELD MONEE 4.9 SE, IL US","2020-02-05",,,,,,
"US1ILWL0149","BULT FIELD MONEE 4.9 SE, IL US","2020-02-06",,,,,,
"US1ILWL0149","BULT FIELD MONEE 4.9 SE, IL US","2020-02-07",,,,,,
"US1ILWL0149","BULT FIELD MONEE 4.9 SE, IL US","2020-02-08",,,,,,
"US1ILWL0149","BULT FIELD MONEE 4.9 SE, IL US","2020-02-09",,,,,,
"US1ILWL0149","BULT FIELD MONEE 4.9 SE, IL US","2020-02-10",,,,,,
"US1ILWL0149","BULT FIELD MONEE 4.9 SE, IL US","2020-02-11",,,,,,
"US1ILWL0149","BULT FIELD MONEE 4.9 SE, IL US","2020-02-12",,,,,,
"US1ILWL0149","BULT FIELD MONEE 4.9 SE, IL US","2020-02-13",,,,,,
"US1ILWL0149","BULT FIELD MONEE 4.9 SE, IL US","2020-02-14",,,,,,
"US1ILWL0149","BULT FIELD MONEE 4.9 SE, IL US","2020-02-15",,,,,,
"US1ILWL0149","BULT FIELD MONEE 4.9 SE, IL US","2020-02-16",,,,,,
"US1ILWL0149","BULT FIELD MONEE 4.9 SE, IL US","2020-02-17",,,,,,
"US1ILWL0149","BULT FIELD MONEE 4.9 SE, IL US","2020-02-18",,,,,,
"US1ILWL0149","BULT FIELD MONEE 4.9 SE, IL US","2020-02-19",,,,,,
"US1ILWL0149","BULT FIELD MONEE 4.9 SE, IL US","2020-02-20",,,,,,
"US1ILWL0149","BULT FIELD MONEE 4.9 SE, IL US","2020-02-21",,,,,,
"US1ILWL0149","BULT FIELD MONEE 4.9 SE, IL US","2020-02-22",,,,,,
"US1ILWL0149","BULT FIELD MONEE 4.9 SE, IL US","2020-02-23",,,,,,
"US1ILWL0149","BULT FIELD MONEE 4.9 SE, IL US","2020-02-24",,,,,,
"US1ILWL0149","BULT FIELD MONEE 4.9 SE, IL US","2020-02-25",,,,,,
"US1ILWL0149","BULT FIELD MONEE 4.9 SE, IL US","2020-02-26",,,,,,
"US1ILWL0149","BULT FIELD MONEE 4.9 SE, IL US","2020-02-27",,,,,,
"US1ILWL0149","BULT FIELD MONEE 4.9 SE, IL US","2020-02-28",,,,,,
"US1ILWL0149","BULT FIELD MONEE 4.9 SE, IL US","2020-02-29",,,,,,
"US1ILWL0149","BULT FIELD MONEE 4.9 SE, IL US","2020-03-01",,,,,,
"US1ILWL0149","BULT FIELD MONEE 4.9 SE, IL US","2020-03-02",,,,,,
"US1ILWL0149","BULT FIELD MONEE 4.9 SE, IL US","2020-03-03",,,,,,
"US1ILWL0149","BULT FIELD MONEE 4.9 SE, IL US","2020-03-04",,,,,,
"US1ILWL0149","BULT FIELD MONEE 4.9 SE, IL US","2020-03-05",,,,,,
"US1ILWL0149","BULT FIELD MONEE 4.9 SE, IL US","2020-03-06",,,,,,
"US1ILWL0149","BULT FIELD MONEE 4.9 SE, IL US","2020-03-07",,,,,,
"US1ILWL0149","BULT FIELD MONEE 4.9 SE, IL US","2020-03-08",,,,,,
"US1ILWL0149","BULT FIELD MONEE 4.9 SE, IL US","2020-03-09",,,,,,
"US1ILWL0149","BULT FIELD MONEE 4.9 SE, IL US","2020-03-10",,,,,,
"US1ILWL0149","BULT FIELD MONEE 4.9 SE, IL US","2020-03-11",,,,,,
"US1ILWL0149","BULT FIELD MONEE 4.9 SE, IL US","2020-03-12",,,,,,
"US1ILWL0149","BULT FIELD MONEE 4.9 SE, IL US","2020-03-13",,,,,,
"US1ILWL0149","BULT FIELD MONEE 4.9 SE, IL US","2020-03-14",,,,,,
"US1ILWL0149","BULT FIELD MONEE 4.9 SE, IL US","2020-03-15",,,,,,
"US1ILWL0149","BULT FIELD MONEE 4.9 SE, IL US","2020-03-16",,,,,,
"US1ILWL0149","BULT FIELD MONEE 4.9 SE, IL US","2020-03-17",,,,,,
"US1ILWL0149","BULT FIELD MONEE 4.9 SE, IL US","2020-03-18",,,,,,
"US1ILWL0149","BULT FIELD MONEE 4.9 SE, IL US","2020-03-19",,,,,,
"US1ILWL0149","BULT FIELD MONEE 4.9 SE, IL US","2020-03-20",,,,,,
"US1ILWL0149","BULT FIELD MONEE 4.9 SE, IL US","2020-03-21",,,,,,
"US1ILWL0149","BULT FIELD MONEE 4.9 SE, IL US","2020-03-22",,,,,,
"US1ILWL0149","BULT FIELD MONEE 4.9 SE, IL US","2020-03-23",,,,,,
"US1ILWL0149","BULT FIELD MONEE 4.9 SE, IL US","2020-03-24",,,,,,
"US1ILWL0149","BULT FIELD MONEE 4.9 SE, IL US","2020-03-25",,,,,,
"US1ILWL0149","BULT FIELD MONEE 4.9 SE, IL US","2020-03-26",,,,,,
"US1ILWL0149","BULT FIELD MONEE 4.9 SE, IL US","2020-03-27",,,,,,
"US1ILWL0149","BULT FIELD MONEE 4.9 SE, IL US","2020-03-28",,,,,,
"US1ILWL0149","BULT FIELD MONEE 4.9 SE, IL US","2020-03-29",,,,,,
"US1ILWL0149","BULT FIELD MONEE 4.9 SE, IL US","2020-03-30",,,,,,
"US1ILWL0149","BULT FIELD MONEE 4.9 SE, IL US","2020-03-31",,,,,,
"US1ILWL0149","BULT FIELD MONEE 4.9 SE, IL US","2020-04-01",,,,,,
"US1ILWL0149","BULT FIELD MONEE 4.9 SE, IL US","2020-04-02",,,,,,
"US1ILWL0149","BULT FIELD MONEE 4.9 SE, IL US","2020-04-03",,,,,,
"US1ILWL0149","BULT FIELD MONEE 4.9 SE, IL US","2020-04-04",,,,,,
"US1ILWL0149","BULT FIELD MONEE 4.9 SE, IL US","2020-04-05",,,,,,
"US1ILWL0149","BULT FIELD MONEE 4.9 SE, IL US","2020-04-06",,,,,,
"US1ILWL0149","BULT FIELD MONEE 4.9 SE, IL US","2020-04-07",,,,,,
"US1ILWL0149","BULT FIELD MONEE 4.9 SE, IL US","2020-04-08",,,,,,
"US1ILWL0149","BULT FIELD MONEE 4.9 SE, IL US","2020-04-09",,,,,,
"US1ILWL0149","BULT FIELD MONEE 4.9 SE, IL US","2020-04-10",,,,,,
"US1ILWL0149","BULT FIELD MONEE 4.9 SE, IL US","2020-04-11",,,,,,
"US1ILWL0149","BULT FIELD MONEE 4.9 SE, IL US","2020-04-12",,,,,,
"US1ILWL0149","BULT FIELD MONEE 4.9 SE, IL US","2020-04-13",,,,,,
"US1ILWL0149","BULT FIELD MONEE 4.9 SE, IL US","2020-04-14",,,,,,
"US1ILWL0149","BULT FIELD MONEE 4.9 SE, IL US","2020-04-15",,,,,,
"US1ILWL0149","BULT FIELD MONEE 4.9 SE, IL US","2020-04-16",,,,,,
"US1ILWL0149","BULT FIELD MONEE 4.9 SE, IL US","2020-04-17",,,,,,
"US1ILWL0149","BULT FIELD MONEE 4.9 SE, IL US","2020-04-18",,,,,,
"US1ILWL0149","BULT FIELD MONEE 4.9 SE, IL US","2020-04-19",,,,,,
"US1ILWL0149","BULT FIELD MONEE 4.9 SE, IL US","2020-04-20",,,,,,
"US1ILWL0149","BULT FIELD MONEE 4.9 SE, IL US","2020-04-21",,,,,,
"US1ILWL0149","BULT FIELD MONEE 4.9 SE, IL US","2020-04-22",,,,,,
"US1ILWL0149","BULT FIELD MONEE 4.9 SE, IL US","2020-04-23",,,,,,
"US1ILWL0149","BULT FIELD MONEE 4.9 SE, IL US","2020-04-24",,,,,,
"US1ILWL0149","BULT FIELD MONEE 4.9 SE, IL US","2020-04-25",,,,,,
"US1ILWL0149","BULT FIELD MONEE 4.9 SE, IL US","2020-04-26",,,,,,
"US1ILWL0149","BULT FIELD MONEE 4.9 SE, IL US","2020-04-27",,,,,,
"US1ILWL0149","BULT FIELD MONEE 4.9 SE, IL US","2020-04-28",,,,,,
"US1ILWL0149","BULT FIELD MONEE 4.9 SE, IL US","2020-04-29",,,,,,
"US1ILWL0149","BULT FIELD MONEE 4.9 SE, IL US","2020-04-30",,,,,,
"US1ILWL0149","BULT FIELD MONEE 4.9 SE, IL US","2020-05-01",,,,,,
"US1ILWL0149","BULT FIELD MONEE 4.9 SE, IL US","2020-05-02",,,,,,
"US1ILWL0149","BULT FIELD MONEE 4.9 SE, IL US","2020-05-03",,,,,,
"US1ILWL0149","BULT FIELD MONEE 4.9 SE, IL US","2020-05-04",,,,,,
"US1ILWL0149","BULT FIELD MONEE 4.9 SE, IL US","2020-05-05",,,,,,
"US1ILWL0149","BULT FIELD MONEE 4.9 SE, IL US","2020-05-06",,,,,,
"US1ILWL0149","BULT FIELD MONEE 4.9 SE, IL US","2020-05-07",,,,,,
"US1ILWL0149","BULT FIELD MONEE 4.9 SE, IL US","2020-05-08",,,,,,
"US1ILWL0149","BULT FIELD MONEE 4.9 SE, IL US","2020-05-09",,,,,,
"US1ILWL0149","BULT FIELD MONEE 4.9 SE, IL US","2020-05-10",,,,,,
"US1ILWL0149","BULT FIELD MONEE 4.9 SE, IL US","2020-05-11",,,,,,
"US1ILWL0149","BULT FIELD MONEE 4.9 SE, IL US","2020-05-12",,,,,,
"US1ILWL0149","BULT FIELD MONEE 4.9 SE, IL US","2020-05-13",,,,,,
"US1ILWL0149","BULT FIELD MONEE 4.9 SE, IL US","2020-05-14",,,,,,
"US1ILWL0149","BULT FIELD MONEE 4.9 SE, IL US","2020-05-15",,,,,,
"US1ILWL0149","BULT FIELD MONEE 4.9 SE, IL US","2020-05-16",,,,,,
"US1ILWL0149","BULT FIELD MONEE 4.9 SE, IL US","2020-05-17",,,,,,
"US1ILWL0149","BULT FIELD MONEE 4.9 SE, IL US","2020-05-18",,,,,,
"US1ILWL0149","BULT FIELD MONEE 4.9 SE, IL US","2020-05-19",,,,,,
"US1ILWL0149","BULT FIELD MONEE 4.9 SE, IL US","2020-05-20",,,,,,
"US1ILWL0149","BULT FIELD MONEE 4.9 SE, IL US","2020-05-21",,,,,,
"US1ILWL0149","BULT FIELD MONEE 4.9 SE, IL US","2020-05-22",,,,,,
"US1ILWL0149","BULT FIELD MONEE 4.9 SE, IL US","2020-05-23",,,,,,
"US1ILWL0149","BULT FIELD MONEE 4.9 SE, IL US","2020-05-24",,,,,,
"US1ILWL0149","BULT FIELD MONEE 4.9 SE, IL US","2020-05-25",,,,,,
"US1ILWL0149","BULT FIELD MONEE 4.9 SE, IL US","2020-05-26",,,,,,
"US1ILWL0149","BULT FIELD MONEE 4.9 SE, IL US","2020-05-27",,,,,,
"US1ILWL0149","BULT FIELD MONEE 4.9 SE, IL US","2020-05-28",,,,,,
"US1ILWL0149","BULT FIELD MONEE 4.9 SE, IL US","2020-05-29",,,,,,
"US1ILWL0149","BULT FIELD MONEE 4.9 SE, IL US","2020-05-30",,,,,,
"US1ILWL0149","BULT FIELD MONEE 4.9 SE, IL US","2020-05-31",,,,,,
"US1ILWL0149","BULT FIELD MONEE 4.9 SE, IL US","2020-06-01",,,,,,
"US1ILWL0149","BULT FIELD MONEE 4.9 SE, IL US","2020-06-02",,,,,,
"US1ILWL0149","BULT FIELD MONEE 4.9 SE, IL US","2020-06-03",,,,,,
"US1ILWL0149","BULT FIELD MONEE 4.9 SE, IL US","2020-06-04",,,,,,
"US1ILWL0149","BULT FIELD MONEE 4.9 SE, IL US","2020-06-05",,,,,,
"US1ILWL0149","BULT FIELD MONEE 4.9 SE, IL US","2020-06-06",,,,,,
"US1ILWL0149","BULT FIELD MONEE 4.9 SE, IL US","2020-06-07",,,,,,
"US1ILWL0149","BULT FIELD MONEE 4.9 SE, IL US","2020-06-08",,,,,,
"US1ILWL0149","BULT FIELD MONEE 4.9 SE, IL US","2020-06-09",,,,,,
"US1ILWL0149","BULT FIELD MONEE 4.9 SE, IL US","2020-06-10",,,,,,
"US1ILWL0149","BULT FIELD MONEE 4.9 SE, IL US","2020-06-11",,,,,,
"US1ILWL0149","BULT FIELD MONEE 4.9 SE, IL US","2020-06-12",,,,,,
"US1ILWL0149","BULT FIELD MONEE 4.9 SE, IL US","2020-06-13",,,,,,
"US1ILWL0149","BULT FIELD MONEE 4.9 SE, IL US","2020-06-14",,,,,,
"US1ILWL0149","BULT FIELD MONEE 4.9 SE, IL US","2020-06-15",,,,,,
"US1ILWL0149","BULT FIELD MONEE 4.9 SE, IL US","2020-06-16",,,,,,
"US1ILWL0149","BULT FIELD MONEE 4.9 SE, IL US","2020-06-17",,,,,,
"US1ILWL0149","BULT FIELD MONEE 4.9 SE, IL US","2020-06-18",,,,,,
"US1ILWL0149","BULT FIELD MONEE 4.9 SE, IL US","2020-06-19",,,,,,
"US1ILWL0149","BULT FIELD MONEE 4.9 SE, IL US","2020-06-20",,,,,,
"US1ILWL0149","BULT FIELD MONEE 4.9 SE, IL US","2020-06-21",,,,,,
"US1ILWL0149","BULT FIELD MONEE 4.9 SE, IL US","2020-06-22",,,,,,
"US1ILWL0149","BULT FIELD MONEE 4.9 SE, IL US","2020-06-23",,,,,,
"US1ILWL0149","BULT FIELD MONEE 4.9 SE, IL US","2020-06-24",,,,,,
"US1ILWL0149","BULT FIELD MONEE 4.9 SE, IL US","2020-06-25",,,,,,
"US1ILWL0149","BULT FIELD MONEE 4.9 SE, IL US","2020-06-26",,,,,,
"US1ILWL0149","BULT FIELD MONEE 4.9 SE, IL US","2020-06-27",,,,,,
"US1ILWL0149","BULT FIELD MONEE 4.9 SE, IL US","2020-06-28",,,,,,
"US1ILWL0149","BULT FIELD MONEE 4.9 SE, IL US","2020-06-29",,,,,,
"US1ILWL0149","BULT FIELD MONEE 4.9 SE, IL US","2020-06-30",,,,,,
"US1ILWL0149","BULT FIELD MONEE 4.9 SE, IL US","2020-07-01",,,,,,
"US1ILWL0149","BULT FIELD MONEE 4.9 SE, IL US","2020-07-02",,,,,,
"US1ILWL0149","BULT FIELD MONEE 4.9 SE, IL US","2020-07-03",,,,,,
"US1ILWL0149","BULT FIELD MONEE 4.9 SE, IL US","2020-07-04",,,,,,
"US1ILWL0149","BULT FIELD MONEE 4.9 SE, IL US","2020-07-05",,,,,,
"US1ILWL0149","BULT FIELD MONEE 4.9 SE, IL US","2020-07-06",,,,,,
"US1ILWL0149","BULT FIELD MONEE 4.9 SE, IL US","2020-07-07",,,,,,
"US1ILWL0149","BULT FIELD MONEE 4.9 SE, IL US","2020-07-08",,,,,,
"US1ILWL0149","BULT FIELD MONEE 4.9 SE, IL US","2020-07-09",,,,,,
"US1ILWL0149","BULT FIELD MONEE 4.9 SE, IL US","2020-07-10",,,,,,
"US1ILWL0149","BULT FIELD MONEE 4.9 SE, IL US","2020-07-11",,,,,,
"US1ILWL0149","BULT FIELD MONEE 4.9 SE, IL US","2020-07-12",,,,,,
"US1ILWL0149","BULT FIELD MONEE 4.9 SE, IL US","2020-07-13",,,,,,
"US1ILWL0149","BULT FIELD MONEE 4.9 SE, IL US","2020-07-14",,,,,,
"US1ILWL0149","BULT FIELD MONEE 4.9 SE, IL US","2020-07-15",,,,,,
"US1ILWL0149","BULT FIELD MONEE 4.9 SE, IL US","2020-07-16",,,,,,
"US1ILWL0149","BULT FIELD MONEE 4.9 SE, IL US","2020-07-17",,,,,,
"US1ILWL0149","BULT FIELD MONEE 4.9 SE, IL US","2020-07-18",,,,,,
"US1ILWL0149","BULT FIELD MONEE 4.9 SE, IL US","2020-07-19",,,,,,
"US1ILWL0149","BULT FIELD MONEE 4.9 SE, IL US","2020-07-20",,,,,,
"US1ILWL0149","BULT FIELD MONEE 4.9 SE, IL US","2020-07-21",,,,,,
"US1ILWL0149","BULT FIELD MONEE 4.9 SE, IL US","2020-07-22",,,,,,
"US1ILWL0149","BULT FIELD MONEE 4.9 SE, IL US","2020-07-23",,,,,,
"US1ILWL0149","BULT FIELD MONEE 4.9 SE, IL US","2020-07-24",,,,,,
"US1ILWL0149","BULT FIELD MONEE 4.9 SE, IL US","2020-07-25",,,,,,
"US1ILWL0149","BULT FIELD MONEE 4.9 SE, IL US","2020-07-26",,,,,,
"US1ILWL0149","BULT FIELD MONEE 4.9 SE, IL US","2020-07-27",,,,,,
"US1ILWL0149","BULT FIELD MONEE 4.9 SE, IL US","2020-07-28",,,,,,
"US1ILWL0149","BULT FIELD MONEE 4.9 SE, IL US","2020-07-29",,,,,,
"US1ILWL0149","BULT FIELD MONEE 4.9 SE, IL US","2020-07-30",,,,,,
"US1ILWL0149","BULT FIELD MONEE 4.9 SE, IL US","2020-07-31",,,,,,
"US1ILWL0149","BULT FIELD MONEE 4.9 SE, IL US","2020-08-01",,,,,,
"US1ILWL0149","BULT FIELD MONEE 4.9 SE, IL US","2020-08-02",,,,,,
"US1ILWL0149","BULT FIELD MONEE 4.9 SE, IL US","2020-08-03",,,,,,
"US1ILWL0149","BULT FIELD MONEE 4.9 SE, IL US","2020-08-04",,,,,,
"US1ILWL0149","BULT FIELD MONEE 4.9 SE, IL US","2020-08-05",,,,,,
"US1ILWL0149","BULT FIELD MONEE 4.9 SE, IL US","2020-08-06",,,,,,
"US1ILWL0149","BULT FIELD MONEE 4.9 SE, IL US","2020-08-07",,,,,,
"US1ILWL0149","BULT FIELD MONEE 4.9 SE, IL US","2020-08-08",,,,,,
"US1ILWL0149","BULT FIELD MONEE 4.9 SE, IL US","2020-08-09",,,,,,
"US1ILWL0149","BULT FIELD MONEE 4.9 SE, IL US","2020-08-10",,,,,,
"US1ILWL0149","BULT FIELD MONEE 4.9 SE, IL US","2020-08-11",,,,,,
"US1ILWL0149","BULT FIELD MONEE 4.9 SE, IL US","2020-08-12",,,,,,
"US1ILWL0149","BULT FIELD MONEE 4.9 SE, IL US","2020-08-13",,,,,,
"US1ILWL0149","BULT FIELD MONEE 4.9 SE, IL US","2020-08-14",,,,,,
"US1ILWL0149","BULT FIELD MONEE 4.9 SE, IL US","2020-08-15",,,,,,
"US1ILWL0149","BULT FIELD MONEE 4.9 SE, IL US","2020-08-16",,,,,,
"US1ILWL0149","BULT FIELD MONEE 4.9 SE, IL US","2020-08-17",,,,,,
"US1ILWL0149","BULT FIELD MONEE 4.9 SE, IL US","2020-08-18",,,,,,
"US1ILWL0149","BULT FIELD MONEE 4.9 SE, IL US","2020-08-19",,,,,,
"US1ILWL0149","BULT FIELD MONEE 4.9 SE, IL US","2020-08-20",,,,,,
"US1ILWL0149","BULT FIELD MONEE 4.9 SE, IL US","2020-08-21",,,,,,
"US1ILWL0149","BULT FIELD MONEE 4.9 SE, IL US","2020-08-22",,,,,,
"US1ILWL0149","BULT FIELD MONEE 4.9 SE, IL US","2020-08-23",,,,,,
"US1ILWL0149","BULT FIELD MONEE 4.9 SE, IL US","2020-08-24",,,,,,
"US1ILWL0149","BULT FIELD MONEE 4.9 SE, IL US","2020-08-25",,,,,,
"US1ILWL0149","BULT FIELD MONEE 4.9 SE, IL US","2020-08-26",,,,,,
"US1ILWL0149","BULT FIELD MONEE 4.9 SE, IL US","2020-08-27",,,,,,
"US1ILWL0149","BULT FIELD MONEE 4.9 SE, IL US","2020-08-28",,,,,,
"US1ILWL0149","BULT FIELD MONEE 4.9 SE, IL US","2020-08-29",,,,,,
"US1ILWL0149","BULT FIELD MONEE 4.9 SE, IL US","2020-08-30",,,,,,
"US1ILWL0149","BULT FIELD MONEE 4.9 SE, IL US","2020-08-31",,,,,,
"US1ILWL0149","BULT FIELD MONEE 4.9 SE, IL US","2020-09-01",,,,,,
"US1ILWL0149","BULT FIELD MONEE 4.9 SE, IL US","2020-09-02",,,,,,
"US1ILWL0149","BULT FIELD MONEE 4.9 SE, IL US","2020-09-03",,,,,,
"US1ILWL0149","BULT FIELD MONEE 4.9 SE, IL US","2020-09-04",,,,,,
"US1ILWL0149","BULT FIELD MONEE 4.9 SE, IL US","2020-09-05",,,,,,
"US1ILWL0149","BULT FIELD MONEE 4.9 SE, IL US","2020-09-06",,,,,,
"US1ILWL0149","BULT FIELD MONEE 4.9 SE, IL US","2020-09-07",,,,,,
"US1ILWL0149","BULT FIELD MONEE 4.9 SE, IL US","2020-09-08",,,,,,
"US1INLK0094","GRIFFITH 1.2 N, IN US","2019-10-11",,,,,,
"US1INLK0094","GRIFFITH 1.2 N, IN US","2019-10-12",,,,,,
"US1INLK0094","GRIFFITH 1.2 N, IN US","2019-10-15",,,,,,
"US1INLK0094","GRIFFITH 1.2 N, IN US","2019-10-16",,,,,,
"US1INLK0094","GRIFFITH 1.2 N, IN US","2019-10-17",,,,,,
"US1INLK0094","GRIFFITH 1.2 N, IN US","2019-10-19",,,,,,
"US1INLK0094","GRIFFITH 1.2 N, IN US","2019-10-20",,,,,,
"US1INLK0094","GRIFFITH 1.2 N, IN US","2019-10-21",,,,,,
"US1INLK0094","GRIFFITH 1.2 N, IN US","2019-10-22",,,,,,
"US1INLK0094","GRIFFITH 1.2 N, IN US","2019-10-23",,,,,,
"US1INLK0094","GRIFFITH 1.2 N, IN US","2019-10-24",,,,,,
"US1INLK0094","GRIFFITH 1.2 N, IN US","2019-10-25",,,,,,
"US1INLK0094","GRIFFITH 1.2 N, IN US","2019-10-26",,,,,,
"US1INLK0094","GRIFFITH 1.2 N, IN US","2019-10-27",,,,,,
"US1INLK0094","GRIFFITH 1.2 N, IN US","2019-10-28",,,,,,
"US1INLK0094","GRIFFITH 1.2 N, IN US","2019-10-29",,,,,,
"US1INLK0094","GRIFFITH 1.2 N, IN US","2019-10-30",,,,,,
"US1INLK0094","GRIFFITH 1.2 N, IN US","2019-10-31",,,,,,
"US1INLK0094","GRIFFITH 1.2 N, IN US","2019-11-01",,,,,,
"US1INLK0094","GRIFFITH 1.2 N, IN US","2019-11-02",,,,,,
"US1INLK0094","GRIFFITH 1.2 N, IN US","2019-11-04",,,,,,
"US1INLK0094","GRIFFITH 1.2 N, IN US","2019-11-05",,,,,,
"US1INLK0094","GRIFFITH 1.2 N, IN US","2019-11-07",,,,,,
"US1INLK0094","GRIFFITH 1.2 N, IN US","2019-11-08",,,,,,
"US1INLK0094","GRIFFITH 1.2 N, IN US","2020-03-21",,,,,,
"US1INLK0094","GRIFFITH 1.2 N, IN US","2020-03-22",,,,,,
"US1INLK0094","GRIFFITH 1.2 N, IN US","2020-03-27",,,,,,
"US1INLK0094","GRIFFITH 1.2 N, IN US","2020-03-28",,,,,,
"US1INLK0094","GRIFFITH 1.2 N, IN US","2020-04-02",,,,,,
"US1INLK0094","GRIFFITH 1.2 N, IN US","2020-04-03",,,,,,
"US1INLK0094","GRIFFITH 1.2 N, IN US","2020-04-04",,,,,,
"US1INLK0094","GRIFFITH 1.2 N, IN US","2020-04-05",,,,,,
"US1INLK0094","GRIFFITH 1.2 N, IN US","2020-04-07",,,,,,
"US1INLK0094","GRIFFITH 1.2 N, IN US","2020-04-08",,,,,,
"US1INLK0094","GRIFFITH 1.2 N, IN US","2020-04-09",,,,,,
"US1INLK0094","GRIFFITH 1.2 N, IN US","2020-04-10",,,,,,
"US1INLK0094","GRIFFITH 1.2 N, IN US","2020-04-12",,,,,,
"US1INLK0094","GRIFFITH 1.2 N, IN US","2020-04-13",,,,,,
"US1INLK0094","GRIFFITH 1.2 N, IN US","2020-04-14",,,,,,
"US1INLK0094","GRIFFITH 1.2 N, IN US","2020-04-21",,,,,,
"US1INLK0094","GRIFFITH 1.2 N, IN US","2020-04-22",,,,,,
"US1INLK0094","GRIFFITH 1.2 N, IN US","2020-04-23",,,,,,
"US1INLK0094","GRIFFITH 1.2 N, IN US","2020-04-24",,,,,,
"US1INLK0094","GRIFFITH 1.2 N, IN US","2020-04-25",,,,,,
"US1INLK0094","GRIFFITH 1.2 N, IN US","2020-04-26",,,,,,
"US1INLK0094","GRIFFITH 1.2 N, IN US","2020-04-27",,,,,,
"US1INLK0094","GRIFFITH 1.2 N, IN US","2020-04-28",,,,,,
"US1INLK0094","GRIFFITH 1.2 N, IN US","2020-04-29",,,,,,
"US1INLK0094","GRIFFITH 1.2 N, IN US","2020-04-30",,,,,,
"US1INLK0094","GRIFFITH 1.2 N, IN US","2020-05-01",,,,,,
"US1INLK0094","GRIFFITH 1.2 N, IN US","2020-05-02",,,,,,
"US1INLK0094","GRIFFITH 1.2 N, IN US","2020-05-03",,,,,,
"US1INLK0094","GRIFFITH 1.2 N, IN US","2020-05-04",,,,,,
"US1INLK0094","GRIFFITH 1.2 N, IN US","2020-05-05",,,,,,
"US1INLK0094","GRIFFITH 1.2 N, IN US","2020-05-06",,,,,,
"US1INLK0094","GRIFFITH 1.2 N, IN US","2020-05-07",,,,,,
"US1INLK0094","GRIFFITH 1.2 N, IN US","2020-05-08",,,,,,
"US1INLK0094","GRIFFITH 1.2 N, IN US","2020-05-10",,,,,,
"US1INLK0094","GRIFFITH 1.2 N, IN US","2020-05-11",,,,,,
"US1INLK0094","GRIFFITH 1.2 N, IN US","2020-05-12",,,,,,
"US1INLK0094","GRIFFITH 1.2 N, IN US","2020-05-13",,,,,,
"US1INLK0094","GRIFFITH 1.2 N, IN US","2020-05-14",,,,,,
"US1INLK0094","GRIFFITH 1.2 N, IN US","2020-05-15",,,,,,
"US1INLK0094","GRIFFITH 1.2 N, IN US","2020-05-16",,,,,,
"US1INLK0094","GRIFFITH 1.2 N, IN US","2020-05-17",,,,,,
"US1INLK0094","GRIFFITH 1.2 N, IN US","2020-05-18",,,,,,
"US1INLK0094","GRIFFITH 1.2 N, IN US","2020-05-19",,,,,,
"US1INLK0094","GRIFFITH 1.2 N, IN US","2020-05-20",,,,,,
"US1INLK0094","GRIFFITH 1.2 N, IN US","2020-05-21",,,,,,
"US1INLK0094","GRIFFITH 1.2 N, IN US","2020-05-22",,,,,,
"US1INLK0094","GRIFFITH 1.2 N, IN US","2020-05-23",,,,,,
"US1INLK0094","GRIFFITH 1.2 N, IN US","2020-05-24",,,,,,
"US1INLK0094","GRIFFITH 1.2 N, IN US","2020-05-25",,,,,,
"US1INLK0094","GRIFFITH 1.2 N, IN US","2020-05-26",,,,,,
"US1INLK0094","GRIFFITH 1.2 N, IN US","2020-05-27",,,,,,
"US1INLK0094","GRIFFITH 1.2 N, IN US","2020-05-28",,,,,,
"US1INLK0094","GRIFFITH 1.2 N, IN US","2020-05-29",,,,,,
"US1INLK0094","GRIFFITH 1.2 N, IN US","2020-05-30",,,,,,
"US1INLK0094","GRIFFITH 1.2 N, IN US","2020-05-31",,,,,,
"US1INLK0094","GRIFFITH 1.2 N, IN US","2020-06-01",,,,,,
"US1INLK0094","GRIFFITH 1.2 N, IN US","2020-06-02",,,,,,
"US1INLK0094","GRIFFITH 1.2 N, IN US","2020-06-03",,,,,,
"US1INLK0094","GRIFFITH 1.2 N, IN US","2020-06-04",,,,,,
"US1INLK0094","GRIFFITH 1.2 N, IN US","2020-06-05",,,,,,
"US1INLK0094","GRIFFITH 1.2 N, IN US","2020-06-06",,,,,,
"US1INLK0094","GRIFFITH 1.2 N, IN US","2020-06-07",,,,,,
"US1INLK0094","GRIFFITH 1.2 N, IN US","2020-06-08",,,,,,
"US1INLK0094","GRIFFITH 1.2 N, IN US","2020-06-09",,,,,,
"US1INLK0094","GRIFFITH 1.2 N, IN US","2020-06-10",,,,,,
"US1INLK0094","GRIFFITH 1.2 N, IN US","2020-06-11",,,,,,
"US1INLK0094","GRIFFITH 1.2 N, IN US","2020-06-12",,,,,,
"US1INLK0094","GRIFFITH 1.2 N, IN US","2020-06-13",,,,,,
"US1INLK0094","GRIFFITH 1.2 N, IN US","2020-06-14",,,,,,
"US1INLK0094","GRIFFITH 1.2 N, IN US","2020-06-15",,,,,,
"US1INLK0094","GRIFFITH 1.2 N, IN US","2020-06-17",,,,,,
"US1INLK0094","GRIFFITH 1.2 N, IN US","2020-06-18",,,,,,
"US1INLK0094","GRIFFITH 1.2 N, IN US","2020-06-19",,,,,,
"US1INLK0094","GRIFFITH 1.2 N, IN US","2020-06-20",,,,,,
"US1INLK0094","GRIFFITH 1.2 N, IN US","2020-06-21",,,,,,
"US1INLK0094","GRIFFITH 1.2 N, IN US","2020-06-23",,,,,,
"US1INLK0094","GRIFFITH 1.2 N, IN US","2020-06-24",,,,,,
"US1INLK0094","GRIFFITH 1.2 N, IN US","2020-06-25",,,,,,
"US1INLK0094","GRIFFITH 1.2 N, IN US","2020-06-26",,,,,,
"US1INLK0094","GRIFFITH 1.2 N, IN US","2020-06-27",,,,,,
"US1INLK0094","GRIFFITH 1.2 N, IN US","2020-06-28",,,,,,
"US1INLK0094","GRIFFITH 1.2 N, IN US","2020-06-29",,,,,,
"US1INLK0094","GRIFFITH 1.2 N, IN US","2020-06-30",,,,,,
"US1INLK0094","GRIFFITH 1.2 N, IN US","2020-07-01",,,,,,
"US1INLK0094","GRIFFITH 1.2 N, IN US","2020-07-02",,,,,,
"US1INLK0094","GRIFFITH 1.2 N, IN US","2020-07-03",,,,,,
"US1INLK0094","GRIFFITH 1.2 N, IN US","2020-07-04",,,,,,
"US1INLK0094","GRIFFITH 1.2 N, IN US","2020-07-05",,,,,,
"US1INLK0094","GRIFFITH 1.2 N, IN US","2020-07-06",,,,,,
"US1INLK0094","GRIFFITH 1.2 N, IN US","2020-07-07",,,,,,
"US1INLK0094","GRIFFITH 1.2 N, IN US","2020-07-08",,,,,,
"US1INLK0094","GRIFFITH 1.2 N, IN US","2020-07-09",,,,,,
"US1INLK0094","GRIFFITH 1.2 N, IN US","2020-07-10",,,,,,
"US1INLK0094","GRIFFITH 1.2 N, IN US","2020-07-11",,,,,,
"US1INLK0094","GRIFFITH 1.2 N, IN US","2020-07-12",,,,,,
"US1INLK0094","GRIFFITH 1.2 N, IN US","2020-07-13",,,,,,
"US1INLK0094","GRIFFITH 1.2 N, IN US","2020-07-14",,,,,,
"US1INLK0094","GRIFFITH 1.2 N, IN US","2020-07-15",,,,,,
"US1INLK0094","GRIFFITH 1.2 N, IN US","2020-07-16",,,,,,
"US1INLK0094","GRIFFITH 1.2 N, IN US","2020-07-17",,,,,,
"US1INLK0094","GRIFFITH 1.2 N, IN US","2020-07-18",,,,,,
"US1INLK0094","GRIFFITH 1.2 N, IN US","2020-07-19",,,,,,
"US1INLK0094","GRIFFITH 1.2 N, IN US","2020-07-20",,,,,,
"US1INLK0094","GRIFFITH 1.2 N, IN US","2020-07-21",,,,,,
"US1INLK0094","GRIFFITH 1.2 N, IN US","2020-07-22",,,,,,
"US1INLK0094","GRIFFITH 1.2 N, IN US","2020-07-23",,,,,,
"US1INLK0094","GRIFFITH 1.2 N, IN US","2020-07-24",,,,,,
"US1INLK0094","GRIFFITH 1.2 N, IN US","2020-07-25",,,,,,
"US1INLK0094","GRIFFITH 1.2 N, IN US","2020-07-26",,,,,,
"US1INLK0094","GRIFFITH 1.2 N, IN US","2020-07-27",,,,,,
"US1INLK0094","GRIFFITH 1.2 N, IN US","2020-07-28",,,,,,
"US1INLK0094","GRIFFITH 1.2 N, IN US","2020-07-29",,,,,,
"US1INLK0094","GRIFFITH 1.2 N, IN US","2020-07-30",,,,,,
"US1INLK0094","GRIFFITH 1.2 N, IN US","2020-07-31",,,,,,
"US1INLK0094","GRIFFITH 1.2 N, IN US","2020-08-01",,,,,,
"US1INLK0094","GRIFFITH 1.2 N, IN US","2020-08-02",,,,,,
"US1INLK0094","GRIFFITH 1.2 N, IN US","2020-08-03",,,,,,
"US1INLK0094","GRIFFITH 1.2 N, IN US","2020-08-04",,,,,,
"US1INLK0094","GRIFFITH 1.2 N, IN US","2020-08-05",,,,,,
"US1INLK0094","GRIFFITH 1.2 N, IN US","2020-08-06",,,,,,
"US1INLK0094","GRIFFITH 1.2 N, IN US","2020-08-07",,,,,,
"US1INLK0094","GRIFFITH 1.2 N, IN US","2020-08-08",,,,,,
"US1INLK0094","GRIFFITH 1.2 N, IN US","2020-08-10",,,,,,
"US1INLK0094","GRIFFITH 1.2 N, IN US","2020-08-11",,,,,,
"US1INLK0094","GRIFFITH 1.2 N, IN US","2020-08-12",,,,,,
"US1INLK0094","GRIFFITH 1.2 N, IN US","2020-08-13",,,,,,
"US1INLK0094","GRIFFITH 1.2 N, IN US","2020-08-14",,,,,,
"US1INLK0094","GRIFFITH 1.2 N, IN US","2020-08-15",,,,,,
"US1INLK0094","GRIFFITH 1.2 N, IN US","2020-08-16",,,,,,
"US1INLK0094","GRIFFITH 1.2 N, IN US","2020-08-17",,,,,,
"US1INLK0094","GRIFFITH 1.2 N, IN US","2020-08-18",,,,,,
"US1INLK0094","GRIFFITH 1.2 N, IN US","2020-08-19",,,,,,
"US1INLK0094","GRIFFITH 1.2 N, IN US","2020-08-20",,,,,,
"US1INLK0094","GRIFFITH 1.2 N, IN US","2020-08-21",,,,,,
"US1INLK0094","GRIFFITH 1.2 N, IN US","2020-08-22",,,,,,
"US1INLK0094","GRIFFITH 1.2 N, IN US","2020-08-23",,,,,,
"US1INLK0094","GRIFFITH 1.2 N, IN US","2020-08-24",,,,,,
"US1INLK0094","GRIFFITH 1.2 N, IN US","2020-08-25",,,,,,
"US1INLK0094","GRIFFITH 1.2 N, IN US","2020-08-26",,,,,,
"US1INLK0094","GRIFFITH 1.2 N, IN US","2020-08-27",,,,,,
"US1INLK0094","GRIFFITH 1.2 N, IN US","2020-08-28",,,,,,
"US1INLK0094","GRIFFITH 1.2 N, IN US","2020-08-29",,,,,,
"US1INLK0094","GRIFFITH 1.2 N, IN US","2020-08-30",,,,,,
"US1INLK0094","GRIFFITH 1.2 N, IN US","2020-08-31",,,,,,
"US1INLK0094","GRIFFITH 1.2 N, IN US","2020-09-01",,,,,,
"US1INLK0094","GRIFFITH 1.2 N, IN US","2020-09-02",,,,,,
"US1INLK0094","GRIFFITH 1.2 N, IN US","2020-09-03",,,,,,
"US1INLK0094","GRIFFITH 1.2 N, IN US","2020-09-04",,,,,,
"US1INLK0094","GRIFFITH 1.2 N, IN US","2020-09-05",,,,,,
"US1INLK0094","GRIFFITH 1.2 N, IN US","2020-09-06",,,,,,
"US1INLK0094","GRIFFITH 1.2 N, IN US","2020-09-07",,,,,,
"US1INLK0094","GRIFFITH 1.2 N, IN US","2020-09-08",,,,,,
"US1ILCK0173","PALOS PARK 3.6 WNW, IL US","2019-10-02",,,,,,
"US1ILCK0173","PALOS PARK 3.6 WNW, IL US","2019-10-13",,,,,,
"US1ILCK0173","PALOS PARK 3.6 WNW, IL US","2019-10-14",,,,,,
"US1ILCK0173","PALOS PARK 3.6 WNW, IL US","2019-10-22",,,,,,
"US1ILCK0173","PALOS PARK 3.6 WNW, IL US","2019-10-23",,,,,,
"US1ILCK0173","PALOS PARK 3.6 WNW, IL US","2019-10-24",,,,,,
"US1ILCK0173","PALOS PARK 3.6 WNW, IL US","2019-10-25",,,,,,
"US1ILCK0173","PALOS PARK 3.6 WNW, IL US","2019-10-26",,,,,,
"US1ILCK0173","PALOS PARK 3.6 WNW, IL US","2019-10-27",,,,,,
"US1ILCK0173","PALOS PARK 3.6 WNW, IL US","2019-10-28",,,,,,
"US1ILCK0173","PALOS PARK 3.6 WNW, IL US","2019-10-30",,,,,,
"US1ILCK0173","PALOS PARK 3.6 WNW, IL US","2019-11-03",,,,,,
"US1ILCK0173","PALOS PARK 3.6 WNW, IL US","2019-11-04",,,,,,
"US1ILCK0173","PALOS PARK 3.6 WNW, IL US","2019-11-06",,,,,,
"US1ILCK0173","PALOS PARK 3.6 WNW, IL US","2019-11-07",,,,,,
"US1ILCK0173","PALOS PARK 3.6 WNW, IL US","2019-11-08",,,,,,
"US1ILCK0173","PALOS PARK 3.6 WNW, IL US","2019-11-09",,,,,,
"US1ILCK0173","PALOS PARK 3.6 WNW, IL US","2019-11-11",,,,,,
"US1ILCK0173","PALOS PARK 3.6 WNW, IL US","2019-11-12",,,,,,
"US1ILCK0173","PALOS PARK 3.6 WNW, IL US","2019-11-13",,,,,,
"US1ILCK0173","PALOS PARK 3.6 WNW, IL US","2019-11-14",,,,,,
"US1ILCK0173","PALOS PARK 3.6 WNW, IL US","2019-11-15",,,,,,
"US1ILCK0173","PALOS PARK 3.6 WNW, IL US","2019-11-16",,,,,,
"US1ILCK0173","PALOS PARK 3.6 WNW, IL US","2019-11-17",,,,,,
"US1ILCK0173","PALOS PARK 3.6 WNW, IL US","2019-11-18",,,,,,
"US1ILCK0173","PALOS PARK 3.6 WNW, IL US","2019-11-19",,,,,,
"US1ILCK0173","PALOS PARK 3.6 WNW, IL US","2019-11-21",,,,,,
"US1ILCK0173","PALOS PARK 3.6 WNW, IL US","2019-11-22",,,,,,
"US1ILCK0173","PALOS PARK 3.6 WNW, IL US","2019-11-23",,,,,,
"US1ILCK0173","PALOS PARK 3.6 WNW, IL US","2019-11-24",,,,,,
"US1ILCK0173","PALOS PARK 3.6 WNW, IL US","2019-11-25",,,,,,
"US1ILCK0173","PALOS PARK 3.6 WNW, IL US","2019-11-26",,,,,,
"US1ILCK0173","PALOS PARK 3.6 WNW, IL US","2019-11-27",,,,,,
"US1ILCK0173","PALOS PARK 3.6 WNW, IL US","2019-11-29",,,,,,
"US1ILCK0173","PALOS PARK 3.6 WNW, IL US","2019-11-30",,,,,,
"US1ILCK0173","PALOS PARK 3.6 WNW, IL US","2019-12-01",,,,,,
"US1ILCK0173","PALOS PARK 3.6 WNW, IL US","2019-12-02",,,,,,
"US1ILCK0173","PALOS PARK 3.6 WNW, IL US","2019-12-03",,,,,,
"US1ILCK0173","PALOS PARK 3.6 WNW, IL US","2019-12-04",,,,,,
"US1ILCK0173","PALOS PARK 3.6 WNW, IL US","2019-12-05",,,,,,
"US1ILCK0173","PALOS PARK 3.6 WNW, IL US","2019-12-06",,,,,,
"US1ILCK0173","PALOS PARK 3.6 WNW, IL US","2019-12-07",,,,,,
"US1ILCK0173","PALOS PARK 3.6 WNW, IL US","2019-12-08",,,,,,
"US1ILCK0173","PALOS PARK 3.6 WNW, IL US","2019-12-09",,,,,,
"US1ILCK0173","PALOS PARK 3.6 WNW, IL US","2019-12-10",,,,,,
"US1ILCK0173","PALOS PARK 3.6 WNW, IL US","2019-12-11",,,,,,
"US1ILCK0173","PALOS PARK 3.6 WNW, IL US","2019-12-12",,,,,,
"US1ILCK0173","PALOS PARK 3.6 WNW, IL US","2019-12-13",,,,,,
"US1ILCK0173","PALOS PARK 3.6 WNW, IL US","2019-12-14",,,,,,
"US1ILCK0173","PALOS PARK 3.6 WNW, IL US","2019-12-15",,,,,,
"US1ILCK0173","PALOS PARK 3.6 WNW, IL US","2019-12-16",,,,,,
"US1ILCK0173","PALOS PARK 3.6 WNW, IL US","2019-12-17",,,,,,
"US1ILCK0173","PALOS PARK 3.6 WNW, IL US","2019-12-18",,,,,,
"US1ILCK0173","PALOS PARK 3.6 WNW, IL US","2019-12-19",,,,,,
"US1ILCK0173","PALOS PARK 3.6 WNW, IL US","2019-12-20",,,,,,
"US1ILCK0173","PALOS PARK 3.6 WNW, IL US","2019-12-21",,,,,,
"US1ILCK0173","PALOS PARK 3.6 WNW, IL US","2019-12-22",,,,,,
"US1ILCK0173","PALOS PARK 3.6 WNW, IL US","2019-12-23",,,,,,
"US1ILCK0173","PALOS PARK 3.6 WNW, IL US","2019-12-26",,,,,,
"US1ILCK0173","PALOS PARK 3.6 WNW, IL US","2019-12-27",,,,,,
"US1ILCK0173","PALOS PARK 3.6 WNW, IL US","2019-12-28",,,,,,
"US1ILCK0173","PALOS PARK 3.6 WNW, IL US","2019-12-29",,,,,,
"US1ILCK0173","PALOS PARK 3.6 WNW, IL US","2020-01-01",,,,,,
"US1ILCK0173","PALOS PARK 3.6 WNW, IL US","2020-01-02",,,,,,
"US1ILCK0173","PALOS PARK 3.6 WNW, IL US","2020-01-03",,,,,,
"US1ILCK0173","PALOS PARK 3.6 WNW, IL US","2020-01-04",,,,,,
"US1ILCK0173","PALOS PARK 3.6 WNW, IL US","2020-01-06",,,,,,
"US1ILCK0173","PALOS PARK 3.6 WNW, IL US","2020-01-08",,,,,,
"US1ILCK0173","PALOS PARK 3.6 WNW, IL US","2020-01-09",,,,,,
"US1ILCK0173","PALOS PARK 3.6 WNW, IL US","2020-01-10",,,,,,
"US1ILCK0173","PALOS PARK 3.6 WNW, IL US","2020-01-11",,,,,,
"US1ILCK0173","PALOS PARK 3.6 WNW, IL US","2020-01-12",,,,,,
"US1ILCK0173","PALOS PARK 3.6 WNW, IL US","2020-01-13",,,,,,
"US1ILCK0173","PALOS PARK 3.6 WNW, IL US","2020-01-14",,,,,,
"US1ILCK0173","PALOS PARK 3.6 WNW, IL US","2020-01-15",,,,,,
"US1ILCK0173","PALOS PARK 3.6 WNW, IL US","2020-01-16",,,,,,
"US1ILCK0173","PALOS PARK 3.6 WNW, IL US","2020-01-17",,,,,,
"US1ILCK0173","PALOS PARK 3.6 WNW, IL US","2020-01-18",,,,,,
"US1ILCK0173","PALOS PARK 3.6 WNW, IL US","2020-01-19",,,,,,
"US1ILCK0173","PALOS PARK 3.6 WNW, IL US","2020-01-20",,,,,,
"US1ILCK0173","PALOS PARK 3.6 WNW, IL US","2020-01-22",,,,,,
"US1ILCK0173","PALOS PARK 3.6 WNW, IL US","2020-01-24",,,,,,
"US1ILCK0173","PALOS PARK 3.6 WNW, IL US","2020-01-25",,,,,,
"US1ILCK0173","PALOS PARK 3.6 WNW, IL US","2020-01-26",,,,,,
"US1ILCK0173","PALOS PARK 3.6 WNW, IL US","2020-01-29",,,,,,
"US1ILCK0173","PALOS PARK 3.6 WNW, IL US","2020-02-02",,,,,,
"US1ILCK0173","PALOS PARK 3.6 WNW, IL US","2020-02-03",,,,,,
"US1ILCK0173","PALOS PARK 3.6 WNW, IL US","2020-02-04",,,,,,
"US1ILCK0173","PALOS PARK 3.6 WNW, IL US","2020-02-05",,,,,,
"US1ILCK0173","PALOS PARK 3.6 WNW, IL US","2020-02-06",,,,,,
"US1ILCK0173","PALOS PARK 3.6 WNW, IL US","2020-02-07",,,,,,
"US1ILCK0173","PALOS PARK 3.6 WNW, IL US","2020-02-08",,,,,,
"US1ILCK0173","PALOS PARK 3.6 WNW, IL US","2020-02-09",,,,,,
"US1ILCK0173","PALOS PARK 3.6 WNW, IL US","2020-02-10",,,,,,
"US1ILCK0173","PALOS PARK 3.6 WNW, IL US","2020-02-11",,,,,,
"US1ILCK0173","PALOS PARK 3.6 WNW, IL US","2020-02-13",,,,,,
"US1ILCK0173","PALOS PARK 3.6 WNW, IL US","2020-02-14",,,,,,
"US1ILCK0173","PALOS PARK 3.6 WNW, IL US","2020-02-16",,,,,,
"US1ILCK0173","PALOS PARK 3.6 WNW, IL US","2020-02-18",,,,,,
"US1ILCK0173","PALOS PARK 3.6 WNW, IL US","2020-02-19",,,,,,
"US1ILCK0173","PALOS PARK 3.6 WNW, IL US","2020-02-20",,,,,,
"US1ILCK0173","PALOS PARK 3.6 WNW, IL US","2020-02-21",,,,,,
"US1ILCK0173","PALOS PARK 3.6 WNW, IL US","2020-02-22",,,,,,
"US1ILCK0173","PALOS PARK 3.6 WNW, IL US","2020-02-23",,,,,,
"US1ILCK0173","PALOS PARK 3.6 WNW, IL US","2020-02-24",,,,,,
"US1ILCK0173","PALOS PARK 3.6 WNW, IL US","2020-02-25",,,,,,
"US1ILCK0173","PALOS PARK 3.6 WNW, IL US","2020-02-26",,,,,,
"US1ILCK0173","PALOS PARK 3.6 WNW, IL US","2020-02-27",,,,,,
"US1ILCK0173","PALOS PARK 3.6 WNW, IL US","2020-03-07",,,,,,
"US1ILCK0173","PALOS PARK 3.6 WNW, IL US","2020-03-08",,,,,,
"US1ILCK0173","PALOS PARK 3.6 WNW, IL US","2020-03-09",,,,,,
"US1ILCK0173","PALOS PARK 3.6 WNW, IL US","2020-03-10",,,,,,
"US1ILCK0173","PALOS PARK 3.6 WNW, IL US","2020-03-11",,,,,,
"US1ILCK0173","PALOS PARK 3.6 WNW, IL US","2020-03-12",,,,,,
"US1ILCK0173","PALOS PARK 3.6 WNW, IL US","2020-03-18",,,,,,
"US1ILCK0173","PALOS PARK 3.6 WNW, IL US","2020-03-19",,,,,,
"US1ILCK0173","PALOS PARK 3.6 WNW, IL US","2020-03-20",,,,,,
"US1ILCK0173","PALOS PARK 3.6 WNW, IL US","2020-03-23",,,,,,
"US1ILCK0173","PALOS PARK 3.6 WNW, IL US","2020-03-24",,,,,,
"US1ILCK0173","PALOS PARK 3.6 WNW, IL US","2020-03-27",,,,,,
"US1ILCK0173","PALOS PARK 3.6 WNW, IL US","2020-03-28",,,,,,
"US1ILCK0173","PALOS PARK 3.6 WNW, IL US","2020-03-29",,,,,,
"US1ILCK0173","PALOS PARK 3.6 WNW, IL US","2020-03-30",,,,,,
"US1ILCK0173","PALOS PARK 3.6 WNW, IL US","2020-03-31",,,,,,
"US1ILCK0173","PALOS PARK 3.6 WNW, IL US","2020-04-01",,,,,,
"US1ILCK0173","PALOS PARK 3.6 WNW, IL US","2020-04-02",,,,,,
"US1ILCK0173","PALOS PARK 3.6 WNW, IL US","2020-04-03",,,,,,
"US1ILCK0173","PALOS PARK 3.6 WNW, IL US","2020-04-04",,,,,,
"US1ILCK0173","PALOS PARK 3.6 WNW, IL US","2020-04-05",,,,,,
"US1ILCK0173","PALOS PARK 3.6 WNW, IL US","2020-04-06",,,,,,
"US1ILCK0173","PALOS PARK 3.6 WNW, IL US","2020-04-07",,,,,,
"US1ILCK0173","PALOS PARK 3.6 WNW, IL US","2020-04-08",,,,,,
"US1ILCK0173","PALOS PARK 3.6 WNW, IL US","2020-04-10",,,,,,
"US1ILCK0173","PALOS PARK 3.6 WNW, IL US","2020-04-11",,,,,,
"US1ILCK0173","PALOS PARK 3.6 WNW, IL US","2020-04-12",,,,,,
"US1ILCK0173","PALOS PARK 3.6 WNW, IL US","2020-04-13",,,,,,
"US1ILCK0173","PALOS PARK 3.6 WNW, IL US","2020-04-14",,,,,,
"US1ILCK0173","PALOS PARK 3.6 WNW, IL US","2020-04-15",,,,,,
"US1ILCK0173","PALOS PARK 3.6 WNW, IL US","2020-04-16",,,,,,
"US1ILCK0173","PALOS PARK 3.6 WNW, IL US","2020-04-17",,,,,,
"US1ILCK0173","PALOS PARK 3.6 WNW, IL US","2020-04-18",,,,,,
"US1ILCK0173","PALOS PARK 3.6 WNW, IL US","2020-04-19",,,,,,
"US1ILCK0173","PALOS PARK 3.6 WNW, IL US","2020-04-20",,,,,,
"US1ILCK0173","PALOS PARK 3.6 WNW, IL US","2020-04-21",,,,,,
"US1ILCK0173","PALOS PARK 3.6 WNW, IL US","2020-04-22",,,,,,
"US1ILCK0173","PALOS PARK 3.6 WNW, IL US","2020-04-23",,,,,,
"US1ILCK0173","PALOS PARK 3.6 WNW, IL US","2020-04-24",,,,,,
"US1ILCK0173","PALOS PARK 3.6 WNW, IL US","2020-04-25",,,,,,
"US1ILCK0173","PALOS PARK 3.6 WNW, IL US","2020-04-26",,,,,,
"US1ILCK0173","PALOS PARK 3.6 WNW, IL US","2020-04-27",,,,,,
"US1ILCK0173","PALOS PARK 3.6 WNW, IL US","2020-04-28",,,,,,
"US1ILCK0173","PALOS PARK 3.6 WNW, IL US","2020-04-29",,,,,,
"US1ILCK0173","PALOS PARK 3.6 WNW, IL US","2020-05-01",,,,,,
"US1ILCK0173","PALOS PARK 3.6 WNW, IL US","2020-05-02",,,,,,
"US1ILCK0173","PALOS PARK 3.6 WNW, IL US","2020-05-04",,,,,,
"US1ILCK0173","PALOS PARK 3.6 WNW, IL US","2020-05-05",,,,,,
"US1ILCK0173","PALOS PARK 3.6 WNW, IL US","2020-05-07",,,,,,
"US1ILCK0173","PALOS PARK 3.6 WNW, IL US","2020-05-09",,,,,,
"US1ILCK0173","PALOS PARK 3.6 WNW, IL US","2020-05-11",,,,,,
"US1ILCK0173","PALOS PARK 3.6 WNW, IL US","2020-05-12",,,,,,
"US1ILCK0173","PALOS PARK 3.6 WNW, IL US","2020-05-13",,,,,,
"US1ILCK0173","PALOS PARK 3.6 WNW, IL US","2020-05-14",,,,,,
"US1ILCK0173","PALOS PARK 3.6 WNW, IL US","2020-05-15",,,,,,
"US1ILCK0173","PALOS PARK 3.6 WNW, IL US","2020-05-16",,,,,,
"US1ILCK0173","PALOS PARK 3.6 WNW, IL US","2020-05-17",,,,,,
"US1ILCK0173","PALOS PARK 3.6 WNW, IL US","2020-05-18",,,,,,
"US1ILCK0173","PALOS PARK 3.6 WNW, IL US","2020-05-19",,,,,,
"US1ILCK0173","PALOS PARK 3.6 WNW, IL US","2020-05-20",,,,,,
"US1ILCK0173","PALOS PARK 3.6 WNW, IL US","2020-05-21",,,,,,
"US1ILCK0173","PALOS PARK 3.6 WNW, IL US","2020-05-22",,,,,,
"US1ILCK0173","PALOS PARK 3.6 WNW, IL US","2020-05-23",,,,,,
"US1ILCK0173","PALOS PARK 3.6 WNW, IL US","2020-05-24",,,,,,
"US1ILCK0173","PALOS PARK 3.6 WNW, IL US","2020-05-25",,,,,,
"US1ILCK0173","PALOS PARK 3.6 WNW, IL US","2020-05-26",,,,,,
"US1ILCK0173","PALOS PARK 3.6 WNW, IL US","2020-05-27",,,,,,
"US1ILCK0173","PALOS PARK 3.6 WNW, IL US","2020-05-28",,,,,,
"US1ILCK0173","PALOS PARK 3.6 WNW, IL US","2020-05-29",,,,,,
"US1ILCK0173","PALOS PARK 3.6 WNW, IL US","2020-05-30",,,,,,
"US1ILCK0173","PALOS PARK 3.6 WNW, IL US","2020-05-31",,,,,,
"US1ILCK0173","PALOS PARK 3.6 WNW, IL US","2020-06-01",,,,,,
"US1ILCK0173","PALOS PARK 3.6 WNW, IL US","2020-06-03",,,,,,
"US1ILCK0173","PALOS PARK 3.6 WNW, IL US","2020-06-04",,,,,,
"US1ILCK0173","PALOS PARK 3.6 WNW, IL US","2020-06-05",,,,,,
"US1ILCK0173","PALOS PARK 3.6 WNW, IL US","2020-06-06",,,,,,
"US1ILCK0173","PALOS PARK 3.6 WNW, IL US","2020-06-07",,,,,,
"US1ILCK0173","PALOS PARK 3.6 WNW, IL US","2020-06-08",,,,,,
"US1ILCK0173","PALOS PARK 3.6 WNW, IL US","2020-06-09",,,,,,
"US1ILCK0173","PALOS PARK 3.6 WNW, IL US","2020-06-10",,,,,,
"US1ILCK0173","PALOS PARK 3.6 WNW, IL US","2020-06-11",,,,,,
"US1ILCK0173","PALOS PARK 3.6 WNW, IL US","2020-06-14",,,,,,
"US1ILCK0173","PALOS PARK 3.6 WNW, IL US","2020-06-15",,,,,,
"US1ILCK0173","PALOS PARK 3.6 WNW, IL US","2020-06-16",,,,,,
"US1ILCK0173","PALOS PARK 3.6 WNW, IL US","2020-06-17",,,,,,
"US1ILCK0173","PALOS PARK 3.6 WNW, IL US","2020-06-18",,,,,,
"US1ILCK0173","PALOS PARK 3.6 WNW, IL US","2020-06-21",,,,,,
"US1ILCK0173","PALOS PARK 3.6 WNW, IL US","2020-06-22",,,,,,
"US1ILCK0173","PALOS PARK 3.6 WNW, IL US","2020-06-23",,,,,,
"US1ILCK0173","PALOS PARK 3.6 WNW, IL US","2020-06-24",,,,,,
"US1ILCK0173","PALOS PARK 3.6 WNW, IL US","2020-06-26",,,,,,
"US1ILCK0173","PALOS PARK 3.6 WNW, IL US","2020-06-27",,,,,,
"US1ILCK0173","PALOS PARK 3.6 WNW, IL US","2020-06-28",,,,,,
"US1ILCK0173","PALOS PARK 3.6 WNW, IL US","2020-06-29",,,,,,
"US1ILCK0173","PALOS PARK 3.6 WNW, IL US","2020-06-30",,,,,,
"US1ILCK0173","PALOS PARK 3.6 WNW, IL US","2020-07-02",,,,,,
"US1ILCK0173","PALOS PARK 3.6 WNW, IL US","2020-07-03",,,,,,
"US1ILCK0173","PALOS PARK 3.6 WNW, IL US","2020-07-04",,,,,,
"US1ILCK0173","PALOS PARK 3.6 WNW, IL US","2020-07-05",,,,,,
"US1ILCK0173","PALOS PARK 3.6 WNW, IL US","2020-07-06",,,,,,
"US1ILCK0173","PALOS PARK 3.6 WNW, IL US","2020-07-07",,,,,,
"US1ILCK0173","PALOS PARK 3.6 WNW, IL US","2020-07-08",,,,,,
"US1ILCK0173","PALOS PARK 3.6 WNW, IL US","2020-07-10",,,,,,
"US1ILCK0173","PALOS PARK 3.6 WNW, IL US","2020-07-11",,,,,,
"US1ILCK0173","PALOS PARK 3.6 WNW, IL US","2020-07-12",,,,,,
"US1ILCK0173","PALOS PARK 3.6 WNW, IL US","2020-07-14",,,,,,
"US1ILCK0173","PALOS PARK 3.6 WNW, IL US","2020-07-15",,,,,,
"US1ILCK0173","PALOS PARK 3.6 WNW, IL US","2020-07-16",,,,,,
"US1ILCK0173","PALOS PARK 3.6 WNW, IL US","2020-07-17",,,,,,
"US1ILCK0173","PALOS PARK 3.6 WNW, IL US","2020-07-18",,,,,,
"US1ILCK0173","PALOS PARK 3.6 WNW, IL US","2020-07-19",,,,,,
"US1ILCK0173","PALOS PARK 3.6 WNW, IL US","2020-07-20",,,,,,
"US1ILCK0173","PALOS PARK 3.6 WNW, IL US","2020-07-21",,,,,,
"US1ILCK0173","PALOS PARK 3.6 WNW, IL US","2020-07-22",,,,,,
"US1ILCK0173","PALOS PARK 3.6 WNW, IL US","2020-07-23",,,,,,
"US1ILCK0173","PALOS PARK 3.6 WNW, IL US","2020-07-24",,,,,,
"US1ILCK0173","PALOS PARK 3.6 WNW, IL US","2020-07-25",,,,,,
"US1ILCK0173","PALOS PARK 3.6 WNW, IL US","2020-07-26",,,,,,
"US1ILCK0173","PALOS PARK 3.6 WNW, IL US","2020-07-27",,,,,,
"US1ILCK0173","PALOS PARK 3.6 WNW, IL US","2020-07-28",,,,,,
"US1ILCK0173","PALOS PARK 3.6 WNW, IL US","2020-07-29",,,,,,
"US1ILCK0173","PALOS PARK 3.6 WNW, IL US","2020-07-30",,,,,,
"US1ILCK0173","PALOS PARK 3.6 WNW, IL US","2020-07-31",,,,,,
"US1ILCK0173","PALOS PARK 3.6 WNW, IL US","2020-08-01",,,,,,
"US1ILCK0173","PALOS PARK 3.6 WNW, IL US","2020-08-02",,,,,,
"US1ILCK0173","PALOS PARK 3.6 WNW, IL US","2020-08-03",,,,,,
"US1ILCK0173","PALOS PARK 3.6 WNW, IL US","2020-08-04",,,,,,
"US1ILCK0173","PALOS PARK 3.6 WNW, IL US","2020-08-05",,,,,,
"US1ILCK0173","PALOS PARK 3.6 WNW, IL US","2020-08-06",,,,,,
"US1ILCK0173","PALOS PARK 3.6 WNW, IL US","2020-08-07",,,,,,
"US1ILCK0173","PALOS PARK 3.6 WNW, IL US","2020-08-08",,,,,,
"US1ILCK0173","PALOS PARK 3.6 WNW, IL US","2020-08-10",,,,,,
"US1ILCK0173","PALOS PARK 3.6 WNW, IL US","2020-08-11",,,,,,
"US1ILCK0173","PALOS PARK 3.6 WNW, IL US","2020-08-12",,,,,,
"US1ILCK0173","PALOS PARK 3.6 WNW, IL US","2020-08-13",,,,,,
"US1ILCK0173","PALOS PARK 3.6 WNW, IL US","2020-08-14",,,,,,
"US1ILCK0173","PALOS PARK 3.6 WNW, IL US","2020-08-15",,,,,,
"US1ILCK0173","PALOS PARK 3.6 WNW, IL US","2020-08-16",,,,,,
"US1ILCK0173","PALOS PARK 3.6 WNW, IL US","2020-08-17",,,,,,
"US1ILCK0173","PALOS PARK 3.6 WNW, IL US","2020-08-18",,,,,,
"US1ILCK0173","PALOS PARK 3.6 WNW, IL US","2020-08-19",,,,,,
"US1ILCK0173","PALOS PARK 3.6 WNW, IL US","2020-08-20",,,,,,
"US1ILCK0173","PALOS PARK 3.6 WNW, IL US","2020-08-21",,,,,,
"US1ILCK0173","PALOS PARK 3.6 WNW, IL US","2020-08-22",,,,,,
"US1ILCK0173","PALOS PARK 3.6 WNW, IL US","2020-08-23",,,,,,
"US1ILCK0173","PALOS PARK 3.6 WNW, IL US","2020-08-24",,,,,,
"US1ILCK0173","PALOS PARK 3.6 WNW, IL US","2020-08-25",,,,,,
"US1ILCK0173","PALOS PARK 3.6 WNW, IL US","2020-08-26",,,,,,
"US1ILCK0173","PALOS PARK 3.6 WNW, IL US","2020-08-27",,,,,,
"US1ILCK0173","PALOS PARK 3.6 WNW, IL US","2020-08-28",,,,,,
"US1ILCK0173","PALOS PARK 3.6 WNW, IL US","2020-08-29",,,,,,
"US1ILCK0173","PALOS PARK 3.6 WNW, IL US","2020-08-30",,,,,,
"US1ILCK0173","PALOS PARK 3.6 WNW, IL US","2020-08-31",,,,,,
"US1ILCK0173","PALOS PARK 3.6 WNW, IL US","2020-09-02",,,,,,
"US1ILCK0173","PALOS PARK 3.6 WNW, IL US","2020-09-03",,,,,,
"US1ILCK0173","PALOS PARK 3.6 WNW, IL US","2020-09-04",,,,,,
"US1ILCK0173","PALOS PARK 3.6 WNW, IL US","2020-09-05",,,,,,
"US1ILCK0173","PALOS PARK 3.6 WNW, IL US","2020-09-06",,,,,,
"US1ILCK0173","PALOS PARK 3.6 WNW, IL US","2020-09-07",,,,,,
"US1ILCK0294","PALATINE 1.4 NNE, IL US","2019-10-01",,,,,,
"US1ILCK0294","PALATINE 1.4 NNE, IL US","2019-10-02",,,,,,
"US1ILCK0294","PALATINE 1.4 NNE, IL US","2019-10-03",,,,,,
"US1ILCK0294","PALATINE 1.4 NNE, IL US","2019-10-04",,,,,,
"US1ILCK0294","PALATINE 1.4 NNE, IL US","2019-10-05",,,,,,
"US1ILCK0294","PALATINE 1.4 NNE, IL US","2019-10-06",,,,,,
"US1ILCK0294","PALATINE 1.4 NNE, IL US","2019-10-07",,,,,,
"US1ILCK0294","PALATINE 1.4 NNE, IL US","2019-10-08",,,,,,
"US1ILCK0294","PALATINE 1.4 NNE, IL US","2019-10-09",,,,,,
"US1ILCK0294","PALATINE 1.4 NNE, IL US","2019-10-10",,,,,,
"US1ILCK0294","PALATINE 1.4 NNE, IL US","2019-10-11",,,,,,
"US1ILCK0294","PALATINE 1.4 NNE, IL US","2019-10-12",,,,,,
"US1ILCK0294","PALATINE 1.4 NNE, IL US","2019-10-13",,,,,,
"US1ILCK0294","PALATINE 1.4 NNE, IL US","2019-10-14",,,,,,
"US1ILCK0294","PALATINE 1.4 NNE, IL US","2019-10-15",,,,,,
"US1ILCK0294","PALATINE 1.4 NNE, IL US","2019-10-16",,,,,,
"US1ILCK0294","PALATINE 1.4 NNE, IL US","2019-10-17",,,,,,
"US1ILCK0294","PALATINE 1.4 NNE, IL US","2019-10-18",,,,,,
"US1ILCK0294","PALATINE 1.4 NNE, IL US","2019-10-19",,,,,,
"US1ILCK0294","PALATINE 1.4 NNE, IL US","2019-10-20",,,,,,
"US1ILCK0294","PALATINE 1.4 NNE, IL US","2019-10-21",,,,,,
"US1ILCK0294","PALATINE 1.4 NNE, IL US","2019-10-22",,,,,,
"US1ILCK0294","PALATINE 1.4 NNE, IL US","2019-10-23",,,,,,
"US1ILCK0294","PALATINE 1.4 NNE, IL US","2019-10-24",,,,,,
"US1ILCK0294","PALATINE 1.4 NNE, IL US","2019-10-25",,,,,,
"US1ILCK0294","PALATINE 1.4 NNE, IL US","2019-10-26",,,,,,
"US1ILCK0294","PALATINE 1.4 NNE, IL US","2019-10-27",,,,,,
"US1ILCK0294","PALATINE 1.4 NNE, IL US","2019-10-28",,,,,,
"US1ILCK0294","PALATINE 1.4 NNE, IL US","2019-10-29",,,,,,
"US1ILCK0294","PALATINE 1.4 NNE, IL US","2019-10-30",,,,,,
"US1ILCK0294","PALATINE 1.4 NNE, IL US","2019-10-31",,,,,,
"US1ILCK0294","PALATINE 1.4 NNE, IL US","2019-11-01",,,,,,
"US1ILCK0294","PALATINE 1.4 NNE, IL US","2019-11-02",,,,,,
"US1ILCK0294","PALATINE 1.4 NNE, IL US","2019-11-03",,,,,,
"US1ILCK0294","PALATINE 1.4 NNE, IL US","2019-11-04",,,,,,
"US1ILCK0294","PALATINE 1.4 NNE, IL US","2019-11-05",,,,,,
"US1ILCK0294","PALATINE 1.4 NNE, IL US","2019-11-06",,,,,,
"US1ILCK0294","PALATINE 1.4 NNE, IL US","2019-11-07",,,,,,
"US1ILCK0294","PALATINE 1.4 NNE, IL US","2019-11-08",,,,,,
"US1ILCK0294","PALATINE 1.4 NNE, IL US","2019-11-09",,,,,,
"US1ILCK0294","PALATINE 1.4 NNE, IL US","2019-11-10",,,,,,
"US1ILCK0294","PALATINE 1.4 NNE, IL US","2019-11-11",,,,,,
"US1ILCK0294","PALATINE 1.4 NNE, IL US","2019-11-12",,,,,,
"US1ILCK0294","PALATINE 1.4 NNE, IL US","2019-11-13",,,,,,
"US1ILCK0294","PALATINE 1.4 NNE, IL US","2019-11-14",,,,,,
"US1ILCK0294","PALATINE 1.4 NNE, IL US","2019-11-15",,,,,,
"US1ILCK0294","PALATINE 1.4 NNE, IL US","2019-11-16",,,,,,
"US1ILCK0294","PALATINE 1.4 NNE, IL US","2019-11-17",,,,,,
"US1ILCK0294","PALATINE 1.4 NNE, IL US","2019-11-18",,,,,,
"US1ILCK0294","PALATINE 1.4 NNE, IL US","2019-11-19",,,,,,
"US1ILCK0294","PALATINE 1.4 NNE, IL US","2019-11-20",,,,,,
"US1ILCK0294","PALATINE 1.4 NNE, IL US","2019-11-21",,,,,,
"US1ILCK0294","PALATINE 1.4 NNE, IL US","2019-11-22",,,,,,
"US1ILCK0294","PALATINE 1.4 NNE, IL US","2019-11-23",,,,,,
"US1ILCK0294","PALATINE 1.4 NNE, IL US","2019-11-24",,,,,,
"US1ILCK0294","PALATINE 1.4 NNE, IL US","2019-11-25",,,,,,
"US1ILCK0294","PALATINE 1.4 NNE, IL US","2019-11-26",,,,,,
"US1ILCK0294","PALATINE 1.4 NNE, IL US","2019-11-27",,,,,,
"US1ILCK0294","PALATINE 1.4 NNE, IL US","2019-11-28",,,,,,
"US1ILCK0294","PALATINE 1.4 NNE, IL US","2019-11-29",,,,,,
"US1ILCK0294","PALATINE 1.4 NNE, IL US","2019-11-30",,,,,,
"US1ILCK0294","PALATINE 1.4 NNE, IL US","2019-12-01",,,,,,
"US1ILCK0294","PALATINE 1.4 NNE, IL US","2019-12-02",,,,,,
"US1ILCK0294","PALATINE 1.4 NNE, IL US","2019-12-03",,,,,,
"US1ILCK0294","PALATINE 1.4 NNE, IL US","2019-12-04",,,,,,
"US1ILCK0294","PALATINE 1.4 NNE, IL US","2019-12-05",,,,,,
"US1ILCK0294","PALATINE 1.4 NNE, IL US","2019-12-06",,,,,,
"US1ILCK0294","PALATINE 1.4 NNE, IL US","2019-12-07",,,,,,
"US1ILCK0294","PALATINE 1.4 NNE, IL US","2019-12-08",,,,,,
"US1ILCK0294","PALATINE 1.4 NNE, IL US","2019-12-09",,,,,,
"US1ILCK0294","PALATINE 1.4 NNE, IL US","2019-12-10",,,,,,
"US1ILCK0294","PALATINE 1.4 NNE, IL US","2019-12-11",,,,,,
"US1ILCK0294","PALATINE 1.4 NNE, IL US","2019-12-12",,,,,,
"US1ILCK0294","PALATINE 1.4 NNE, IL US","2019-12-13",,,,,,
"US1ILCK0294","PALATINE 1.4 NNE, IL US","2019-12-14",,,,,,
"US1ILCK0294","PALATINE 1.4 NNE, IL US","2019-12-15",,,,,,
"US1ILCK0294","PALATINE 1.4 NNE, IL US","2019-12-16",,,,,,
"US1ILCK0294","PALATINE 1.4 NNE, IL US","2019-12-17",,,,,,
"US1ILCK0294","PALATINE 1.4 NNE, IL US","2019-12-18",,,,,,
"US1ILCK0294","PALATINE 1.4 NNE, IL US","2019-12-19",,,,,,
"US1ILCK0294","PALATINE 1.4 NNE, IL US","2019-12-20",,,,,,
"US1ILCK0294","PALATINE 1.4 NNE, IL US","2019-12-21",,,,,,
"US1ILCK0294","PALATINE 1.4 NNE, IL US","2019-12-22",,,,,,
"US1ILCK0294","PALATINE 1.4 NNE, IL US","2019-12-23",,,,,,
"US1ILCK0294","PALATINE 1.4 NNE, IL US","2019-12-24",,,,,,
"US1ILCK0294","PALATINE 1.4 NNE, IL US","2019-12-25",,,,,,
"US1ILCK0294","PALATINE 1.4 NNE, IL US","2019-12-26",,,,,,
"US1ILCK0294","PALATINE 1.4 NNE, IL US","2019-12-27",,,,,,
"US1ILCK0294","PALATINE 1.4 NNE, IL US","2019-12-28",,,,,,
"US1ILCK0294","PALATINE 1.4 NNE, IL US","2019-12-29",,,,,,
"US1ILCK0294","PALATINE 1.4 NNE, IL US","2019-12-30",,,,,,
"US1ILCK0294","PALATINE 1.4 NNE, IL US","2019-12-31",,,,,,
"US1ILCK0294","PALATINE 1.4 NNE, IL US","2020-01-01",,,,,,
"US1ILCK0294","PALATINE 1.4 NNE, IL US","2020-01-02",,,,,,
"US1ILCK0294","PALATINE 1.4 NNE, IL US","2020-01-03",,,,,,
"US1ILCK0294","PALATINE 1.4 NNE, IL US","2020-01-04",,,,,,
"US1ILCK0294","PALATINE 1.4 NNE, IL US","2020-01-05",,,,,,
"US1ILCK0294","PALATINE 1.4 NNE, IL US","2020-01-06",,,,,,
"US1ILCK0294","PALATINE 1.4 NNE, IL US","2020-01-07",,,,,,
"US1ILCK0294","PALATINE 1.4 NNE, IL US","2020-01-08",,,,,,
"US1ILCK0294","PALATINE 1.4 NNE, IL US","2020-01-09",,,,,,
"US1ILCK0294","PALATINE 1.4 NNE, IL US","2020-01-10",,,,,,
"US1ILCK0294","PALATINE 1.4 NNE, IL US","2020-01-11",,,,,,
"US1ILCK0294","PALATINE 1.4 NNE, IL US","2020-01-12",,,,,,
"US1ILCK0294","PALATINE 1.4 NNE, IL US","2020-01-13",,,,,,
"US1ILCK0294","PALATINE 1.4 NNE, IL US","2020-01-14",,,,,,
"US1ILCK0294","PALATINE 1.4 NNE, IL US","2020-01-15",,,,,,
"US1ILCK0294","PALATINE 1.4 NNE, IL US","2020-01-16",,,,,,
"US1ILCK0294","PALATINE 1.4 NNE, IL US","2020-01-17",,,,,,
"US1ILCK0294","PALATINE 1.4 NNE, IL US","2020-01-18",,,,,,
"US1ILCK0294","PALATINE 1.4 NNE, IL US","2020-01-19",,,,,,
"US1ILCK0294","PALATINE 1.4 NNE, IL US","2020-01-20",,,,,,
"US1ILCK0294","PALATINE 1.4 NNE, IL US","2020-01-21",,,,,,
"US1ILCK0294","PALATINE 1.4 NNE, IL US","2020-01-22",,,,,,
"US1ILCK0294","PALATINE 1.4 NNE, IL US","2020-01-23",,,,,,
"US1ILCK0294","PALATINE 1.4 NNE, IL US","2020-01-24",,,,,,
"US1ILCK0294","PALATINE 1.4 NNE, IL US","2020-01-25",,,,,,
"US1ILCK0294","PALATINE 1.4 NNE, IL US","2020-01-26",,,,,,
"US1ILCK0294","PALATINE 1.4 NNE, IL US","2020-01-27",,,,,,
"US1ILCK0294","PALATINE 1.4 NNE, IL US","2020-01-28",,,,,,
"US1ILCK0294","PALATINE 1.4 NNE, IL US","2020-01-29",,,,,,
"US1ILCK0294","PALATINE 1.4 NNE, IL US","2020-01-30",,,,,,
"US1ILCK0294","PALATINE 1.4 NNE, IL US","2020-01-31",,,,,,
"US1ILCK0294","PALATINE 1.4 NNE, IL US","2020-02-01",,,,,,
"US1ILCK0294","PALATINE 1.4 NNE, IL US","2020-02-02",,,,,,
"US1ILCK0294","PALATINE 1.4 NNE, IL US","2020-02-03",,,,,,
"US1ILCK0294","PALATINE 1.4 NNE, IL US","2020-02-04",,,,,,
"US1ILCK0294","PALATINE 1.4 NNE, IL US","2020-02-05",,,,,,
"US1ILCK0294","PALATINE 1.4 NNE, IL US","2020-02-06",,,,,,
"US1ILCK0294","PALATINE 1.4 NNE, IL US","2020-02-07",,,,,,
"US1ILCK0294","PALATINE 1.4 NNE, IL US","2020-02-08",,,,,,
"US1ILCK0294","PALATINE 1.4 NNE, IL US","2020-02-09",,,,,,
"US1ILCK0294","PALATINE 1.4 NNE, IL US","2020-02-10",,,,,,
"US1ILCK0294","PALATINE 1.4 NNE, IL US","2020-02-11",,,,,,
"US1ILCK0294","PALATINE 1.4 NNE, IL US","2020-02-12",,,,,,
"US1ILCK0294","PALATINE 1.4 NNE, IL US","2020-02-13",,,,,,
"US1ILCK0294","PALATINE 1.4 NNE, IL US","2020-02-14",,,,,,
"US1ILCK0294","PALATINE 1.4 NNE, IL US","2020-02-15",,,,,,
"US1ILCK0294","PALATINE 1.4 NNE, IL US","2020-02-16",,,,,,
"US1ILCK0294","PALATINE 1.4 NNE, IL US","2020-02-17",,,,,,
"US1ILCK0294","PALATINE 1.4 NNE, IL US","2020-02-18",,,,,,
"US1ILCK0294","PALATINE 1.4 NNE, IL US","2020-02-19",,,,,,
"US1ILCK0294","PALATINE 1.4 NNE, IL US","2020-02-20",,,,,,
"US1ILCK0294","PALATINE 1.4 NNE, IL US","2020-02-21",,,,,,
"US1ILCK0294","PALATINE 1.4 NNE, IL US","2020-02-22",,,,,,
"US1ILCK0294","PALATINE 1.4 NNE, IL US","2020-02-23",,,,,,
"US1ILCK0294","PALATINE 1.4 NNE, IL US","2020-02-24",,,,,,
"US1ILCK0294","PALATINE 1.4 NNE, IL US","2020-02-25",,,,,,
"US1ILCK0294","PALATINE 1.4 NNE, IL US","2020-02-26",,,,,,
"US1ILCK0294","PALATINE 1.4 NNE, IL US","2020-02-27",,,,,,
"US1ILCK0294","PALATINE 1.4 NNE, IL US","2020-02-28",,,,,,
"US1ILCK0294","PALATINE 1.4 NNE, IL US","2020-02-29",,,,,,
"US1ILCK0294","PALATINE 1.4 NNE, IL US","2020-03-01",,,,,,
"US1ILCK0294","PALATINE 1.4 NNE, IL US","2020-03-02",,,,,,
"US1ILCK0294","PALATINE 1.4 NNE, IL US","2020-03-03",,,,,,
"US1ILCK0294","PALATINE 1.4 NNE, IL US","2020-03-04",,,,,,
"US1ILCK0294","PALATINE 1.4 NNE, IL US","2020-03-05",,,,,,
"US1ILCK0294","PALATINE 1.4 NNE, IL US","2020-03-06",,,,,,
"US1ILCK0294","PALATINE 1.4 NNE, IL US","2020-03-07",,,,,,
"US1ILCK0294","PALATINE 1.4 NNE, IL US","2020-03-08",,,,,,
"US1ILCK0294","PALATINE 1.4 NNE, IL US","2020-03-09",,,,,,
"US1ILCK0294","PALATINE 1.4 NNE, IL US","2020-03-10",,,,,,
"US1ILCK0294","PALATINE 1.4 NNE, IL US","2020-03-11",,,,,,
"US1ILCK0294","PALATINE 1.4 NNE, IL US","2020-03-12",,,,,,
"US1ILCK0294","PALATINE 1.4 NNE, IL US","2020-03-13",,,,,,
"US1ILCK0294","PALATINE 1.4 NNE, IL US","2020-03-14",,,,,,
"US1ILCK0294","PALATINE 1.4 NNE, IL US","2020-03-15",,,,,,
"US1ILCK0294","PALATINE 1.4 NNE, IL US","2020-03-16",,,,,,
"US1ILCK0294","PALATINE 1.4 NNE, IL US","2020-03-17",,,,,,
"US1ILCK0294","PALATINE 1.4 NNE, IL US","2020-03-18",,,,,,
"US1ILCK0294","PALATINE 1.4 NNE, IL US","2020-03-19",,,,,,
"US1ILCK0294","PALATINE 1.4 NNE, IL US","2020-03-20",,,,,,
"US1ILCK0294","PALATINE 1.4 NNE, IL US","2020-03-21",,,,,,
"US1ILCK0294","PALATINE 1.4 NNE, IL US","2020-03-22",,,,,,
"US1ILCK0294","PALATINE 1.4 NNE, IL US","2020-03-23",,,,,,
"US1ILCK0294","PALATINE 1.4 NNE, IL US","2020-03-24",,,,,,
"US1ILCK0294","PALATINE 1.4 NNE, IL US","2020-03-25",,,,,,
"US1ILCK0294","PALATINE 1.4 NNE, IL US","2020-03-26",,,,,,
"US1ILCK0294","PALATINE 1.4 NNE, IL US","2020-03-27",,,,,,
"US1ILCK0294","PALATINE 1.4 NNE, IL US","2020-03-28",,,,,,
"US1ILCK0294","PALATINE 1.4 NNE, IL US","2020-03-29",,,,,,
"US1ILCK0294","PALATINE 1.4 NNE, IL US","2020-03-30",,,,,,
"US1ILCK0294","PALATINE 1.4 NNE, IL US","2020-03-31",,,,,,
"US1ILCK0294","PALATINE 1.4 NNE, IL US","2020-04-01",,,,,,
"US1ILCK0294","PALATINE 1.4 NNE, IL US","2020-04-02",,,,,,
"US1ILCK0294","PALATINE 1.4 NNE, IL US","2020-04-03",,,,,,
"US1ILCK0294","PALATINE 1.4 NNE, IL US","2020-04-04",,,,,,
"US1ILCK0294","PALATINE 1.4 NNE, IL US","2020-04-05",,,,,,
"US1ILCK0294","PALATINE 1.4 NNE, IL US","2020-04-06",,,,,,
"US1ILCK0294","PALATINE 1.4 NNE, IL US","2020-04-07",,,,,,
"US1ILCK0294","PALATINE 1.4 NNE, IL US","2020-04-08",,,,,,
"US1ILCK0294","PALATINE 1.4 NNE, IL US","2020-04-09",,,,,,
"US1ILCK0294","PALATINE 1.4 NNE, IL US","2020-04-10",,,,,,
"US1ILCK0294","PALATINE 1.4 NNE, IL US","2020-04-11",,,,,,
"US1ILCK0294","PALATINE 1.4 NNE, IL US","2020-04-12",,,,,,
"US1ILCK0294","PALATINE 1.4 NNE, IL US","2020-04-13",,,,,,
"US1ILCK0294","PALATINE 1.4 NNE, IL US","2020-04-14",,,,,,
"US1ILCK0294","PALATINE 1.4 NNE, IL US","2020-04-19",,,,,,
"US1ILCK0294","PALATINE 1.4 NNE, IL US","2020-04-20",,,,,,
"US1ILCK0294","PALATINE 1.4 NNE, IL US","2020-04-21",,,,,,
"US1ILCK0294","PALATINE 1.4 NNE, IL US","2020-04-22",,,,,,
"US1ILCK0294","PALATINE 1.4 NNE, IL US","2020-04-23",,,,,,
"US1ILCK0294","PALATINE 1.4 NNE, IL US","2020-04-24",,,,,,
"US1ILCK0294","PALATINE 1.4 NNE, IL US","2020-04-25",,,,,,
"US1ILCK0294","PALATINE 1.4 NNE, IL US","2020-04-26",,,,,,
"US1ILCK0294","PALATINE 1.4 NNE, IL US","2020-04-27",,,,,,
"US1ILCK0294","PALATINE 1.4 NNE, IL US","2020-04-28",,,,,,
"US1ILCK0294","PALATINE 1.4 NNE, IL US","2020-04-29",,,,,,
"US1ILCK0294","PALATINE 1.4 NNE, IL US","2020-04-30",,,,,,
"US1ILCK0294","PALATINE 1.4 NNE, IL US","2020-05-01",,,,,,
"US1ILCK0294","PALATINE 1.4 NNE, IL US","2020-05-02",,,,,,
"US1ILCK0294","PALATINE 1.4 NNE, IL US","2020-05-03",,,,,,
"US1ILCK0294","PALATINE 1.4 NNE, IL US","2020-05-04",,,,,,
"US1ILCK0294","PALATINE 1.4 NNE, IL US","2020-05-05",,,,,,
"US1ILCK0294","PALATINE 1.4 NNE, IL US","2020-05-06",,,,,,
"US1ILCK0294","PALATINE 1.4 NNE, IL US","2020-05-07",,,,,,
"US1ILCK0294","PALATINE 1.4 NNE, IL US","2020-05-08",,,,,,
"US1ILCK0294","PALATINE 1.4 NNE, IL US","2020-05-09",,,,,,
"US1ILCK0294","PALATINE 1.4 NNE, IL US","2020-05-10",,,,,,
"US1ILCK0294","PALATINE 1.4 NNE, IL US","2020-05-11",,,,,,
"US1ILCK0294","PALATINE 1.4 NNE, IL US","2020-05-12",,,,,,
"US1ILCK0294","PALATINE 1.4 NNE, IL US","2020-05-13",,,,,,
"US1ILCK0294","PALATINE 1.4 NNE, IL US","2020-05-14",,,,,,
"US1ILCK0294","PALATINE 1.4 NNE, IL US","2020-05-15",,,,,,
"US1ILCK0294","PALATINE 1.4 NNE, IL US","2020-05-16",,,,,,
"US1ILCK0294","PALATINE 1.4 NNE, IL US","2020-05-17",,,,,,
"US1ILCK0294","PALATINE 1.4 NNE, IL US","2020-05-18",,,,,,
"US1ILCK0294","PALATINE 1.4 NNE, IL US","2020-05-19",,,,,,
"US1ILCK0294","PALATINE 1.4 NNE, IL US","2020-05-20",,,,,,
"US1ILCK0294","PALATINE 1.4 NNE, IL US","2020-05-21",,,,,,
"US1ILCK0294","PALATINE 1.4 NNE, IL US","2020-05-22",,,,,,
"US1ILCK0294","PALATINE 1.4 NNE, IL US","2020-05-23",,,,,,
"US1ILCK0294","PALATINE 1.4 NNE, IL US","2020-05-24",,,,,,
"US1ILCK0294","PALATINE 1.4 NNE, IL US","2020-05-25",,,,,,
"US1ILCK0294","PALATINE 1.4 NNE, IL US","2020-05-26",,,,,,
"US1ILCK0294","PALATINE 1.4 NNE, IL US","2020-05-27",,,,,,
"US1ILCK0294","PALATINE 1.4 NNE, IL US","2020-05-28",,,,,,
"US1ILCK0294","PALATINE 1.4 NNE, IL US","2020-05-29",,,,,,
"US1ILCK0294","PALATINE 1.4 NNE, IL US","2020-05-30",,,,,,
"US1ILCK0294","PALATINE 1.4 NNE, IL US","2020-05-31",,,,,,
"US1ILCK0294","PALATINE 1.4 NNE, IL US","2020-06-01",,,,,,
"US1ILCK0294","PALATINE 1.4 NNE, IL US","2020-06-02",,,,,,
"US1ILCK0294","PALATINE 1.4 NNE, IL US","2020-06-03",,,,,,
"US1ILCK0294","PALATINE 1.4 NNE, IL US","2020-06-04",,,,,,
"US1ILCK0294","PALATINE 1.4 NNE, IL US","2020-06-05",,,,,,
"US1ILCK0294","PALATINE 1.4 NNE, IL US","2020-06-06",,,,,,
"US1ILCK0294","PALATINE 1.4 NNE, IL US","2020-06-07",,,,,,
"US1ILCK0294","PALATINE 1.4 NNE, IL US","2020-06-08",,,,,,
"US1ILCK0294","PALATINE 1.4 NNE, IL US","2020-06-09",,,,,,
"US1ILCK0294","PALATINE 1.4 NNE, IL US","2020-06-10",,,,,,
"US1ILCK0294","PALATINE 1.4 NNE, IL US","2020-06-11",,,,,,
"US1ILCK0294","PALATINE 1.4 NNE, IL US","2020-06-12",,,,,,
"US1ILCK0294","PALATINE 1.4 NNE, IL US","2020-06-13",,,,,,
"US1ILCK0294","PALATINE 1.4 NNE, IL US","2020-06-14",,,,,,
"US1ILCK0294","PALATINE 1.4 NNE, IL US","2020-06-15",,,,,,
"US1ILCK0294","PALATINE 1.4 NNE, IL US","2020-06-16",,,,,,
"US1ILCK0294","PALATINE 1.4 NNE, IL US","2020-06-17",,,,,,
"US1ILCK0294","PALATINE 1.4 NNE, IL US","2020-06-18",,,,,,
"US1ILCK0294","PALATINE 1.4 NNE, IL US","2020-06-19",,,,,,
"US1ILCK0294","PALATINE 1.4 NNE, IL US","2020-06-20",,,,,,
"US1ILCK0294","PALATINE 1.4 NNE, IL US","2020-06-21",,,,,,
"US1ILCK0294","PALATINE 1.4 NNE, IL US","2020-06-22",,,,,,
"US1ILCK0294","PALATINE 1.4 NNE, IL US","2020-06-23",,,,,,
"US1ILCK0294","PALATINE 1.4 NNE, IL US","2020-06-24",,,,,,
"US1ILCK0294","PALATINE 1.4 NNE, IL US","2020-06-25",,,,,,
"US1ILCK0294","PALATINE 1.4 NNE, IL US","2020-06-26",,,,,,
"US1ILCK0294","PALATINE 1.4 NNE, IL US","2020-06-27",,,,,,
"US1ILCK0294","PALATINE 1.4 NNE, IL US","2020-06-28",,,,,,
"US1ILCK0294","PALATINE 1.4 NNE, IL US","2020-06-29",,,,,,
"US1ILCK0294","PALATINE 1.4 NNE, IL US","2020-06-30",,,,,,
"US1ILCK0294","PALATINE 1.4 NNE, IL US","2020-07-01",,,,,,
"US1ILCK0294","PALATINE 1.4 NNE, IL US","2020-07-02",,,,,,
"US1ILCK0294","PALATINE 1.4 NNE, IL US","2020-07-03",,,,,,
"US1ILCK0294","PALATINE 1.4 NNE, IL US","2020-07-04",,,,,,
"US1ILCK0294","PALATINE 1.4 NNE, IL US","2020-07-05",,,,,,
"US1ILCK0294","PALATINE 1.4 NNE, IL US","2020-07-06",,,,,,
"US1ILCK0294","PALATINE 1.4 NNE, IL US","2020-07-07",,,,,,
"US1ILCK0294","PALATINE 1.4 NNE, IL US","2020-07-08",,,,,,
"US1ILCK0294","PALATINE 1.4 NNE, IL US","2020-07-09",,,,,,
"US1ILCK0294","PALATINE 1.4 NNE, IL US","2020-07-10",,,,,,
"US1ILCK0294","PALATINE 1.4 NNE, IL US","2020-07-11",,,,,,
"US1ILCK0294","PALATINE 1.4 NNE, IL US","2020-07-12",,,,,,
"US1ILCK0294","PALATINE 1.4 NNE, IL US","2020-07-13",,,,,,
"US1ILCK0294","PALATINE 1.4 NNE, IL US","2020-07-14",,,,,,
"US1ILCK0294","PALATINE 1.4 NNE, IL US","2020-07-15",,,,,,
"US1ILCK0294","PALATINE 1.4 NNE, IL US","2020-07-16",,,,,,
"US1ILCK0294","PALATINE 1.4 NNE, IL US","2020-07-17",,,,,,
"US1ILCK0294","PALATINE 1.4 NNE, IL US","2020-07-18",,,,,,
"US1ILCK0294","PALATINE 1.4 NNE, IL US","2020-07-19",,,,,,
"US1ILCK0294","PALATINE 1.4 NNE, IL US","2020-07-20",,,,,,
"US1ILCK0294","PALATINE 1.4 NNE, IL US","2020-07-21",,,,,,
"US1ILCK0294","PALATINE 1.4 NNE, IL US","2020-07-22",,,,,,
"US1ILCK0294","PALATINE 1.4 NNE, IL US","2020-07-23",,,,,,
"US1ILCK0294","PALATINE 1.4 NNE, IL US","2020-07-24",,,,,,
"US1ILCK0294","PALATINE 1.4 NNE, IL US","2020-07-25",,,,,,
"US1ILCK0294","PALATINE 1.4 NNE, IL US","2020-07-26",,,,,,
"US1ILCK0294","PALATINE 1.4 NNE, IL US","2020-07-27",,,,,,
"US1ILCK0294","PALATINE 1.4 NNE, IL US","2020-07-28",,,,,,
"US1ILCK0294","PALATINE 1.4 NNE, IL US","2020-07-29",,,,,,
"US1ILCK0294","PALATINE 1.4 NNE, IL US","2020-07-30",,,,,,
"US1ILCK0294","PALATINE 1.4 NNE, IL US","2020-07-31",,,,,,
"US1ILCK0294","PALATINE 1.4 NNE, IL US","2020-08-01",,,,,,
"US1ILCK0294","PALATINE 1.4 NNE, IL US","2020-08-02",,,,,,
"US1ILCK0294","PALATINE 1.4 NNE, IL US","2020-08-03",,,,,,
"US1ILCK0294","PALATINE 1.4 NNE, IL US","2020-08-04",,,,,,
"US1ILCK0294","PALATINE 1.4 NNE, IL US","2020-08-05",,,,,,
"US1ILCK0294","PALATINE 1.4 NNE, IL US","2020-08-06",,,,,,
"US1ILCK0294","PALATINE 1.4 NNE, IL US","2020-08-07",,,,,,
"US1ILCK0294","PALATINE 1.4 NNE, IL US","2020-08-08",,,,,,
"US1ILCK0294","PALATINE 1.4 NNE, IL US","2020-08-09",,,,,,
"US1ILCK0294","PALATINE 1.4 NNE, IL US","2020-08-10",,,,,,
"US1ILCK0294","PALATINE 1.4 NNE, IL US","2020-08-11",,,,,,
"US1ILCK0294","PALATINE 1.4 NNE, IL US","2020-08-12",,,,,,
"US1ILCK0294","PALATINE 1.4 NNE, IL US","2020-08-13",,,,,,
"US1ILCK0294","PALATINE 1.4 NNE, IL US","2020-08-14",,,,,,
"US1ILCK0294","PALATINE 1.4 NNE, IL US","2020-08-15",,,,,,
"US1ILCK0294","PALATINE 1.4 NNE, IL US","2020-08-16",,,,,,
"US1ILCK0294","PALATINE 1.4 NNE, IL US","2020-08-17",,,,,,
"US1ILCK0294","PALATINE 1.4 NNE, IL US","2020-08-18",,,,,,
"US1ILCK0294","PALATINE 1.4 NNE, IL US","2020-08-19",,,,,,
"US1ILCK0294","PALATINE 1.4 NNE, IL US","2020-08-20",,,,,,
"US1ILCK0294","PALATINE 1.4 NNE, IL US","2020-08-21",,,,,,
"US1ILCK0294","PALATINE 1.4 NNE, IL US","2020-08-22",,,,,,
"US1ILCK0294","PALATINE 1.4 NNE, IL US","2020-08-23",,,,,,
"US1ILCK0294","PALATINE 1.4 NNE, IL US","2020-08-24",,,,,,
"US1ILCK0294","PALATINE 1.4 NNE, IL US","2020-08-25",,,,,,
"US1ILCK0294","PALATINE 1.4 NNE, IL US","2020-08-26",,,,,,
"US1ILCK0294","PALATINE 1.4 NNE, IL US","2020-08-27",,,,,,
"US1ILCK0294","PALATINE 1.4 NNE, IL US","2020-08-28",,,,,,
"US1ILCK0294","PALATINE 1.4 NNE, IL US","2020-08-29",,,,,,
"US1ILCK0294","PALATINE 1.4 NNE, IL US","2020-08-30",,,,,,
"US1ILCK0294","PALATINE 1.4 NNE, IL US","2020-08-31",,,,,,
"US1ILCK0294","PALATINE 1.4 NNE, IL US","2020-09-01",,,,,,
"US1ILCK0294","PALATINE 1.4 NNE, IL US","2020-09-02",,,,,,
"US1ILCK0294","PALATINE 1.4 NNE, IL US","2020-09-03",,,,,,
"US1ILCK0294","PALATINE 1.4 NNE, IL US","2020-09-04",,,,,,
"US1ILCK0294","PALATINE 1.4 NNE, IL US","2020-09-05",,,,,,
"US1ILCK0294","PALATINE 1.4 NNE, IL US","2020-09-06",,,,,,
"US1ILCK0294","PALATINE 1.4 NNE, IL US","2020-09-07",,,,,,
"US1ILCK0294","PALATINE 1.4 NNE, IL US","2020-09-08",,,,,,
"US1ILDP0145","LISLE 0.8 SW, IL US","2019-10-01",,,,,,
"US1ILDP0145","LISLE 0.8 SW, IL US","2019-10-02",,,,,,
"US1ILDP0145","LISLE 0.8 SW, IL US","2019-10-03",,,,,,
"US1ILDP0145","LISLE 0.8 SW, IL US","2019-10-13",,,,,,
"US1ILDP0145","LISLE 0.8 SW, IL US","2019-10-22",,,,,,
"US1ILDP0145","LISLE 0.8 SW, IL US","2019-10-26",,,,,,
"US1ILDP0145","LISLE 0.8 SW, IL US","2019-10-27",,,,,,
"US1ILDP0145","LISLE 0.8 SW, IL US","2019-10-28",,,,,,
"US1ILDP0145","LISLE 0.8 SW, IL US","2019-10-29",,,,,,
"US1ILDP0145","LISLE 0.8 SW, IL US","2019-11-25",,,,,,
"US1ILDP0145","LISLE 0.8 SW, IL US","2019-11-27",,,,,,
"US1ILDP0145","LISLE 0.8 SW, IL US","2019-11-30",,,,,,
"US1ILDP0145","LISLE 0.8 SW, IL US","2019-12-02",,,,,,
"US1ILDP0145","LISLE 0.8 SW, IL US","2019-12-30",,,,,,
"US1ILDP0145","LISLE 0.8 SW, IL US","2020-01-11",,,,,,
"US1ILDP0145","LISLE 0.8 SW, IL US","2020-02-01",,,,,,
"US1ILDP0145","LISLE 0.8 SW, IL US","2020-02-24",,,,,,
"US1ILDP0145","LISLE 0.8 SW, IL US","2020-03-07",,,,,,
"US1ILDP0145","LISLE 0.8 SW, IL US","2020-03-09",,,,,,
"US1ILDP0145","LISLE 0.8 SW, IL US","2020-03-10",,,,,,
"US1ILDP0145","LISLE 0.8 SW, IL US","2020-03-11",,,,,,
"US1ILDP0145","LISLE 0.8 SW, IL US","2020-03-17",,,,,,
"US1ILDP0145","LISLE 0.8 SW, IL US","2020-03-19",,,,,,
"US1ILDP0145","LISLE 0.8 SW, IL US","2020-03-20",,,,,,
"US1ILDP0145","LISLE 0.8 SW, IL US","2020-03-25",,,,,,
"US1ILDP0145","LISLE 0.8 SW, IL US","2020-03-27",,,,,,
"US1ILDP0145","LISLE 0.8 SW, IL US","2020-03-28",,,,,,
"US1ILDP0145","LISLE 0.8 SW, IL US","2020-03-29",,,,,,
"US1ILDP0145","LISLE 0.8 SW, IL US","2020-04-04",,,,,,
"US1ILDP0145","LISLE 0.8 SW, IL US","2020-04-08",,,,,,
"US1ILDP0145","LISLE 0.8 SW, IL US","2020-04-09",,,,,,
"US1ILDP0145","LISLE 0.8 SW, IL US","2020-04-12",,,,,,
"US1ILDP0145","LISLE 0.8 SW, IL US","2020-04-13",,,,,,
"US1ILDP0145","LISLE 0.8 SW, IL US","2020-04-18",,,,,,
"US1ILDP0145","LISLE 0.8 SW, IL US","2020-04-22",,,,,,
"US1ILDP0145","LISLE 0.8 SW, IL US","2020-04-25",,,,,,
"US1ILDP0145","LISLE 0.8 SW, IL US","2020-04-26",,,,,,
"US1ILDP0145","LISLE 0.8 SW, IL US","2020-04-29",,,,,,
"US1ILDP0145","LISLE 0.8 SW, IL US","2020-04-30",,,,,,
"US1ILDP0145","LISLE 0.8 SW, IL US","2020-05-05",,,,,,
"US1ILDP0145","LISLE 0.8 SW, IL US","2020-05-06",,,,,,
"US1ILDP0145","LISLE 0.8 SW, IL US","2020-05-08",,,,,,
"US1ILDP0145","LISLE 0.8 SW, IL US","2020-05-11",,,,,,
"US1ILDP0145","LISLE 0.8 SW, IL US","2020-05-13",,,,,,
"US1ILDP0145","LISLE 0.8 SW, IL US","2020-05-14",,,,,,
"US1ILDP0145","LISLE 0.8 SW, IL US","2020-05-15",,,,,,
"US1ILDP0145","LISLE 0.8 SW, IL US","2020-05-17",,,,,,
"US1ILDP0145","LISLE 0.8 SW, IL US","2020-05-18",,,,,,
"US1ILDP0145","LISLE 0.8 SW, IL US","2020-05-20",,,,,,
"US1ILDP0145","LISLE 0.8 SW, IL US","2020-05-22",,,,,,
"US1ILDP0145","LISLE 0.8 SW, IL US","2020-05-24",,,,,,
"US1ILDP0145","LISLE 0.8 SW, IL US","2020-05-25",,,,,,
"US1ILDP0145","LISLE 0.8 SW, IL US","2020-05-28",,,,,,
"US1ILDP0145","LISLE 0.8 SW, IL US","2020-05-29",,,,,,
"US1ILDP0145","LISLE 0.8 SW, IL US","2020-06-03",,,,,,
"US1ILDP0145","LISLE 0.8 SW, IL US","2020-06-04",,,,,,
"US1ILDP0145","LISLE 0.8 SW, IL US","2020-06-09",,,,,,
"US1ILDP0145","LISLE 0.8 SW, IL US","2020-06-10",,,,,,
"US1ILDP0145","LISLE 0.8 SW, IL US","2020-06-11",,,,,,
"US1ILDP0145","LISLE 0.8 SW, IL US","2020-06-12",,,,,,
"US1ILDP0145","LISLE 0.8 SW, IL US","2020-06-13",,,,,,
"US1ILDP0145","LISLE 0.8 SW, IL US","2020-06-22",,,,,,
"US1ILDP0145","LISLE 0.8 SW, IL US","2020-06-23",,,,,,
"US1ILDP0145","LISLE 0.8 SW, IL US","2020-06-24",,,,,,
"US1ILDP0145","LISLE 0.8 SW, IL US","2020-06-26",,,,,,
"US1ILDP0145","LISLE 0.8 SW, IL US","2020-06-27",,,,,,
"US1ILDP0145","LISLE 0.8 SW, IL US","2020-06-30",,,,,,
"US1ILDP0145","LISLE 0.8 SW, IL US","2020-07-01",,,,,,
"US1ILDP0145","LISLE 0.8 SW, IL US","2020-07-02",,,,,,
"US1ILDP0145","LISLE 0.8 SW, IL US","2020-07-08",,,,,,
"US1ILDP0145","LISLE 0.8 SW, IL US","2020-07-09",,,,,,
"US1ILDP0145","LISLE 0.8 SW, IL US","2020-07-10",,,,,,
"US1ILDP0145","LISLE 0.8 SW, IL US","2020-07-11",,,,,,
"US1ILDP0145","LISLE 0.8 SW, IL US","2020-07-12",,,,,,
"US1ILDP0145","LISLE 0.8 SW, IL US","2020-07-13",,,,,,
"US1ILDP0145","LISLE 0.8 SW, IL US","2020-07-14",,,,,,
"US1ILDP0145","LISLE 0.8 SW, IL US","2020-07-15",,,,,,
"US1ILDP0145","LISLE 0.8 SW, IL US","2020-07-16",,,,,,
"US1ILDP0145","LISLE 0.8 SW, IL US","2020-07-18",,,,,,
"US1ILDP0145","LISLE 0.8 SW, IL US","2020-07-19",,,,,,
"US1ILDP0145","LISLE 0.8 SW, IL US","2020-07-20",,,,,,
"US1ILDP0145","LISLE 0.8 SW, IL US","2020-07-21",,,,,,
"US1ILDP0145","LISLE 0.8 SW, IL US","2020-07-22",,,,,,
"US1ILDP0145","LISLE 0.8 SW, IL US","2020-07-24",,,,,,
"US1ILDP0145","LISLE 0.8 SW, IL US","2020-07-25",,,,,,
"US1ILDP0145","LISLE 0.8 SW, IL US","2020-07-26",,,,,,
"US1ILDP0145","LISLE 0.8 SW, IL US","2020-07-27",,,,,,
"US1ILDP0145","LISLE 0.8 SW, IL US","2020-07-28",,,,,,
"US1ILDP0145","LISLE 0.8 SW, IL US","2020-07-29",,,,,,
"US1ILDP0145","LISLE 0.8 SW, IL US","2020-07-30",,,,,,
"US1ILDP0145","LISLE 0.8 SW, IL US","2020-08-02",,,,,,
"US1ILDP0145","LISLE 0.8 SW, IL US","2020-08-03",,,,,,
"US1ILDP0145","LISLE 0.8 SW, IL US","2020-08-04",,,,,,
"US1ILDP0145","LISLE 0.8 SW, IL US","2020-08-06",,,,,,
"US1ILDP0145","LISLE 0.8 SW, IL US","2020-08-07",,,,,,
"US1ILDP0145","LISLE 0.8 SW, IL US","2020-08-09",,,,,,
"US1ILDP0145","LISLE 0.8 SW, IL US","2020-08-10",,,,,,
"US1ILDP0145","LISLE 0.8 SW, IL US","2020-08-11",,,,,,
"US1ILDP0145","LISLE 0.8 SW, IL US","2020-08-12",,,,,,
"US1ILDP0145","LISLE 0.8 SW, IL US","2020-08-13",,,,,,
"US1ILDP0145","LISLE 0.8 SW, IL US","2020-08-14",,,,,,
"US1ILDP0145","LISLE 0.8 SW, IL US","2020-08-15",,,,,,
"US1ILDP0145","LISLE 0.8 SW, IL US","2020-08-16",,,,,,
"US1ILDP0145","LISLE 0.8 SW, IL US","2020-08-17",,,,,,
"US1ILDP0145","LISLE 0.8 SW, IL US","2020-08-18",,,,,,
"US1ILDP0145","LISLE 0.8 SW, IL US","2020-08-20",,,,,,
"US1ILDP0145","LISLE 0.8 SW, IL US","2020-08-23",,,,,,
"US1ILDP0145","LISLE 0.8 SW, IL US","2020-08-24",,,,,,
"US1ILDP0145","LISLE 0.8 SW, IL US","2020-08-25",,,,,,
"US1ILDP0145","LISLE 0.8 SW, IL US","2020-08-26",,,,,,
"US1ILDP0145","LISLE 0.8 SW, IL US","2020-08-31",,,,,,
"US1ILDP0145","LISLE 0.8 SW, IL US","2020-09-02",,,,,,
"US1ILDP0145","LISLE 0.8 SW, IL US","2020-09-03",,,,,,
"US1ILDP0145","LISLE 0.8 SW, IL US","2020-09-05",,,,,,
"US1ILDP0145","LISLE 0.8 SW, IL US","2020-09-06",,,,,,
"US1ILDP0145","LISLE 0.8 SW, IL US","2020-09-07",,,,,,
"US1ILDP0145","LISLE 0.8 SW, IL US","2020-09-08",,,,,,
"US1ILCK0053","GLENCOE 0.1 NW, IL US","2019-10-01",,,,,,
"US1ILCK0053","GLENCOE 0.1 NW, IL US","2019-10-02",,,,,,
"US1ILCK0053","GLENCOE 0.1 NW, IL US","2019-10-03",,,,,,
"US1ILCK0053","GLENCOE 0.1 NW, IL US","2019-10-04",,,,,,
"US1ILCK0053","GLENCOE 0.1 NW, IL US","2019-10-05",,,,,,
"US1ILCK0053","GLENCOE 0.1 NW, IL US","2019-10-06",,,,,,
"US1ILCK0053","GLENCOE 0.1 NW, IL US","2019-10-07",,,,,,
"US1ILCK0053","GLENCOE 0.1 NW, IL US","2019-10-08",,,,,,
"US1ILCK0053","GLENCOE 0.1 NW, IL US","2019-10-09",,,,,,
"US1ILCK0053","GLENCOE 0.1 NW, IL US","2019-10-10",,,,,,
"US1ILCK0053","GLENCOE 0.1 NW, IL US","2019-10-11",,,,,,
"US1ILCK0053","GLENCOE 0.1 NW, IL US","2019-10-12",,,,,,
"US1ILCK0053","GLENCOE 0.1 NW, IL US","2019-10-13",,,,,,
"US1ILCK0053","GLENCOE 0.1 NW, IL US","2019-10-14",,,,,,
"US1ILCK0053","GLENCOE 0.1 NW, IL US","2019-10-15",,,,,,
"US1ILCK0053","GLENCOE 0.1 NW, IL US","2019-10-16",,,,,,
"US1ILCK0053","GLENCOE 0.1 NW, IL US","2019-10-17",,,,,,
"US1ILCK0053","GLENCOE 0.1 NW, IL US","2019-10-21",,,,,,
"US1ILCK0053","GLENCOE 0.1 NW, IL US","2019-10-22",,,,,,
"US1ILCK0053","GLENCOE 0.1 NW, IL US","2019-10-23",,,,,,
"US1ILCK0053","GLENCOE 0.1 NW, IL US","2019-10-24",,,,,,
"US1ILCK0053","GLENCOE 0.1 NW, IL US","2020-03-28",,,,,,
"US1ILCK0053","GLENCOE 0.1 NW, IL US","2020-03-29",,,,,,
"US1ILCK0053","GLENCOE 0.1 NW, IL US","2020-03-31",,,,,,
"US1ILCK0053","GLENCOE 0.1 NW, IL US","2020-04-01",,,,,,
"US1ILCK0053","GLENCOE 0.1 NW, IL US","2020-04-02",,,,,,
"US1ILCK0053","GLENCOE 0.1 NW, IL US","2020-04-03",,,,,,
"US1ILCK0053","GLENCOE 0.1 NW, IL US","2020-04-04",,,,,,
"US1ILCK0053","GLENCOE 0.1 NW, IL US","2020-04-05",,,,,,
"US1ILCK0053","GLENCOE 0.1 NW, IL US","2020-04-06",,,,,,
"US1ILCK0053","GLENCOE 0.1 NW, IL US","2020-04-07",,,,,,
"US1ILCK0053","GLENCOE 0.1 NW, IL US","2020-04-08",,,,,,
"US1ILCK0053","GLENCOE 0.1 NW, IL US","2020-04-09",,,,,,
"US1ILCK0053","GLENCOE 0.1 NW, IL US","2020-04-10",,,,,,
"US1ILCK0053","GLENCOE 0.1 NW, IL US","2020-04-11",,,,,,
"US1ILCK0053","GLENCOE 0.1 NW, IL US","2020-04-12",,,,,,
"US1ILCK0053","GLENCOE 0.1 NW, IL US","2020-04-13",,,,,,
"US1ILCK0053","GLENCOE 0.1 NW, IL US","2020-04-14",,,,,,
"US1ILCK0053","GLENCOE 0.1 NW, IL US","2020-04-16",,,,,,
"US1ILCK0053","GLENCOE 0.1 NW, IL US","2020-04-19",,,,,,
"US1ILCK0053","GLENCOE 0.1 NW, IL US","2020-04-20",,,,,,
"US1ILCK0053","GLENCOE 0.1 NW, IL US","2020-04-21",,,,,,
"US1ILCK0053","GLENCOE 0.1 NW, IL US","2020-04-22",,,,,,
"US1ILCK0053","GLENCOE 0.1 NW, IL US","2020-04-23",,,,,,
"US1ILCK0053","GLENCOE 0.1 NW, IL US","2020-04-24",,,,,,
"US1ILCK0053","GLENCOE 0.1 NW, IL US","2020-04-25",,,,,,
"US1ILCK0053","GLENCOE 0.1 NW, IL US","2020-04-26",,,,,,
"US1ILCK0053","GLENCOE 0.1 NW, IL US","2020-04-27",,,,,,
"US1ILCK0053","GLENCOE 0.1 NW, IL US","2020-04-28",,,,,,
"US1ILCK0053","GLENCOE 0.1 NW, IL US","2020-04-29",,,,,,
"US1ILCK0053","GLENCOE 0.1 NW, IL US","2020-04-30",,,,,,
"US1ILCK0053","GLENCOE 0.1 NW, IL US","2020-05-01",,,,,,
"US1ILCK0053","GLENCOE 0.1 NW, IL US","2020-05-02",,,,,,
"US1ILCK0053","GLENCOE 0.1 NW, IL US","2020-05-03",,,,,,
"US1ILCK0053","GLENCOE 0.1 NW, IL US","2020-05-04",,,,,,
"US1ILCK0053","GLENCOE 0.1 NW, IL US","2020-05-05",,,,,,
"US1ILCK0053","GLENCOE 0.1 NW, IL US","2020-05-06",,,,,,
"US1ILCK0053","GLENCOE 0.1 NW, IL US","2020-05-07",,,,,,
"US1ILCK0053","GLENCOE 0.1 NW, IL US","2020-05-08",,,,,,
"US1ILCK0053","GLENCOE 0.1 NW, IL US","2020-05-09",,,,,,
"US1ILCK0053","GLENCOE 0.1 NW, IL US","2020-05-10",,,,,,
"US1ILCK0053","GLENCOE 0.1 NW, IL US","2020-05-11",,,,,,
"US1ILCK0053","GLENCOE 0.1 NW, IL US","2020-05-12",,,,,,
"US1ILCK0053","GLENCOE 0.1 NW, IL US","2020-05-13",,,,,,
"US1ILCK0053","GLENCOE 0.1 NW, IL US","2020-05-14",,,,,,
"US1ILCK0053","GLENCOE 0.1 NW, IL US","2020-05-15",,,,,,
"US1ILCK0053","GLENCOE 0.1 NW, IL US","2020-05-16",,,,,,
"US1ILCK0053","GLENCOE 0.1 NW, IL US","2020-05-17",,,,,,
"US1ILCK0053","GLENCOE 0.1 NW, IL US","2020-05-18",,,,,,
"US1ILCK0053","GLENCOE 0.1 NW, IL US","2020-05-19",,,,,,
"US1ILCK0053","GLENCOE 0.1 NW, IL US","2020-05-20",,,,,,
"US1ILCK0053","GLENCOE 0.1 NW, IL US","2020-05-21",,,,,,
"US1ILCK0053","GLENCOE 0.1 NW, IL US","2020-05-22",,,,,,
"US1ILCK0053","GLENCOE 0.1 NW, IL US","2020-05-23",,,,,,
"US1ILCK0053","GLENCOE 0.1 NW, IL US","2020-05-24",,,,,,
"US1ILCK0053","GLENCOE 0.1 NW, IL US","2020-05-25",,,,,,
"US1ILCK0053","GLENCOE 0.1 NW, IL US","2020-05-26",,,,,,
"US1ILCK0053","GLENCOE 0.1 NW, IL US","2020-05-27",,,,,,
"US1ILCK0053","GLENCOE 0.1 NW, IL US","2020-05-28",,,,,,
"US1ILCK0053","GLENCOE 0.1 NW, IL US","2020-05-29",,,,,,
"US1ILCK0053","GLENCOE 0.1 NW, IL US","2020-05-30",,,,,,
"US1ILCK0053","GLENCOE 0.1 NW, IL US","2020-05-31",,,,,,
"US1ILCK0053","GLENCOE 0.1 NW, IL US","2020-06-01",,,,,,
"US1ILCK0053","GLENCOE 0.1 NW, IL US","2020-06-02",,,,,,
"US1ILCK0053","GLENCOE 0.1 NW, IL US","2020-06-03",,,,,,
"US1ILCK0053","GLENCOE 0.1 NW, IL US","2020-06-04",,,,,,
"US1ILCK0053","GLENCOE 0.1 NW, IL US","2020-06-05",,,,,,
"US1ILCK0053","GLENCOE 0.1 NW, IL US","2020-06-06",,,,,,
"US1ILCK0053","GLENCOE 0.1 NW, IL US","2020-06-07",,,,,,
"US1ILCK0053","GLENCOE 0.1 NW, IL US","2020-06-08",,,,,,
"US1ILCK0053","GLENCOE 0.1 NW, IL US","2020-06-09",,,,,,
"US1ILCK0053","GLENCOE 0.1 NW, IL US","2020-06-10",,,,,,
"US1ILCK0053","GLENCOE 0.1 NW, IL US","2020-06-11",,,,,,
"US1ILCK0053","GLENCOE 0.1 NW, IL US","2020-06-12",,,,,,
"US1ILCK0053","GLENCOE 0.1 NW, IL US","2020-06-13",,,,,,
"US1ILCK0053","GLENCOE 0.1 NW, IL US","2020-06-14",,,,,,
"US1ILCK0053","GLENCOE 0.1 NW, IL US","2020-06-15",,,,,,
"US1ILCK0053","GLENCOE 0.1 NW, IL US","2020-06-16",,,,,,
"US1ILCK0053","GLENCOE 0.1 NW, IL US","2020-06-17",,,,,,
"US1ILCK0053","GLENCOE 0.1 NW, IL US","2020-06-18",,,,,,
"US1ILCK0053","GLENCOE 0.1 NW, IL US","2020-06-19",,,,,,
"US1ILCK0053","GLENCOE 0.1 NW, IL US","2020-06-20",,,,,,
"US1ILCK0053","GLENCOE 0.1 NW, IL US","2020-06-21",,,,,,
"US1ILCK0053","GLENCOE 0.1 NW, IL US","2020-06-22",,,,,,
"US1ILCK0053","GLENCOE 0.1 NW, IL US","2020-06-23",,,,,,
"US1ILCK0053","GLENCOE 0.1 NW, IL US","2020-06-24",,,,,,
"US1ILCK0053","GLENCOE 0.1 NW, IL US","2020-06-25",,,,,,
"US1ILCK0053","GLENCOE 0.1 NW, IL US","2020-06-26",,,,,,
"US1ILCK0053","GLENCOE 0.1 NW, IL US","2020-06-27",,,,,,
"US1ILCK0053","GLENCOE 0.1 NW, IL US","2020-06-28",,,,,,
"US1ILCK0053","GLENCOE 0.1 NW, IL US","2020-06-29",,,,,,
"US1ILCK0053","GLENCOE 0.1 NW, IL US","2020-06-30",,,,,,
"US1ILCK0053","GLENCOE 0.1 NW, IL US","2020-07-01",,,,,,
"US1ILCK0053","GLENCOE 0.1 NW, IL US","2020-07-02",,,,,,
"US1ILCK0053","GLENCOE 0.1 NW, IL US","2020-07-03",,,,,,
"US1ILCK0053","GLENCOE 0.1 NW, IL US","2020-07-04",,,,,,
"US1ILCK0053","GLENCOE 0.1 NW, IL US","2020-07-05",,,,,,
"US1ILCK0053","GLENCOE 0.1 NW, IL US","2020-07-06",,,,,,
"US1ILCK0053","GLENCOE 0.1 NW, IL US","2020-07-07",,,,,,
"US1ILCK0053","GLENCOE 0.1 NW, IL US","2020-07-08",,,,,,
"US1ILCK0053","GLENCOE 0.1 NW, IL US","2020-07-09",,,,,,
"US1ILCK0053","GLENCOE 0.1 NW, IL US","2020-07-10",,,,,,
"US1ILCK0053","GLENCOE 0.1 NW, IL US","2020-07-11",,,,,,
"US1ILCK0053","GLENCOE 0.1 NW, IL US","2020-07-12",,,,,,
"US1ILCK0053","GLENCOE 0.1 NW, IL US","2020-07-13",,,,,,
"US1ILCK0053","GLENCOE 0.1 NW, IL US","2020-07-14",,,,,,
"US1ILCK0053","GLENCOE 0.1 NW, IL US","2020-07-15",,,,,,
"US1ILCK0053","GLENCOE 0.1 NW, IL US","2020-07-16",,,,,,
"US1ILCK0053","GLENCOE 0.1 NW, IL US","2020-07-17",,,,,,
"US1ILCK0053","GLENCOE 0.1 NW, IL US","2020-07-18",,,,,,
"US1ILCK0053","GLENCOE 0.1 NW, IL US","2020-07-19",,,,,,
"US1ILCK0053","GLENCOE 0.1 NW, IL US","2020-07-20",,,,,,
"US1ILCK0053","GLENCOE 0.1 NW, IL US","2020-07-21",,,,,,
"US1ILCK0053","GLENCOE 0.1 NW, IL US","2020-07-22",,,,,,
"US1ILCK0053","GLENCOE 0.1 NW, IL US","2020-07-23",,,,,,
"US1ILCK0053","GLENCOE 0.1 NW, IL US","2020-07-24",,,,,,
"US1ILCK0053","GLENCOE 0.1 NW, IL US","2020-07-25",,,,,,
"US1ILCK0053","GLENCOE 0.1 NW, IL US","2020-07-26",,,,,,
"US1ILCK0053","GLENCOE 0.1 NW, IL US","2020-07-27",,,,,,
"US1ILCK0053","GLENCOE 0.1 NW, IL US","2020-07-28",,,,,,
"US1ILCK0053","GLENCOE 0.1 NW, IL US","2020-07-29",,,,,,
"US1ILCK0053","GLENCOE 0.1 NW, IL US","2020-07-30",,,,,,
"US1ILCK0053","GLENCOE 0.1 NW, IL US","2020-07-31",,,,,,
"US1ILCK0053","GLENCOE 0.1 NW, IL US","2020-08-01",,,,,,
"US1ILCK0053","GLENCOE 0.1 NW, IL US","2020-08-02",,,,,,
"US1ILCK0053","GLENCOE 0.1 NW, IL US","2020-08-03",,,,,,
"US1ILCK0053","GLENCOE 0.1 NW, IL US","2020-08-04",,,,,,
"US1ILCK0053","GLENCOE 0.1 NW, IL US","2020-08-05",,,,,,
"US1ILCK0053","GLENCOE 0.1 NW, IL US","2020-08-06",,,,,,
"US1ILCK0053","GLENCOE 0.1 NW, IL US","2020-08-07",,,,,,
"US1ILCK0053","GLENCOE 0.1 NW, IL US","2020-08-08",,,,,,
"US1ILCK0053","GLENCOE 0.1 NW, IL US","2020-08-09",,,,,,
"US1ILCK0053","GLENCOE 0.1 NW, IL US","2020-08-10",,,,,,
"US1ILCK0053","GLENCOE 0.1 NW, IL US","2020-08-11",,,,,,
"US1ILCK0053","GLENCOE 0.1 NW, IL US","2020-08-12",,,,,,
"US1ILCK0053","GLENCOE 0.1 NW, IL US","2020-08-13",,,,,,
"US1ILCK0053","GLENCOE 0.1 NW, IL US","2020-08-14",,,,,,
"US1ILCK0053","GLENCOE 0.1 NW, IL US","2020-08-15",,,,,,
"US1ILCK0053","GLENCOE 0.1 NW, IL US","2020-08-16",,,,,,
"US1ILCK0053","GLENCOE 0.1 NW, IL US","2020-08-17",,,,,,
"US1ILCK0053","GLENCOE 0.1 NW, IL US","2020-08-20",,,,,,
"US1ILCK0053","GLENCOE 0.1 NW, IL US","2020-08-21",,,,,,
"US1ILCK0053","GLENCOE 0.1 NW, IL US","2020-08-22",,,,,,
"US1ILCK0053","GLENCOE 0.1 NW, IL US","2020-08-23",,,,,,
"US1ILCK0053","GLENCOE 0.1 NW, IL US","2020-08-24",,,,,,
"US1ILCK0053","GLENCOE 0.1 NW, IL US","2020-08-25",,,,,,
"US1ILCK0053","GLENCOE 0.1 NW, IL US","2020-08-26",,,,,,
"US1ILCK0053","GLENCOE 0.1 NW, IL US","2020-08-27",,,,,,
"US1ILCK0053","GLENCOE 0.1 NW, IL US","2020-08-28",,,,,,
"US1ILCK0053","GLENCOE 0.1 NW, IL US","2020-08-29",,,,,,
"US1ILCK0053","GLENCOE 0.1 NW, IL US","2020-08-30",,,,,,
"US1ILCK0053","GLENCOE 0.1 NW, IL US","2020-09-01",,,,,,
"US1ILCK0053","GLENCOE 0.1 NW, IL US","2020-09-02",,,,,,
"US1ILCK0053","GLENCOE 0.1 NW, IL US","2020-09-03",,,,,,
"US1ILCK0053","GLENCOE 0.1 NW, IL US","2020-09-04",,,,,,
"US1ILCK0053","GLENCOE 0.1 NW, IL US","2020-09-05",,,,,,
"US1ILCK0053","GLENCOE 0.1 NW, IL US","2020-09-06",,,,,,
"US1ILCK0053","GLENCOE 0.1 NW, IL US","2020-09-07",,,,,,
"US1ILCK0053","GLENCOE 0.1 NW, IL US","2020-09-08",,,,,,
"US1ILWL0147","NEW LENOX 2.0 ESE, IL US","2019-10-01",,,,,,
"US1ILWL0147","NEW LENOX 2.0 ESE, IL US","2019-10-02",,,,,,
"US1ILWL0147","NEW LENOX 2.0 ESE, IL US","2019-10-03",,,,,,
"US1ILWL0147","NEW LENOX 2.0 ESE, IL US","2019-10-04",,,,,,
"US1ILWL0147","NEW LENOX 2.0 ESE, IL US","2019-10-05",,,,,,
"US1ILWL0147","NEW LENOX 2.0 ESE, IL US","2019-10-06",,,,,,
"US1ILWL0147","NEW LENOX 2.0 ESE, IL US","2019-10-08",,,,,,
"US1ILWL0147","NEW LENOX 2.0 ESE, IL US","2019-10-09",,,,,,
"US1ILWL0147","NEW LENOX 2.0 ESE, IL US","2019-10-10",,,,,,
"US1ILWL0147","NEW LENOX 2.0 ESE, IL US","2019-10-23",,,,,,
"US1ILWL0147","NEW LENOX 2.0 ESE, IL US","2019-10-24",,,,,,
"US1ILWL0147","NEW LENOX 2.0 ESE, IL US","2019-10-25",,,,,,
"US1ILWL0147","NEW LENOX 2.0 ESE, IL US","2019-10-26",,,,,,
"US1ILWL0147","NEW LENOX 2.0 ESE, IL US","2019-10-27",,,,,,
"US1ILWL0147","NEW LENOX 2.0 ESE, IL US","2019-10-28",,,,,,
"US1ILWL0147","NEW LENOX 2.0 ESE, IL US","2019-10-29",,,,,,
"US1ILWL0147","NEW LENOX 2.0 ESE, IL US","2019-10-30",,,,,,
"US1ILWL0147","NEW LENOX 2.0 ESE, IL US","2019-10-31",,,,,,
"US1ILWL0147","NEW LENOX 2.0 ESE, IL US","2019-11-01",,,,,,
"US1ILWL0147","NEW LENOX 2.0 ESE, IL US","2019-11-02",,,,,,
"US1ILWL0147","NEW LENOX 2.0 ESE, IL US","2019-11-03",,,,,,
"US1ILWL0147","NEW LENOX 2.0 ESE, IL US","2019-11-04",,,,,,
"US1ILWL0147","NEW LENOX 2.0 ESE, IL US","2019-11-05",,,,,,
"US1ILWL0147","NEW LENOX 2.0 ESE, IL US","2019-11-06",,,,,,
"US1ILWL0147","NEW LENOX 2.0 ESE, IL US","2019-11-07",,,,,,
"US1ILWL0147","NEW LENOX 2.0 ESE, IL US","2019-11-08",,,,,,
"US1ILWL0147","NEW LENOX 2.0 ESE, IL US","2019-11-09",,,,,,
"US1ILWL0147","NEW LENOX 2.0 ESE, IL US","2019-11-10",,,,,,
"US1ILWL0147","NEW LENOX 2.0 ESE, IL US","2019-11-11",,,,,,
"US1ILWL0147","NEW LENOX 2.0 ESE, IL US","2019-11-12",,,,,,
"US1ILWL0147","NEW LENOX 2.0 ESE, IL US","2019-11-13",,,,,,
"US1ILWL0147","NEW LENOX 2.0 ESE, IL US","2019-11-14",,,,,,
"US1ILWL0147","NEW LENOX 2.0 ESE, IL US","2019-11-15",,,,,,
"US1ILWL0147","NEW LENOX 2.0 ESE, IL US","2019-11-16",,,,,,
"US1ILWL0147","NEW LENOX 2.0 ESE, IL US","2019-11-17",,,,,,
"US1ILWL0147","NEW LENOX 2.0 ESE, IL US","2019-11-18",,,,,,
"US1ILWL0147","NEW LENOX 2.0 ESE, IL US","2019-11-19",,,,,,
"US1ILWL0147","NEW LENOX 2.0 ESE, IL US","2019-11-20",,,,,,
"US1ILWL0147","NEW LENOX 2.0 ESE, IL US","2019-11-21",,,,,,
"US1ILWL0147","NEW LENOX 2.0 ESE, IL US","2019-11-22",,,,,,
"US1ILWL0147","NEW LENOX 2.0 ESE, IL US","2019-11-23",,,,,,
"US1ILWL0147","NEW LENOX 2.0 ESE, IL US","2019-11-24",,,,,,
"US1ILWL0147","NEW LENOX 2.0 ESE, IL US","2019-11-25",,,,,,
"US1ILWL0147","NEW LENOX 2.0 ESE, IL US","2019-11-26",,,,,,
"US1ILWL0147","NEW LENOX 2.0 ESE, IL US","2019-11-27",,,,,,
"US1ILWL0147","NEW LENOX 2.0 ESE, IL US","2019-11-28",,,,,,
"US1ILWL0147","NEW LENOX 2.0 ESE, IL US","2019-11-29",,,,,,
"US1ILWL0147","NEW LENOX 2.0 ESE, IL US","2019-11-30",,,,,,
"US1ILWL0147","NEW LENOX 2.0 ESE, IL US","2019-12-01",,,,,,
"US1ILWL0147","NEW LENOX 2.0 ESE, IL US","2019-12-02",,,,,,
"US1ILWL0147","NEW LENOX 2.0 ESE, IL US","2019-12-03",,,,,,
"US1ILWL0147","NEW LENOX 2.0 ESE, IL US","2019-12-04",,,,,,
"US1ILWL0147","NEW LENOX 2.0 ESE, IL US","2019-12-05",,,,,,
"US1ILWL0147","NEW LENOX 2.0 ESE, IL US","2019-12-06",,,,,,
"US1ILWL0147","NEW LENOX 2.0 ESE, IL US","2019-12-07",,,,,,
"US1ILWL0147","NEW LENOX 2.0 ESE, IL US","2019-12-08",,,,,,
"US1ILWL0147","NEW LENOX 2.0 ESE, IL US","2019-12-09",,,,,,
"US1ILWL0147","NEW LENOX 2.0 ESE, IL US","2019-12-10",,,,,,
"US1ILWL0147","NEW LENOX 2.0 ESE, IL US","2019-12-11",,,,,,
"US1ILWL0147","NEW LENOX 2.0 ESE, IL US","2019-12-12",,,,,,
"US1ILWL0147","NEW LENOX 2.0 ESE, IL US","2019-12-13",,,,,,
"US1ILWL0147","NEW LENOX 2.0 ESE, IL US","2019-12-14",,,,,,
"US1ILWL0147","NEW LENOX 2.0 ESE, IL US","2019-12-15",,,,,,
"US1ILWL0147","NEW LENOX 2.0 ESE, IL US","2019-12-16",,,,,,
"US1ILWL0147","NEW LENOX 2.0 ESE, IL US","2019-12-17",,,,,,
"US1ILWL0147","NEW LENOX 2.0 ESE, IL US","2019-12-18",,,,,,
"US1ILWL0147","NEW LENOX 2.0 ESE, IL US","2019-12-19",,,,,,
"US1ILWL0147","NEW LENOX 2.0 ESE, IL US","2019-12-20",,,,,,
"US1ILWL0147","NEW LENOX 2.0 ESE, IL US","2019-12-21",,,,,,
"US1ILWL0147","NEW LENOX 2.0 ESE, IL US","2019-12-22",,,,,,
"US1ILWL0147","NEW LENOX 2.0 ESE, IL US","2019-12-23",,,,,,
"US1ILWL0147","NEW LENOX 2.0 ESE, IL US","2019-12-28",,,,,,
"US1ILWL0147","NEW LENOX 2.0 ESE, IL US","2019-12-29",,,,,,
"US1ILWL0147","NEW LENOX 2.0 ESE, IL US","2019-12-30",,,,,,
"US1ILWL0147","NEW LENOX 2.0 ESE, IL US","2019-12-31",,,,,,
"US1ILWL0147","NEW LENOX 2.0 ESE, IL US","2020-01-01",,,,,,
"US1ILWL0147","NEW LENOX 2.0 ESE, IL US","2020-01-02",,,,,,
"US1ILWL0147","NEW LENOX 2.0 ESE, IL US","2020-01-03",,,,,,
"US1ILWL0147","NEW LENOX 2.0 ESE, IL US","2020-01-04",,,,,,
"US1ILWL0147","NEW LENOX 2.0 ESE, IL US","2020-01-05",,,,,,
"US1ILWL0147","NEW LENOX 2.0 ESE, IL US","2020-01-06",,,,,,
"US1ILWL0147","NEW LENOX 2.0 ESE, IL US","2020-01-07",,,,,,
"US1ILWL0147","NEW LENOX 2.0 ESE, IL US","2020-01-08",,,,,,
"US1ILWL0147","NEW LENOX 2.0 ESE, IL US","2020-01-09",,,,,,
"US1ILWL0147","NEW LENOX 2.0 ESE, IL US","2020-01-10",,,,,,
"US1ILWL0147","NEW LENOX 2.0 ESE, IL US","2020-01-11",,,,,,
"US1ILWL0147","NEW LENOX 2.0 ESE, IL US","2020-01-12",,,,,,
"US1ILWL0147","NEW LENOX 2.0 ESE, IL US","2020-01-13",,,,,,
"US1ILWL0147","NEW LENOX 2.0 ESE, IL US","2020-01-14",,,,,,
"US1ILWL0147","NEW LENOX 2.0 ESE, IL US","2020-01-15",,,,,,
"US1ILWL0147","NEW LENOX 2.0 ESE, IL US","2020-01-16",,,,,,
"US1ILWL0147","NEW LENOX 2.0 ESE, IL US","2020-01-17",,,,,,
"US1ILWL0147","NEW LENOX 2.0 ESE, IL US","2020-01-18",,,,,,
"US1ILWL0147","NEW LENOX 2.0 ESE, IL US","2020-01-19",,,,,,
"US1ILWL0147","NEW LENOX 2.0 ESE, IL US","2020-01-20",,,,,,
"US1ILWL0147","NEW LENOX 2.0 ESE, IL US","2020-01-21",,,,,,
"US1ILWL0147","NEW LENOX 2.0 ESE, IL US","2020-01-22",,,,,,
"US1ILWL0147","NEW LENOX 2.0 ESE, IL US","2020-01-23",,,,,,
"US1ILWL0147","NEW LENOX 2.0 ESE, IL US","2020-01-24",,,,,,
"US1ILWL0147","NEW LENOX 2.0 ESE, IL US","2020-01-25",,,,,,
"US1ILWL0147","NEW LENOX 2.0 ESE, IL US","2020-01-26",,,,,,
"US1ILWL0147","NEW LENOX 2.0 ESE, IL US","2020-01-27",,,,,,
"US1ILWL0147","NEW LENOX 2.0 ESE, IL US","2020-01-28",,,,,,
"US1ILWL0147","NEW LENOX 2.0 ESE, IL US","2020-01-29",,,,,,
"US1ILWL0147","NEW LENOX 2.0 ESE, IL US","2020-01-30",,,,,,
"US1ILWL0147","NEW LENOX 2.0 ESE, IL US","2020-01-31",,,,,,
"US1ILWL0147","NEW LENOX 2.0 ESE, IL US","2020-02-01",,,,,,
"US1ILWL0147","NEW LENOX 2.0 ESE, IL US","2020-02-02",,,,,,
"US1ILWL0147","NEW LENOX 2.0 ESE, IL US","2020-02-03",,,,,,
"US1ILWL0147","NEW LENOX 2.0 ESE, IL US","2020-02-04",,,,,,
"US1ILWL0147","NEW LENOX 2.0 ESE, IL US","2020-02-05",,,,,,
"US1ILWL0147","NEW LENOX 2.0 ESE, IL US","2020-02-06",,,,,,
"US1ILWL0147","NEW LENOX 2.0 ESE, IL US","2020-02-07",,,,,,
"US1ILWL0147","NEW LENOX 2.0 ESE, IL US","2020-02-09",,,,,,
"US1ILWL0147","NEW LENOX 2.0 ESE, IL US","2020-02-10",,,,,,
"US1ILWL0147","NEW LENOX 2.0 ESE, IL US","2020-02-11",,,,,,
"US1ILWL0147","NEW LENOX 2.0 ESE, IL US","2020-02-12",,,,,,
"US1ILWL0147","NEW LENOX 2.0 ESE, IL US","2020-02-13",,,,,,
"US1ILWL0147","NEW LENOX 2.0 ESE, IL US","2020-02-14",,,,,,
"US1ILWL0147","NEW LENOX 2.0 ESE, IL US","2020-02-15",,,,,,
"US1ILWL0147","NEW LENOX 2.0 ESE, IL US","2020-02-16",,,,,,
"US1ILWL0147","NEW LENOX 2.0 ESE, IL US","2020-02-17",,,,,,
"US1ILWL0147","NEW LENOX 2.0 ESE, IL US","2020-02-18",,,,,,
"US1ILWL0147","NEW LENOX 2.0 ESE, IL US","2020-02-19",,,,,,
"US1ILWL0147","NEW LENOX 2.0 ESE, IL US","2020-02-20",,,,,,
"US1ILWL0147","NEW LENOX 2.0 ESE, IL US","2020-02-21",,,,,,
"US1ILWL0147","NEW LENOX 2.0 ESE, IL US","2020-02-22",,,,,,
"US1ILWL0147","NEW LENOX 2.0 ESE, IL US","2020-02-23",,,,,,
"US1ILWL0147","NEW LENOX 2.0 ESE, IL US","2020-02-25",,,,,,
"US1ILWL0147","NEW LENOX 2.0 ESE, IL US","2020-02-26",,,,,,
"US1ILWL0147","NEW LENOX 2.0 ESE, IL US","2020-02-27",,,,,,
"US1ILWL0147","NEW LENOX 2.0 ESE, IL US","2020-02-28",,,,,,
"US1ILWL0147","NEW LENOX 2.0 ESE, IL US","2020-02-29",,,,,,
"US1ILWL0147","NEW LENOX 2.0 ESE, IL US","2020-03-01",,,,,,
"US1ILWL0147","NEW LENOX 2.0 ESE, IL US","2020-03-02",,,,,,
"US1ILWL0147","NEW LENOX 2.0 ESE, IL US","2020-03-03",,,,,,
"US1ILWL0147","NEW LENOX 2.0 ESE, IL US","2020-03-04",,,,,,
"US1ILWL0147","NEW LENOX 2.0 ESE, IL US","2020-03-05",,,,,,
"US1ILWL0147","NEW LENOX 2.0 ESE, IL US","2020-03-06",,,,,,
"US1ILWL0147","NEW LENOX 2.0 ESE, IL US","2020-03-07",,,,,,
"US1ILWL0147","NEW LENOX 2.0 ESE, IL US","2020-03-08",,,,,,
"US1ILWL0147","NEW LENOX 2.0 ESE, IL US","2020-03-09",,,,,,
"US1ILWL0147","NEW LENOX 2.0 ESE, IL US","2020-03-10",,,,,,
"US1ILWL0147","NEW LENOX 2.0 ESE, IL US","2020-03-11",,,,,,
"US1ILWL0147","NEW LENOX 2.0 ESE, IL US","2020-03-12",,,,,,
"US1ILWL0147","NEW LENOX 2.0 ESE, IL US","2020-03-14",,,,,,
"US1ILWL0147","NEW LENOX 2.0 ESE, IL US","2020-03-15",,,,,,
"US1ILWL0147","NEW LENOX 2.0 ESE, IL US","2020-03-16",,,,,,
"US1ILWL0147","NEW LENOX 2.0 ESE, IL US","2020-03-17",,,,,,
"US1ILWL0147","NEW LENOX 2.0 ESE, IL US","2020-03-18",,,,,,
"US1ILWL0147","NEW LENOX 2.0 ESE, IL US","2020-03-19",,,,,,
"US1ILWL0147","NEW LENOX 2.0 ESE, IL US","2020-03-20",,,,,,
"US1ILWL0147","NEW LENOX 2.0 ESE, IL US","2020-03-21",,,,,,
"US1ILWL0147","NEW LENOX 2.0 ESE, IL US","2020-03-22",,,,,,
"US1ILWL0147","NEW LENOX 2.0 ESE, IL US","2020-03-23",,,,,,
"US1ILWL0147","NEW LENOX 2.0 ESE, IL US","2020-03-24",,,,,,
"US1ILWL0147","NEW LENOX 2.0 ESE, IL US","2020-03-25",,,,,,
"US1ILWL0147","NEW LENOX 2.0 ESE, IL US","2020-03-26",,,,,,
"US1ILWL0147","NEW LENOX 2.0 ESE, IL US","2020-03-27",,,,,,
"US1ILWL0147","NEW LENOX 2.0 ESE, IL US","2020-03-28",,,,,,
"US1ILWL0147","NEW LENOX 2.0 ESE, IL US","2020-03-29",,,,,,
"US1ILWL0147","NEW LENOX 2.0 ESE, IL US","2020-03-30",,,,,,
"US1ILWL0147","NEW LENOX 2.0 ESE, IL US","2020-03-31",,,,,,
"US1ILWL0147","NEW LENOX 2.0 ESE, IL US","2020-04-01",,,,,,
"US1ILWL0147","NEW LENOX 2.0 ESE, IL US","2020-04-02",,,,,,
"US1ILWL0147","NEW LENOX 2.0 ESE, IL US","2020-04-03",,,,,,
"US1ILWL0147","NEW LENOX 2.0 ESE, IL US","2020-04-04",,,,,,
"US1ILWL0147","NEW LENOX 2.0 ESE, IL US","2020-04-05",,,,,,
"US1ILWL0147","NEW LENOX 2.0 ESE, IL US","2020-04-06",,,,,,
"US1ILWL0147","NEW LENOX 2.0 ESE, IL US","2020-04-07",,,,,,
"US1ILWL0147","NEW LENOX 2.0 ESE, IL US","2020-04-08",,,,,,
"US1ILWL0147","NEW LENOX 2.0 ESE, IL US","2020-04-09",,,,,,
"US1ILWL0147","NEW LENOX 2.0 ESE, IL US","2020-04-10",,,,,,
"US1ILWL0147","NEW LENOX 2.0 ESE, IL US","2020-04-11",,,,,,
"US1ILWL0147","NEW LENOX 2.0 ESE, IL US","2020-04-12",,,,,,
"US1ILWL0147","NEW LENOX 2.0 ESE, IL US","2020-04-13",,,,,,
"US1ILWL0147","NEW LENOX 2.0 ESE, IL US","2020-04-14",,,,,,
"US1ILWL0147","NEW LENOX 2.0 ESE, IL US","2020-04-15",,,,,,
"US1ILWL0147","NEW LENOX 2.0 ESE, IL US","2020-04-16",,,,,,
"US1ILWL0147","NEW LENOX 2.0 ESE, IL US","2020-04-17",,,,,,
"US1ILWL0147","NEW LENOX 2.0 ESE, IL US","2020-04-18",,,,,,
"US1ILWL0147","NEW LENOX 2.0 ESE, IL US","2020-04-19",,,,,,
"US1ILWL0147","NEW LENOX 2.0 ESE, IL US","2020-04-20",,,,,,
"US1ILWL0147","NEW LENOX 2.0 ESE, IL US","2020-04-21",,,,,,
"US1ILWL0147","NEW LENOX 2.0 ESE, IL US","2020-04-22",,,,,,
"US1ILWL0147","NEW LENOX 2.0 ESE, IL US","2020-04-23",,,,,,
"US1ILWL0147","NEW LENOX 2.0 ESE, IL US","2020-04-24",,,,,,
"US1ILWL0147","NEW LENOX 2.0 ESE, IL US","2020-04-25",,,,,,
"US1ILWL0147","NEW LENOX 2.0 ESE, IL US","2020-04-26",,,,,,
"US1ILWL0147","NEW LENOX 2.0 ESE, IL US","2020-04-27",,,,,,
"US1ILWL0147","NEW LENOX 2.0 ESE, IL US","2020-04-28",,,,,,
"US1ILWL0147","NEW LENOX 2.0 ESE, IL US","2020-04-29",,,,,,
"US1ILWL0147","NEW LENOX 2.0 ESE, IL US","2020-04-30",,,,,,
"US1ILWL0147","NEW LENOX 2.0 ESE, IL US","2020-05-01",,,,,,
"US1ILWL0147","NEW LENOX 2.0 ESE, IL US","2020-05-02",,,,,,
"US1ILWL0147","NEW LENOX 2.0 ESE, IL US","2020-05-03",,,,,,
"US1ILWL0147","NEW LENOX 2.0 ESE, IL US","2020-05-04",,,,,,
"US1ILWL0147","NEW LENOX 2.0 ESE, IL US","2020-05-05",,,,,,
"US1ILWL0147","NEW LENOX 2.0 ESE, IL US","2020-05-06",,,,,,
"US1ILWL0147","NEW LENOX 2.0 ESE, IL US","2020-05-08",,,,,,
"US1ILWL0147","NEW LENOX 2.0 ESE, IL US","2020-05-09",,,,,,
"US1ILWL0147","NEW LENOX 2.0 ESE, IL US","2020-05-10",,,,,,
"US1ILWL0147","NEW LENOX 2.0 ESE, IL US","2020-05-11",,,,,,
"US1ILWL0147","NEW LENOX 2.0 ESE, IL US","2020-05-12",,,,,,
"US1ILWL0147","NEW LENOX 2.0 ESE, IL US","2020-05-13",,,,,,
"US1ILWL0147","NEW LENOX 2.0 ESE, IL US","2020-05-14",,,,,,
"US1ILWL0147","NEW LENOX 2.0 ESE, IL US","2020-05-15",,,,,,
"US1ILWL0147","NEW LENOX 2.0 ESE, IL US","2020-05-16",,,,,,
"US1ILWL0147","NEW LENOX 2.0 ESE, IL US","2020-05-17",,,,,,
"US1ILWL0147","NEW LENOX 2.0 ESE, IL US","2020-05-18",,,,,,
"US1ILWL0147","NEW LENOX 2.0 ESE, IL US","2020-05-19",,,,,,
"US1ILWL0147","NEW LENOX 2.0 ESE, IL US","2020-05-20",,,,,,
"US1ILWL0147","NEW LENOX 2.0 ESE, IL US","2020-05-21",,,,,,
"US1ILWL0147","NEW LENOX 2.0 ESE, IL US","2020-05-22",,,,,,
"US1ILWL0147","NEW LENOX 2.0 ESE, IL US","2020-05-23",,,,,,
"US1ILWL0147","NEW LENOX 2.0 ESE, IL US","2020-05-24",,,,,,
"US1ILWL0147","NEW LENOX 2.0 ESE, IL US","2020-05-25",,,,,,
"US1ILWL0147","NEW LENOX 2.0 ESE, IL US","2020-05-26",,,,,,
"US1ILWL0147","NEW LENOX 2.0 ESE, IL US","2020-05-27",,,,,,
"US1ILWL0147","NEW LENOX 2.0 ESE, IL US","2020-05-28",,,,,,
"US1ILWL0147","NEW LENOX 2.0 ESE, IL US","2020-05-29",,,,,,
"US1ILWL0147","NEW LENOX 2.0 ESE, IL US","2020-05-30",,,,,,
"US1ILWL0147","NEW LENOX 2.0 ESE, IL US","2020-05-31",,,,,,
"US1ILWL0147","NEW LENOX 2.0 ESE, IL US","2020-06-01",,,,,,
"US1ILWL0147","NEW LENOX 2.0 ESE, IL US","2020-06-02",,,,,,
"US1ILWL0147","NEW LENOX 2.0 ESE, IL US","2020-06-03",,,,,,
"US1ILWL0147","NEW LENOX 2.0 ESE, IL US","2020-06-04",,,,,,
"US1ILWL0147","NEW LENOX 2.0 ESE, IL US","2020-06-05",,,,,,
"US1ILWL0147","NEW LENOX 2.0 ESE, IL US","2020-06-06",,,,,,
"US1ILWL0147","NEW LENOX 2.0 ESE, IL US","2020-06-07",,,,,,
"US1ILWL0147","NEW LENOX 2.0 ESE, IL US","2020-06-08",,,,,,
"US1ILWL0147","NEW LENOX 2.0 ESE, IL US","2020-06-09",,,,,,
"US1ILWL0147","NEW LENOX 2.0 ESE, IL US","2020-06-10",,,,,,
"US1ILWL0147","NEW LENOX 2.0 ESE, IL US","2020-06-11",,,,,,
"US1ILWL0147","NEW LENOX 2.0 ESE, IL US","2020-06-12",,,,,,
"US1ILWL0147","NEW LENOX 2.0 ESE, IL US","2020-06-13",,,,,,
"US1ILWL0147","NEW LENOX 2.0 ESE, IL US","2020-06-14",,,,,,
"US1ILWL0147","NEW LENOX 2.0 ESE, IL US","2020-06-15",,,,,,
"US1ILWL0147","NEW LENOX 2.0 ESE, IL US","2020-06-16",,,,,,
"US1ILWL0147","NEW LENOX 2.0 ESE, IL US","2020-06-17",,,,,,
"US1ILWL0147","NEW LENOX 2.0 ESE, IL US","2020-06-18",,,,,,
"US1ILWL0147","NEW LENOX 2.0 ESE, IL US","2020-06-19",,,,,,
"US1ILWL0147","NEW LENOX 2.0 ESE, IL US","2020-06-20",,,,,,
"US1ILWL0147","NEW LENOX 2.0 ESE, IL US","2020-06-21",,,,,,
"US1ILWL0147","NEW LENOX 2.0 ESE, IL US","2020-06-22",,,,,,
"US1ILWL0147","NEW LENOX 2.0 ESE, IL US","2020-06-23",,,,,,
"US1ILWL0147","NEW LENOX 2.0 ESE, IL US","2020-06-24",,,,,,
"US1ILWL0147","NEW LENOX 2.0 ESE, IL US","2020-06-25",,,,,,
"US1ILWL0147","NEW LENOX 2.0 ESE, IL US","2020-06-26",,,,,,
"US1ILWL0147","NEW LENOX 2.0 ESE, IL US","2020-06-27",,,,,,
"US1ILWL0147","NEW LENOX 2.0 ESE, IL US","2020-06-28",,,,,,
"US1ILWL0147","NEW LENOX 2.0 ESE, IL US","2020-06-29",,,,,,
"US1ILWL0147","NEW LENOX 2.0 ESE, IL US","2020-06-30",,,,,,
"US1ILWL0147","NEW LENOX 2.0 ESE, IL US","2020-07-01",,,,,,
"US1ILWL0147","NEW LENOX 2.0 ESE, IL US","2020-07-02",,,,,,
"US1ILWL0147","NEW LENOX 2.0 ESE, IL US","2020-07-03",,,,,,
"US1ILWL0147","NEW LENOX 2.0 ESE, IL US","2020-07-04",,,,,,
"US1ILWL0147","NEW LENOX 2.0 ESE, IL US","2020-07-05",,,,,,
"US1ILWL0147","NEW LENOX 2.0 ESE, IL US","2020-07-06",,,,,,
"US1ILWL0147","NEW LENOX 2.0 ESE, IL US","2020-07-07",,,,,,
"US1ILWL0147","NEW LENOX 2.0 ESE, IL US","2020-07-08",,,,,,
"US1ILWL0147","NEW LENOX 2.0 ESE, IL US","2020-07-09",,,,,,
"US1ILWL0147","NEW LENOX 2.0 ESE, IL US","2020-07-10",,,,,,
"US1ILWL0147","NEW LENOX 2.0 ESE, IL US","2020-07-11",,,,,,
"US1ILWL0147","NEW LENOX 2.0 ESE, IL US","2020-07-12",,,,,,
"US1ILWL0147","NEW LENOX 2.0 ESE, IL US","2020-07-13",,,,,,
"US1ILWL0147","NEW LENOX 2.0 ESE, IL US","2020-07-14",,,,,,
"US1ILWL0147","NEW LENOX 2.0 ESE, IL US","2020-07-15",,,,,,
"US1ILWL0147","NEW LENOX 2.0 ESE, IL US","2020-07-16",,,,,,
"US1ILWL0147","NEW LENOX 2.0 ESE, IL US","2020-07-17",,,,,,
"US1ILWL0147","NEW LENOX 2.0 ESE, IL US","2020-07-18",,,,,,
"US1ILWL0147","NEW LENOX 2.0 ESE, IL US","2020-07-19",,,,,,
"US1ILWL0147","NEW LENOX 2.0 ESE, IL US","2020-07-20",,,,,,
"US1ILWL0147","NEW LENOX 2.0 ESE, IL US","2020-07-21",,,,,,
"US1ILWL0147","NEW LENOX 2.0 ESE, IL US","2020-07-22",,,,,,
"US1ILWL0147","NEW LENOX 2.0 ESE, IL US","2020-07-23",,,,,,
"US1ILWL0147","NEW LENOX 2.0 ESE, IL US","2020-07-24",,,,,,
"US1ILWL0147","NEW LENOX 2.0 ESE, IL US","2020-07-25",,,,,,
"US1ILWL0147","NEW LENOX 2.0 ESE, IL US","2020-07-26",,,,,,
"US1ILWL0147","NEW LENOX 2.0 ESE, IL US","2020-07-27",,,,,,
"US1ILWL0147","NEW LENOX 2.0 ESE, IL US","2020-07-28",,,,,,
"US1ILWL0147","NEW LENOX 2.0 ESE, IL US","2020-07-29",,,,,,
"US1ILWL0147","NEW LENOX 2.0 ESE, IL US","2020-07-30",,,,,,
"US1ILWL0147","NEW LENOX 2.0 ESE, IL US","2020-07-31",,,,,,
"US1ILWL0147","NEW LENOX 2.0 ESE, IL US","2020-08-01",,,,,,
"US1ILWL0147","NEW LENOX 2.0 ESE, IL US","2020-08-02",,,,,,
"US1ILWL0147","NEW LENOX 2.0 ESE, IL US","2020-08-03",,,,,,
"US1ILWL0147","NEW LENOX 2.0 ESE, IL US","2020-08-04",,,,,,
"US1ILWL0147","NEW LENOX 2.0 ESE, IL US","2020-08-05",,,,,,
"US1ILWL0147","NEW LENOX 2.0 ESE, IL US","2020-08-06",,,,,,
"US1ILWL0147","NEW LENOX 2.0 ESE, IL US","2020-08-07",,,,,,
"US1ILWL0147","NEW LENOX 2.0 ESE, IL US","2020-08-08",,,,,,
"US1ILWL0147","NEW LENOX 2.0 ESE, IL US","2020-08-09",,,,,,
"US1ILWL0147","NEW LENOX 2.0 ESE, IL US","2020-08-10",,,,,,
"US1ILWL0147","NEW LENOX 2.0 ESE, IL US","2020-08-11",,,,,,
"US1ILWL0147","NEW LENOX 2.0 ESE, IL US","2020-08-12",,,,,,
"US1ILWL0147","NEW LENOX 2.0 ESE, IL US","2020-08-13",,,,,,
"US1ILWL0147","NEW LENOX 2.0 ESE, IL US","2020-08-14",,,,,,
"US1ILWL0147","NEW LENOX 2.0 ESE, IL US","2020-08-15",,,,,,
"US1ILWL0147","NEW LENOX 2.0 ESE, IL US","2020-08-16",,,,,,
"US1ILWL0147","NEW LENOX 2.0 ESE, IL US","2020-08-17",,,,,,
"US1ILWL0147","NEW LENOX 2.0 ESE, IL US","2020-08-18",,,,,,
"US1ILWL0147","NEW LENOX 2.0 ESE, IL US","2020-08-19",,,,,,
"US1ILWL0147","NEW LENOX 2.0 ESE, IL US","2020-08-20",,,,,,
"US1ILWL0147","NEW LENOX 2.0 ESE, IL US","2020-08-21",,,,,,
"US1ILWL0147","NEW LENOX 2.0 ESE, IL US","2020-08-22",,,,,,
"US1ILWL0147","NEW LENOX 2.0 ESE, IL US","2020-08-23",,,,,,
"US1ILWL0147","NEW LENOX 2.0 ESE, IL US","2020-08-24",,,,,,
"US1ILWL0147","NEW LENOX 2.0 ESE, IL US","2020-08-25",,,,,,
"US1ILWL0147","NEW LENOX 2.0 ESE, IL US","2020-08-26",,,,,,
"US1ILWL0147","NEW LENOX 2.0 ESE, IL US","2020-08-27",,,,,,
"US1ILWL0147","NEW LENOX 2.0 ESE, IL US","2020-08-28",,,,,,
"US1ILWL0147","NEW LENOX 2.0 ESE, IL US","2020-08-29",,,,,,
"US1ILWL0147","NEW LENOX 2.0 ESE, IL US","2020-08-30",,,,,,
"US1ILWL0147","NEW LENOX 2.0 ESE, IL US","2020-08-31",,,,,,
"US1ILWL0147","NEW LENOX 2.0 ESE, IL US","2020-09-01",,,,,,
"US1ILWL0147","NEW LENOX 2.0 ESE, IL US","2020-09-02",,,,,,
"US1ILWL0147","NEW LENOX 2.0 ESE, IL US","2020-09-03",,,,,,
"US1ILWL0147","NEW LENOX 2.0 ESE, IL US","2020-09-04",,,,,,
"US1ILWL0147","NEW LENOX 2.0 ESE, IL US","2020-09-05",,,,,,
"US1ILWL0147","NEW LENOX 2.0 ESE, IL US","2020-09-06",,,,,,
"US1ILWL0147","NEW LENOX 2.0 ESE, IL US","2020-09-07",,,,,,
"US1ILWL0147","NEW LENOX 2.0 ESE, IL US","2020-09-08",,,,,,
"US1ILCK0296","CHICAGO HEIGHTS 2.4 NNW, IL US","2019-10-01",,,,,,
"US1ILCK0296","CHICAGO HEIGHTS 2.4 NNW, IL US","2019-10-02",,,,,,
"US1ILCK0296","CHICAGO HEIGHTS 2.4 NNW, IL US","2019-10-03",,,,,,
"US1ILCK0296","CHICAGO HEIGHTS 2.4 NNW, IL US","2019-10-04",,,,,,
"US1ILCK0296","CHICAGO HEIGHTS 2.4 NNW, IL US","2019-10-05",,,,,,
"US1ILCK0296","CHICAGO HEIGHTS 2.4 NNW, IL US","2019-10-06",,,,,,
"US1ILCK0296","CHICAGO HEIGHTS 2.4 NNW, IL US","2019-10-07",,,,,,
"US1ILCK0296","CHICAGO HEIGHTS 2.4 NNW, IL US","2019-10-08",,,,,,
"US1ILCK0296","CHICAGO HEIGHTS 2.4 NNW, IL US","2019-10-09",,,,,,
"US1ILCK0296","CHICAGO HEIGHTS 2.4 NNW, IL US","2019-10-10",,,,,,
"US1ILCK0296","CHICAGO HEIGHTS 2.4 NNW, IL US","2019-10-11",,,,,,
"US1ILCK0296","CHICAGO HEIGHTS 2.4 NNW, IL US","2019-10-12",,,,,,
"US1ILCK0296","CHICAGO HEIGHTS 2.4 NNW, IL US","2019-10-13",,,,,,
"US1ILCK0296","CHICAGO HEIGHTS 2.4 NNW, IL US","2019-10-14",,,,,,
"US1ILCK0296","CHICAGO HEIGHTS 2.4 NNW, IL US","2019-10-15",,,,,,
"US1ILCK0296","CHICAGO HEIGHTS 2.4 NNW, IL US","2019-10-16",,,,,,
"US1ILCK0296","CHICAGO HEIGHTS 2.4 NNW, IL US","2019-10-17",,,,,,
"US1ILCK0296","CHICAGO HEIGHTS 2.4 NNW, IL US","2019-10-18",,,,,,
"US1ILCK0296","CHICAGO HEIGHTS 2.4 NNW, IL US","2019-10-19",,,,,,
"US1ILCK0296","CHICAGO HEIGHTS 2.4 NNW, IL US","2019-10-20",,,,,,
"US1ILCK0296","CHICAGO HEIGHTS 2.4 NNW, IL US","2019-10-21",,,,,,
"US1ILCK0296","CHICAGO HEIGHTS 2.4 NNW, IL US","2019-10-22",,,,,,
"US1ILCK0296","CHICAGO HEIGHTS 2.4 NNW, IL US","2019-10-23",,,,,,
"US1ILCK0296","CHICAGO HEIGHTS 2.4 NNW, IL US","2019-10-24",,,,,,
"US1ILCK0296","CHICAGO HEIGHTS 2.4 NNW, IL US","2019-10-25",,,,,,
"US1ILCK0296","CHICAGO HEIGHTS 2.4 NNW, IL US","2019-10-26",,,,,,
"US1ILCK0296","CHICAGO HEIGHTS 2.4 NNW, IL US","2019-10-27",,,,,,
"US1ILCK0296","CHICAGO HEIGHTS 2.4 NNW, IL US","2019-10-28",,,,,,
"US1ILCK0296","CHICAGO HEIGHTS 2.4 NNW, IL US","2019-10-29",,,,,,
"US1ILCK0296","CHICAGO HEIGHTS 2.4 NNW, IL US","2019-10-30",,,,,,
"US1ILCK0296","CHICAGO HEIGHTS 2.4 NNW, IL US","2019-10-31",,,,,,
"US1ILCK0296","CHICAGO HEIGHTS 2.4 NNW, IL US","2019-11-01",,,,,,
"US1ILCK0296","CHICAGO HEIGHTS 2.4 NNW, IL US","2019-11-02",,,,,,
"US1ILCK0296","CHICAGO HEIGHTS 2.4 NNW, IL US","2019-11-03",,,,,,
"US1ILCK0296","CHICAGO HEIGHTS 2.4 NNW, IL US","2019-11-04",,,,,,
"US1ILCK0296","CHICAGO HEIGHTS 2.4 NNW, IL US","2019-11-05",,,,,,
"US1ILCK0296","CHICAGO HEIGHTS 2.4 NNW, IL US","2019-11-06",,,,,,
"US1ILCK0296","CHICAGO HEIGHTS 2.4 NNW, IL US","2019-11-07",,,,,,
"US1ILCK0296","CHICAGO HEIGHTS 2.4 NNW, IL US","2019-11-08",,,,,,
"US1ILCK0296","CHICAGO HEIGHTS 2.4 NNW, IL US","2019-11-09",,,,,,
"US1ILCK0296","CHICAGO HEIGHTS 2.4 NNW, IL US","2019-11-10",,,,,,
"US1ILCK0296","CHICAGO HEIGHTS 2.4 NNW, IL US","2019-11-11",,,,,,
"US1ILCK0296","CHICAGO HEIGHTS 2.4 NNW, IL US","2019-11-12",,,,,,
"US1ILCK0296","CHICAGO HEIGHTS 2.4 NNW, IL US","2019-11-13",,,,,,
"US1ILCK0296","CHICAGO HEIGHTS 2.4 NNW, IL US","2019-11-14",,,,,,
"US1ILCK0296","CHICAGO HEIGHTS 2.4 NNW, IL US","2019-11-15",,,,,,
"US1ILCK0296","CHICAGO HEIGHTS 2.4 NNW, IL US","2019-11-16",,,,,,
"US1ILCK0296","CHICAGO HEIGHTS 2.4 NNW, IL US","2019-11-17",,,,,,
"US1ILCK0296","CHICAGO HEIGHTS 2.4 NNW, IL US","2019-11-18",,,,,,
"US1ILCK0296","CHICAGO HEIGHTS 2.4 NNW, IL US","2019-11-19",,,,,,
"US1ILCK0296","CHICAGO HEIGHTS 2.4 NNW, IL US","2019-11-20",,,,,,
"US1ILCK0296","CHICAGO HEIGHTS 2.4 NNW, IL US","2019-11-21",,,,,,
"US1ILCK0296","CHICAGO HEIGHTS 2.4 NNW, IL US","2019-11-22",,,,,,
"US1ILCK0296","CHICAGO HEIGHTS 2.4 NNW, IL US","2019-11-23",,,,,,
"US1ILCK0296","CHICAGO HEIGHTS 2.4 NNW, IL US","2019-11-24",,,,,,
"US1ILCK0296","CHICAGO HEIGHTS 2.4 NNW, IL US","2019-11-25",,,,,,
"US1ILCK0296","CHICAGO HEIGHTS 2.4 NNW, IL US","2019-11-26",,,,,,
"US1ILCK0296","CHICAGO HEIGHTS 2.4 NNW, IL US","2019-11-27",,,,,,
"US1ILCK0296","CHICAGO HEIGHTS 2.4 NNW, IL US","2019-11-28",,,,,,
"US1ILCK0296","CHICAGO HEIGHTS 2.4 NNW, IL US","2019-11-29",,,,,,
"US1ILCK0296","CHICAGO HEIGHTS 2.4 NNW, IL US","2019-11-30",,,,,,
"US1ILCK0296","CHICAGO HEIGHTS 2.4 NNW, IL US","2019-12-01",,,,,,
"US1ILCK0296","CHICAGO HEIGHTS 2.4 NNW, IL US","2019-12-02",,,,,,
"US1ILCK0296","CHICAGO HEIGHTS 2.4 NNW, IL US","2019-12-03",,,,,,
"US1ILCK0296","CHICAGO HEIGHTS 2.4 NNW, IL US","2019-12-04",,,,,,
"US1ILCK0296","CHICAGO HEIGHTS 2.4 NNW, IL US","2019-12-05",,,,,,
"US1ILCK0296","CHICAGO HEIGHTS 2.4 NNW, IL US","2019-12-06",,,,,,
"US1ILCK0296","CHICAGO HEIGHTS 2.4 NNW, IL US","2019-12-07",,,,,,
"US1ILCK0296","CHICAGO HEIGHTS 2.4 NNW, IL US","2019-12-08",,,,,,
"US1ILCK0296","CHICAGO HEIGHTS 2.4 NNW, IL US","2019-12-09",,,,,,
"US1ILCK0296","CHICAGO HEIGHTS 2.4 NNW, IL US","2019-12-10",,,,,,
"US1ILCK0296","CHICAGO HEIGHTS 2.4 NNW, IL US","2019-12-11",,,,,,
"US1ILCK0296","CHICAGO HEIGHTS 2.4 NNW, IL US","2019-12-12",,,,,,
"US1ILCK0296","CHICAGO HEIGHTS 2.4 NNW, IL US","2019-12-13",,,,,,
"US1ILCK0296","CHICAGO HEIGHTS 2.4 NNW, IL US","2019-12-14",,,,,,
"US1ILCK0296","CHICAGO HEIGHTS 2.4 NNW, IL US","2019-12-15",,,,,,
"US1ILCK0296","CHICAGO HEIGHTS 2.4 NNW, IL US","2019-12-16",,,,,,
"US1ILCK0296","CHICAGO HEIGHTS 2.4 NNW, IL US","2019-12-17",,,,,,
"US1ILCK0296","CHICAGO HEIGHTS 2.4 NNW, IL US","2019-12-18",,,,,,
"US1ILCK0296","CHICAGO HEIGHTS 2.4 NNW, IL US","2019-12-19",,,,,,
"US1ILCK0296","CHICAGO HEIGHTS 2.4 NNW, IL US","2019-12-26",,,,,,
"US1ILCK0296","CHICAGO HEIGHTS 2.4 NNW, IL US","2019-12-27",,,,,,
"US1ILCK0296","CHICAGO HEIGHTS 2.4 NNW, IL US","2019-12-28",,,,,,
"US1ILCK0296","CHICAGO HEIGHTS 2.4 NNW, IL US","2019-12-29",,,,,,
"US1ILCK0296","CHICAGO HEIGHTS 2.4 NNW, IL US","2019-12-30",,,,,,
"US1ILCK0296","CHICAGO HEIGHTS 2.4 NNW, IL US","2019-12-31",,,,,,
"US1ILCK0296","CHICAGO HEIGHTS 2.4 NNW, IL US","2020-01-01",,,,,,
"US1ILCK0296","CHICAGO HEIGHTS 2.4 NNW, IL US","2020-01-02",,,,,,
"US1ILCK0296","CHICAGO HEIGHTS 2.4 NNW, IL US","2020-01-03",,,,,,
"US1ILCK0296","CHICAGO HEIGHTS 2.4 NNW, IL US","2020-01-04",,,,,,
"US1ILCK0296","CHICAGO HEIGHTS 2.4 NNW, IL US","2020-01-05",,,,,,
"US1ILCK0296","CHICAGO HEIGHTS 2.4 NNW, IL US","2020-01-06",,,,,,
"US1ILCK0296","CHICAGO HEIGHTS 2.4 NNW, IL US","2020-01-07",,,,,,
"US1ILCK0296","CHICAGO HEIGHTS 2.4 NNW, IL US","2020-01-08",,,,,,
"US1ILCK0296","CHICAGO HEIGHTS 2.4 NNW, IL US","2020-01-09",,,,,,
"US1ILCK0296","CHICAGO HEIGHTS 2.4 NNW, IL US","2020-01-10",,,,,,
"US1ILCK0296","CHICAGO HEIGHTS 2.4 NNW, IL US","2020-01-11",,,,,,
"US1ILCK0296","CHICAGO HEIGHTS 2.4 NNW, IL US","2020-01-12",,,,,,
"US1ILCK0296","CHICAGO HEIGHTS 2.4 NNW, IL US","2020-01-13",,,,,,
"US1ILCK0296","CHICAGO HEIGHTS 2.4 NNW, IL US","2020-01-14",,,,,,
"US1ILCK0296","CHICAGO HEIGHTS 2.4 NNW, IL US","2020-01-15",,,,,,
"US1ILCK0296","CHICAGO HEIGHTS 2.4 NNW, IL US","2020-01-16",,,,,,
"US1ILCK0296","CHICAGO HEIGHTS 2.4 NNW, IL US","2020-01-17",,,,,,
"US1ILCK0296","CHICAGO HEIGHTS 2.4 NNW, IL US","2020-01-18",,,,,,
"US1ILCK0296","CHICAGO HEIGHTS 2.4 NNW, IL US","2020-01-19",,,,,,
"US1ILCK0296","CHICAGO HEIGHTS 2.4 NNW, IL US","2020-01-20",,,,,,
"US1ILCK0296","CHICAGO HEIGHTS 2.4 NNW, IL US","2020-01-21",,,,,,
"US1ILCK0296","CHICAGO HEIGHTS 2.4 NNW, IL US","2020-01-22",,,,,,
"US1ILCK0296","CHICAGO HEIGHTS 2.4 NNW, IL US","2020-01-23",,,,,,
"US1ILCK0296","CHICAGO HEIGHTS 2.4 NNW, IL US","2020-01-24",,,,,,
"US1ILCK0296","CHICAGO HEIGHTS 2.4 NNW, IL US","2020-01-25",,,,,,
"US1ILCK0296","CHICAGO HEIGHTS 2.4 NNW, IL US","2020-01-26",,,,,,
"US1ILCK0296","CHICAGO HEIGHTS 2.4 NNW, IL US","2020-01-27",,,,,,
"US1ILCK0296","CHICAGO HEIGHTS 2.4 NNW, IL US","2020-01-28",,,,,,
"US1ILCK0296","CHICAGO HEIGHTS 2.4 NNW, IL US","2020-01-30",,,,,,
"US1ILCK0296","CHICAGO HEIGHTS 2.4 NNW, IL US","2020-01-31",,,,,,
"US1ILCK0296","CHICAGO HEIGHTS 2.4 NNW, IL US","2020-02-01",,,,,,
"US1ILCK0296","CHICAGO HEIGHTS 2.4 NNW, IL US","2020-02-02",,,,,,
"US1ILCK0296","CHICAGO HEIGHTS 2.4 NNW, IL US","2020-02-03",,,,,,
"US1ILCK0296","CHICAGO HEIGHTS 2.4 NNW, IL US","2020-02-04",,,,,,
"US1ILCK0296","CHICAGO HEIGHTS 2.4 NNW, IL US","2020-02-05",,,,,,
"US1ILCK0296","CHICAGO HEIGHTS 2.4 NNW, IL US","2020-02-06",,,,,,
"US1ILCK0296","CHICAGO HEIGHTS 2.4 NNW, IL US","2020-02-07",,,,,,
"US1ILCK0296","CHICAGO HEIGHTS 2.4 NNW, IL US","2020-02-08",,,,,,
"US1ILCK0296","CHICAGO HEIGHTS 2.4 NNW, IL US","2020-02-09",,,,,,
"US1ILCK0296","CHICAGO HEIGHTS 2.4 NNW, IL US","2020-02-10",,,,,,
"US1ILCK0296","CHICAGO HEIGHTS 2.4 NNW, IL US","2020-02-11",,,,,,
"US1ILCK0296","CHICAGO HEIGHTS 2.4 NNW, IL US","2020-02-12",,,,,,
"US1ILCK0296","CHICAGO HEIGHTS 2.4 NNW, IL US","2020-02-13",,,,,,
"US1ILCK0296","CHICAGO HEIGHTS 2.4 NNW, IL US","2020-02-14",,,,,,
"US1ILCK0296","CHICAGO HEIGHTS 2.4 NNW, IL US","2020-02-15",,,,,,
"US1ILCK0296","CHICAGO HEIGHTS 2.4 NNW, IL US","2020-02-16",,,,,,
"US1ILCK0296","CHICAGO HEIGHTS 2.4 NNW, IL US","2020-02-17",,,,,,
"US1ILCK0296","CHICAGO HEIGHTS 2.4 NNW, IL US","2020-02-18",,,,,,
"US1ILCK0296","CHICAGO HEIGHTS 2.4 NNW, IL US","2020-02-19",,,,,,
"US1ILCK0296","CHICAGO HEIGHTS 2.4 NNW, IL US","2020-02-20",,,,,,
"US1ILCK0296","CHICAGO HEIGHTS 2.4 NNW, IL US","2020-02-21",,,,,,
"US1ILCK0296","CHICAGO HEIGHTS 2.4 NNW, IL US","2020-02-22",,,,,,
"US1ILCK0296","CHICAGO HEIGHTS 2.4 NNW, IL US","2020-02-23",,,,,,
"US1ILCK0296","CHICAGO HEIGHTS 2.4 NNW, IL US","2020-02-24",,,,,,
"US1ILCK0296","CHICAGO HEIGHTS 2.4 NNW, IL US","2020-02-25",,,,,,
"US1ILCK0296","CHICAGO HEIGHTS 2.4 NNW, IL US","2020-02-26",,,,,,
"US1ILCK0296","CHICAGO HEIGHTS 2.4 NNW, IL US","2020-02-27",,,,,,
"US1ILCK0296","CHICAGO HEIGHTS 2.4 NNW, IL US","2020-02-28",,,,,,
"US1ILCK0296","CHICAGO HEIGHTS 2.4 NNW, IL US","2020-02-29",,,,,,
"US1ILCK0296","CHICAGO HEIGHTS 2.4 NNW, IL US","2020-03-01",,,,,,
"US1ILCK0296","CHICAGO HEIGHTS 2.4 NNW, IL US","2020-03-02",,,,,,
"US1ILCK0296","CHICAGO HEIGHTS 2.4 NNW, IL US","2020-03-03",,,,,,
"US1ILCK0296","CHICAGO HEIGHTS 2.4 NNW, IL US","2020-03-04",,,,,,
"US1ILCK0296","CHICAGO HEIGHTS 2.4 NNW, IL US","2020-03-05",,,,,,
"US1ILCK0296","CHICAGO HEIGHTS 2.4 NNW, IL US","2020-03-06",,,,,,
"US1ILCK0296","CHICAGO HEIGHTS 2.4 NNW, IL US","2020-03-07",,,,,,
"US1ILCK0296","CHICAGO HEIGHTS 2.4 NNW, IL US","2020-03-08",,,,,,
"US1ILCK0296","CHICAGO HEIGHTS 2.4 NNW, IL US","2020-03-09",,,,,,
"US1ILCK0296","CHICAGO HEIGHTS 2.4 NNW, IL US","2020-03-10",,,,,,
"US1ILCK0296","CHICAGO HEIGHTS 2.4 NNW, IL US","2020-03-11",,,,,,
"US1ILCK0296","CHICAGO HEIGHTS 2.4 NNW, IL US","2020-03-12",,,,,,
"US1ILCK0296","CHICAGO HEIGHTS 2.4 NNW, IL US","2020-03-13",,,,,,
"US1ILCK0296","CHICAGO HEIGHTS 2.4 NNW, IL US","2020-03-14",,,,,,
"US1ILCK0296","CHICAGO HEIGHTS 2.4 NNW, IL US","2020-03-15",,,,,,
"US1ILCK0296","CHICAGO HEIGHTS 2.4 NNW, IL US","2020-03-16",,,,,,
"US1ILCK0296","CHICAGO HEIGHTS 2.4 NNW, IL US","2020-03-17",,,,,,
"US1ILCK0296","CHICAGO HEIGHTS 2.4 NNW, IL US","2020-03-18",,,,,,
"US1ILCK0296","CHICAGO HEIGHTS 2.4 NNW, IL US","2020-03-19",,,,,,
"US1ILCK0296","CHICAGO HEIGHTS 2.4 NNW, IL US","2020-03-20",,,,,,
"US1ILCK0296","CHICAGO HEIGHTS 2.4 NNW, IL US","2020-03-21",,,,,,
"US1ILCK0296","CHICAGO HEIGHTS 2.4 NNW, IL US","2020-03-22",,,,,,
"US1ILCK0296","CHICAGO HEIGHTS 2.4 NNW, IL US","2020-03-23",,,,,,
"US1ILCK0296","CHICAGO HEIGHTS 2.4 NNW, IL US","2020-03-24",,,,,,
"US1ILCK0296","CHICAGO HEIGHTS 2.4 NNW, IL US","2020-03-25",,,,,,
"US1ILCK0296","CHICAGO HEIGHTS 2.4 NNW, IL US","2020-03-26",,,,,,
"US1ILCK0296","CHICAGO HEIGHTS 2.4 NNW, IL US","2020-03-27",,,,,,
"US1ILCK0296","CHICAGO HEIGHTS 2.4 NNW, IL US","2020-03-28",,,,,,
"US1ILCK0296","CHICAGO HEIGHTS 2.4 NNW, IL US","2020-03-29",,,,,,
"US1ILCK0296","CHICAGO HEIGHTS 2.4 NNW, IL US","2020-03-30",,,,,,
"US1ILCK0296","CHICAGO HEIGHTS 2.4 NNW, IL US","2020-03-31",,,,,,
"US1ILCK0296","CHICAGO HEIGHTS 2.4 NNW, IL US","2020-04-01",,,,,,
"US1ILCK0296","CHICAGO HEIGHTS 2.4 NNW, IL US","2020-04-02",,,,,,
"US1ILCK0296","CHICAGO HEIGHTS 2.4 NNW, IL US","2020-04-03",,,,,,
"US1ILCK0296","CHICAGO HEIGHTS 2.4 NNW, IL US","2020-04-04",,,,,,
"US1ILCK0296","CHICAGO HEIGHTS 2.4 NNW, IL US","2020-04-05",,,,,,
"US1ILCK0296","CHICAGO HEIGHTS 2.4 NNW, IL US","2020-04-06",,,,,,
"US1ILCK0296","CHICAGO HEIGHTS 2.4 NNW, IL US","2020-04-07",,,,,,
"US1ILCK0296","CHICAGO HEIGHTS 2.4 NNW, IL US","2020-04-08",,,,,,
"US1ILCK0296","CHICAGO HEIGHTS 2.4 NNW, IL US","2020-04-09",,,,,,
"US1ILCK0296","CHICAGO HEIGHTS 2.4 NNW, IL US","2020-04-10",,,,,,
"US1ILCK0296","CHICAGO HEIGHTS 2.4 NNW, IL US","2020-04-11",,,,,,
"US1ILCK0296","CHICAGO HEIGHTS 2.4 NNW, IL US","2020-04-12",,,,,,
"US1ILCK0296","CHICAGO HEIGHTS 2.4 NNW, IL US","2020-04-13",,,,,,
"US1ILCK0296","CHICAGO HEIGHTS 2.4 NNW, IL US","2020-04-14",,,,,,
"US1ILCK0296","CHICAGO HEIGHTS 2.4 NNW, IL US","2020-04-15",,,,,,
"US1ILCK0296","CHICAGO HEIGHTS 2.4 NNW, IL US","2020-04-16",,,,,,
"US1ILCK0296","CHICAGO HEIGHTS 2.4 NNW, IL US","2020-04-17",,,,,,
"US1ILCK0296","CHICAGO HEIGHTS 2.4 NNW, IL US","2020-04-18",,,,,,
"US1ILCK0296","CHICAGO HEIGHTS 2.4 NNW, IL US","2020-04-19",,,,,,
"US1ILCK0296","CHICAGO HEIGHTS 2.4 NNW, IL US","2020-04-20",,,,,,
"US1ILCK0296","CHICAGO HEIGHTS 2.4 NNW, IL US","2020-04-21",,,,,,
"US1ILCK0296","CHICAGO HEIGHTS 2.4 NNW, IL US","2020-04-22",,,,,,
"US1ILCK0296","CHICAGO HEIGHTS 2.4 NNW, IL US","2020-04-23",,,,,,
"US1ILCK0296","CHICAGO HEIGHTS 2.4 NNW, IL US","2020-04-25",,,,,,
"US1ILCK0296","CHICAGO HEIGHTS 2.4 NNW, IL US","2020-04-28",,,,,,
"US1ILCK0296","CHICAGO HEIGHTS 2.4 NNW, IL US","2020-04-29",,,,,,
"US1ILCK0296","CHICAGO HEIGHTS 2.4 NNW, IL US","2020-04-30",,,,,,
"US1ILCK0296","CHICAGO HEIGHTS 2.4 NNW, IL US","2020-05-01",,,,,,
"US1ILCK0296","CHICAGO HEIGHTS 2.4 NNW, IL US","2020-05-02",,,,,,
"US1ILCK0296","CHICAGO HEIGHTS 2.4 NNW, IL US","2020-05-03",,,,,,
"US1ILCK0296","CHICAGO HEIGHTS 2.4 NNW, IL US","2020-05-04",,,,,,
"US1ILCK0296","CHICAGO HEIGHTS 2.4 NNW, IL US","2020-05-05",,,,,,
"US1ILCK0296","CHICAGO HEIGHTS 2.4 NNW, IL US","2020-05-06",,,,,,
"US1ILCK0296","CHICAGO HEIGHTS 2.4 NNW, IL US","2020-05-07",,,,,,
"US1ILCK0296","CHICAGO HEIGHTS 2.4 NNW, IL US","2020-05-08",,,,,,
"US1ILCK0296","CHICAGO HEIGHTS 2.4 NNW, IL US","2020-05-09",,,,,,
"US1ILCK0296","CHICAGO HEIGHTS 2.4 NNW, IL US","2020-05-10",,,,,,
"US1ILCK0296","CHICAGO HEIGHTS 2.4 NNW, IL US","2020-05-11",,,,,,
"US1ILCK0296","CHICAGO HEIGHTS 2.4 NNW, IL US","2020-05-12",,,,,,
"US1ILCK0296","CHICAGO HEIGHTS 2.4 NNW, IL US","2020-05-13",,,,,,
"US1ILCK0296","CHICAGO HEIGHTS 2.4 NNW, IL US","2020-05-14",,,,,,
"US1ILCK0296","CHICAGO HEIGHTS 2.4 NNW, IL US","2020-05-15",,,,,,
"US1ILCK0296","CHICAGO HEIGHTS 2.4 NNW, IL US","2020-05-16",,,,,,
"US1ILCK0296","CHICAGO HEIGHTS 2.4 NNW, IL US","2020-05-17",,,,,,
"US1ILCK0296","CHICAGO HEIGHTS 2.4 NNW, IL US","2020-05-18",,,,,,
"US1ILCK0296","CHICAGO HEIGHTS 2.4 NNW, IL US","2020-05-19",,,,,,
"US1ILCK0296","CHICAGO HEIGHTS 2.4 NNW, IL US","2020-05-20",,,,,,
"US1ILCK0296","CHICAGO HEIGHTS 2.4 NNW, IL US","2020-05-21",,,,,,
"US1ILCK0296","CHICAGO HEIGHTS 2.4 NNW, IL US","2020-05-22",,,,,,
"US1ILCK0296","CHICAGO HEIGHTS 2.4 NNW, IL US","2020-05-23",,,,,,
"US1ILCK0296","CHICAGO HEIGHTS 2.4 NNW, IL US","2020-05-24",,,,,,
"US1ILCK0296","CHICAGO HEIGHTS 2.4 NNW, IL US","2020-05-25",,,,,,
"US1ILCK0296","CHICAGO HEIGHTS 2.4 NNW, IL US","2020-05-26",,,,,,
"US1ILCK0296","CHICAGO HEIGHTS 2.4 NNW, IL US","2020-05-27",,,,,,
"US1ILCK0296","CHICAGO HEIGHTS 2.4 NNW, IL US","2020-05-28",,,,,,
"US1ILCK0296","CHICAGO HEIGHTS 2.4 NNW, IL US","2020-05-29",,,,,,
"US1ILCK0296","CHICAGO HEIGHTS 2.4 NNW, IL US","2020-05-30",,,,,,
"US1ILCK0296","CHICAGO HEIGHTS 2.4 NNW, IL US","2020-05-31",,,,,,
"US1ILCK0296","CHICAGO HEIGHTS 2.4 NNW, IL US","2020-06-01",,,,,,
"US1ILCK0296","CHICAGO HEIGHTS 2.4 NNW, IL US","2020-06-02",,,,,,
"US1ILCK0296","CHICAGO HEIGHTS 2.4 NNW, IL US","2020-06-03",,,,,,
"US1ILCK0296","CHICAGO HEIGHTS 2.4 NNW, IL US","2020-06-04",,,,,,
"US1ILCK0296","CHICAGO HEIGHTS 2.4 NNW, IL US","2020-06-05",,,,,,
"US1ILCK0296","CHICAGO HEIGHTS 2.4 NNW, IL US","2020-06-06",,,,,,
"US1ILCK0296","CHICAGO HEIGHTS 2.4 NNW, IL US","2020-06-07",,,,,,
"US1ILCK0296","CHICAGO HEIGHTS 2.4 NNW, IL US","2020-06-08",,,,,,
"US1ILCK0296","CHICAGO HEIGHTS 2.4 NNW, IL US","2020-06-09",,,,,,
"US1ILCK0296","CHICAGO HEIGHTS 2.4 NNW, IL US","2020-06-10",,,,,,
"US1ILCK0296","CHICAGO HEIGHTS 2.4 NNW, IL US","2020-06-11",,,,,,
"US1ILCK0296","CHICAGO HEIGHTS 2.4 NNW, IL US","2020-06-12",,,,,,
"US1ILCK0296","CHICAGO HEIGHTS 2.4 NNW, IL US","2020-06-13",,,,,,
"US1ILCK0296","CHICAGO HEIGHTS 2.4 NNW, IL US","2020-06-14",,,,,,
"US1ILCK0296","CHICAGO HEIGHTS 2.4 NNW, IL US","2020-06-15",,,,,,
"US1ILCK0296","CHICAGO HEIGHTS 2.4 NNW, IL US","2020-06-16",,,,,,
"US1ILCK0296","CHICAGO HEIGHTS 2.4 NNW, IL US","2020-06-17",,,,,,
"US1ILCK0296","CHICAGO HEIGHTS 2.4 NNW, IL US","2020-06-18",,,,,,
"US1ILCK0296","CHICAGO HEIGHTS 2.4 NNW, IL US","2020-06-19",,,,,,
"US1ILCK0296","CHICAGO HEIGHTS 2.4 NNW, IL US","2020-06-20",,,,,,
"US1ILCK0296","CHICAGO HEIGHTS 2.4 NNW, IL US","2020-06-21",,,,,,
"US1ILCK0296","CHICAGO HEIGHTS 2.4 NNW, IL US","2020-06-22",,,,,,
"US1ILCK0296","CHICAGO HEIGHTS 2.4 NNW, IL US","2020-06-23",,,,,,
"US1ILCK0296","CHICAGO HEIGHTS 2.4 NNW, IL US","2020-06-24",,,,,,
"US1ILCK0296","CHICAGO HEIGHTS 2.4 NNW, IL US","2020-06-25",,,,,,
"US1ILCK0296","CHICAGO HEIGHTS 2.4 NNW, IL US","2020-06-26",,,,,,
"US1ILCK0296","CHICAGO HEIGHTS 2.4 NNW, IL US","2020-06-27",,,,,,
"US1ILCK0296","CHICAGO HEIGHTS 2.4 NNW, IL US","2020-06-28",,,,,,
"US1ILCK0296","CHICAGO HEIGHTS 2.4 NNW, IL US","2020-06-29",,,,,,
"US1ILCK0296","CHICAGO HEIGHTS 2.4 NNW, IL US","2020-06-30",,,,,,
"US1ILCK0296","CHICAGO HEIGHTS 2.4 NNW, IL US","2020-07-01",,,,,,
"US1ILCK0296","CHICAGO HEIGHTS 2.4 NNW, IL US","2020-07-02",,,,,,
"US1ILCK0296","CHICAGO HEIGHTS 2.4 NNW, IL US","2020-07-03",,,,,,
"US1ILCK0296","CHICAGO HEIGHTS 2.4 NNW, IL US","2020-07-04",,,,,,
"US1ILCK0296","CHICAGO HEIGHTS 2.4 NNW, IL US","2020-07-05",,,,,,
"US1ILCK0296","CHICAGO HEIGHTS 2.4 NNW, IL US","2020-07-06",,,,,,
"US1ILCK0296","CHICAGO HEIGHTS 2.4 NNW, IL US","2020-07-07",,,,,,
"US1ILCK0296","CHICAGO HEIGHTS 2.4 NNW, IL US","2020-07-08",,,,,,
"US1ILCK0296","CHICAGO HEIGHTS 2.4 NNW, IL US","2020-07-09",,,,,,
"US1ILCK0296","CHICAGO HEIGHTS 2.4 NNW, IL US","2020-07-10",,,,,,
"US1ILCK0296","CHICAGO HEIGHTS 2.4 NNW, IL US","2020-07-11",,,,,,
"US1ILCK0296","CHICAGO HEIGHTS 2.4 NNW, IL US","2020-07-12",,,,,,
"US1ILCK0296","CHICAGO HEIGHTS 2.4 NNW, IL US","2020-07-13",,,,,,
"US1ILCK0296","CHICAGO HEIGHTS 2.4 NNW, IL US","2020-07-14",,,,,,
"US1ILCK0296","CHICAGO HEIGHTS 2.4 NNW, IL US","2020-07-15",,,,,,
"US1ILCK0296","CHICAGO HEIGHTS 2.4 NNW, IL US","2020-07-16",,,,,,
"US1ILCK0296","CHICAGO HEIGHTS 2.4 NNW, IL US","2020-07-17",,,,,,
"US1ILCK0296","CHICAGO HEIGHTS 2.4 NNW, IL US","2020-07-18",,,,,,
"US1ILCK0296","CHICAGO HEIGHTS 2.4 NNW, IL US","2020-07-19",,,,,,
"US1ILCK0296","CHICAGO HEIGHTS 2.4 NNW, IL US","2020-07-20",,,,,,
"US1ILCK0296","CHICAGO HEIGHTS 2.4 NNW, IL US","2020-07-21",,,,,,
"US1ILCK0296","CHICAGO HEIGHTS 2.4 NNW, IL US","2020-07-22",,,,,,
"US1ILCK0296","CHICAGO HEIGHTS 2.4 NNW, IL US","2020-07-23",,,,,,
"US1ILCK0296","CHICAGO HEIGHTS 2.4 NNW, IL US","2020-07-24",,,,,,
"US1ILCK0296","CHICAGO HEIGHTS 2.4 NNW, IL US","2020-07-25",,,,,,
"US1ILCK0296","CHICAGO HEIGHTS 2.4 NNW, IL US","2020-07-26",,,,,,
"US1ILCK0296","CHICAGO HEIGHTS 2.4 NNW, IL US","2020-07-27",,,,,,
"US1ILCK0296","CHICAGO HEIGHTS 2.4 NNW, IL US","2020-07-28",,,,,,
"US1ILCK0296","CHICAGO HEIGHTS 2.4 NNW, IL US","2020-07-29",,,,,,
"US1ILCK0296","CHICAGO HEIGHTS 2.4 NNW, IL US","2020-07-30",,,,,,
"US1ILCK0296","CHICAGO HEIGHTS 2.4 NNW, IL US","2020-07-31",,,,,,
"US1ILCK0296","CHICAGO HEIGHTS 2.4 NNW, IL US","2020-08-01",,,,,,
"US1ILCK0296","CHICAGO HEIGHTS 2.4 NNW, IL US","2020-08-02",,,,,,
"US1ILCK0296","CHICAGO HEIGHTS 2.4 NNW, IL US","2020-08-03",,,,,,
"US1ILCK0296","CHICAGO HEIGHTS 2.4 NNW, IL US","2020-08-04",,,,,,
"US1ILCK0296","CHICAGO HEIGHTS 2.4 NNW, IL US","2020-08-05",,,,,,
"US1ILCK0296","CHICAGO HEIGHTS 2.4 NNW, IL US","2020-08-06",,,,,,
"US1ILCK0296","CHICAGO HEIGHTS 2.4 NNW, IL US","2020-08-07",,,,,,
"US1ILCK0296","CHICAGO HEIGHTS 2.4 NNW, IL US","2020-08-08",,,,,,
"US1ILCK0296","CHICAGO HEIGHTS 2.4 NNW, IL US","2020-08-09",,,,,,
"US1ILCK0296","CHICAGO HEIGHTS 2.4 NNW, IL US","2020-08-10",,,,,,
"US1ILCK0296","CHICAGO HEIGHTS 2.4 NNW, IL US","2020-08-11",,,,,,
"US1ILCK0296","CHICAGO HEIGHTS 2.4 NNW, IL US","2020-08-12",,,,,,
"US1ILCK0296","CHICAGO HEIGHTS 2.4 NNW, IL US","2020-08-13",,,,,,
"US1ILCK0296","CHICAGO HEIGHTS 2.4 NNW, IL US","2020-08-14",,,,,,
"US1ILCK0296","CHICAGO HEIGHTS 2.4 NNW, IL US","2020-08-15",,,,,,
"US1ILCK0296","CHICAGO HEIGHTS 2.4 NNW, IL US","2020-08-16",,,,,,
"US1ILCK0296","CHICAGO HEIGHTS 2.4 NNW, IL US","2020-08-17",,,,,,
"US1ILCK0296","CHICAGO HEIGHTS 2.4 NNW, IL US","2020-08-18",,,,,,
"US1ILCK0296","CHICAGO HEIGHTS 2.4 NNW, IL US","2020-08-19",,,,,,
"US1ILCK0296","CHICAGO HEIGHTS 2.4 NNW, IL US","2020-08-20",,,,,,
"US1ILCK0296","CHICAGO HEIGHTS 2.4 NNW, IL US","2020-08-21",,,,,,
"US1ILCK0296","CHICAGO HEIGHTS 2.4 NNW, IL US","2020-08-22",,,,,,
"US1ILCK0296","CHICAGO HEIGHTS 2.4 NNW, IL US","2020-08-23",,,,,,
"US1ILCK0296","CHICAGO HEIGHTS 2.4 NNW, IL US","2020-08-24",,,,,,
"US1ILCK0296","CHICAGO HEIGHTS 2.4 NNW, IL US","2020-08-25",,,,,,
"US1ILCK0296","CHICAGO HEIGHTS 2.4 NNW, IL US","2020-08-26",,,,,,
"US1ILCK0296","CHICAGO HEIGHTS 2.4 NNW, IL US","2020-08-27",,,,,,
"US1ILCK0296","CHICAGO HEIGHTS 2.4 NNW, IL US","2020-08-28",,,,,,
"US1ILCK0296","CHICAGO HEIGHTS 2.4 NNW, IL US","2020-08-29",,,,,,
"US1ILCK0296","CHICAGO HEIGHTS 2.4 NNW, IL US","2020-08-30",,,,,,
"US1ILCK0296","CHICAGO HEIGHTS 2.4 NNW, IL US","2020-08-31",,,,,,
"US1ILCK0296","CHICAGO HEIGHTS 2.4 NNW, IL US","2020-09-01",,,,,,
"US1ILCK0296","CHICAGO HEIGHTS 2.4 NNW, IL US","2020-09-02",,,,,,
"US1ILCK0296","CHICAGO HEIGHTS 2.4 NNW, IL US","2020-09-03",,,,,,
"US1ILCK0296","CHICAGO HEIGHTS 2.4 NNW, IL US","2020-09-04",,,,,,
"US1ILCK0296","CHICAGO HEIGHTS 2.4 NNW, IL US","2020-09-05",,,,,,
"US1ILCK0296","CHICAGO HEIGHTS 2.4 NNW, IL US","2020-09-06",,,,,,
"US1ILCK0296","CHICAGO HEIGHTS 2.4 NNW, IL US","2020-09-07",,,,,,
"US1ILWL0025","CRETE 2.6 E, IL US","2019-10-01",,,,,,
"US1ILWL0025","CRETE 2.6 E, IL US","2019-10-02",,,,,,
"US1ILWL0025","CRETE 2.6 E, IL US","2019-10-03",,,,,,
"US1ILWL0025","CRETE 2.6 E, IL US","2019-10-04",,,,,,
"US1ILWL0025","CRETE 2.6 E, IL US","2019-10-05",,,,,,
"US1ILWL0025","CRETE 2.6 E, IL US","2019-10-06",,,,,,
"US1ILWL0025","CRETE 2.6 E, IL US","2019-10-07",,,,,,
"US1ILWL0025","CRETE 2.6 E, IL US","2019-10-08",,,,,,
"US1ILWL0025","CRETE 2.6 E, IL US","2019-10-09",,,,,,
"US1ILWL0025","CRETE 2.6 E, IL US","2019-10-10",,,,,,
"US1ILWL0025","CRETE 2.6 E, IL US","2019-10-11",,,,,,
"US1ILWL0025","CRETE 2.6 E, IL US","2019-10-12",,,,,,
"US1ILWL0025","CRETE 2.6 E, IL US","2019-10-13",,,,,,
"US1ILWL0025","CRETE 2.6 E, IL US","2019-10-14",,,,,,
"US1ILWL0025","CRETE 2.6 E, IL US","2019-10-15",,,,,,
"US1ILWL0025","CRETE 2.6 E, IL US","2019-10-16",,,,,,
"US1ILWL0025","CRETE 2.6 E, IL US","2019-10-17",,,,,,
"US1ILWL0025","CRETE 2.6 E, IL US","2019-10-18",,,,,,
"US1ILWL0025","CRETE 2.6 E, IL US","2019-10-19",,,,,,
"US1ILWL0025","CRETE 2.6 E, IL US","2019-10-20",,,,,,
"US1ILWL0025","CRETE 2.6 E, IL US","2019-10-21",,,,,,
"US1ILWL0025","CRETE 2.6 E, IL US","2019-10-22",,,,,,
"US1ILWL0025","CRETE 2.6 E, IL US","2019-10-23",,,,,,
"US1ILWL0025","CRETE 2.6 E, IL US","2019-10-24",,,,,,
"US1ILWL0025","CRETE 2.6 E, IL US","2019-10-25",,,,,,
"US1ILWL0025","CRETE 2.6 E, IL US","2019-10-26",,,,,,
"US1ILWL0025","CRETE 2.6 E, IL US","2019-10-27",,,,,,
"US1ILWL0025","CRETE 2.6 E, IL US","2019-10-28",,,,,,
"US1ILWL0025","CRETE 2.6 E, IL US","2019-10-29",,,,,,
"US1ILWL0025","CRETE 2.6 E, IL US","2019-10-30",,,,,,
"US1ILWL0025","CRETE 2.6 E, IL US","2019-10-31",,,,,,
"US1ILWL0025","CRETE 2.6 E, IL US","2019-11-01",,,,,,
"US1ILWL0025","CRETE 2.6 E, IL US","2019-11-02",,,,,,
"US1ILWL0025","CRETE 2.6 E, IL US","2019-11-03",,,,,,
"US1ILWL0025","CRETE 2.6 E, IL US","2019-11-04",,,,,,
"US1ILWL0025","CRETE 2.6 E, IL US","2019-11-05",,,,,,
"US1ILWL0025","CRETE 2.6 E, IL US","2019-11-06",,,,,,
"US1ILWL0025","CRETE 2.6 E, IL US","2019-11-07",,,,,,
"US1ILWL0025","CRETE 2.6 E, IL US","2019-11-08",,,,,,
"US1ILWL0025","CRETE 2.6 E, IL US","2019-11-09",,,,,,
"US1ILWL0025","CRETE 2.6 E, IL US","2019-11-10",,,,,,
"US1ILWL0025","CRETE 2.6 E, IL US","2019-11-11",,,,,,
"US1ILWL0025","CRETE 2.6 E, IL US","2019-11-12",,,,,,
"US1ILWL0025","CRETE 2.6 E, IL US","2019-11-13",,,,,,
"US1ILWL0025","CRETE 2.6 E, IL US","2019-11-14",,,,,,
"US1ILWL0025","CRETE 2.6 E, IL US","2019-11-16",,,,,,
"US1ILWL0025","CRETE 2.6 E, IL US","2019-11-17",,,,,,
"US1ILWL0025","CRETE 2.6 E, IL US","2019-11-18",,,,,,
"US1ILWL0025","CRETE 2.6 E, IL US","2019-11-19",,,,,,
"US1ILWL0025","CRETE 2.6 E, IL US","2019-11-20",,,,,,
"US1ILWL0025","CRETE 2.6 E, IL US","2019-11-21",,,,,,
"US1ILWL0025","CRETE 2.6 E, IL US","2019-11-22",,,,,,
"US1ILWL0025","CRETE 2.6 E, IL US","2019-11-23",,,,,,
"US1ILWL0025","CRETE 2.6 E, IL US","2019-11-24",,,,,,
"US1ILWL0025","CRETE 2.6 E, IL US","2019-11-25",,,,,,
"US1ILWL0025","CRETE 2.6 E, IL US","2019-11-26",,,,,,
"US1ILWL0025","CRETE 2.6 E, IL US","2019-11-27",,,,,,
"US1ILWL0025","CRETE 2.6 E, IL US","2019-11-28",,,,,,
"US1ILWL0025","CRETE 2.6 E, IL US","2019-11-29",,,,,,
"US1ILWL0025","CRETE 2.6 E, IL US","2019-11-30",,,,,,
"US1ILWL0025","CRETE 2.6 E, IL US","2019-12-01",,,,,,
"US1ILWL0025","CRETE 2.6 E, IL US","2019-12-02",,,,,,
"US1ILWL0025","CRETE 2.6 E, IL US","2019-12-03",,,,,,
"US1ILWL0025","CRETE 2.6 E, IL US","2019-12-04",,,,,,
"US1ILWL0025","CRETE 2.6 E, IL US","2019-12-05",,,,,,
"US1ILWL0025","CRETE 2.6 E, IL US","2019-12-06",,,,,,
"US1ILWL0025","CRETE 2.6 E, IL US","2019-12-07",,,,,,
"US1ILWL0025","CRETE 2.6 E, IL US","2019-12-08",,,,,,
"US1ILWL0025","CRETE 2.6 E, IL US","2019-12-09",,,,,,
"US1ILWL0025","CRETE 2.6 E, IL US","2019-12-10",,,,,,
"US1ILWL0025","CRETE 2.6 E, IL US","2019-12-11",,,,,,
"US1ILWL0025","CRETE 2.6 E, IL US","2019-12-12",,,,,,
"US1ILWL0025","CRETE 2.6 E, IL US","2019-12-13",,,,,,
"US1ILWL0025","CRETE 2.6 E, IL US","2019-12-14",,,,,,
"US1ILWL0025","CRETE 2.6 E, IL US","2019-12-15",,,,,,
"US1ILWL0025","CRETE 2.6 E, IL US","2019-12-16",,,,,,
"US1ILWL0025","CRETE 2.6 E, IL US","2019-12-17",,,,,,
"US1ILWL0025","CRETE 2.6 E, IL US","2019-12-18",,,,,,
"US1ILWL0025","CRETE 2.6 E, IL US","2019-12-19",,,,,,
"US1ILWL0025","CRETE 2.6 E, IL US","2019-12-20",,,,,,
"US1ILWL0025","CRETE 2.6 E, IL US","2019-12-21",,,,,,
"US1ILWL0025","CRETE 2.6 E, IL US","2019-12-22",,,,,,
"US1ILWL0025","CRETE 2.6 E, IL US","2019-12-23",,,,,,
"US1ILWL0025","CRETE 2.6 E, IL US","2019-12-24",,,,,,
"US1ILWL0025","CRETE 2.6 E, IL US","2019-12-25",,,,,,
"US1ILWL0025","CRETE 2.6 E, IL US","2019-12-26",,,,,,
"US1ILWL0025","CRETE 2.6 E, IL US","2019-12-27",,,,,,
"US1ILWL0025","CRETE 2.6 E, IL US","2019-12-28",,,,,,
"US1ILWL0025","CRETE 2.6 E, IL US","2019-12-29",,,,,,
"US1ILWL0025","CRETE 2.6 E, IL US","2019-12-30",,,,,,
"US1ILWL0025","CRETE 2.6 E, IL US","2019-12-31",,,,,,
"US1ILWL0025","CRETE 2.6 E, IL US","2020-01-01",,,,,,
"US1ILWL0025","CRETE 2.6 E, IL US","2020-01-02",,,,,,
"US1ILWL0025","CRETE 2.6 E, IL US","2020-01-03",,,,,,
"US1ILWL0025","CRETE 2.6 E, IL US","2020-01-04",,,,,,
"US1ILWL0025","CRETE 2.6 E, IL US","2020-01-05",,,,,,
"US1ILWL0025","CRETE 2.6 E, IL US","2020-01-06",,,,,,
"US1ILWL0025","CRETE 2.6 E, IL US","2020-01-07",,,,,,
"US1ILWL0025","CRETE 2.6 E, IL US","2020-01-08",,,,,,
"US1ILWL0025","CRETE 2.6 E, IL US","2020-01-09",,,,,,
"US1ILWL0025","CRETE 2.6 E, IL US","2020-01-10",,,,,,
"US1ILWL0025","CRETE 2.6 E, IL US","2020-01-11",,,,,,
"US1ILWL0025","CRETE 2.6 E, IL US","2020-01-12",,,,,,
"US1ILWL0025","CRETE 2.6 E, IL US","2020-01-13",,,,,,
"US1ILWL0025","CRETE 2.6 E, IL US","2020-01-14",,,,,,
"US1ILWL0025","CRETE 2.6 E, IL US","2020-01-15",,,,,,
"US1ILWL0025","CRETE 2.6 E, IL US","2020-01-16",,,,,,
"US1ILWL0025","CRETE 2.6 E, IL US","2020-01-17",,,,,,
"US1ILWL0025","CRETE 2.6 E, IL US","2020-01-18",,,,,,
"US1ILWL0025","CRETE 2.6 E, IL US","2020-01-19",,,,,,
"US1ILWL0025","CRETE 2.6 E, IL US","2020-01-20",,,,,,
"US1ILWL0025","CRETE 2.6 E, IL US","2020-01-21",,,,,,
"US1ILWL0025","CRETE 2.6 E, IL US","2020-01-22",,,,,,
"US1ILWL0025","CRETE 2.6 E, IL US","2020-01-23",,,,,,
"US1ILWL0025","CRETE 2.6 E, IL US","2020-01-24",,,,,,
"US1ILWL0025","CRETE 2.6 E, IL US","2020-01-25",,,,,,
"US1ILWL0025","CRETE 2.6 E, IL US","2020-01-26",,,,,,
"US1ILWL0025","CRETE 2.6 E, IL US","2020-01-27",,,,,,
"US1ILWL0025","CRETE 2.6 E, IL US","2020-01-28",,,,,,
"US1ILWL0025","CRETE 2.6 E, IL US","2020-01-29",,,,,,
"US1ILWL0025","CRETE 2.6 E, IL US","2020-01-30",,,,,,
"US1ILWL0025","CRETE 2.6 E, IL US","2020-01-31",,,,,,
"US1ILWL0025","CRETE 2.6 E, IL US","2020-02-01",,,,,,
"US1ILWL0025","CRETE 2.6 E, IL US","2020-02-02",,,,,,
"US1ILWL0025","CRETE 2.6 E, IL US","2020-02-03",,,,,,
"US1ILWL0025","CRETE 2.6 E, IL US","2020-02-04",,,,,,
"US1ILWL0025","CRETE 2.6 E, IL US","2020-02-05",,,,,,
"US1ILWL0025","CRETE 2.6 E, IL US","2020-02-06",,,,,,
"US1ILWL0025","CRETE 2.6 E, IL US","2020-02-07",,,,,,
"US1ILWL0025","CRETE 2.6 E, IL US","2020-02-08",,,,,,
"US1ILWL0025","CRETE 2.6 E, IL US","2020-02-09",,,,,,
"US1ILWL0025","CRETE 2.6 E, IL US","2020-02-10",,,,,,
"US1ILWL0025","CRETE 2.6 E, IL US","2020-02-11",,,,,,
"US1ILWL0025","CRETE 2.6 E, IL US","2020-02-12",,,,,,
"US1ILWL0025","CRETE 2.6 E, IL US","2020-02-13",,,,,,
"US1ILWL0025","CRETE 2.6 E, IL US","2020-02-14",,,,,,
"US1ILWL0025","CRETE 2.6 E, IL US","2020-02-15",,,,,,
"US1ILWL0025","CRETE 2.6 E, IL US","2020-02-16",,,,,,
"US1ILWL0025","CRETE 2.6 E, IL US","2020-02-17",,,,,,
"US1ILWL0025","CRETE 2.6 E, IL US","2020-02-18",,,,,,
"US1ILWL0025","CRETE 2.6 E, IL US","2020-02-19",,,,,,
"US1ILWL0025","CRETE 2.6 E, IL US","2020-02-20",,,,,,
"US1ILWL0025","CRETE 2.6 E, IL US","2020-02-21",,,,,,
"US1ILWL0025","CRETE 2.6 E, IL US","2020-02-22",,,,,,
"US1ILWL0025","CRETE 2.6 E, IL US","2020-02-23",,,,,,
"US1ILWL0025","CRETE 2.6 E, IL US","2020-02-24",,,,,,
"US1ILWL0025","CRETE 2.6 E, IL US","2020-02-25",,,,,,
"US1ILWL0025","CRETE 2.6 E, IL US","2020-02-26",,,,,,
"US1ILWL0025","CRETE 2.6 E, IL US","2020-02-27",,,,,,
"US1ILWL0025","CRETE 2.6 E, IL US","2020-02-28",,,,,,
"US1ILWL0025","CRETE 2.6 E, IL US","2020-02-29",,,,,,
"US1ILWL0025","CRETE 2.6 E, IL US","2020-03-01",,,,,,
"US1ILWL0025","CRETE 2.6 E, IL US","2020-03-02",,,,,,
"US1ILWL0025","CRETE 2.6 E, IL US","2020-03-03",,,,,,
"US1ILWL0025","CRETE 2.6 E, IL US","2020-03-04",,,,,,
"US1ILWL0025","CRETE 2.6 E, IL US","2020-03-05",,,,,,
"US1ILWL0025","CRETE 2.6 E, IL US","2020-03-06",,,,,,
"US1ILWL0025","CRETE 2.6 E, IL US","2020-03-07",,,,,,
"US1ILWL0025","CRETE 2.6 E, IL US","2020-03-08",,,,,,
"US1ILWL0025","CRETE 2.6 E, IL US","2020-03-09",,,,,,
"US1ILWL0025","CRETE 2.6 E, IL US","2020-03-10",,,,,,
"US1ILWL0025","CRETE 2.6 E, IL US","2020-03-11",,,,,,
"US1ILWL0025","CRETE 2.6 E, IL US","2020-03-12",,,,,,
"US1ILWL0025","CRETE 2.6 E, IL US","2020-03-13",,,,,,
"US1ILWL0025","CRETE 2.6 E, IL US","2020-03-14",,,,,,
"US1ILWL0025","CRETE 2.6 E, IL US","2020-03-15",,,,,,
"US1ILWL0025","CRETE 2.6 E, IL US","2020-03-16",,,,,,
"US1ILWL0025","CRETE 2.6 E, IL US","2020-03-17",,,,,,
"US1ILWL0025","CRETE 2.6 E, IL US","2020-03-18",,,,,,
"US1ILWL0025","CRETE 2.6 E, IL US","2020-03-19",,,,,,
"US1ILWL0025","CRETE 2.6 E, IL US","2020-03-20",,,,,,
"US1ILWL0025","CRETE 2.6 E, IL US","2020-03-21",,,,,,
"US1ILWL0025","CRETE 2.6 E, IL US","2020-03-22",,,,,,
"US1ILWL0025","CRETE 2.6 E, IL US","2020-03-23",,,,,,
"US1ILWL0025","CRETE 2.6 E, IL US","2020-03-24",,,,,,
"US1ILWL0025","CRETE 2.6 E, IL US","2020-03-25",,,,,,
"US1ILWL0025","CRETE 2.6 E, IL US","2020-03-26",,,,,,
"US1ILWL0025","CRETE 2.6 E, IL US","2020-03-27",,,,,,
"US1ILWL0025","CRETE 2.6 E, IL US","2020-03-28",,,,,,
"US1ILWL0025","CRETE 2.6 E, IL US","2020-03-29",,,,,,
"US1ILWL0025","CRETE 2.6 E, IL US","2020-03-30",,,,,,
"US1ILWL0025","CRETE 2.6 E, IL US","2020-03-31",,,,,,
"US1ILWL0025","CRETE 2.6 E, IL US","2020-04-01",,,,,,
"US1ILWL0025","CRETE 2.6 E, IL US","2020-04-02",,,,,,
"US1ILWL0025","CRETE 2.6 E, IL US","2020-04-03",,,,,,
"US1ILWL0025","CRETE 2.6 E, IL US","2020-04-04",,,,,,
"US1ILWL0025","CRETE 2.6 E, IL US","2020-04-05",,,,,,
"US1ILWL0025","CRETE 2.6 E, IL US","2020-04-06",,,,,,
"US1ILWL0025","CRETE 2.6 E, IL US","2020-04-07",,,,,,
"US1ILWL0025","CRETE 2.6 E, IL US","2020-04-08",,,,,,
"US1ILWL0025","CRETE 2.6 E, IL US","2020-04-09",,,,,,
"US1ILWL0025","CRETE 2.6 E, IL US","2020-04-10",,,,,,
"US1ILWL0025","CRETE 2.6 E, IL US","2020-04-11",,,,,,
"US1ILWL0025","CRETE 2.6 E, IL US","2020-04-12",,,,,,
"US1ILWL0025","CRETE 2.6 E, IL US","2020-04-13",,,,,,
"US1ILWL0025","CRETE 2.6 E, IL US","2020-04-14",,,,,,
"US1ILWL0025","CRETE 2.6 E, IL US","2020-04-15",,,,,,
"US1ILWL0025","CRETE 2.6 E, IL US","2020-04-16",,,,,,
"US1ILWL0025","CRETE 2.6 E, IL US","2020-04-17",,,,,,
"US1ILWL0025","CRETE 2.6 E, IL US","2020-04-18",,,,,,
"US1ILWL0025","CRETE 2.6 E, IL US","2020-04-19",,,,,,
"US1ILWL0025","CRETE 2.6 E, IL US","2020-04-20",,,,,,
"US1ILWL0025","CRETE 2.6 E, IL US","2020-04-21",,,,,,
"US1ILWL0025","CRETE 2.6 E, IL US","2020-04-22",,,,,,
"US1ILWL0025","CRETE 2.6 E, IL US","2020-04-23",,,,,,
"US1ILWL0025","CRETE 2.6 E, IL US","2020-04-24",,,,,,
"US1ILWL0025","CRETE 2.6 E, IL US","2020-04-25",,,,,,
"US1ILWL0025","CRETE 2.6 E, IL US","2020-04-26",,,,,,
"US1ILWL0025","CRETE 2.6 E, IL US","2020-04-27",,,,,,
"US1ILWL0025","CRETE 2.6 E, IL US","2020-04-28",,,,,,
"US1ILWL0025","CRETE 2.6 E, IL US","2020-04-29",,,,,,
"US1ILWL0025","CRETE 2.6 E, IL US","2020-04-30",,,,,,
"US1ILWL0025","CRETE 2.6 E, IL US","2020-05-01",,,,,,
"US1ILWL0025","CRETE 2.6 E, IL US","2020-05-02",,,,,,
"US1ILWL0025","CRETE 2.6 E, IL US","2020-05-03",,,,,,
"US1ILWL0025","CRETE 2.6 E, IL US","2020-05-04",,,,,,
"US1ILWL0025","CRETE 2.6 E, IL US","2020-05-05",,,,,,
"US1ILWL0025","CRETE 2.6 E, IL US","2020-05-06",,,,,,
"US1ILWL0025","CRETE 2.6 E, IL US","2020-05-07",,,,,,
"US1ILWL0025","CRETE 2.6 E, IL US","2020-05-08",,,,,,
"US1ILWL0025","CRETE 2.6 E, IL US","2020-05-09",,,,,,
"US1ILWL0025","CRETE 2.6 E, IL US","2020-05-10",,,,,,
"US1ILWL0025","CRETE 2.6 E, IL US","2020-05-11",,,,,,
"US1ILWL0025","CRETE 2.6 E, IL US","2020-05-12",,,,,,
"US1ILWL0025","CRETE 2.6 E, IL US","2020-05-13",,,,,,
"US1ILWL0025","CRETE 2.6 E, IL US","2020-05-14",,,,,,
"US1ILWL0025","CRETE 2.6 E, IL US","2020-05-15",,,,,,
"US1ILWL0025","CRETE 2.6 E, IL US","2020-05-16",,,,,,
"US1ILWL0025","CRETE 2.6 E, IL US","2020-05-17",,,,,,
"US1ILWL0025","CRETE 2.6 E, IL US","2020-05-18",,,,,,
"US1ILWL0025","CRETE 2.6 E, IL US","2020-05-19",,,,,,
"US1ILWL0025","CRETE 2.6 E, IL US","2020-05-20",,,,,,
"US1ILWL0025","CRETE 2.6 E, IL US","2020-05-21",,,,,,
"US1ILWL0025","CRETE 2.6 E, IL US","2020-05-22",,,,,,
"US1ILWL0025","CRETE 2.6 E, IL US","2020-05-23",,,,,,
"US1ILWL0025","CRETE 2.6 E, IL US","2020-05-24",,,,,,
"US1ILWL0025","CRETE 2.6 E, IL US","2020-05-25",,,,,,
"US1ILWL0025","CRETE 2.6 E, IL US","2020-05-26",,,,,,
"US1ILWL0025","CRETE 2.6 E, IL US","2020-05-27",,,,,,
"US1ILWL0025","CRETE 2.6 E, IL US","2020-05-28",,,,,,
"US1ILWL0025","CRETE 2.6 E, IL US","2020-05-29",,,,,,
"US1ILWL0025","CRETE 2.6 E, IL US","2020-05-30",,,,,,
"US1ILWL0025","CRETE 2.6 E, IL US","2020-05-31",,,,,,
"US1ILWL0025","CRETE 2.6 E, IL US","2020-06-01",,,,,,
"US1ILWL0025","CRETE 2.6 E, IL US","2020-06-02",,,,,,
"US1ILWL0025","CRETE 2.6 E, IL US","2020-06-03",,,,,,
"US1ILWL0025","CRETE 2.6 E, IL US","2020-06-04",,,,,,
"US1ILWL0025","CRETE 2.6 E, IL US","2020-06-05",,,,,,
"US1ILWL0025","CRETE 2.6 E, IL US","2020-06-06",,,,,,
"US1ILWL0025","CRETE 2.6 E, IL US","2020-06-07",,,,,,
"US1ILWL0025","CRETE 2.6 E, IL US","2020-06-08",,,,,,
"US1ILWL0025","CRETE 2.6 E, IL US","2020-06-09",,,,,,
"US1ILWL0025","CRETE 2.6 E, IL US","2020-06-10",,,,,,
"US1ILWL0025","CRETE 2.6 E, IL US","2020-06-11",,,,,,
"US1ILWL0025","CRETE 2.6 E, IL US","2020-06-12",,,,,,
"US1ILWL0025","CRETE 2.6 E, IL US","2020-06-13",,,,,,
"US1ILWL0025","CRETE 2.6 E, IL US","2020-06-14",,,,,,
"US1ILWL0025","CRETE 2.6 E, IL US","2020-06-15",,,,,,
"US1ILWL0025","CRETE 2.6 E, IL US","2020-06-16",,,,,,
"US1ILWL0025","CRETE 2.6 E, IL US","2020-06-17",,,,,,
"US1ILWL0025","CRETE 2.6 E, IL US","2020-06-18",,,,,,
"US1ILWL0025","CRETE 2.6 E, IL US","2020-06-19",,,,,,
"US1ILWL0025","CRETE 2.6 E, IL US","2020-06-20",,,,,,
"US1ILWL0025","CRETE 2.6 E, IL US","2020-06-21",,,,,,
"US1ILWL0025","CRETE 2.6 E, IL US","2020-06-22",,,,,,
"US1ILWL0025","CRETE 2.6 E, IL US","2020-06-23",,,,,,
"US1ILWL0025","CRETE 2.6 E, IL US","2020-06-24",,,,,,
"US1ILWL0025","CRETE 2.6 E, IL US","2020-06-25",,,,,,
"US1ILWL0025","CRETE 2.6 E, IL US","2020-06-26",,,,,,
"US1ILWL0025","CRETE 2.6 E, IL US","2020-06-27",,,,,,
"US1ILWL0025","CRETE 2.6 E, IL US","2020-06-28",,,,,,
"US1ILWL0025","CRETE 2.6 E, IL US","2020-06-29",,,,,,
"US1ILWL0025","CRETE 2.6 E, IL US","2020-06-30",,,,,,
"US1ILWL0025","CRETE 2.6 E, IL US","2020-07-01",,,,,,
"US1ILWL0025","CRETE 2.6 E, IL US","2020-07-02",,,,,,
"US1ILWL0025","CRETE 2.6 E, IL US","2020-07-03",,,,,,
"US1ILWL0025","CRETE 2.6 E, IL US","2020-07-04",,,,,,
"US1ILWL0025","CRETE 2.6 E, IL US","2020-07-05",,,,,,
"US1ILWL0025","CRETE 2.6 E, IL US","2020-07-06",,,,,,
"US1ILWL0025","CRETE 2.6 E, IL US","2020-07-07",,,,,,
"US1ILWL0025","CRETE 2.6 E, IL US","2020-07-08",,,,,,
"US1ILWL0025","CRETE 2.6 E, IL US","2020-07-09",,,,,,
"US1ILWL0025","CRETE 2.6 E, IL US","2020-07-10",,,,,,
"US1ILWL0025","CRETE 2.6 E, IL US","2020-07-11",,,,,,
"US1ILWL0025","CRETE 2.6 E, IL US","2020-07-12",,,,,,
"US1ILWL0025","CRETE 2.6 E, IL US","2020-07-13",,,,,,
"US1ILWL0025","CRETE 2.6 E, IL US","2020-07-14",,,,,,
"US1ILWL0025","CRETE 2.6 E, IL US","2020-07-15",,,,,,
"US1ILWL0025","CRETE 2.6 E, IL US","2020-07-16",,,,,,
"US1ILWL0025","CRETE 2.6 E, IL US","2020-07-17",,,,,,
"US1ILWL0025","CRETE 2.6 E, IL US","2020-07-18",,,,,,
"US1ILWL0025","CRETE 2.6 E, IL US","2020-07-19",,,,,,
"US1ILWL0025","CRETE 2.6 E, IL US","2020-07-20",,,,,,
"US1ILWL0025","CRETE 2.6 E, IL US","2020-07-21",,,,,,
"US1ILWL0025","CRETE 2.6 E, IL US","2020-07-22",,,,,,
"US1ILWL0025","CRETE 2.6 E, IL US","2020-07-23",,,,,,
"US1ILWL0025","CRETE 2.6 E, IL US","2020-07-24",,,,,,
"US1ILWL0025","CRETE 2.6 E, IL US","2020-07-25",,,,,,
"US1ILWL0025","CRETE 2.6 E, IL US","2020-07-26",,,,,,
"US1ILWL0025","CRETE 2.6 E, IL US","2020-07-27",,,,,,
"US1ILWL0025","CRETE 2.6 E, IL US","2020-07-28",,,,,,
"US1ILWL0025","CRETE 2.6 E, IL US","2020-07-29",,,,,,
"US1ILWL0025","CRETE 2.6 E, IL US","2020-07-30",,,,,,
"US1ILWL0025","CRETE 2.6 E, IL US","2020-07-31",,,,,,
"US1ILWL0025","CRETE 2.6 E, IL US","2020-08-01",,,,,,
"US1ILWL0025","CRETE 2.6 E, IL US","2020-08-02",,,,,,
"US1ILWL0025","CRETE 2.6 E, IL US","2020-08-03",,,,,,
"US1ILWL0025","CRETE 2.6 E, IL US","2020-08-04",,,,,,
"US1ILWL0025","CRETE 2.6 E, IL US","2020-08-05",,,,,,
"US1ILWL0025","CRETE 2.6 E, IL US","2020-08-06",,,,,,
"US1ILWL0025","CRETE 2.6 E, IL US","2020-08-07",,,,,,
"US1ILWL0025","CRETE 2.6 E, IL US","2020-08-08",,,,,,
"US1ILWL0025","CRETE 2.6 E, IL US","2020-08-09",,,,,,
"US1ILWL0025","CRETE 2.6 E, IL US","2020-08-10",,,,,,
"US1ILWL0025","CRETE 2.6 E, IL US","2020-08-11",,,,,,
"US1ILWL0025","CRETE 2.6 E, IL US","2020-08-12",,,,,,
"US1ILWL0025","CRETE 2.6 E, IL US","2020-08-13",,,,,,
"US1ILWL0025","CRETE 2.6 E, IL US","2020-08-14",,,,,,
"US1ILWL0025","CRETE 2.6 E, IL US","2020-08-15",,,,,,
"US1ILWL0025","CRETE 2.6 E, IL US","2020-08-16",,,,,,
"US1ILWL0025","CRETE 2.6 E, IL US","2020-08-17",,,,,,
"US1ILWL0025","CRETE 2.6 E, IL US","2020-08-18",,,,,,
"US1ILWL0025","CRETE 2.6 E, IL US","2020-08-19",,,,,,
"US1ILWL0025","CRETE 2.6 E, IL US","2020-08-20",,,,,,
"US1ILWL0025","CRETE 2.6 E, IL US","2020-08-21",,,,,,
"US1ILWL0025","CRETE 2.6 E, IL US","2020-08-22",,,,,,
"US1ILWL0025","CRETE 2.6 E, IL US","2020-08-23",,,,,,
"US1ILWL0025","CRETE 2.6 E, IL US","2020-08-24",,,,,,
"US1ILWL0025","CRETE 2.6 E, IL US","2020-08-25",,,,,,
"US1ILWL0025","CRETE 2.6 E, IL US","2020-08-26",,,,,,
"US1ILWL0025","CRETE 2.6 E, IL US","2020-08-27",,,,,,
"US1ILWL0025","CRETE 2.6 E, IL US","2020-08-28",,,,,,
"US1ILWL0025","CRETE 2.6 E, IL US","2020-08-29",,,,,,
"US1ILWL0025","CRETE 2.6 E, IL US","2020-08-30",,,,,,
"US1ILWL0025","CRETE 2.6 E, IL US","2020-08-31",,,,,,
"US1ILWL0025","CRETE 2.6 E, IL US","2020-09-01",,,,,,
"US1ILWL0025","CRETE 2.6 E, IL US","2020-09-02",,,,,,
"US1ILWL0025","CRETE 2.6 E, IL US","2020-09-03",,,,,,
"US1ILWL0025","CRETE 2.6 E, IL US","2020-09-04",,,,,,
"US1ILWL0025","CRETE 2.6 E, IL US","2020-09-05",,,,,,
"US1ILWL0025","CRETE 2.6 E, IL US","2020-09-06",,,,,,
"US1ILWL0025","CRETE 2.6 E, IL US","2020-09-07",,,,,,
"US1ILWL0025","CRETE 2.6 E, IL US","2020-09-08",,,,,,
"US1ILDP0042","CAROL STREAM 0.3 SSE, IL US","2019-10-01",,,,,,
"US1ILDP0042","CAROL STREAM 0.3 SSE, IL US","2019-10-02",,,,,,
"US1ILDP0042","CAROL STREAM 0.3 SSE, IL US","2019-10-03",,,,,,
"US1ILDP0042","CAROL STREAM 0.3 SSE, IL US","2019-10-04",,,,,,
"US1ILDP0042","CAROL STREAM 0.3 SSE, IL US","2019-10-05",,,,,,
"US1ILDP0042","CAROL STREAM 0.3 SSE, IL US","2019-10-06",,,,,,
"US1ILDP0042","CAROL STREAM 0.3 SSE, IL US","2019-10-07",,,,,,
"US1ILDP0042","CAROL STREAM 0.3 SSE, IL US","2019-10-08",,,,,,
"US1ILDP0042","CAROL STREAM 0.3 SSE, IL US","2019-10-09",,,,,,
"US1ILDP0042","CAROL STREAM 0.3 SSE, IL US","2019-10-10",,,,,,
"US1ILDP0042","CAROL STREAM 0.3 SSE, IL US","2019-10-11",,,,,,
"US1ILDP0042","CAROL STREAM 0.3 SSE, IL US","2019-10-15",,,,,,
"US1ILDP0042","CAROL STREAM 0.3 SSE, IL US","2019-10-16",,,,,,
"US1ILDP0042","CAROL STREAM 0.3 SSE, IL US","2019-10-17",,,,,,
"US1ILDP0042","CAROL STREAM 0.3 SSE, IL US","2019-10-18",,,,,,
"US1ILDP0042","CAROL STREAM 0.3 SSE, IL US","2019-10-19",,,,,,
"US1ILDP0042","CAROL STREAM 0.3 SSE, IL US","2019-10-20",,,,,,
"US1ILDP0042","CAROL STREAM 0.3 SSE, IL US","2019-10-21",,,,,,
"US1ILDP0042","CAROL STREAM 0.3 SSE, IL US","2019-10-22",,,,,,
"US1ILDP0042","CAROL STREAM 0.3 SSE, IL US","2019-10-23",,,,,,
"US1ILDP0042","CAROL STREAM 0.3 SSE, IL US","2019-10-24",,,,,,
"US1ILDP0042","CAROL STREAM 0.3 SSE, IL US","2019-10-25",,,,,,
"US1ILDP0042","CAROL STREAM 0.3 SSE, IL US","2019-10-26",,,,,,
"US1ILDP0042","CAROL STREAM 0.3 SSE, IL US","2019-10-27",,,,,,
"US1ILDP0042","CAROL STREAM 0.3 SSE, IL US","2019-10-28",,,,,,
"US1ILDP0042","CAROL STREAM 0.3 SSE, IL US","2019-10-29",,,,,,
"US1ILDP0042","CAROL STREAM 0.3 SSE, IL US","2019-10-31",,,,,,
"US1ILDP0042","CAROL STREAM 0.3 SSE, IL US","2019-11-01",,,,,,
"US1ILDP0042","CAROL STREAM 0.3 SSE, IL US","2019-11-02",,,,,,
"US1ILDP0042","CAROL STREAM 0.3 SSE, IL US","2019-11-03",,,,,,
"US1ILDP0042","CAROL STREAM 0.3 SSE, IL US","2019-11-04",,,,,,
"US1ILDP0042","CAROL STREAM 0.3 SSE, IL US","2019-11-05",,,,,,
"US1ILDP0042","CAROL STREAM 0.3 SSE, IL US","2019-11-06",,,,,,
"US1ILDP0042","CAROL STREAM 0.3 SSE, IL US","2019-11-16",,,,,,
"US1ILDP0042","CAROL STREAM 0.3 SSE, IL US","2019-12-01",,,,,,
"US1ILDP0042","CAROL STREAM 0.3 SSE, IL US","2019-12-02",,,,,,
"US1ILDP0042","CAROL STREAM 0.3 SSE, IL US","2019-12-09",,,,,,
"US1ILDP0042","CAROL STREAM 0.3 SSE, IL US","2019-12-10",,,,,,
"US1ILDP0042","CAROL STREAM 0.3 SSE, IL US","2019-12-11",,,,,,
"US1ILDP0042","CAROL STREAM 0.3 SSE, IL US","2019-12-29",,,,,,
"US1ILDP0042","CAROL STREAM 0.3 SSE, IL US","2020-01-05",,,,,,
"US1ILDP0042","CAROL STREAM 0.3 SSE, IL US","2020-01-13",,,,,,
"US1ILDP0042","CAROL STREAM 0.3 SSE, IL US","2020-01-14",,,,,,
"US1ILDP0042","CAROL STREAM 0.3 SSE, IL US","2020-01-15",,,,,,
"US1ILDP0042","CAROL STREAM 0.3 SSE, IL US","2020-01-16",,,,,,
"US1ILDP0042","CAROL STREAM 0.3 SSE, IL US","2020-01-18",,,,,,
"US1ILDP0042","CAROL STREAM 0.3 SSE, IL US","2020-02-02",,,,,,
"US1ILDP0042","CAROL STREAM 0.3 SSE, IL US","2020-02-03",,,,,,
"US1ILDP0042","CAROL STREAM 0.3 SSE, IL US","2020-02-04",,,,,,
"US1ILDP0042","CAROL STREAM 0.3 SSE, IL US","2020-02-05",,,,,,
"US1ILDP0042","CAROL STREAM 0.3 SSE, IL US","2020-02-11",,,,,,
"US1ILDP0042","CAROL STREAM 0.3 SSE, IL US","2020-03-17",,,,,,
"US1ILDP0042","CAROL STREAM 0.3 SSE, IL US","2020-03-19",,,,,,
"US1ILDP0042","CAROL STREAM 0.3 SSE, IL US","2020-03-20",,,,,,
"US1ILDP0042","CAROL STREAM 0.3 SSE, IL US","2020-03-23",,,,,,
"US1ILDP0042","CAROL STREAM 0.3 SSE, IL US","2020-03-25",,,,,,
"US1ILDP0042","CAROL STREAM 0.3 SSE, IL US","2020-03-26",,,,,,
"US1ILDP0042","CAROL STREAM 0.3 SSE, IL US","2020-03-27",,,,,,
"US1ILDP0042","CAROL STREAM 0.3 SSE, IL US","2020-03-28",,,,,,
"US1ILDP0042","CAROL STREAM 0.3 SSE, IL US","2020-04-01",,,,,,
"US1ILDP0042","CAROL STREAM 0.3 SSE, IL US","2020-04-02",,,,,,
"US1ILDP0042","CAROL STREAM 0.3 SSE, IL US","2020-04-03",,,,,,
"US1ILDP0042","CAROL STREAM 0.3 SSE, IL US","2020-04-04",,,,,,
"US1ILDP0042","CAROL STREAM 0.3 SSE, IL US","2020-04-05",,,,,,
"US1ILDP0042","CAROL STREAM 0.3 SSE, IL US","2020-04-06",,,,,,
"US1ILDP0042","CAROL STREAM 0.3 SSE, IL US","2020-04-08",,,,,,
"US1ILDP0042","CAROL STREAM 0.3 SSE, IL US","2020-04-09",,,,,,
"US1ILDP0042","CAROL STREAM 0.3 SSE, IL US","2020-04-10",,,,,,
"US1ILDP0042","CAROL STREAM 0.3 SSE, IL US","2020-04-11",,,,,,
"US1ILDP0042","CAROL STREAM 0.3 SSE, IL US","2020-04-12",,,,,,
"US1ILDP0042","CAROL STREAM 0.3 SSE, IL US","2020-04-16",,,,,,
"US1ILDP0042","CAROL STREAM 0.3 SSE, IL US","2020-04-17",,,,,,
"US1ILDP0042","CAROL STREAM 0.3 SSE, IL US","2020-04-18",,,,,,
"US1ILDP0042","CAROL STREAM 0.3 SSE, IL US","2020-04-24",,,,,,
"US1ILDP0042","CAROL STREAM 0.3 SSE, IL US","2020-04-25",,,,,,
"US1ILDP0042","CAROL STREAM 0.3 SSE, IL US","2020-04-26",,,,,,
"US1ILDP0042","CAROL STREAM 0.3 SSE, IL US","2020-04-27",,,,,,
"US1ILDP0042","CAROL STREAM 0.3 SSE, IL US","2020-04-28",,,,,,
"US1ILDP0042","CAROL STREAM 0.3 SSE, IL US","2020-04-30",,,,,,
"US1ILDP0042","CAROL STREAM 0.3 SSE, IL US","2020-05-01",,,,,,
"US1ILDP0042","CAROL STREAM 0.3 SSE, IL US","2020-05-02",,,,,,
"US1ILDP0042","CAROL STREAM 0.3 SSE, IL US","2020-05-03",,,,,,
"US1ILDP0042","CAROL STREAM 0.3 SSE, IL US","2020-05-04",,,,,,
"US1ILDP0042","CAROL STREAM 0.3 SSE, IL US","2020-05-06",,,,,,
"US1ILDP0042","CAROL STREAM 0.3 SSE, IL US","2020-05-07",,,,,,
"US1ILDP0042","CAROL STREAM 0.3 SSE, IL US","2020-05-08",,,,,,
"US1ILDP0042","CAROL STREAM 0.3 SSE, IL US","2020-05-09",,,,,,
"US1ILDP0042","CAROL STREAM 0.3 SSE, IL US","2020-05-11",,,,,,
"US1ILDP0042","CAROL STREAM 0.3 SSE, IL US","2020-05-12",,,,,,
"US1ILDP0042","CAROL STREAM 0.3 SSE, IL US","2020-05-13",,,,,,
"US1ILDP0042","CAROL STREAM 0.3 SSE, IL US","2020-05-14",,,,,,
"US1ILDP0042","CAROL STREAM 0.3 SSE, IL US","2020-05-15",,,,,,
"US1ILDP0042","CAROL STREAM 0.3 SSE, IL US","2020-05-16",,,,,,
"US1ILDP0042","CAROL STREAM 0.3 SSE, IL US","2020-05-17",,,,,,
"US1ILDP0042","CAROL STREAM 0.3 SSE, IL US","2020-05-18",,,,,,
"US1ILDP0042","CAROL STREAM 0.3 SSE, IL US","2020-05-20",,,,,,
"US1ILDP0042","CAROL STREAM 0.3 SSE, IL US","2020-05-21",,,,,,
"US1ILDP0042","CAROL STREAM 0.3 SSE, IL US","2020-05-22",,,,,,
"US1ILDP0042","CAROL STREAM 0.3 SSE, IL US","2020-05-23",,,,,,
"US1ILDP0042","CAROL STREAM 0.3 SSE, IL US","2020-05-24",,,,,,
"US1ILDP0042","CAROL STREAM 0.3 SSE, IL US","2020-05-25",,,,,,
"US1ILDP0042","CAROL STREAM 0.3 SSE, IL US","2020-05-26",,,,,,
"US1ILDP0042","CAROL STREAM 0.3 SSE, IL US","2020-05-27",,,,,,
"US1ILDP0042","CAROL STREAM 0.3 SSE, IL US","2020-05-28",,,,,,
"US1ILDP0042","CAROL STREAM 0.3 SSE, IL US","2020-05-29",,,,,,
"US1ILDP0042","CAROL STREAM 0.3 SSE, IL US","2020-05-30",,,,,,
"US1ILDP0042","CAROL STREAM 0.3 SSE, IL US","2020-05-31",,,,,,
"US1ILDP0042","CAROL STREAM 0.3 SSE, IL US","2020-06-01",,,,,,
"US1ILDP0042","CAROL STREAM 0.3 SSE, IL US","2020-06-02",,,,,,
"US1ILDP0042","CAROL STREAM 0.3 SSE, IL US","2020-06-03",,,,,,
"US1ILDP0042","CAROL STREAM 0.3 SSE, IL US","2020-06-04",,,,,,
"US1ILDP0042","CAROL STREAM 0.3 SSE, IL US","2020-06-05",,,,,,
"US1ILDP0042","CAROL STREAM 0.3 SSE, IL US","2020-06-06",,,,,,
"US1ILDP0042","CAROL STREAM 0.3 SSE, IL US","2020-06-07",,,,,,
"US1ILDP0042","CAROL STREAM 0.3 SSE, IL US","2020-06-08",,,,,,
"US1ILDP0042","CAROL STREAM 0.3 SSE, IL US","2020-06-09",,,,,,
"US1ILDP0042","CAROL STREAM 0.3 SSE, IL US","2020-06-10",,,,,,
"US1ILDP0042","CAROL STREAM 0.3 SSE, IL US","2020-06-11",,,,,,
"US1ILDP0042","CAROL STREAM 0.3 SSE, IL US","2020-06-12",,,,,,
"US1ILDP0042","CAROL STREAM 0.3 SSE, IL US","2020-06-13",,,,,,
"US1ILDP0042","CAROL STREAM 0.3 SSE, IL US","2020-06-14",,,,,,
"US1ILDP0042","CAROL STREAM 0.3 SSE, IL US","2020-06-15",,,,,,
"US1ILDP0042","CAROL STREAM 0.3 SSE, IL US","2020-06-16",,,,,,
"US1ILDP0042","CAROL STREAM 0.3 SSE, IL US","2020-06-17",,,,,,
"US1ILDP0042","CAROL STREAM 0.3 SSE, IL US","2020-06-18",,,,,,
"US1ILDP0042","CAROL STREAM 0.3 SSE, IL US","2020-06-19",,,,,,
"US1ILDP0042","CAROL STREAM 0.3 SSE, IL US","2020-06-20",,,,,,
"US1ILDP0042","CAROL STREAM 0.3 SSE, IL US","2020-06-21",,,,,,
"US1ILDP0042","CAROL STREAM 0.3 SSE, IL US","2020-06-22",,,,,,
"US1ILDP0042","CAROL STREAM 0.3 SSE, IL US","2020-06-23",,,,,,
"US1ILDP0042","CAROL STREAM 0.3 SSE, IL US","2020-06-24",,,,,,
"US1ILDP0042","CAROL STREAM 0.3 SSE, IL US","2020-06-25",,,,,,
"US1ILDP0042","CAROL STREAM 0.3 SSE, IL US","2020-06-26",,,,,,
"US1ILDP0042","CAROL STREAM 0.3 SSE, IL US","2020-06-27",,,,,,
"US1ILDP0042","CAROL STREAM 0.3 SSE, IL US","2020-07-01",,,,,,
"US1ILDP0042","CAROL STREAM 0.3 SSE, IL US","2020-07-02",,,,,,
"US1ILDP0042","CAROL STREAM 0.3 SSE, IL US","2020-07-03",,,,,,
"US1ILDP0042","CAROL STREAM 0.3 SSE, IL US","2020-07-04",,,,,,
"US1ILDP0042","CAROL STREAM 0.3 SSE, IL US","2020-07-05",,,,,,
"US1ILDP0042","CAROL STREAM 0.3 SSE, IL US","2020-07-06",,,,,,
"US1ILDP0042","CAROL STREAM 0.3 SSE, IL US","2020-07-07",,,,,,
"US1ILDP0042","CAROL STREAM 0.3 SSE, IL US","2020-07-08",,,,,,
"US1ILDP0042","CAROL STREAM 0.3 SSE, IL US","2020-07-09",,,,,,
"US1ILDP0042","CAROL STREAM 0.3 SSE, IL US","2020-07-10",,,,,,
"US1ILDP0042","CAROL STREAM 0.3 SSE, IL US","2020-07-11",,,,,,
"US1ILDP0042","CAROL STREAM 0.3 SSE, IL US","2020-07-12",,,,,,
"US1ILDP0042","CAROL STREAM 0.3 SSE, IL US","2020-07-13",,,,,,
"US1ILDP0042","CAROL STREAM 0.3 SSE, IL US","2020-07-14",,,,,,
"US1ILDP0042","CAROL STREAM 0.3 SSE, IL US","2020-07-15",,,,,,
"US1ILDP0042","CAROL STREAM 0.3 SSE, IL US","2020-07-16",,,,,,
"US1ILDP0042","CAROL STREAM 0.3 SSE, IL US","2020-07-17",,,,,,
"US1ILDP0042","CAROL STREAM 0.3 SSE, IL US","2020-07-18",,,,,,
"US1ILDP0042","CAROL STREAM 0.3 SSE, IL US","2020-07-19",,,,,,
"US1ILDP0042","CAROL STREAM 0.3 SSE, IL US","2020-07-20",,,,,,
"US1ILDP0042","CAROL STREAM 0.3 SSE, IL US","2020-07-21",,,,,,
"US1ILDP0042","CAROL STREAM 0.3 SSE, IL US","2020-07-22",,,,,,
"US1ILDP0042","CAROL STREAM 0.3 SSE, IL US","2020-07-23",,,,,,
"US1ILDP0042","CAROL STREAM 0.3 SSE, IL US","2020-07-24",,,,,,
"US1ILDP0042","CAROL STREAM 0.3 SSE, IL US","2020-07-25",,,,,,
"US1ILDP0042","CAROL STREAM 0.3 SSE, IL US","2020-07-26",,,,,,
"US1ILDP0042","CAROL STREAM 0.3 SSE, IL US","2020-07-27",,,,,,
"US1ILDP0042","CAROL STREAM 0.3 SSE, IL US","2020-07-28",,,,,,
"US1ILDP0042","CAROL STREAM 0.3 SSE, IL US","2020-07-29",,,,,,
"US1ILDP0042","CAROL STREAM 0.3 SSE, IL US","2020-07-30",,,,,,
"US1ILDP0042","CAROL STREAM 0.3 SSE, IL US","2020-07-31",,,,,,
"US1ILDP0042","CAROL STREAM 0.3 SSE, IL US","2020-08-01",,,,,,
"US1ILDP0042","CAROL STREAM 0.3 SSE, IL US","2020-08-02",,,,,,
"US1ILDP0042","CAROL STREAM 0.3 SSE, IL US","2020-08-03",,,,,,
"US1ILDP0042","CAROL STREAM 0.3 SSE, IL US","2020-08-04",,,,,,
"US1ILDP0042","CAROL STREAM 0.3 SSE, IL US","2020-08-05",,,,,,
"US1ILDP0042","CAROL STREAM 0.3 SSE, IL US","2020-08-06",,,,,,
"US1ILDP0042","CAROL STREAM 0.3 SSE, IL US","2020-08-07",,,,,,
"US1ILDP0042","CAROL STREAM 0.3 SSE, IL US","2020-08-08",,,,,,
"US1ILDP0042","CAROL STREAM 0.3 SSE, IL US","2020-08-09",,,,,,
"US1ILDP0042","CAROL STREAM 0.3 SSE, IL US","2020-08-10",,,,,,
"US1ILDP0042","CAROL STREAM 0.3 SSE, IL US","2020-08-11",,,,,,
"US1ILDP0042","CAROL STREAM 0.3 SSE, IL US","2020-08-12",,,,,,
"US1ILDP0042","CAROL STREAM 0.3 SSE, IL US","2020-08-13",,,,,,
"US1ILDP0042","CAROL STREAM 0.3 SSE, IL US","2020-08-14",,,,,,
"US1ILDP0042","CAROL STREAM 0.3 SSE, IL US","2020-08-15",,,,,,
"US1ILDP0042","CAROL STREAM 0.3 SSE, IL US","2020-08-16",,,,,,
"US1ILDP0042","CAROL STREAM 0.3 SSE, IL US","2020-08-17",,,,,,
"US1ILDP0042","CAROL STREAM 0.3 SSE, IL US","2020-08-18",,,,,,
"US1ILDP0042","CAROL STREAM 0.3 SSE, IL US","2020-08-19",,,,,,
"US1ILDP0042","CAROL STREAM 0.3 SSE, IL US","2020-08-20",,,,,,
"US1ILDP0042","CAROL STREAM 0.3 SSE, IL US","2020-08-21",,,,,,
"US1ILDP0042","CAROL STREAM 0.3 SSE, IL US","2020-08-22",,,,,,
"US1ILDP0042","CAROL STREAM 0.3 SSE, IL US","2020-08-23",,,,,,
"US1ILDP0042","CAROL STREAM 0.3 SSE, IL US","2020-08-24",,,,,,
"US1ILDP0042","CAROL STREAM 0.3 SSE, IL US","2020-08-25",,,,,,
"US1ILDP0042","CAROL STREAM 0.3 SSE, IL US","2020-08-26",,,,,,
"US1ILDP0042","CAROL STREAM 0.3 SSE, IL US","2020-08-27",,,,,,
"US1ILDP0042","CAROL STREAM 0.3 SSE, IL US","2020-08-28",,,,,,
"US1ILDP0042","CAROL STREAM 0.3 SSE, IL US","2020-08-29",,,,,,
"US1ILDP0042","CAROL STREAM 0.3 SSE, IL US","2020-08-30",,,,,,
"US1ILDP0042","CAROL STREAM 0.3 SSE, IL US","2020-08-31",,,,,,
"US1ILDP0042","CAROL STREAM 0.3 SSE, IL US","2020-09-01",,,,,,
"US1ILDP0042","CAROL STREAM 0.3 SSE, IL US","2020-09-02",,,,,,
"US1ILDP0042","CAROL STREAM 0.3 SSE, IL US","2020-09-03",,,,,,
"US1ILDP0042","CAROL STREAM 0.3 SSE, IL US","2020-09-04",,,,,,
"US1ILDP0042","CAROL STREAM 0.3 SSE, IL US","2020-09-05",,,,,,
"US1ILDP0042","CAROL STREAM 0.3 SSE, IL US","2020-09-06",,,,,,
"US1ILDP0042","CAROL STREAM 0.3 SSE, IL US","2020-09-07",,,,,,
"US1ILDP0042","CAROL STREAM 0.3 SSE, IL US","2020-09-08",,,,,,
"US1ILDP0040","LOMBARD 1.0 NNW, IL US","2019-10-01",,,,,,
"US1ILDP0040","LOMBARD 1.0 NNW, IL US","2019-10-02",,,,,,
"US1ILDP0040","LOMBARD 1.0 NNW, IL US","2019-10-03",,,,,,
"US1ILDP0040","LOMBARD 1.0 NNW, IL US","2019-10-04",,,,,,
"US1ILDP0040","LOMBARD 1.0 NNW, IL US","2019-10-05",,,,,,
"US1ILDP0040","LOMBARD 1.0 NNW, IL US","2019-10-06",,,,,,
"US1ILDP0040","LOMBARD 1.0 NNW, IL US","2019-10-07",,,,,,
"US1ILDP0040","LOMBARD 1.0 NNW, IL US","2019-10-08",,,,,,
"US1ILDP0040","LOMBARD 1.0 NNW, IL US","2019-10-09",,,,,,
"US1ILDP0040","LOMBARD 1.0 NNW, IL US","2019-10-10",,,,,,
"US1ILDP0040","LOMBARD 1.0 NNW, IL US","2019-10-11",,,,,,
"US1ILDP0040","LOMBARD 1.0 NNW, IL US","2019-10-12",,,,,,
"US1ILDP0040","LOMBARD 1.0 NNW, IL US","2019-10-13",,,,,,
"US1ILDP0040","LOMBARD 1.0 NNW, IL US","2019-10-14",,,,,,
"US1ILDP0040","LOMBARD 1.0 NNW, IL US","2019-10-15",,,,,,
"US1ILDP0040","LOMBARD 1.0 NNW, IL US","2019-10-16",,,,,,
"US1ILDP0040","LOMBARD 1.0 NNW, IL US","2019-10-17",,,,,,
"US1ILDP0040","LOMBARD 1.0 NNW, IL US","2019-10-18",,,,,,
"US1ILDP0040","LOMBARD 1.0 NNW, IL US","2019-10-19",,,,,,
"US1ILDP0040","LOMBARD 1.0 NNW, IL US","2019-10-20",,,,,,
"US1ILDP0040","LOMBARD 1.0 NNW, IL US","2019-10-21",,,,,,
"US1ILDP0040","LOMBARD 1.0 NNW, IL US","2019-10-22",,,,,,
"US1ILDP0040","LOMBARD 1.0 NNW, IL US","2019-10-23",,,,,,
"US1ILDP0040","LOMBARD 1.0 NNW, IL US","2019-10-24",,,,,,
"US1ILDP0040","LOMBARD 1.0 NNW, IL US","2019-10-25",,,,,,
"US1ILDP0040","LOMBARD 1.0 NNW, IL US","2019-10-26",,,,,,
"US1ILDP0040","LOMBARD 1.0 NNW, IL US","2019-10-27",,,,,,
"US1ILDP0040","LOMBARD 1.0 NNW, IL US","2019-10-28",,,,,,
"US1ILDP0040","LOMBARD 1.0 NNW, IL US","2019-10-29",,,,,,
"US1ILDP0040","LOMBARD 1.0 NNW, IL US","2019-10-30",,,,,,
"US1ILDP0040","LOMBARD 1.0 NNW, IL US","2019-10-31",,,,,,
"US1ILDP0040","LOMBARD 1.0 NNW, IL US","2019-11-01",,,,,,
"US1ILDP0040","LOMBARD 1.0 NNW, IL US","2019-11-02",,,,,,
"US1ILDP0040","LOMBARD 1.0 NNW, IL US","2019-11-03",,,,,,
"US1ILDP0040","LOMBARD 1.0 NNW, IL US","2019-11-04",,,,,,
"US1ILDP0040","LOMBARD 1.0 NNW, IL US","2019-11-05",,,,,,
"US1ILDP0040","LOMBARD 1.0 NNW, IL US","2019-11-06",,,,,,
"US1ILDP0040","LOMBARD 1.0 NNW, IL US","2019-11-07",,,,,,
"US1ILDP0040","LOMBARD 1.0 NNW, IL US","2019-11-08",,,,,,
"US1ILDP0040","LOMBARD 1.0 NNW, IL US","2019-11-09",,,,,,
"US1ILDP0040","LOMBARD 1.0 NNW, IL US","2019-11-10",,,,,,
"US1ILDP0040","LOMBARD 1.0 NNW, IL US","2019-11-11",,,,,,
"US1ILDP0040","LOMBARD 1.0 NNW, IL US","2019-11-12",,,,,,
"US1ILDP0040","LOMBARD 1.0 NNW, IL US","2019-11-13",,,,,,
"US1ILDP0040","LOMBARD 1.0 NNW, IL US","2019-11-14",,,,,,
"US1ILDP0040","LOMBARD 1.0 NNW, IL US","2019-11-15",,,,,,
"US1ILDP0040","LOMBARD 1.0 NNW, IL US","2019-11-16",,,,,,
"US1ILDP0040","LOMBARD 1.0 NNW, IL US","2019-11-17",,,,,,
"US1ILDP0040","LOMBARD 1.0 NNW, IL US","2019-11-18",,,,,,
"US1ILDP0040","LOMBARD 1.0 NNW, IL US","2019-11-19",,,,,,
"US1ILDP0040","LOMBARD 1.0 NNW, IL US","2019-11-20",,,,,,
"US1ILDP0040","LOMBARD 1.0 NNW, IL US","2019-11-21",,,,,,
"US1ILDP0040","LOMBARD 1.0 NNW, IL US","2019-11-22",,,,,,
"US1ILDP0040","LOMBARD 1.0 NNW, IL US","2019-11-23",,,,,,
"US1ILDP0040","LOMBARD 1.0 NNW, IL US","2019-11-24",,,,,,
"US1ILDP0040","LOMBARD 1.0 NNW, IL US","2019-11-25",,,,,,
"US1ILDP0040","LOMBARD 1.0 NNW, IL US","2019-11-26",,,,,,
"US1ILDP0040","LOMBARD 1.0 NNW, IL US","2019-11-27",,,,,,
"US1ILDP0040","LOMBARD 1.0 NNW, IL US","2019-11-28",,,,,,
"US1ILDP0040","LOMBARD 1.0 NNW, IL US","2019-11-29",,,,,,
"US1ILDP0040","LOMBARD 1.0 NNW, IL US","2019-11-30",,,,,,
"US1ILDP0040","LOMBARD 1.0 NNW, IL US","2019-12-01",,,,,,
"US1ILDP0040","LOMBARD 1.0 NNW, IL US","2019-12-02",,,,,,
"US1ILDP0040","LOMBARD 1.0 NNW, IL US","2019-12-03",,,,,,
"US1ILDP0040","LOMBARD 1.0 NNW, IL US","2019-12-04",,,,,,
"US1ILDP0040","LOMBARD 1.0 NNW, IL US","2019-12-05",,,,,,
"US1ILDP0040","LOMBARD 1.0 NNW, IL US","2019-12-06",,,,,,
"US1ILDP0040","LOMBARD 1.0 NNW, IL US","2019-12-07",,,,,,
"US1ILDP0040","LOMBARD 1.0 NNW, IL US","2019-12-08",,,,,,
"US1ILDP0040","LOMBARD 1.0 NNW, IL US","2019-12-09",,,,,,
"US1ILDP0040","LOMBARD 1.0 NNW, IL US","2019-12-10",,,,,,
"US1ILDP0040","LOMBARD 1.0 NNW, IL US","2019-12-11",,,,,,
"US1ILDP0040","LOMBARD 1.0 NNW, IL US","2019-12-12",,,,,,
"US1ILDP0040","LOMBARD 1.0 NNW, IL US","2019-12-13",,,,,,
"US1ILDP0040","LOMBARD 1.0 NNW, IL US","2019-12-14",,,,,,
"US1ILDP0040","LOMBARD 1.0 NNW, IL US","2019-12-15",,,,,,
"US1ILDP0040","LOMBARD 1.0 NNW, IL US","2019-12-16",,,,,,
"US1ILDP0040","LOMBARD 1.0 NNW, IL US","2019-12-17",,,,,,
"US1ILDP0040","LOMBARD 1.0 NNW, IL US","2019-12-18",,,,,,
"US1ILDP0040","LOMBARD 1.0 NNW, IL US","2019-12-19",,,,,,
"US1ILDP0040","LOMBARD 1.0 NNW, IL US","2019-12-20",,,,,,
"US1ILDP0040","LOMBARD 1.0 NNW, IL US","2019-12-21",,,,,,
"US1ILDP0040","LOMBARD 1.0 NNW, IL US","2019-12-22",,,,,,
"US1ILDP0040","LOMBARD 1.0 NNW, IL US","2019-12-23",,,,,,
"US1ILDP0040","LOMBARD 1.0 NNW, IL US","2019-12-24",,,,,,
"US1ILDP0040","LOMBARD 1.0 NNW, IL US","2019-12-25",,,,,,
"US1ILDP0040","LOMBARD 1.0 NNW, IL US","2019-12-26",,,,,,
"US1ILDP0040","LOMBARD 1.0 NNW, IL US","2019-12-27",,,,,,
"US1ILDP0040","LOMBARD 1.0 NNW, IL US","2019-12-28",,,,,,
"US1ILDP0040","LOMBARD 1.0 NNW, IL US","2019-12-29",,,,,,
"US1ILDP0040","LOMBARD 1.0 NNW, IL US","2019-12-30",,,,,,
"US1ILDP0040","LOMBARD 1.0 NNW, IL US","2019-12-31",,,,,,
"US1ILDP0040","LOMBARD 1.0 NNW, IL US","2020-01-01",,,,,,
"US1ILDP0040","LOMBARD 1.0 NNW, IL US","2020-01-07",,,,,,
"US1ILDP0040","LOMBARD 1.0 NNW, IL US","2020-01-08",,,,,,
"US1ILDP0040","LOMBARD 1.0 NNW, IL US","2020-01-09",,,,,,
"US1ILDP0040","LOMBARD 1.0 NNW, IL US","2020-01-10",,,,,,
"US1ILDP0040","LOMBARD 1.0 NNW, IL US","2020-01-11",,,,,,
"US1ILDP0040","LOMBARD 1.0 NNW, IL US","2020-01-12",,,,,,
"US1ILDP0040","LOMBARD 1.0 NNW, IL US","2020-01-13",,,,,,
"US1ILDP0040","LOMBARD 1.0 NNW, IL US","2020-01-14",,,,,,
"US1ILDP0040","LOMBARD 1.0 NNW, IL US","2020-01-15",,,,,,
"US1ILDP0040","LOMBARD 1.0 NNW, IL US","2020-01-16",,,,,,
"US1ILDP0040","LOMBARD 1.0 NNW, IL US","2020-01-17",,,,,,
"US1ILDP0040","LOMBARD 1.0 NNW, IL US","2020-01-18",,,,,,
"US1ILDP0040","LOMBARD 1.0 NNW, IL US","2020-01-19",,,,,,
"US1ILDP0040","LOMBARD 1.0 NNW, IL US","2020-01-20",,,,,,
"US1ILDP0040","LOMBARD 1.0 NNW, IL US","2020-01-21",,,,,,
"US1ILDP0040","LOMBARD 1.0 NNW, IL US","2020-01-22",,,,,,
"US1ILDP0040","LOMBARD 1.0 NNW, IL US","2020-01-23",,,,,,
"US1ILDP0040","LOMBARD 1.0 NNW, IL US","2020-01-24",,,,,,
"US1ILDP0040","LOMBARD 1.0 NNW, IL US","2020-01-25",,,,,,
"US1ILDP0040","LOMBARD 1.0 NNW, IL US","2020-01-26",,,,,,
"US1ILDP0040","LOMBARD 1.0 NNW, IL US","2020-01-27",,,,,,
"US1ILDP0040","LOMBARD 1.0 NNW, IL US","2020-01-28",,,,,,
"US1ILDP0040","LOMBARD 1.0 NNW, IL US","2020-01-29",,,,,,
"US1ILDP0040","LOMBARD 1.0 NNW, IL US","2020-01-30",,,,,,
"US1ILDP0040","LOMBARD 1.0 NNW, IL US","2020-01-31",,,,,,
"US1ILDP0040","LOMBARD 1.0 NNW, IL US","2020-02-01",,,,,,
"US1ILDP0040","LOMBARD 1.0 NNW, IL US","2020-02-02",,,,,,
"US1ILDP0040","LOMBARD 1.0 NNW, IL US","2020-02-03",,,,,,
"US1ILDP0040","LOMBARD 1.0 NNW, IL US","2020-02-04",,,,,,
"US1ILDP0040","LOMBARD 1.0 NNW, IL US","2020-02-05",,,,,,
"US1ILDP0040","LOMBARD 1.0 NNW, IL US","2020-02-06",,,,,,
"US1ILDP0040","LOMBARD 1.0 NNW, IL US","2020-02-07",,,,,,
"US1ILDP0040","LOMBARD 1.0 NNW, IL US","2020-02-08",,,,,,
"US1ILDP0040","LOMBARD 1.0 NNW, IL US","2020-02-09",,,,,,
"US1ILDP0040","LOMBARD 1.0 NNW, IL US","2020-02-10",,,,,,
"US1ILDP0040","LOMBARD 1.0 NNW, IL US","2020-02-11",,,,,,
"US1ILDP0040","LOMBARD 1.0 NNW, IL US","2020-02-12",,,,,,
"US1ILDP0040","LOMBARD 1.0 NNW, IL US","2020-02-13",,,,,,
"US1ILDP0040","LOMBARD 1.0 NNW, IL US","2020-02-14",,,,,,
"US1ILDP0040","LOMBARD 1.0 NNW, IL US","2020-02-15",,,,,,
"US1ILDP0040","LOMBARD 1.0 NNW, IL US","2020-02-16",,,,,,
"US1ILDP0040","LOMBARD 1.0 NNW, IL US","2020-02-17",,,,,,
"US1ILDP0040","LOMBARD 1.0 NNW, IL US","2020-02-18",,,,,,
"US1ILDP0040","LOMBARD 1.0 NNW, IL US","2020-02-19",,,,,,
"US1ILDP0040","LOMBARD 1.0 NNW, IL US","2020-02-20",,,,,,
"US1ILDP0040","LOMBARD 1.0 NNW, IL US","2020-02-21",,,,,,
"US1ILDP0040","LOMBARD 1.0 NNW, IL US","2020-02-22",,,,,,
"US1ILDP0040","LOMBARD 1.0 NNW, IL US","2020-02-23",,,,,,
"US1ILDP0040","LOMBARD 1.0 NNW, IL US","2020-02-24",,,,,,
"US1ILDP0040","LOMBARD 1.0 NNW, IL US","2020-02-25",,,,,,
"US1ILDP0040","LOMBARD 1.0 NNW, IL US","2020-02-26",,,,,,
"US1ILDP0040","LOMBARD 1.0 NNW, IL US","2020-02-27",,,,,,
"US1ILDP0040","LOMBARD 1.0 NNW, IL US","2020-02-28",,,,,,
"US1ILDP0040","LOMBARD 1.0 NNW, IL US","2020-02-29",,,,,,
"US1ILDP0040","LOMBARD 1.0 NNW, IL US","2020-03-01",,,,,,
"US1ILDP0040","LOMBARD 1.0 NNW, IL US","2020-03-02",,,,,,
"US1ILDP0040","LOMBARD 1.0 NNW, IL US","2020-03-03",,,,,,
"US1ILDP0040","LOMBARD 1.0 NNW, IL US","2020-03-04",,,,,,
"US1ILDP0040","LOMBARD 1.0 NNW, IL US","2020-03-05",,,,,,
"US1ILDP0040","LOMBARD 1.0 NNW, IL US","2020-03-06",,,,,,
"US1ILDP0040","LOMBARD 1.0 NNW, IL US","2020-03-07",,,,,,
"US1ILDP0040","LOMBARD 1.0 NNW, IL US","2020-03-08",,,,,,
"US1ILDP0040","LOMBARD 1.0 NNW, IL US","2020-03-09",,,,,,
"US1ILDP0040","LOMBARD 1.0 NNW, IL US","2020-03-10",,,,,,
"US1ILDP0040","LOMBARD 1.0 NNW, IL US","2020-03-11",,,,,,
"US1ILDP0040","LOMBARD 1.0 NNW, IL US","2020-03-12",,,,,,
"US1ILDP0040","LOMBARD 1.0 NNW, IL US","2020-03-13",,,,,,
"US1ILDP0040","LOMBARD 1.0 NNW, IL US","2020-03-14",,,,,,
"US1ILDP0040","LOMBARD 1.0 NNW, IL US","2020-03-15",,,,,,
"US1ILDP0040","LOMBARD 1.0 NNW, IL US","2020-03-17",,,,,,
"US1ILDP0040","LOMBARD 1.0 NNW, IL US","2020-03-18",,,,,,
"US1ILDP0040","LOMBARD 1.0 NNW, IL US","2020-03-19",,,,,,
"US1ILDP0040","LOMBARD 1.0 NNW, IL US","2020-03-20",,,,,,
"US1ILDP0040","LOMBARD 1.0 NNW, IL US","2020-03-21",,,,,,
"US1ILDP0040","LOMBARD 1.0 NNW, IL US","2020-03-22",,,,,,
"US1ILDP0040","LOMBARD 1.0 NNW, IL US","2020-03-23",,,,,,
"US1ILDP0040","LOMBARD 1.0 NNW, IL US","2020-03-24",,,,,,
"US1ILDP0040","LOMBARD 1.0 NNW, IL US","2020-03-25",,,,,,
"US1ILDP0040","LOMBARD 1.0 NNW, IL US","2020-03-26",,,,,,
"US1ILDP0040","LOMBARD 1.0 NNW, IL US","2020-03-27",,,,,,
"US1ILDP0040","LOMBARD 1.0 NNW, IL US","2020-03-28",,,,,,
"US1ILDP0040","LOMBARD 1.0 NNW, IL US","2020-03-29",,,,,,
"US1ILDP0040","LOMBARD 1.0 NNW, IL US","2020-03-30",,,,,,
"US1ILDP0040","LOMBARD 1.0 NNW, IL US","2020-03-31",,,,,,
"US1ILDP0040","LOMBARD 1.0 NNW, IL US","2020-04-01",,,,,,
"US1ILDP0040","LOMBARD 1.0 NNW, IL US","2020-04-02",,,,,,
"US1ILDP0040","LOMBARD 1.0 NNW, IL US","2020-04-03",,,,,,
"US1ILDP0040","LOMBARD 1.0 NNW, IL US","2020-04-04",,,,,,
"US1ILDP0040","LOMBARD 1.0 NNW, IL US","2020-04-05",,,,,,
"US1ILDP0040","LOMBARD 1.0 NNW, IL US","2020-04-06",,,,,,
"US1ILDP0040","LOMBARD 1.0 NNW, IL US","2020-04-07",,,,,,
"US1ILDP0040","LOMBARD 1.0 NNW, IL US","2020-04-08",,,,,,
"US1ILDP0040","LOMBARD 1.0 NNW, IL US","2020-04-09",,,,,,
"US1ILDP0040","LOMBARD 1.0 NNW, IL US","2020-04-10",,,,,,
"US1ILDP0040","LOMBARD 1.0 NNW, IL US","2020-04-11",,,,,,
"US1ILDP0040","LOMBARD 1.0 NNW, IL US","2020-04-12",,,,,,
"US1ILDP0040","LOMBARD 1.0 NNW, IL US","2020-04-13",,,,,,
"US1ILDP0040","LOMBARD 1.0 NNW, IL US","2020-04-14",,,,,,
"US1ILDP0040","LOMBARD 1.0 NNW, IL US","2020-04-15",,,,,,
"US1ILDP0040","LOMBARD 1.0 NNW, IL US","2020-04-16",,,,,,
"US1ILDP0040","LOMBARD 1.0 NNW, IL US","2020-04-17",,,,,,
"US1ILDP0040","LOMBARD 1.0 NNW, IL US","2020-04-18",,,,,,
"US1ILDP0040","LOMBARD 1.0 NNW, IL US","2020-04-19",,,,,,
"US1ILDP0040","LOMBARD 1.0 NNW, IL US","2020-04-20",,,,,,
"US1ILDP0040","LOMBARD 1.0 NNW, IL US","2020-04-21",,,,,,
"US1ILDP0040","LOMBARD 1.0 NNW, IL US","2020-04-22",,,,,,
"US1ILDP0040","LOMBARD 1.0 NNW, IL US","2020-04-23",,,,,,
"US1ILDP0040","LOMBARD 1.0 NNW, IL US","2020-04-24",,,,,,
"US1ILDP0040","LOMBARD 1.0 NNW, IL US","2020-04-25",,,,,,
"US1ILDP0040","LOMBARD 1.0 NNW, IL US","2020-04-26",,,,,,
"US1ILDP0040","LOMBARD 1.0 NNW, IL US","2020-04-27",,,,,,
"US1ILDP0040","LOMBARD 1.0 NNW, IL US","2020-04-28",,,,,,
"US1ILDP0040","LOMBARD 1.0 NNW, IL US","2020-04-29",,,,,,
"US1ILDP0040","LOMBARD 1.0 NNW, IL US","2020-04-30",,,,,,
"US1ILDP0040","LOMBARD 1.0 NNW, IL US","2020-05-01",,,,,,
"US1ILDP0040","LOMBARD 1.0 NNW, IL US","2020-05-02",,,,,,
"US1ILDP0040","LOMBARD 1.0 NNW, IL US","2020-05-03",,,,,,
"US1ILDP0040","LOMBARD 1.0 NNW, IL US","2020-05-04",,,,,,
"US1ILDP0040","LOMBARD 1.0 NNW, IL US","2020-05-05",,,,,,
"US1ILDP0040","LOMBARD 1.0 NNW, IL US","2020-05-06",,,,,,
"US1ILDP0040","LOMBARD 1.0 NNW, IL US","2020-05-07",,,,,,
"US1ILDP0040","LOMBARD 1.0 NNW, IL US","2020-05-08",,,,,,
"US1ILDP0040","LOMBARD 1.0 NNW, IL US","2020-05-09",,,,,,
"US1ILDP0040","LOMBARD 1.0 NNW, IL US","2020-05-10",,,,,,
"US1ILDP0040","LOMBARD 1.0 NNW, IL US","2020-05-11",,,,,,
"US1ILDP0040","LOMBARD 1.0 NNW, IL US","2020-05-12",,,,,,
"US1ILDP0040","LOMBARD 1.0 NNW, IL US","2020-05-13",,,,,,
"US1ILDP0040","LOMBARD 1.0 NNW, IL US","2020-05-14",,,,,,
"US1ILDP0040","LOMBARD 1.0 NNW, IL US","2020-05-15",,,,,,
"US1ILDP0040","LOMBARD 1.0 NNW, IL US","2020-05-16",,,,,,
"US1ILDP0040","LOMBARD 1.0 NNW, IL US","2020-05-17",,,,,,
"US1ILDP0040","LOMBARD 1.0 NNW, IL US","2020-05-18",,,,,,
"US1ILDP0040","LOMBARD 1.0 NNW, IL US","2020-05-19",,,,,,
"US1ILDP0040","LOMBARD 1.0 NNW, IL US","2020-05-20",,,,,,
"US1ILDP0040","LOMBARD 1.0 NNW, IL US","2020-05-21",,,,,,
"US1ILDP0040","LOMBARD 1.0 NNW, IL US","2020-05-23",,,,,,
"US1ILDP0040","LOMBARD 1.0 NNW, IL US","2020-05-24",,,,,,
"US1ILDP0040","LOMBARD 1.0 NNW, IL US","2020-05-25",,,,,,
"US1ILDP0040","LOMBARD 1.0 NNW, IL US","2020-05-26",,,,,,
"US1ILDP0040","LOMBARD 1.0 NNW, IL US","2020-05-27",,,,,,
"US1ILDP0040","LOMBARD 1.0 NNW, IL US","2020-05-28",,,,,,
"US1ILDP0040","LOMBARD 1.0 NNW, IL US","2020-05-29",,,,,,
"US1ILDP0040","LOMBARD 1.0 NNW, IL US","2020-05-30",,,,,,
"US1ILDP0040","LOMBARD 1.0 NNW, IL US","2020-05-31",,,,,,
"US1ILDP0040","LOMBARD 1.0 NNW, IL US","2020-06-01",,,,,,
"US1ILDP0040","LOMBARD 1.0 NNW, IL US","2020-06-02",,,,,,
"US1ILDP0040","LOMBARD 1.0 NNW, IL US","2020-06-03",,,,,,
"US1ILDP0040","LOMBARD 1.0 NNW, IL US","2020-06-04",,,,,,
"US1ILDP0040","LOMBARD 1.0 NNW, IL US","2020-06-05",,,,,,
"US1ILDP0040","LOMBARD 1.0 NNW, IL US","2020-06-06",,,,,,
"US1ILDP0040","LOMBARD 1.0 NNW, IL US","2020-06-07",,,,,,
"US1ILDP0040","LOMBARD 1.0 NNW, IL US","2020-06-08",,,,,,
"US1ILDP0040","LOMBARD 1.0 NNW, IL US","2020-06-09",,,,,,
"US1ILDP0040","LOMBARD 1.0 NNW, IL US","2020-06-10",,,,,,
"US1ILDP0040","LOMBARD 1.0 NNW, IL US","2020-06-11",,,,,,
"US1ILDP0040","LOMBARD 1.0 NNW, IL US","2020-06-12",,,,,,
"US1ILDP0040","LOMBARD 1.0 NNW, IL US","2020-06-13",,,,,,
"US1ILDP0040","LOMBARD 1.0 NNW, IL US","2020-06-14",,,,,,
"US1ILDP0040","LOMBARD 1.0 NNW, IL US","2020-06-15",,,,,,
"US1ILDP0040","LOMBARD 1.0 NNW, IL US","2020-06-16",,,,,,
"US1ILDP0040","LOMBARD 1.0 NNW, IL US","2020-06-17",,,,,,
"US1ILDP0040","LOMBARD 1.0 NNW, IL US","2020-06-18",,,,,,
"US1ILDP0040","LOMBARD 1.0 NNW, IL US","2020-06-19",,,,,,
"US1ILDP0040","LOMBARD 1.0 NNW, IL US","2020-06-20",,,,,,
"US1ILDP0040","LOMBARD 1.0 NNW, IL US","2020-06-21",,,,,,
"US1ILDP0040","LOMBARD 1.0 NNW, IL US","2020-06-22",,,,,,
"US1ILDP0040","LOMBARD 1.0 NNW, IL US","2020-06-23",,,,,,
"US1ILDP0040","LOMBARD 1.0 NNW, IL US","2020-06-24",,,,,,
"US1ILDP0040","LOMBARD 1.0 NNW, IL US","2020-06-25",,,,,,
"US1ILDP0040","LOMBARD 1.0 NNW, IL US","2020-06-26",,,,,,
"US1ILDP0040","LOMBARD 1.0 NNW, IL US","2020-06-27",,,,,,
"US1ILDP0040","LOMBARD 1.0 NNW, IL US","2020-06-28",,,,,,
"US1ILDP0040","LOMBARD 1.0 NNW, IL US","2020-06-29",,,,,,
"US1ILDP0040","LOMBARD 1.0 NNW, IL US","2020-06-30",,,,,,
"US1ILDP0040","LOMBARD 1.0 NNW, IL US","2020-07-01",,,,,,
"US1ILDP0040","LOMBARD 1.0 NNW, IL US","2020-07-02",,,,,,
"US1ILDP0040","LOMBARD 1.0 NNW, IL US","2020-07-03",,,,,,
"US1ILDP0040","LOMBARD 1.0 NNW, IL US","2020-07-04",,,,,,
"US1ILDP0040","LOMBARD 1.0 NNW, IL US","2020-07-05",,,,,,
"US1ILDP0040","LOMBARD 1.0 NNW, IL US","2020-07-06",,,,,,
"US1ILDP0040","LOMBARD 1.0 NNW, IL US","2020-07-07",,,,,,
"US1ILDP0040","LOMBARD 1.0 NNW, IL US","2020-07-08",,,,,,
"US1ILDP0040","LOMBARD 1.0 NNW, IL US","2020-07-09",,,,,,
"US1ILDP0040","LOMBARD 1.0 NNW, IL US","2020-07-10",,,,,,
"US1ILDP0040","LOMBARD 1.0 NNW, IL US","2020-07-11",,,,,,
"US1ILDP0040","LOMBARD 1.0 NNW, IL US","2020-07-12",,,,,,
"US1ILDP0040","LOMBARD 1.0 NNW, IL US","2020-07-13",,,,,,
"US1ILDP0040","LOMBARD 1.0 NNW, IL US","2020-07-14",,,,,,
"US1ILDP0040","LOMBARD 1.0 NNW, IL US","2020-07-15",,,,,,
"US1ILDP0040","LOMBARD 1.0 NNW, IL US","2020-07-16",,,,,,
"US1ILDP0040","LOMBARD 1.0 NNW, IL US","2020-07-17",,,,,,
"US1ILDP0040","LOMBARD 1.0 NNW, IL US","2020-07-18",,,,,,
"US1ILDP0040","LOMBARD 1.0 NNW, IL US","2020-07-19",,,,,,
"US1ILDP0040","LOMBARD 1.0 NNW, IL US","2020-07-20",,,,,,
"US1ILDP0040","LOMBARD 1.0 NNW, IL US","2020-07-21",,,,,,
"US1ILDP0040","LOMBARD 1.0 NNW, IL US","2020-07-22",,,,,,
"US1ILDP0040","LOMBARD 1.0 NNW, IL US","2020-07-23",,,,,,
"US1ILDP0040","LOMBARD 1.0 NNW, IL US","2020-07-24",,,,,,
"US1ILDP0040","LOMBARD 1.0 NNW, IL US","2020-07-25",,,,,,
"US1ILDP0040","LOMBARD 1.0 NNW, IL US","2020-07-26",,,,,,
"US1ILDP0040","LOMBARD 1.0 NNW, IL US","2020-07-27",,,,,,
"US1ILDP0040","LOMBARD 1.0 NNW, IL US","2020-07-28",,,,,,
"US1ILDP0040","LOMBARD 1.0 NNW, IL US","2020-07-29",,,,,,
"US1ILDP0040","LOMBARD 1.0 NNW, IL US","2020-07-30",,,,,,
"US1ILDP0040","LOMBARD 1.0 NNW, IL US","2020-07-31",,,,,,
"US1ILDP0040","LOMBARD 1.0 NNW, IL US","2020-08-01",,,,,,
"US1ILDP0040","LOMBARD 1.0 NNW, IL US","2020-08-02",,,,,,
"US1ILDP0040","LOMBARD 1.0 NNW, IL US","2020-08-03",,,,,,
"US1ILDP0040","LOMBARD 1.0 NNW, IL US","2020-08-04",,,,,,
"US1ILDP0040","LOMBARD 1.0 NNW, IL US","2020-08-05",,,,,,
"US1ILDP0040","LOMBARD 1.0 NNW, IL US","2020-08-06",,,,,,
"US1ILDP0040","LOMBARD 1.0 NNW, IL US","2020-08-07",,,,,,
"US1ILDP0040","LOMBARD 1.0 NNW, IL US","2020-08-08",,,,,,
"US1ILDP0040","LOMBARD 1.0 NNW, IL US","2020-08-09",,,,,,
"US1ILDP0040","LOMBARD 1.0 NNW, IL US","2020-08-10",,,,,,
"US1ILDP0040","LOMBARD 1.0 NNW, IL US","2020-08-11",,,,,,
"US1ILDP0040","LOMBARD 1.0 NNW, IL US","2020-08-12",,,,,,
"US1ILDP0040","LOMBARD 1.0 NNW, IL US","2020-08-13",,,,,,
"US1ILDP0040","LOMBARD 1.0 NNW, IL US","2020-08-14",,,,,,
"US1ILDP0040","LOMBARD 1.0 NNW, IL US","2020-08-15",,,,,,
"US1ILDP0040","LOMBARD 1.0 NNW, IL US","2020-08-16",,,,,,
"US1ILDP0040","LOMBARD 1.0 NNW, IL US","2020-08-17",,,,,,
"US1ILDP0040","LOMBARD 1.0 NNW, IL US","2020-08-18",,,,,,
"US1ILDP0040","LOMBARD 1.0 NNW, IL US","2020-08-19",,,,,,
"US1ILDP0040","LOMBARD 1.0 NNW, IL US","2020-08-20",,,,,,
"US1ILDP0040","LOMBARD 1.0 NNW, IL US","2020-08-21",,,,,,
"US1ILDP0040","LOMBARD 1.0 NNW, IL US","2020-08-22",,,,,,
"US1ILDP0040","LOMBARD 1.0 NNW, IL US","2020-08-23",,,,,,
"US1ILDP0040","LOMBARD 1.0 NNW, IL US","2020-08-24",,,,,,
"US1ILDP0040","LOMBARD 1.0 NNW, IL US","2020-08-25",,,,,,
"US1ILDP0040","LOMBARD 1.0 NNW, IL US","2020-08-26",,,,,,
"US1ILDP0040","LOMBARD 1.0 NNW, IL US","2020-08-27",,,,,,
"US1ILDP0040","LOMBARD 1.0 NNW, IL US","2020-08-28",,,,,,
"US1ILDP0040","LOMBARD 1.0 NNW, IL US","2020-08-29",,,,,,
"US1ILDP0040","LOMBARD 1.0 NNW, IL US","2020-08-30",,,,,,
"US1ILDP0040","LOMBARD 1.0 NNW, IL US","2020-08-31",,,,,,
"US1ILDP0040","LOMBARD 1.0 NNW, IL US","2020-09-01",,,,,,
"US1ILDP0040","LOMBARD 1.0 NNW, IL US","2020-09-02",,,,,,
"US1ILDP0040","LOMBARD 1.0 NNW, IL US","2020-09-03",,,,,,
"US1ILDP0040","LOMBARD 1.0 NNW, IL US","2020-09-04",,,,,,
"US1ILDP0040","LOMBARD 1.0 NNW, IL US","2020-09-05",,,,,,
"US1ILDP0040","LOMBARD 1.0 NNW, IL US","2020-09-06",,,,,,
"US1ILDP0040","LOMBARD 1.0 NNW, IL US","2020-09-07",,,,,,
"US1ILDP0040","LOMBARD 1.0 NNW, IL US","2020-09-08",,,,,,
"USC00111577","CHICAGO MIDWAY AIRPORT 3 SW, IL US","2019-10-01",,,,,,
"USC00111577","CHICAGO MIDWAY AIRPORT 3 SW, IL US","2019-10-02",,,,,,
"USC00111577","CHICAGO MIDWAY AIRPORT 3 SW, IL US","2019-10-03",,,,,,
"USC00111577","CHICAGO MIDWAY AIRPORT 3 SW, IL US","2019-10-04",,,,,,
"USC00111577","CHICAGO MIDWAY AIRPORT 3 SW, IL US","2019-10-05",,,,,,
"USC00111577","CHICAGO MIDWAY AIRPORT 3 SW, IL US","2019-10-06",,,,,,
"USC00111577","CHICAGO MIDWAY AIRPORT 3 SW, IL US","2019-10-07",,,,,,
"USC00111577","CHICAGO MIDWAY AIRPORT 3 SW, IL US","2019-10-08",,,,,,
"USC00111577","CHICAGO MIDWAY AIRPORT 3 SW, IL US","2019-10-09",,,,,,
"USC00111577","CHICAGO MIDWAY AIRPORT 3 SW, IL US","2019-10-10",,,,,,
"USC00111577","CHICAGO MIDWAY AIRPORT 3 SW, IL US","2019-10-11",,,,,,
"USC00111577","CHICAGO MIDWAY AIRPORT 3 SW, IL US","2019-10-12",,,,,,
"USC00111577","CHICAGO MIDWAY AIRPORT 3 SW, IL US","2019-10-13",,,,,,
"USC00111577","CHICAGO MIDWAY AIRPORT 3 SW, IL US","2019-10-14",,,,,,
"USC00111577","CHICAGO MIDWAY AIRPORT 3 SW, IL US","2019-10-15",,,,,,
"USC00111577","CHICAGO MIDWAY AIRPORT 3 SW, IL US","2019-10-16",,,,,,
"USC00111577","CHICAGO MIDWAY AIRPORT 3 SW, IL US","2019-10-17",,,,,,
"USC00111577","CHICAGO MIDWAY AIRPORT 3 SW, IL US","2019-10-18",,,,,,
"USC00111577","CHICAGO MIDWAY AIRPORT 3 SW, IL US","2019-10-19",,,,,,
"USC00111577","CHICAGO MIDWAY AIRPORT 3 SW, IL US","2019-10-20",,,,,,
"USC00111577","CHICAGO MIDWAY AIRPORT 3 SW, IL US","2019-10-21",,,,,,
"USC00111577","CHICAGO MIDWAY AIRPORT 3 SW, IL US","2019-10-22",,,,,,
"USC00111577","CHICAGO MIDWAY AIRPORT 3 SW, IL US","2019-10-23",,,,,,
"USC00111577","CHICAGO MIDWAY AIRPORT 3 SW, IL US","2019-10-24",,,,,,
"USC00111577","CHICAGO MIDWAY AIRPORT 3 SW, IL US","2019-10-25",,,,,,
"USC00111577","CHICAGO MIDWAY AIRPORT 3 SW, IL US","2019-10-26",,,,,,
"USC00111577","CHICAGO MIDWAY AIRPORT 3 SW, IL US","2019-10-27",,,,,,
"USC00111577","CHICAGO MIDWAY AIRPORT 3 SW, IL US","2019-10-28",,,,,,
"USC00111577","CHICAGO MIDWAY AIRPORT 3 SW, IL US","2019-10-29",,,,,,
"USC00111577","CHICAGO MIDWAY AIRPORT 3 SW, IL US","2019-10-30",,,,,,
"USC00111577","CHICAGO MIDWAY AIRPORT 3 SW, IL US","2019-10-31",,,,,,
"USC00111577","CHICAGO MIDWAY AIRPORT 3 SW, IL US","2019-11-01",,,,,,
"USC00111577","CHICAGO MIDWAY AIRPORT 3 SW, IL US","2019-11-02",,,,,,
"USC00111577","CHICAGO MIDWAY AIRPORT 3 SW, IL US","2019-11-03",,,,,,
"USC00111577","CHICAGO MIDWAY AIRPORT 3 SW, IL US","2019-11-04",,,,,,
"USC00111577","CHICAGO MIDWAY AIRPORT 3 SW, IL US","2019-11-05",,,,,,
"USC00111577","CHICAGO MIDWAY AIRPORT 3 SW, IL US","2019-11-06",,,,,,
"USC00111577","CHICAGO MIDWAY AIRPORT 3 SW, IL US","2019-11-07",,,,,,
"USC00111577","CHICAGO MIDWAY AIRPORT 3 SW, IL US","2019-11-08",,,,,,
"USC00111577","CHICAGO MIDWAY AIRPORT 3 SW, IL US","2019-11-09",,,,,,
"USC00111577","CHICAGO MIDWAY AIRPORT 3 SW, IL US","2019-11-10",,,,,,
"USC00111577","CHICAGO MIDWAY AIRPORT 3 SW, IL US","2019-11-11",,,,,,
"USC00111577","CHICAGO MIDWAY AIRPORT 3 SW, IL US","2019-11-12",,,,,,
"USC00111577","CHICAGO MIDWAY AIRPORT 3 SW, IL US","2019-11-13",,,,,,
"USC00111577","CHICAGO MIDWAY AIRPORT 3 SW, IL US","2019-11-14",,,,,,
"USC00111577","CHICAGO MIDWAY AIRPORT 3 SW, IL US","2019-11-15",,,,,,
"USC00111577","CHICAGO MIDWAY AIRPORT 3 SW, IL US","2019-11-16",,,,,,
"USC00111577","CHICAGO MIDWAY AIRPORT 3 SW, IL US","2019-11-17",,,,,,
"USC00111577","CHICAGO MIDWAY AIRPORT 3 SW, IL US","2019-11-18",,,,,,
"USC00111577","CHICAGO MIDWAY AIRPORT 3 SW, IL US","2019-11-19",,,,,,
"USC00111577","CHICAGO MIDWAY AIRPORT 3 SW, IL US","2019-11-20",,,,,,
"USC00111577","CHICAGO MIDWAY AIRPORT 3 SW, IL US","2019-11-21",,,,,,
"USC00111577","CHICAGO MIDWAY AIRPORT 3 SW, IL US","2019-11-22",,,,,,
"USC00111577","CHICAGO MIDWAY AIRPORT 3 SW, IL US","2019-11-23",,,,,,
"USC00111577","CHICAGO MIDWAY AIRPORT 3 SW, IL US","2019-11-24",,,,,,
"USC00111577","CHICAGO MIDWAY AIRPORT 3 SW, IL US","2019-11-25",,,,,,
"USC00111577","CHICAGO MIDWAY AIRPORT 3 SW, IL US","2019-11-26",,,,,,
"USC00111577","CHICAGO MIDWAY AIRPORT 3 SW, IL US","2019-11-27",,,,,,
"USC00111577","CHICAGO MIDWAY AIRPORT 3 SW, IL US","2019-11-28",,,,,,
"USC00111577","CHICAGO MIDWAY AIRPORT 3 SW, IL US","2019-11-29",,,,,,
"USC00111577","CHICAGO MIDWAY AIRPORT 3 SW, IL US","2019-11-30",,,,,,
"USC00111577","CHICAGO MIDWAY AIRPORT 3 SW, IL US","2019-12-01",,,,,,
"USC00111577","CHICAGO MIDWAY AIRPORT 3 SW, IL US","2019-12-02",,,,,,
"USC00111577","CHICAGO MIDWAY AIRPORT 3 SW, IL US","2019-12-03",,,,,,
"USC00111577","CHICAGO MIDWAY AIRPORT 3 SW, IL US","2019-12-04",,,,,,
"USC00111577","CHICAGO MIDWAY AIRPORT 3 SW, IL US","2019-12-05",,,,,,
"USC00111577","CHICAGO MIDWAY AIRPORT 3 SW, IL US","2019-12-06",,,,,,
"USC00111577","CHICAGO MIDWAY AIRPORT 3 SW, IL US","2019-12-07",,,,,,
"USC00111577","CHICAGO MIDWAY AIRPORT 3 SW, IL US","2019-12-08",,,,,,
"USC00111577","CHICAGO MIDWAY AIRPORT 3 SW, IL US","2019-12-09",,,,,,
"USC00111577","CHICAGO MIDWAY AIRPORT 3 SW, IL US","2019-12-10",,,,,,
"USC00111577","CHICAGO MIDWAY AIRPORT 3 SW, IL US","2019-12-11",,,,,,
"USC00111577","CHICAGO MIDWAY AIRPORT 3 SW, IL US","2019-12-12",,,,,,
"USC00111577","CHICAGO MIDWAY AIRPORT 3 SW, IL US","2019-12-13",,,,,,
"USC00111577","CHICAGO MIDWAY AIRPORT 3 SW, IL US","2019-12-14",,,,,,
"USC00111577","CHICAGO MIDWAY AIRPORT 3 SW, IL US","2019-12-15",,,,,,
"USC00111577","CHICAGO MIDWAY AIRPORT 3 SW, IL US","2019-12-16",,,,,,
"USC00111577","CHICAGO MIDWAY AIRPORT 3 SW, IL US","2019-12-17",,,,,,
"USC00111577","CHICAGO MIDWAY AIRPORT 3 SW, IL US","2019-12-18",,,,,,
"USC00111577","CHICAGO MIDWAY AIRPORT 3 SW, IL US","2019-12-19",,,,,,
"USC00111577","CHICAGO MIDWAY AIRPORT 3 SW, IL US","2019-12-20",,,,,,
"USC00111577","CHICAGO MIDWAY AIRPORT 3 SW, IL US","2019-12-21",,,,,,
"USC00111577","CHICAGO MIDWAY AIRPORT 3 SW, IL US","2019-12-22",,,,,,
"USC00111577","CHICAGO MIDWAY AIRPORT 3 SW, IL US","2019-12-23",,,,,,
"USC00111577","CHICAGO MIDWAY AIRPORT 3 SW, IL US","2019-12-24",,,,,,
"USC00111577","CHICAGO MIDWAY AIRPORT 3 SW, IL US","2019-12-25",,,,,,
"USC00111577","CHICAGO MIDWAY AIRPORT 3 SW, IL US","2019-12-26",,,,,,
"USC00111577","CHICAGO MIDWAY AIRPORT 3 SW, IL US","2019-12-27",,,,,,
"USC00111577","CHICAGO MIDWAY AIRPORT 3 SW, IL US","2019-12-28",,,,,,
"USC00111577","CHICAGO MIDWAY AIRPORT 3 SW, IL US","2019-12-29",,,,,,
"USC00111577","CHICAGO MIDWAY AIRPORT 3 SW, IL US","2019-12-30",,,,,,
"USC00111577","CHICAGO MIDWAY AIRPORT 3 SW, IL US","2019-12-31",,,,,,
"USC00111577","CHICAGO MIDWAY AIRPORT 3 SW, IL US","2020-01-01",,,,,,
"USC00111577","CHICAGO MIDWAY AIRPORT 3 SW, IL US","2020-01-02",,,,,,
"USC00111577","CHICAGO MIDWAY AIRPORT 3 SW, IL US","2020-01-03",,,,,,
"USC00111577","CHICAGO MIDWAY AIRPORT 3 SW, IL US","2020-01-04",,,,,,
"USC00111577","CHICAGO MIDWAY AIRPORT 3 SW, IL US","2020-01-05",,,,,,
"USC00111577","CHICAGO MIDWAY AIRPORT 3 SW, IL US","2020-01-06",,,,,,
"USC00111577","CHICAGO MIDWAY AIRPORT 3 SW, IL US","2020-01-07",,,,,,
"USC00111577","CHICAGO MIDWAY AIRPORT 3 SW, IL US","2020-01-08",,,,,,
"USC00111577","CHICAGO MIDWAY AIRPORT 3 SW, IL US","2020-01-09",,,,,,
"USC00111577","CHICAGO MIDWAY AIRPORT 3 SW, IL US","2020-01-10",,,,,,
"USC00111577","CHICAGO MIDWAY AIRPORT 3 SW, IL US","2020-01-11",,,,,,
"USC00111577","CHICAGO MIDWAY AIRPORT 3 SW, IL US","2020-01-12",,,,,,
"USC00111577","CHICAGO MIDWAY AIRPORT 3 SW, IL US","2020-01-13",,,,,,
"USC00111577","CHICAGO MIDWAY AIRPORT 3 SW, IL US","2020-01-14",,,,,,
"USC00111577","CHICAGO MIDWAY AIRPORT 3 SW, IL US","2020-01-15",,,,,,
"USC00111577","CHICAGO MIDWAY AIRPORT 3 SW, IL US","2020-01-16",,,,,,
"USC00111577","CHICAGO MIDWAY AIRPORT 3 SW, IL US","2020-01-17",,,,,,
"USC00111577","CHICAGO MIDWAY AIRPORT 3 SW, IL US","2020-01-18",,,,,,
"USC00111577","CHICAGO MIDWAY AIRPORT 3 SW, IL US","2020-01-19",,,,,,
"USC00111577","CHICAGO MIDWAY AIRPORT 3 SW, IL US","2020-01-20",,,,,,
"USC00111577","CHICAGO MIDWAY AIRPORT 3 SW, IL US","2020-01-21",,,,,,
"USC00111577","CHICAGO MIDWAY AIRPORT 3 SW, IL US","2020-01-22",,,,,,
"USC00111577","CHICAGO MIDWAY AIRPORT 3 SW, IL US","2020-01-23",,,,,,
"USC00111577","CHICAGO MIDWAY AIRPORT 3 SW, IL US","2020-01-24",,,,,,
"USC00111577","CHICAGO MIDWAY AIRPORT 3 SW, IL US","2020-01-25",,,,,,
"USC00111577","CHICAGO MIDWAY AIRPORT 3 SW, IL US","2020-01-26",,,,,,
"USC00111577","CHICAGO MIDWAY AIRPORT 3 SW, IL US","2020-01-27",,,,,,
"USC00111577","CHICAGO MIDWAY AIRPORT 3 SW, IL US","2020-01-28",,,,,,
"USC00111577","CHICAGO MIDWAY AIRPORT 3 SW, IL US","2020-01-29",,,,,,
"USC00111577","CHICAGO MIDWAY AIRPORT 3 SW, IL US","2020-01-30",,,,,,
"USC00111577","CHICAGO MIDWAY AIRPORT 3 SW, IL US","2020-01-31",,,,,,
"USC00111577","CHICAGO MIDWAY AIRPORT 3 SW, IL US","2020-02-01",,,,,,
"USC00111577","CHICAGO MIDWAY AIRPORT 3 SW, IL US","2020-02-02",,,,,,
"USC00111577","CHICAGO MIDWAY AIRPORT 3 SW, IL US","2020-02-03",,,,,,
"USC00111577","CHICAGO MIDWAY AIRPORT 3 SW, IL US","2020-02-04",,,,,,
"USC00111577","CHICAGO MIDWAY AIRPORT 3 SW, IL US","2020-02-05",,,,,,
"USC00111577","CHICAGO MIDWAY AIRPORT 3 SW, IL US","2020-02-06",,,,,,
"USC00111577","CHICAGO MIDWAY AIRPORT 3 SW, IL US","2020-02-07",,,,,,
"USC00111577","CHICAGO MIDWAY AIRPORT 3 SW, IL US","2020-02-08",,,,,,
"USC00111577","CHICAGO MIDWAY AIRPORT 3 SW, IL US","2020-02-09",,,,,,
"USC00111577","CHICAGO MIDWAY AIRPORT 3 SW, IL US","2020-02-10",,,,,,
"USC00111577","CHICAGO MIDWAY AIRPORT 3 SW, IL US","2020-02-11",,,,,,
"USC00111577","CHICAGO MIDWAY AIRPORT 3 SW, IL US","2020-02-12",,,,,,
"USC00111577","CHICAGO MIDWAY AIRPORT 3 SW, IL US","2020-02-13",,,,,,
"USC00111577","CHICAGO MIDWAY AIRPORT 3 SW, IL US","2020-02-14",,,,,,
"USC00111577","CHICAGO MIDWAY AIRPORT 3 SW, IL US","2020-02-15",,,,,,
"USC00111577","CHICAGO MIDWAY AIRPORT 3 SW, IL US","2020-02-16",,,,,,
"USC00111577","CHICAGO MIDWAY AIRPORT 3 SW, IL US","2020-02-17",,,,,,
"USC00111577","CHICAGO MIDWAY AIRPORT 3 SW, IL US","2020-02-18",,,,,,
"USC00111577","CHICAGO MIDWAY AIRPORT 3 SW, IL US","2020-02-19",,,,,,
"USC00111577","CHICAGO MIDWAY AIRPORT 3 SW, IL US","2020-02-20",,,,,,
"USC00111577","CHICAGO MIDWAY AIRPORT 3 SW, IL US","2020-02-21",,,,,,
"USC00111577","CHICAGO MIDWAY AIRPORT 3 SW, IL US","2020-02-22",,,,,,
"USC00111577","CHICAGO MIDWAY AIRPORT 3 SW, IL US","2020-02-23",,,,,,
"USC00111577","CHICAGO MIDWAY AIRPORT 3 SW, IL US","2020-02-24",,,,,,
"USC00111577","CHICAGO MIDWAY AIRPORT 3 SW, IL US","2020-02-25",,,,,,
"USC00111577","CHICAGO MIDWAY AIRPORT 3 SW, IL US","2020-02-26",,,,,,
"USC00111577","CHICAGO MIDWAY AIRPORT 3 SW, IL US","2020-02-27",,,,,,
"USC00111577","CHICAGO MIDWAY AIRPORT 3 SW, IL US","2020-02-28",,,,,,
"USC00111577","CHICAGO MIDWAY AIRPORT 3 SW, IL US","2020-02-29",,,,,,
"USC00111577","CHICAGO MIDWAY AIRPORT 3 SW, IL US","2020-03-01",,,,,,
"USC00111577","CHICAGO MIDWAY AIRPORT 3 SW, IL US","2020-03-02",,,,,,
"USC00111577","CHICAGO MIDWAY AIRPORT 3 SW, IL US","2020-03-03",,,,,,
"USC00111577","CHICAGO MIDWAY AIRPORT 3 SW, IL US","2020-03-04",,,,,,
"USC00111577","CHICAGO MIDWAY AIRPORT 3 SW, IL US","2020-03-05",,,,,,
"USC00111577","CHICAGO MIDWAY AIRPORT 3 SW, IL US","2020-03-06",,,,,,
"USC00111577","CHICAGO MIDWAY AIRPORT 3 SW, IL US","2020-03-07",,,,,,
"USC00111577","CHICAGO MIDWAY AIRPORT 3 SW, IL US","2020-03-08",,,,,,
"USC00111577","CHICAGO MIDWAY AIRPORT 3 SW, IL US","2020-03-09",,,,,,
"USC00111577","CHICAGO MIDWAY AIRPORT 3 SW, IL US","2020-03-10",,,,,,
"USC00111577","CHICAGO MIDWAY AIRPORT 3 SW, IL US","2020-03-11",,,,,,
"USC00111577","CHICAGO MIDWAY AIRPORT 3 SW, IL US","2020-03-12",,,,,,
"USC00111577","CHICAGO MIDWAY AIRPORT 3 SW, IL US","2020-03-13",,,,,,
"USC00111577","CHICAGO MIDWAY AIRPORT 3 SW, IL US","2020-03-14",,,,,,
"USC00111577","CHICAGO MIDWAY AIRPORT 3 SW, IL US","2020-03-15",,,,,,
"USC00111577","CHICAGO MIDWAY AIRPORT 3 SW, IL US","2020-03-16",,,,,,
"USC00111577","CHICAGO MIDWAY AIRPORT 3 SW, IL US","2020-03-17",,,,,,
"USC00111577","CHICAGO MIDWAY AIRPORT 3 SW, IL US","2020-03-18",,,,,,
"USC00111577","CHICAGO MIDWAY AIRPORT 3 SW, IL US","2020-03-19",,,,,,
"USC00111577","CHICAGO MIDWAY AIRPORT 3 SW, IL US","2020-03-20",,,,,,
"USC00111577","CHICAGO MIDWAY AIRPORT 3 SW, IL US","2020-03-21",,,,,,
"USC00111577","CHICAGO MIDWAY AIRPORT 3 SW, IL US","2020-03-22",,,,,,
"USC00111577","CHICAGO MIDWAY AIRPORT 3 SW, IL US","2020-03-23",,,,,,
"USC00111577","CHICAGO MIDWAY AIRPORT 3 SW, IL US","2020-03-24",,,,,,
"USC00111577","CHICAGO MIDWAY AIRPORT 3 SW, IL US","2020-03-25",,,,,,
"USC00111577","CHICAGO MIDWAY AIRPORT 3 SW, IL US","2020-03-26",,,,,,
"USC00111577","CHICAGO MIDWAY AIRPORT 3 SW, IL US","2020-03-27",,,,,,
"USC00111577","CHICAGO MIDWAY AIRPORT 3 SW, IL US","2020-03-28",,,,,,
"USC00111577","CHICAGO MIDWAY AIRPORT 3 SW, IL US","2020-03-29",,,,,,
"USC00111577","CHICAGO MIDWAY AIRPORT 3 SW, IL US","2020-03-30",,,,,,
"USC00111577","CHICAGO MIDWAY AIRPORT 3 SW, IL US","2020-03-31",,,,,,
"USC00111577","CHICAGO MIDWAY AIRPORT 3 SW, IL US","2020-04-01",,,,,,
"USC00111577","CHICAGO MIDWAY AIRPORT 3 SW, IL US","2020-04-02",,,,,,
"USC00111577","CHICAGO MIDWAY AIRPORT 3 SW, IL US","2020-04-03",,,,,,
"USC00111577","CHICAGO MIDWAY AIRPORT 3 SW, IL US","2020-04-04",,,,,,
"USC00111577","CHICAGO MIDWAY AIRPORT 3 SW, IL US","2020-04-05",,,,,,
"USC00111577","CHICAGO MIDWAY AIRPORT 3 SW, IL US","2020-04-06",,,,,,
"USC00111577","CHICAGO MIDWAY AIRPORT 3 SW, IL US","2020-04-07",,,,,,
"USC00111577","CHICAGO MIDWAY AIRPORT 3 SW, IL US","2020-04-08",,,,,,
"USC00111577","CHICAGO MIDWAY AIRPORT 3 SW, IL US","2020-04-09",,,,,,
"USC00111577","CHICAGO MIDWAY AIRPORT 3 SW, IL US","2020-04-10",,,,,,
"USC00111577","CHICAGO MIDWAY AIRPORT 3 SW, IL US","2020-04-11",,,,,,
"USC00111577","CHICAGO MIDWAY AIRPORT 3 SW, IL US","2020-04-12",,,,,,
"USC00111577","CHICAGO MIDWAY AIRPORT 3 SW, IL US","2020-04-13",,,,,,
"USC00111577","CHICAGO MIDWAY AIRPORT 3 SW, IL US","2020-04-14",,,,,,
"USC00111577","CHICAGO MIDWAY AIRPORT 3 SW, IL US","2020-04-15",,,,,,
"USC00111577","CHICAGO MIDWAY AIRPORT 3 SW, IL US","2020-04-16",,,,,,
"USC00111577","CHICAGO MIDWAY AIRPORT 3 SW, IL US","2020-04-17",,,,,,
"USC00111577","CHICAGO MIDWAY AIRPORT 3 SW, IL US","2020-04-18",,,,,,
"USC00111577","CHICAGO MIDWAY AIRPORT 3 SW, IL US","2020-04-19",,,,,,
"USC00111577","CHICAGO MIDWAY AIRPORT 3 SW, IL US","2020-04-20",,,,,,
"USC00111577","CHICAGO MIDWAY AIRPORT 3 SW, IL US","2020-04-21",,,,,,
"USC00111577","CHICAGO MIDWAY AIRPORT 3 SW, IL US","2020-04-22",,,,,,
"USC00111577","CHICAGO MIDWAY AIRPORT 3 SW, IL US","2020-04-23",,,,,,
"USC00111577","CHICAGO MIDWAY AIRPORT 3 SW, IL US","2020-04-24",,,,,,
"USC00111577","CHICAGO MIDWAY AIRPORT 3 SW, IL US","2020-04-25",,,,,,
"USC00111577","CHICAGO MIDWAY AIRPORT 3 SW, IL US","2020-04-26",,,,,,
"USC00111577","CHICAGO MIDWAY AIRPORT 3 SW, IL US","2020-04-27",,,,,,
"USC00111577","CHICAGO MIDWAY AIRPORT 3 SW, IL US","2020-04-28",,,,,,
"USC00111577","CHICAGO MIDWAY AIRPORT 3 SW, IL US","2020-04-29",,,,,,
"USC00111577","CHICAGO MIDWAY AIRPORT 3 SW, IL US","2020-04-30",,,,,,
"USC00111577","CHICAGO MIDWAY AIRPORT 3 SW, IL US","2020-05-01",,,,,,
"USC00111577","CHICAGO MIDWAY AIRPORT 3 SW, IL US","2020-05-02",,,,,,
"USC00111577","CHICAGO MIDWAY AIRPORT 3 SW, IL US","2020-05-03",,,,,,
"USC00111577","CHICAGO MIDWAY AIRPORT 3 SW, IL US","2020-05-04",,,,,,
"USC00111577","CHICAGO MIDWAY AIRPORT 3 SW, IL US","2020-05-05",,,,,,
"USC00111577","CHICAGO MIDWAY AIRPORT 3 SW, IL US","2020-05-06",,,,,,
"USC00111577","CHICAGO MIDWAY AIRPORT 3 SW, IL US","2020-05-07",,,,,,
"USC00111577","CHICAGO MIDWAY AIRPORT 3 SW, IL US","2020-05-08",,,,,,
"USC00111577","CHICAGO MIDWAY AIRPORT 3 SW, IL US","2020-05-09",,,,,,
"USC00111577","CHICAGO MIDWAY AIRPORT 3 SW, IL US","2020-05-10",,,,,,
"USC00111577","CHICAGO MIDWAY AIRPORT 3 SW, IL US","2020-05-11",,,,,,
"USC00111577","CHICAGO MIDWAY AIRPORT 3 SW, IL US","2020-05-12",,,,,,
"USC00111577","CHICAGO MIDWAY AIRPORT 3 SW, IL US","2020-05-13",,,,,,
"USC00111577","CHICAGO MIDWAY AIRPORT 3 SW, IL US","2020-05-14",,,,,,
"USC00111577","CHICAGO MIDWAY AIRPORT 3 SW, IL US","2020-05-15",,,,,,
"USC00111577","CHICAGO MIDWAY AIRPORT 3 SW, IL US","2020-05-16",,,,,,
"USC00111577","CHICAGO MIDWAY AIRPORT 3 SW, IL US","2020-05-17",,,,,,
"USC00111577","CHICAGO MIDWAY AIRPORT 3 SW, IL US","2020-05-18",,,,,,
"USC00111577","CHICAGO MIDWAY AIRPORT 3 SW, IL US","2020-05-19",,,,,,
"USC00111577","CHICAGO MIDWAY AIRPORT 3 SW, IL US","2020-05-20",,,,,,
"USC00111577","CHICAGO MIDWAY AIRPORT 3 SW, IL US","2020-05-21",,,,,,
"USC00111577","CHICAGO MIDWAY AIRPORT 3 SW, IL US","2020-05-22",,,,,,
"USC00111577","CHICAGO MIDWAY AIRPORT 3 SW, IL US","2020-05-23",,,,,,
"USC00111577","CHICAGO MIDWAY AIRPORT 3 SW, IL US","2020-05-24",,,,,,
"USC00111577","CHICAGO MIDWAY AIRPORT 3 SW, IL US","2020-05-25",,,,,,
"USC00111577","CHICAGO MIDWAY AIRPORT 3 SW, IL US","2020-05-26",,,,,,
"USC00111577","CHICAGO MIDWAY AIRPORT 3 SW, IL US","2020-05-27",,,,,,
"USC00111577","CHICAGO MIDWAY AIRPORT 3 SW, IL US","2020-05-28",,,,,,
"USC00111577","CHICAGO MIDWAY AIRPORT 3 SW, IL US","2020-05-29",,,,,,
"USC00111577","CHICAGO MIDWAY AIRPORT 3 SW, IL US","2020-05-30",,,,,,
"USC00111577","CHICAGO MIDWAY AIRPORT 3 SW, IL US","2020-05-31",,,,,,
"USC00111577","CHICAGO MIDWAY AIRPORT 3 SW, IL US","2020-06-01",,,,,,
"USC00111577","CHICAGO MIDWAY AIRPORT 3 SW, IL US","2020-06-02",,,,,,
"USC00111577","CHICAGO MIDWAY AIRPORT 3 SW, IL US","2020-06-03",,,,,,
"USC00111577","CHICAGO MIDWAY AIRPORT 3 SW, IL US","2020-06-04",,,,,,
"USC00111577","CHICAGO MIDWAY AIRPORT 3 SW, IL US","2020-06-05",,,,,,
"USC00111577","CHICAGO MIDWAY AIRPORT 3 SW, IL US","2020-06-06",,,,,,
"USC00111577","CHICAGO MIDWAY AIRPORT 3 SW, IL US","2020-06-07",,,,,,
"USC00111577","CHICAGO MIDWAY AIRPORT 3 SW, IL US","2020-06-08",,,,,,
"USC00111577","CHICAGO MIDWAY AIRPORT 3 SW, IL US","2020-06-09",,,,,,
"USC00111577","CHICAGO MIDWAY AIRPORT 3 SW, IL US","2020-06-10",,,,,,
"USC00111577","CHICAGO MIDWAY AIRPORT 3 SW, IL US","2020-06-11",,,,,,
"USC00111577","CHICAGO MIDWAY AIRPORT 3 SW, IL US","2020-06-12",,,,,,
"USC00111577","CHICAGO MIDWAY AIRPORT 3 SW, IL US","2020-06-13",,,,,,
"USC00111577","CHICAGO MIDWAY AIRPORT 3 SW, IL US","2020-06-14",,,,,,
"USC00111577","CHICAGO MIDWAY AIRPORT 3 SW, IL US","2020-06-15",,,,,,
"USC00111577","CHICAGO MIDWAY AIRPORT 3 SW, IL US","2020-06-16",,,,,,
"USC00111577","CHICAGO MIDWAY AIRPORT 3 SW, IL US","2020-06-17",,,,,,
"USC00111577","CHICAGO MIDWAY AIRPORT 3 SW, IL US","2020-06-18",,,,,,
"USC00111577","CHICAGO MIDWAY AIRPORT 3 SW, IL US","2020-06-19",,,,,,
"USC00111577","CHICAGO MIDWAY AIRPORT 3 SW, IL US","2020-06-20",,,,,,
"USC00111577","CHICAGO MIDWAY AIRPORT 3 SW, IL US","2020-06-21",,,,,,
"USC00111577","CHICAGO MIDWAY AIRPORT 3 SW, IL US","2020-06-22",,,,,,
"USC00111577","CHICAGO MIDWAY AIRPORT 3 SW, IL US","2020-06-23",,,,,,
"USC00111577","CHICAGO MIDWAY AIRPORT 3 SW, IL US","2020-06-24",,,,,,
"USC00111577","CHICAGO MIDWAY AIRPORT 3 SW, IL US","2020-06-25",,,,,,
"USC00111577","CHICAGO MIDWAY AIRPORT 3 SW, IL US","2020-06-26",,,,,,
"USC00111577","CHICAGO MIDWAY AIRPORT 3 SW, IL US","2020-06-27",,,,,,
"USC00111577","CHICAGO MIDWAY AIRPORT 3 SW, IL US","2020-06-28",,,,,,
"USC00111577","CHICAGO MIDWAY AIRPORT 3 SW, IL US","2020-06-29",,,,,,
"USC00111577","CHICAGO MIDWAY AIRPORT 3 SW, IL US","2020-06-30",,,,,,
"USC00111577","CHICAGO MIDWAY AIRPORT 3 SW, IL US","2020-07-01",,,,,,
"USC00111577","CHICAGO MIDWAY AIRPORT 3 SW, IL US","2020-07-02",,,,,,
"USC00111577","CHICAGO MIDWAY AIRPORT 3 SW, IL US","2020-07-03",,,,,,
"USC00111577","CHICAGO MIDWAY AIRPORT 3 SW, IL US","2020-07-04",,,,,,
"USC00111577","CHICAGO MIDWAY AIRPORT 3 SW, IL US","2020-07-05",,,,,,
"USC00111577","CHICAGO MIDWAY AIRPORT 3 SW, IL US","2020-07-06",,,,,,
"USC00111577","CHICAGO MIDWAY AIRPORT 3 SW, IL US","2020-07-07",,,,,,
"USC00111577","CHICAGO MIDWAY AIRPORT 3 SW, IL US","2020-07-08",,,,,,
"USC00111577","CHICAGO MIDWAY AIRPORT 3 SW, IL US","2020-07-09",,,,,,
"USC00111577","CHICAGO MIDWAY AIRPORT 3 SW, IL US","2020-07-10",,,,,,
"USC00111577","CHICAGO MIDWAY AIRPORT 3 SW, IL US","2020-07-11",,,,,,
"USC00111577","CHICAGO MIDWAY AIRPORT 3 SW, IL US","2020-07-12",,,,,,
"USC00111577","CHICAGO MIDWAY AIRPORT 3 SW, IL US","2020-07-13",,,,,,
"USC00111577","CHICAGO MIDWAY AIRPORT 3 SW, IL US","2020-07-14",,,,,,
"USC00111577","CHICAGO MIDWAY AIRPORT 3 SW, IL US","2020-07-15",,,,,,
"USC00111577","CHICAGO MIDWAY AIRPORT 3 SW, IL US","2020-07-16",,,,,,
"USC00111577","CHICAGO MIDWAY AIRPORT 3 SW, IL US","2020-07-17",,,,,,
"USC00111577","CHICAGO MIDWAY AIRPORT 3 SW, IL US","2020-07-18",,,,,,
"USC00111577","CHICAGO MIDWAY AIRPORT 3 SW, IL US","2020-07-19",,,,,,
"USC00111577","CHICAGO MIDWAY AIRPORT 3 SW, IL US","2020-07-20",,,,,,
"USC00111577","CHICAGO MIDWAY AIRPORT 3 SW, IL US","2020-07-21",,,,,,
"USC00111577","CHICAGO MIDWAY AIRPORT 3 SW, IL US","2020-07-22",,,,,,
"USC00111577","CHICAGO MIDWAY AIRPORT 3 SW, IL US","2020-07-23",,,,,,
"USC00111577","CHICAGO MIDWAY AIRPORT 3 SW, IL US","2020-07-24",,,,,,
"USC00111577","CHICAGO MIDWAY AIRPORT 3 SW, IL US","2020-07-25",,,,,,
"USC00111577","CHICAGO MIDWAY AIRPORT 3 SW, IL US","2020-07-26",,,,,,
"USC00111577","CHICAGO MIDWAY AIRPORT 3 SW, IL US","2020-07-27",,,,,,
"USC00111577","CHICAGO MIDWAY AIRPORT 3 SW, IL US","2020-07-28",,,,,,
"USC00111577","CHICAGO MIDWAY AIRPORT 3 SW, IL US","2020-07-29",,,,,,
"USC00111577","CHICAGO MIDWAY AIRPORT 3 SW, IL US","2020-07-30",,,,,,
"USC00111577","CHICAGO MIDWAY AIRPORT 3 SW, IL US","2020-07-31",,,,,,
"USC00111577","CHICAGO MIDWAY AIRPORT 3 SW, IL US","2020-08-01",,,,,,
"USC00111577","CHICAGO MIDWAY AIRPORT 3 SW, IL US","2020-08-02",,,,,,
"USC00111577","CHICAGO MIDWAY AIRPORT 3 SW, IL US","2020-08-03",,,,,,
"USC00111577","CHICAGO MIDWAY AIRPORT 3 SW, IL US","2020-08-04",,,,,,
"USC00111577","CHICAGO MIDWAY AIRPORT 3 SW, IL US","2020-08-05",,,,,,
"USC00111577","CHICAGO MIDWAY AIRPORT 3 SW, IL US","2020-08-06",,,,,,
"USC00111577","CHICAGO MIDWAY AIRPORT 3 SW, IL US","2020-08-07",,,,,,
"USC00111577","CHICAGO MIDWAY AIRPORT 3 SW, IL US","2020-08-08",,,,,,
"USC00111577","CHICAGO MIDWAY AIRPORT 3 SW, IL US","2020-08-09",,,,,,
"USC00111577","CHICAGO MIDWAY AIRPORT 3 SW, IL US","2020-08-10",,,,,,
"USC00111577","CHICAGO MIDWAY AIRPORT 3 SW, IL US","2020-08-11",,,,,,
"USC00111577","CHICAGO MIDWAY AIRPORT 3 SW, IL US","2020-08-12",,,,,,
"USC00111577","CHICAGO MIDWAY AIRPORT 3 SW, IL US","2020-08-13",,,,,,
"USC00111577","CHICAGO MIDWAY AIRPORT 3 SW, IL US","2020-08-14",,,,,,
"USC00111577","CHICAGO MIDWAY AIRPORT 3 SW, IL US","2020-08-15",,,,,,
"USC00111577","CHICAGO MIDWAY AIRPORT 3 SW, IL US","2020-08-16",,,,,,
"USC00111577","CHICAGO MIDWAY AIRPORT 3 SW, IL US","2020-08-17",,,,,,
"USC00111577","CHICAGO MIDWAY AIRPORT 3 SW, IL US","2020-08-18",,,,,,
"USC00111577","CHICAGO MIDWAY AIRPORT 3 SW, IL US","2020-08-19",,,,,,
"USC00111577","CHICAGO MIDWAY AIRPORT 3 SW, IL US","2020-08-20",,,,,,
"USC00111577","CHICAGO MIDWAY AIRPORT 3 SW, IL US","2020-08-21",,,,,,
"USC00111577","CHICAGO MIDWAY AIRPORT 3 SW, IL US","2020-08-22",,,,,,
"USC00111577","CHICAGO MIDWAY AIRPORT 3 SW, IL US","2020-08-23",,,,,,
"USC00111577","CHICAGO MIDWAY AIRPORT 3 SW, IL US","2020-08-24",,,,,,
"USC00111577","CHICAGO MIDWAY AIRPORT 3 SW, IL US","2020-08-25",,,,,,
"USC00111577","CHICAGO MIDWAY AIRPORT 3 SW, IL US","2020-08-26",,,,,,
"USC00111577","CHICAGO MIDWAY AIRPORT 3 SW, IL US","2020-08-27",,,,,,
"USC00111577","CHICAGO MIDWAY AIRPORT 3 SW, IL US","2020-08-28",,,,,,
"USC00111577","CHICAGO MIDWAY AIRPORT 3 SW, IL US","2020-08-29",,,,,,
"USC00111577","CHICAGO MIDWAY AIRPORT 3 SW, IL US","2020-08-30",,,,,,
"USC00111577","CHICAGO MIDWAY AIRPORT 3 SW, IL US","2020-08-31",,,,,,
"USC00111577","CHICAGO MIDWAY AIRPORT 3 SW, IL US","2020-09-01",,,,,,
"USC00111577","CHICAGO MIDWAY AIRPORT 3 SW, IL US","2020-09-02",,,,,,
"USC00111577","CHICAGO MIDWAY AIRPORT 3 SW, IL US","2020-09-03",,,,,,
"USC00111577","CHICAGO MIDWAY AIRPORT 3 SW, IL US","2020-09-04",,,,,,
"USC00111577","CHICAGO MIDWAY AIRPORT 3 SW, IL US","2020-09-05",,,,,,
"USC00111577","CHICAGO MIDWAY AIRPORT 3 SW, IL US","2020-09-06",,,,,,
"USC00111577","CHICAGO MIDWAY AIRPORT 3 SW, IL US","2020-09-07",,,,,,
"US1ILWL0151","NEW LENOX 1.5 W, IL US","2019-10-03",,,,,,
"US1ILWL0151","NEW LENOX 1.5 W, IL US","2019-10-04",,,,,,
"US1ILWL0151","NEW LENOX 1.5 W, IL US","2019-10-05",,,,,,
"US1ILWL0151","NEW LENOX 1.5 W, IL US","2019-10-06",,,,,,
"US1ILWL0151","NEW LENOX 1.5 W, IL US","2019-10-07",,,,,,
"US1ILWL0151","NEW LENOX 1.5 W, IL US","2019-10-08",,,,,,
"US1ILWL0151","NEW LENOX 1.5 W, IL US","2019-10-09",,,,,,
"US1ILWL0151","NEW LENOX 1.5 W, IL US","2019-10-10",,,,,,
"US1ILWL0151","NEW LENOX 1.5 W, IL US","2019-10-11",,,,,,
"US1ILWL0151","NEW LENOX 1.5 W, IL US","2019-10-12",,,,,,
"US1ILWL0151","NEW LENOX 1.5 W, IL US","2019-10-13",,,,,,
"US1ILWL0151","NEW LENOX 1.5 W, IL US","2019-10-14",,,,,,
"US1ILWL0151","NEW LENOX 1.5 W, IL US","2019-10-15",,,,,,
"US1ILWL0151","NEW LENOX 1.5 W, IL US","2019-10-16",,,,,,
"US1ILWL0151","NEW LENOX 1.5 W, IL US","2019-10-17",,,,,,
"US1ILWL0151","NEW LENOX 1.5 W, IL US","2019-10-18",,,,,,
"US1ILWL0151","NEW LENOX 1.5 W, IL US","2019-10-19",,,,,,
"US1ILWL0151","NEW LENOX 1.5 W, IL US","2019-10-20",,,,,,
"US1ILWL0151","NEW LENOX 1.5 W, IL US","2019-10-21",,,,,,
"US1ILWL0151","NEW LENOX 1.5 W, IL US","2019-10-22",,,,,,
"US1ILWL0151","NEW LENOX 1.5 W, IL US","2019-10-23",,,,,,
"US1ILWL0151","NEW LENOX 1.5 W, IL US","2019-10-24",,,,,,
"US1ILWL0151","NEW LENOX 1.5 W, IL US","2019-10-25",,,,,,
"US1ILWL0151","NEW LENOX 1.5 W, IL US","2019-10-26",,,,,,
"US1ILWL0151","NEW LENOX 1.5 W, IL US","2019-10-27",,,,,,
"US1ILWL0151","NEW LENOX 1.5 W, IL US","2019-10-28",,,,,,
"US1ILWL0151","NEW LENOX 1.5 W, IL US","2019-10-29",,,,,,
"US1ILWL0151","NEW LENOX 1.5 W, IL US","2019-10-30",,,,,,
"US1ILWL0151","NEW LENOX 1.5 W, IL US","2019-10-31",,,,,,
"US1ILWL0151","NEW LENOX 1.5 W, IL US","2019-11-01",,,,,,
"US1ILWL0151","NEW LENOX 1.5 W, IL US","2019-11-02",,,,,,
"US1ILWL0151","NEW LENOX 1.5 W, IL US","2019-11-03",,,,,,
"US1ILWL0151","NEW LENOX 1.5 W, IL US","2019-11-04",,,,,,
"US1ILWL0151","NEW LENOX 1.5 W, IL US","2019-11-05",,,,,,
"US1ILWL0151","NEW LENOX 1.5 W, IL US","2019-11-06",,,,,,
"US1ILWL0151","NEW LENOX 1.5 W, IL US","2019-11-07",,,,,,
"US1ILWL0151","NEW LENOX 1.5 W, IL US","2019-11-08",,,,,,
"US1ILWL0151","NEW LENOX 1.5 W, IL US","2019-11-09",,,,,,
"US1ILWL0151","NEW LENOX 1.5 W, IL US","2019-11-10",,,,,,
"US1ILWL0151","NEW LENOX 1.5 W, IL US","2019-11-12",,,,,,
"US1ILWL0151","NEW LENOX 1.5 W, IL US","2019-11-13",,,,,,
"US1ILWL0151","NEW LENOX 1.5 W, IL US","2019-11-14",,,,,,
"US1ILWL0151","NEW LENOX 1.5 W, IL US","2019-11-15",,,,,,
"US1ILWL0151","NEW LENOX 1.5 W, IL US","2019-11-16",,,,,,
"US1ILWL0151","NEW LENOX 1.5 W, IL US","2019-11-17",,,,,,
"US1ILWL0151","NEW LENOX 1.5 W, IL US","2019-11-18",,,,,,
"US1ILWL0151","NEW LENOX 1.5 W, IL US","2019-11-19",,,,,,
"US1ILWL0151","NEW LENOX 1.5 W, IL US","2019-11-20",,,,,,
"US1ILWL0151","NEW LENOX 1.5 W, IL US","2019-11-21",,,,,,
"US1ILWL0151","NEW LENOX 1.5 W, IL US","2019-11-22",,,,,,
"US1ILWL0151","NEW LENOX 1.5 W, IL US","2019-11-23",,,,,,
"US1ILWL0151","NEW LENOX 1.5 W, IL US","2019-11-24",,,,,,
"US1ILWL0151","NEW LENOX 1.5 W, IL US","2019-11-25",,,,,,
"US1ILWL0151","NEW LENOX 1.5 W, IL US","2019-11-26",,,,,,
"US1ILWL0151","NEW LENOX 1.5 W, IL US","2019-12-02",,,,,,
"US1ILWL0151","NEW LENOX 1.5 W, IL US","2019-12-03",,,,,,
"US1ILWL0151","NEW LENOX 1.5 W, IL US","2019-12-04",,,,,,
"US1ILWL0151","NEW LENOX 1.5 W, IL US","2019-12-05",,,,,,
"US1ILWL0151","NEW LENOX 1.5 W, IL US","2019-12-06",,,,,,
"US1ILWL0151","NEW LENOX 1.5 W, IL US","2019-12-07",,,,,,
"US1ILWL0151","NEW LENOX 1.5 W, IL US","2019-12-08",,,,,,
"US1ILWL0151","NEW LENOX 1.5 W, IL US","2019-12-09",,,,,,
"US1ILWL0151","NEW LENOX 1.5 W, IL US","2019-12-10",,,,,,
"US1ILWL0151","NEW LENOX 1.5 W, IL US","2019-12-11",,,,,,
"US1ILWL0151","NEW LENOX 1.5 W, IL US","2019-12-12",,,,,,
"US1ILWL0151","NEW LENOX 1.5 W, IL US","2019-12-13",,,,,,
"US1ILWL0151","NEW LENOX 1.5 W, IL US","2019-12-14",,,,,,
"US1ILWL0151","NEW LENOX 1.5 W, IL US","2019-12-15",,,,,,
"US1ILWL0151","NEW LENOX 1.5 W, IL US","2019-12-16",,,,,,
"US1ILWL0151","NEW LENOX 1.5 W, IL US","2019-12-17",,,,,,
"US1ILWL0151","NEW LENOX 1.5 W, IL US","2019-12-18",,,,,,
"US1ILWL0151","NEW LENOX 1.5 W, IL US","2019-12-19",,,,,,
"US1ILWL0151","NEW LENOX 1.5 W, IL US","2019-12-20",,,,,,
"US1ILWL0151","NEW LENOX 1.5 W, IL US","2019-12-21",,,,,,
"US1ILWL0151","NEW LENOX 1.5 W, IL US","2019-12-22",,,,,,
"US1ILWL0151","NEW LENOX 1.5 W, IL US","2019-12-23",,,,,,
"US1ILWL0151","NEW LENOX 1.5 W, IL US","2019-12-24",,,,,,
"US1ILWL0151","NEW LENOX 1.5 W, IL US","2019-12-25",,,,,,
"US1ILWL0151","NEW LENOX 1.5 W, IL US","2019-12-26",,,,,,
"US1ILWL0151","NEW LENOX 1.5 W, IL US","2019-12-27",,,,,,
"US1ILWL0151","NEW LENOX 1.5 W, IL US","2019-12-28",,,,,,
"US1ILWL0151","NEW LENOX 1.5 W, IL US","2019-12-29",,,,,,
"US1ILWL0151","NEW LENOX 1.5 W, IL US","2019-12-30",,,,,,
"US1ILWL0151","NEW LENOX 1.5 W, IL US","2020-01-01",,,,,,
"US1ILWL0151","NEW LENOX 1.5 W, IL US","2020-01-02",,,,,,
"US1ILWL0151","NEW LENOX 1.5 W, IL US","2020-01-03",,,,,,
"US1ILWL0151","NEW LENOX 1.5 W, IL US","2020-01-04",,,,,,
"US1ILWL0151","NEW LENOX 1.5 W, IL US","2020-01-05",,,,,,
"US1ILWL0151","NEW LENOX 1.5 W, IL US","2020-01-06",,,,,,
"US1ILWL0151","NEW LENOX 1.5 W, IL US","2020-01-07",,,,,,
"US1ILWL0151","NEW LENOX 1.5 W, IL US","2020-01-08",,,,,,
"US1ILWL0151","NEW LENOX 1.5 W, IL US","2020-01-09",,,,,,
"US1ILWL0151","NEW LENOX 1.5 W, IL US","2020-01-10",,,,,,
"US1ILWL0151","NEW LENOX 1.5 W, IL US","2020-01-11",,,,,,
"US1ILWL0151","NEW LENOX 1.5 W, IL US","2020-01-12",,,,,,
"US1ILWL0151","NEW LENOX 1.5 W, IL US","2020-01-13",,,,,,
"US1ILWL0151","NEW LENOX 1.5 W, IL US","2020-01-14",,,,,,
"US1ILWL0151","NEW LENOX 1.5 W, IL US","2020-01-15",,,,,,
"US1ILWL0151","NEW LENOX 1.5 W, IL US","2020-01-16",,,,,,
"US1ILWL0151","NEW LENOX 1.5 W, IL US","2020-01-17",,,,,,
"US1ILWL0151","NEW LENOX 1.5 W, IL US","2020-01-18",,,,,,
"US1ILWL0151","NEW LENOX 1.5 W, IL US","2020-01-19",,,,,,
"US1ILWL0151","NEW LENOX 1.5 W, IL US","2020-01-20",,,,,,
"US1ILWL0151","NEW LENOX 1.5 W, IL US","2020-01-21",,,,,,
"US1ILWL0151","NEW LENOX 1.5 W, IL US","2020-01-22",,,,,,
"US1ILWL0151","NEW LENOX 1.5 W, IL US","2020-01-25",,,,,,
"US1ILWL0151","NEW LENOX 1.5 W, IL US","2020-01-26",,,,,,
"US1ILWL0151","NEW LENOX 1.5 W, IL US","2020-01-27",,,,,,
"US1ILWL0151","NEW LENOX 1.5 W, IL US","2020-01-28",,,,,,
"US1ILWL0151","NEW LENOX 1.5 W, IL US","2020-03-02",,,,,,
"US1ILWL0151","NEW LENOX 1.5 W, IL US","2020-03-03",,,,,,
"US1ILWL0151","NEW LENOX 1.5 W, IL US","2020-03-04",,,,,,
"US1ILWL0151","NEW LENOX 1.5 W, IL US","2020-03-05",,,,,,
"US1ILWL0151","NEW LENOX 1.5 W, IL US","2020-03-06",,,,,,
"US1ILWL0151","NEW LENOX 1.5 W, IL US","2020-03-07",,,,,,
"US1ILWL0151","NEW LENOX 1.5 W, IL US","2020-03-08",,,,,,
"US1ILWL0151","NEW LENOX 1.5 W, IL US","2020-03-09",,,,,,
"US1ILWL0151","NEW LENOX 1.5 W, IL US","2020-03-10",,,,,,
"US1ILWL0151","NEW LENOX 1.5 W, IL US","2020-03-11",,,,,,
"US1ILWL0151","NEW LENOX 1.5 W, IL US","2020-03-12",,,,,,
"US1ILWL0151","NEW LENOX 1.5 W, IL US","2020-03-13",,,,,,
"US1ILWL0151","NEW LENOX 1.5 W, IL US","2020-03-14",,,,,,
"US1ILWL0151","NEW LENOX 1.5 W, IL US","2020-03-15",,,,,,
"US1ILWL0151","NEW LENOX 1.5 W, IL US","2020-03-16",,,,,,
"US1ILWL0151","NEW LENOX 1.5 W, IL US","2020-03-17",,,,,,
"US1ILWL0151","NEW LENOX 1.5 W, IL US","2020-03-18",,,,,,
"US1ILWL0151","NEW LENOX 1.5 W, IL US","2020-03-19",,,,,,
"US1ILWL0151","NEW LENOX 1.5 W, IL US","2020-03-20",,,,,,
"US1ILWL0151","NEW LENOX 1.5 W, IL US","2020-03-21",,,,,,
"US1ILWL0151","NEW LENOX 1.5 W, IL US","2020-03-22",,,,,,
"US1ILWL0151","NEW LENOX 1.5 W, IL US","2020-03-23",,,,,,
"US1ILWL0151","NEW LENOX 1.5 W, IL US","2020-03-24",,,,,,
"US1ILWL0151","NEW LENOX 1.5 W, IL US","2020-03-25",,,,,,
"US1ILWL0151","NEW LENOX 1.5 W, IL US","2020-03-26",,,,,,
"US1ILWL0151","NEW LENOX 1.5 W, IL US","2020-03-27",,,,,,
"US1ILWL0151","NEW LENOX 1.5 W, IL US","2020-03-28",,,,,,
"US1ILWL0151","NEW LENOX 1.5 W, IL US","2020-03-29",,,,,,
"US1ILWL0151","NEW LENOX 1.5 W, IL US","2020-03-30",,,,,,
"US1ILWL0151","NEW LENOX 1.5 W, IL US","2020-03-31",,,,,,
"US1ILWL0151","NEW LENOX 1.5 W, IL US","2020-04-01",,,,,,
"US1ILWL0151","NEW LENOX 1.5 W, IL US","2020-04-02",,,,,,
"US1ILWL0151","NEW LENOX 1.5 W, IL US","2020-04-03",,,,,,
"US1ILWL0151","NEW LENOX 1.5 W, IL US","2020-04-04",,,,,,
"US1ILWL0151","NEW LENOX 1.5 W, IL US","2020-04-05",,,,,,
"US1ILWL0151","NEW LENOX 1.5 W, IL US","2020-04-06",,,,,,
"US1ILWL0151","NEW LENOX 1.5 W, IL US","2020-04-07",,,,,,
"US1ILWL0151","NEW LENOX 1.5 W, IL US","2020-04-08",,,,,,
"US1ILWL0151","NEW LENOX 1.5 W, IL US","2020-04-09",,,,,,
"US1ILWL0151","NEW LENOX 1.5 W, IL US","2020-04-10",,,,,,
"US1ILWL0151","NEW LENOX 1.5 W, IL US","2020-04-11",,,,,,
"US1ILWL0151","NEW LENOX 1.5 W, IL US","2020-04-12",,,,,,
"US1ILWL0151","NEW LENOX 1.5 W, IL US","2020-04-13",,,,,,
"US1ILWL0151","NEW LENOX 1.5 W, IL US","2020-04-14",,,,,,
"US1ILWL0151","NEW LENOX 1.5 W, IL US","2020-04-15",,,,,,
"US1ILWL0151","NEW LENOX 1.5 W, IL US","2020-04-16",,,,,,
"US1ILWL0151","NEW LENOX 1.5 W, IL US","2020-04-17",,,,,,
"US1ILWL0151","NEW LENOX 1.5 W, IL US","2020-04-18",,,,,,
"US1ILWL0151","NEW LENOX 1.5 W, IL US","2020-04-19",,,,,,
"US1ILWL0151","NEW LENOX 1.5 W, IL US","2020-04-20",,,,,,
"US1ILWL0151","NEW LENOX 1.5 W, IL US","2020-04-21",,,,,,
"US1ILWL0151","NEW LENOX 1.5 W, IL US","2020-04-22",,,,,,
"US1ILWL0151","NEW LENOX 1.5 W, IL US","2020-04-23",,,,,,
"US1ILWL0151","NEW LENOX 1.5 W, IL US","2020-04-24",,,,,,
"US1ILWL0151","NEW LENOX 1.5 W, IL US","2020-04-25",,,,,,
"US1ILWL0151","NEW LENOX 1.5 W, IL US","2020-04-26",,,,,,
"US1ILWL0151","NEW LENOX 1.5 W, IL US","2020-04-27",,,,,,
"US1ILWL0151","NEW LENOX 1.5 W, IL US","2020-04-28",,,,,,
"US1ILWL0151","NEW LENOX 1.5 W, IL US","2020-04-29",,,,,,
"US1ILWL0151","NEW LENOX 1.5 W, IL US","2020-04-30",,,,,,
"US1ILWL0151","NEW LENOX 1.5 W, IL US","2020-05-01",,,,,,
"US1ILWL0151","NEW LENOX 1.5 W, IL US","2020-05-02",,,,,,
"US1ILWL0151","NEW LENOX 1.5 W, IL US","2020-05-03",,,,,,
"US1ILWL0151","NEW LENOX 1.5 W, IL US","2020-05-04",,,,,,
"US1ILWL0151","NEW LENOX 1.5 W, IL US","2020-05-06",,,,,,
"US1ILWL0151","NEW LENOX 1.5 W, IL US","2020-05-07",,,,,,
"US1ILWL0151","NEW LENOX 1.5 W, IL US","2020-05-08",,,,,,
"US1ILWL0151","NEW LENOX 1.5 W, IL US","2020-05-09",,,,,,
"US1ILWL0151","NEW LENOX 1.5 W, IL US","2020-05-10",,,,,,
"US1ILWL0151","NEW LENOX 1.5 W, IL US","2020-05-11",,,,,,
"US1ILWL0151","NEW LENOX 1.5 W, IL US","2020-05-12",,,,,,
"US1ILWL0151","NEW LENOX 1.5 W, IL US","2020-05-13",,,,,,
"US1ILWL0151","NEW LENOX 1.5 W, IL US","2020-05-14",,,,,,
"US1ILWL0151","NEW LENOX 1.5 W, IL US","2020-05-15",,,,,,
"US1ILWL0151","NEW LENOX 1.5 W, IL US","2020-05-16",,,,,,
"US1ILWL0151","NEW LENOX 1.5 W, IL US","2020-05-17",,,,,,
"US1ILWL0151","NEW LENOX 1.5 W, IL US","2020-05-18",,,,,,
"US1ILWL0151","NEW LENOX 1.5 W, IL US","2020-05-19",,,,,,
"US1ILWL0151","NEW LENOX 1.5 W, IL US","2020-05-20",,,,,,
"US1ILWL0151","NEW LENOX 1.5 W, IL US","2020-05-21",,,,,,
"US1ILWL0151","NEW LENOX 1.5 W, IL US","2020-05-22",,,,,,
"US1ILWL0151","NEW LENOX 1.5 W, IL US","2020-05-23",,,,,,
"US1ILWL0151","NEW LENOX 1.5 W, IL US","2020-05-24",,,,,,
"US1ILWL0151","NEW LENOX 1.5 W, IL US","2020-05-25",,,,,,
"US1ILWL0151","NEW LENOX 1.5 W, IL US","2020-05-26",,,,,,
"US1ILWL0151","NEW LENOX 1.5 W, IL US","2020-05-27",,,,,,
"US1ILWL0151","NEW LENOX 1.5 W, IL US","2020-05-28",,,,,,
"US1ILWL0151","NEW LENOX 1.5 W, IL US","2020-05-29",,,,,,
"US1ILWL0151","NEW LENOX 1.5 W, IL US","2020-05-30",,,,,,
"US1ILWL0151","NEW LENOX 1.5 W, IL US","2020-05-31",,,,,,
"US1ILWL0151","NEW LENOX 1.5 W, IL US","2020-06-01",,,,,,
"US1ILWL0151","NEW LENOX 1.5 W, IL US","2020-06-02",,,,,,
"US1ILWL0151","NEW LENOX 1.5 W, IL US","2020-06-03",,,,,,
"US1ILWL0151","NEW LENOX 1.5 W, IL US","2020-06-04",,,,,,
"US1ILWL0151","NEW LENOX 1.5 W, IL US","2020-06-05",,,,,,
"US1ILWL0151","NEW LENOX 1.5 W, IL US","2020-06-06",,,,,,
"US1ILWL0151","NEW LENOX 1.5 W, IL US","2020-06-07",,,,,,
"US1ILWL0151","NEW LENOX 1.5 W, IL US","2020-06-08",,,,,,
"US1ILWL0151","NEW LENOX 1.5 W, IL US","2020-06-09",,,,,,
"US1ILWL0151","NEW LENOX 1.5 W, IL US","2020-06-10",,,,,,
"US1ILWL0151","NEW LENOX 1.5 W, IL US","2020-06-11",,,,,,
"US1ILWL0151","NEW LENOX 1.5 W, IL US","2020-06-12",,,,,,
"US1ILWL0151","NEW LENOX 1.5 W, IL US","2020-06-13",,,,,,
"US1ILWL0151","NEW LENOX 1.5 W, IL US","2020-06-14",,,,,,
"US1ILWL0151","NEW LENOX 1.5 W, IL US","2020-06-15",,,,,,
"US1ILWL0151","NEW LENOX 1.5 W, IL US","2020-06-16",,,,,,
"US1ILWL0151","NEW LENOX 1.5 W, IL US","2020-06-17",,,,,,
"US1ILWL0151","NEW LENOX 1.5 W, IL US","2020-06-18",,,,,,
"US1ILWL0151","NEW LENOX 1.5 W, IL US","2020-06-19",,,,,,
"US1ILWL0151","NEW LENOX 1.5 W, IL US","2020-06-20",,,,,,
"US1ILWL0151","NEW LENOX 1.5 W, IL US","2020-06-21",,,,,,
"US1ILWL0151","NEW LENOX 1.5 W, IL US","2020-06-22",,,,,,
"US1ILWL0151","NEW LENOX 1.5 W, IL US","2020-06-23",,,,,,
"US1ILWL0151","NEW LENOX 1.5 W, IL US","2020-06-24",,,,,,
"US1ILWL0151","NEW LENOX 1.5 W, IL US","2020-06-25",,,,,,
"US1ILWL0151","NEW LENOX 1.5 W, IL US","2020-06-26",,,,,,
"US1ILWL0151","NEW LENOX 1.5 W, IL US","2020-06-27",,,,,,
"US1ILWL0151","NEW LENOX 1.5 W, IL US","2020-06-28",,,,,,
"US1ILWL0151","NEW LENOX 1.5 W, IL US","2020-06-29",,,,,,
"US1ILWL0151","NEW LENOX 1.5 W, IL US","2020-06-30",,,,,,
"US1ILWL0151","NEW LENOX 1.5 W, IL US","2020-07-01",,,,,,
"US1ILWL0151","NEW LENOX 1.5 W, IL US","2020-07-02",,,,,,
"US1ILWL0151","NEW LENOX 1.5 W, IL US","2020-07-03",,,,,,
"US1ILWL0151","NEW LENOX 1.5 W, IL US","2020-07-04",,,,,,
"US1ILWL0151","NEW LENOX 1.5 W, IL US","2020-07-05",,,,,,
"US1ILWL0151","NEW LENOX 1.5 W, IL US","2020-07-06",,,,,,
"US1ILWL0151","NEW LENOX 1.5 W, IL US","2020-07-07",,,,,,
"US1ILWL0151","NEW LENOX 1.5 W, IL US","2020-07-08",,,,,,
"US1ILWL0151","NEW LENOX 1.5 W, IL US","2020-07-09",,,,,,
"US1ILWL0151","NEW LENOX 1.5 W, IL US","2020-07-10",,,,,,
"US1ILWL0151","NEW LENOX 1.5 W, IL US","2020-07-11",,,,,,
"US1ILWL0151","NEW LENOX 1.5 W, IL US","2020-07-12",,,,,,
"US1ILWL0151","NEW LENOX 1.5 W, IL US","2020-07-13",,,,,,
"US1ILWL0151","NEW LENOX 1.5 W, IL US","2020-07-14",,,,,,
"US1ILWL0151","NEW LENOX 1.5 W, IL US","2020-07-15",,,,,,
"US1ILWL0151","NEW LENOX 1.5 W, IL US","2020-07-16",,,,,,
"US1ILWL0151","NEW LENOX 1.5 W, IL US","2020-07-17",,,,,,
"US1ILWL0151","NEW LENOX 1.5 W, IL US","2020-07-18",,,,,,
"US1ILWL0151","NEW LENOX 1.5 W, IL US","2020-07-19",,,,,,
"US1ILWL0151","NEW LENOX 1.5 W, IL US","2020-07-20",,,,,,
"US1ILWL0151","NEW LENOX 1.5 W, IL US","2020-07-21",,,,,,
"US1ILWL0151","NEW LENOX 1.5 W, IL US","2020-07-22",,,,,,
"US1ILWL0151","NEW LENOX 1.5 W, IL US","2020-07-23",,,,,,
"US1ILWL0151","NEW LENOX 1.5 W, IL US","2020-07-24",,,,,,
"US1ILWL0151","NEW LENOX 1.5 W, IL US","2020-07-25",,,,,,
"US1ILWL0151","NEW LENOX 1.5 W, IL US","2020-07-26",,,,,,
"US1ILWL0151","NEW LENOX 1.5 W, IL US","2020-07-27",,,,,,
"US1ILWL0151","NEW LENOX 1.5 W, IL US","2020-07-28",,,,,,
"US1ILWL0151","NEW LENOX 1.5 W, IL US","2020-07-29",,,,,,
"US1ILWL0151","NEW LENOX 1.5 W, IL US","2020-07-30",,,,,,
"US1ILWL0151","NEW LENOX 1.5 W, IL US","2020-07-31",,,,,,
"US1ILWL0151","NEW LENOX 1.5 W, IL US","2020-08-01",,,,,,
"US1ILWL0151","NEW LENOX 1.5 W, IL US","2020-08-02",,,,,,
"US1ILWL0151","NEW LENOX 1.5 W, IL US","2020-08-03",,,,,,
"US1ILWL0151","NEW LENOX 1.5 W, IL US","2020-08-04",,,,,,
"US1ILWL0151","NEW LENOX 1.5 W, IL US","2020-08-05",,,,,,
"US1ILWL0151","NEW LENOX 1.5 W, IL US","2020-08-06",,,,,,
"US1ILWL0151","NEW LENOX 1.5 W, IL US","2020-08-21",,,,,,
"US1ILWL0151","NEW LENOX 1.5 W, IL US","2020-08-22",,,,,,
"US1ILWL0151","NEW LENOX 1.5 W, IL US","2020-08-23",,,,,,
"US1ILWL0151","NEW LENOX 1.5 W, IL US","2020-08-24",,,,,,
"US1ILWL0151","NEW LENOX 1.5 W, IL US","2020-08-25",,,,,,
"US1ILWL0151","NEW LENOX 1.5 W, IL US","2020-08-26",,,,,,
"US1ILWL0151","NEW LENOX 1.5 W, IL US","2020-08-27",,,,,,
"US1ILWL0151","NEW LENOX 1.5 W, IL US","2020-08-28",,,,,,
"US1ILWL0151","NEW LENOX 1.5 W, IL US","2020-08-29",,,,,,
"US1ILWL0151","NEW LENOX 1.5 W, IL US","2020-08-30",,,,,,
"US1ILWL0151","NEW LENOX 1.5 W, IL US","2020-08-31",,,,,,
"US1ILWL0151","NEW LENOX 1.5 W, IL US","2020-09-01",,,,,,
"US1ILWL0151","NEW LENOX 1.5 W, IL US","2020-09-02",,,,,,
"US1ILWL0151","NEW LENOX 1.5 W, IL US","2020-09-03",,,,,,
"US1ILWL0151","NEW LENOX 1.5 W, IL US","2020-09-04",,,,,,
"US1ILWL0151","NEW LENOX 1.5 W, IL US","2020-09-05",,,,,,
"US1ILWL0151","NEW LENOX 1.5 W, IL US","2020-09-06",,,,,,
"US1ILWL0151","NEW LENOX 1.5 W, IL US","2020-09-07",,,,,,
"US1ILWL0151","NEW LENOX 1.5 W, IL US","2020-09-08",,,,,,
"US1INLK0026","CROWN POINT 1.1 N, IN US","2019-10-01",,,,,,
"US1INLK0026","CROWN POINT 1.1 N, IN US","2019-10-02",,,,,,
"US1INLK0026","CROWN POINT 1.1 N, IN US","2019-10-03",,,,,,
"US1INLK0026","CROWN POINT 1.1 N, IN US","2019-10-04",,,,,,
"US1INLK0026","CROWN POINT 1.1 N, IN US","2019-10-05",,,,,,
"US1INLK0026","CROWN POINT 1.1 N, IN US","2019-10-06",,,,,,
"US1INLK0026","CROWN POINT 1.1 N, IN US","2019-10-07",,,,,,
"US1INLK0026","CROWN POINT 1.1 N, IN US","2019-10-08",,,,,,
"US1INLK0026","CROWN POINT 1.1 N, IN US","2019-10-09",,,,,,
"US1INLK0026","CROWN POINT 1.1 N, IN US","2019-10-10",,,,,,
"US1INLK0026","CROWN POINT 1.1 N, IN US","2019-10-11",,,,,,
"US1INLK0026","CROWN POINT 1.1 N, IN US","2019-10-12",,,,,,
"US1INLK0026","CROWN POINT 1.1 N, IN US","2019-10-13",,,,,,
"US1INLK0026","CROWN POINT 1.1 N, IN US","2019-10-14",,,,,,
"US1INLK0026","CROWN POINT 1.1 N, IN US","2019-10-15",,,,,,
"US1INLK0026","CROWN POINT 1.1 N, IN US","2019-10-16",,,,,,
"US1INLK0026","CROWN POINT 1.1 N, IN US","2019-10-17",,,,,,
"US1INLK0026","CROWN POINT 1.1 N, IN US","2019-10-18",,,,,,
"US1INLK0026","CROWN POINT 1.1 N, IN US","2019-10-19",,,,,,
"US1INLK0026","CROWN POINT 1.1 N, IN US","2019-10-20",,,,,,
"US1INLK0026","CROWN POINT 1.1 N, IN US","2019-10-21",,,,,,
"US1INLK0026","CROWN POINT 1.1 N, IN US","2019-10-22",,,,,,
"US1INLK0026","CROWN POINT 1.1 N, IN US","2019-10-23",,,,,,
"US1INLK0026","CROWN POINT 1.1 N, IN US","2019-10-24",,,,,,
"US1INLK0026","CROWN POINT 1.1 N, IN US","2019-10-25",,,,,,
"US1INLK0026","CROWN POINT 1.1 N, IN US","2019-10-26",,,,,,
"US1INLK0026","CROWN POINT 1.1 N, IN US","2019-10-27",,,,,,
"US1INLK0026","CROWN POINT 1.1 N, IN US","2019-10-28",,,,,,
"US1INLK0026","CROWN POINT 1.1 N, IN US","2019-10-29",,,,,,
"US1INLK0026","CROWN POINT 1.1 N, IN US","2019-10-30",,,,,,
"US1INLK0026","CROWN POINT 1.1 N, IN US","2019-10-31",,,,,,
"US1INLK0026","CROWN POINT 1.1 N, IN US","2019-11-01",,,,,,
"US1INLK0026","CROWN POINT 1.1 N, IN US","2019-11-02",,,,,,
"US1INLK0026","CROWN POINT 1.1 N, IN US","2019-11-03",,,,,,
"US1INLK0026","CROWN POINT 1.1 N, IN US","2019-11-04",,,,,,
"US1INLK0026","CROWN POINT 1.1 N, IN US","2019-11-05",,,,,,
"US1INLK0026","CROWN POINT 1.1 N, IN US","2019-11-06",,,,,,
"US1INLK0026","CROWN POINT 1.1 N, IN US","2019-11-07",,,,,,
"US1INLK0026","CROWN POINT 1.1 N, IN US","2019-11-08",,,,,,
"US1INLK0026","CROWN POINT 1.1 N, IN US","2019-11-09",,,,,,
"US1INLK0026","CROWN POINT 1.1 N, IN US","2019-11-10",,,,,,
"US1INLK0026","CROWN POINT 1.1 N, IN US","2019-11-11",,,,,,
"US1INLK0026","CROWN POINT 1.1 N, IN US","2019-11-12",,,,,,
"US1INLK0026","CROWN POINT 1.1 N, IN US","2019-11-13",,,,,,
"US1INLK0026","CROWN POINT 1.1 N, IN US","2019-11-14",,,,,,
"US1INLK0026","CROWN POINT 1.1 N, IN US","2019-11-15",,,,,,
"US1INLK0026","CROWN POINT 1.1 N, IN US","2019-11-16",,,,,,
"US1INLK0026","CROWN POINT 1.1 N, IN US","2019-11-17",,,,,,
"US1INLK0026","CROWN POINT 1.1 N, IN US","2019-11-18",,,,,,
"US1INLK0026","CROWN POINT 1.1 N, IN US","2019-11-19",,,,,,
"US1INLK0026","CROWN POINT 1.1 N, IN US","2019-11-20",,,,,,
"US1INLK0026","CROWN POINT 1.1 N, IN US","2019-11-21",,,,,,
"US1INLK0026","CROWN POINT 1.1 N, IN US","2019-11-22",,,,,,
"US1INLK0026","CROWN POINT 1.1 N, IN US","2019-11-23",,,,,,
"US1INLK0026","CROWN POINT 1.1 N, IN US","2019-11-24",,,,,,
"US1INLK0026","CROWN POINT 1.1 N, IN US","2019-11-25",,,,,,
"US1INLK0026","CROWN POINT 1.1 N, IN US","2019-11-26",,,,,,
"US1INLK0026","CROWN POINT 1.1 N, IN US","2019-11-27",,,,,,
"US1INLK0026","CROWN POINT 1.1 N, IN US","2019-11-28",,,,,,
"US1INLK0026","CROWN POINT 1.1 N, IN US","2019-11-29",,,,,,
"US1INLK0026","CROWN POINT 1.1 N, IN US","2019-11-30",,,,,,
"US1INLK0026","CROWN POINT 1.1 N, IN US","2019-12-01",,,,,,
"US1INLK0026","CROWN POINT 1.1 N, IN US","2019-12-02",,,,,,
"US1INLK0026","CROWN POINT 1.1 N, IN US","2019-12-03",,,,,,
"US1INLK0026","CROWN POINT 1.1 N, IN US","2019-12-04",,,,,,
"US1INLK0026","CROWN POINT 1.1 N, IN US","2019-12-05",,,,,,
"US1INLK0026","CROWN POINT 1.1 N, IN US","2019-12-06",,,,,,
"US1INLK0026","CROWN POINT 1.1 N, IN US","2019-12-07",,,,,,
"US1INLK0026","CROWN POINT 1.1 N, IN US","2019-12-08",,,,,,
"US1INLK0026","CROWN POINT 1.1 N, IN US","2019-12-09",,,,,,
"US1INLK0026","CROWN POINT 1.1 N, IN US","2019-12-10",,,,,,
"US1INLK0026","CROWN POINT 1.1 N, IN US","2019-12-11",,,,,,
"US1INLK0026","CROWN POINT 1.1 N, IN US","2019-12-12",,,,,,
"US1INLK0026","CROWN POINT 1.1 N, IN US","2019-12-13",,,,,,
"US1INLK0026","CROWN POINT 1.1 N, IN US","2019-12-14",,,,,,
"US1INLK0026","CROWN POINT 1.1 N, IN US","2019-12-15",,,,,,
"US1INLK0026","CROWN POINT 1.1 N, IN US","2019-12-16",,,,,,
"US1INLK0026","CROWN POINT 1.1 N, IN US","2019-12-17",,,,,,
"US1INLK0026","CROWN POINT 1.1 N, IN US","2019-12-18",,,,,,
"US1INLK0026","CROWN POINT 1.1 N, IN US","2019-12-19",,,,,,
"US1INLK0026","CROWN POINT 1.1 N, IN US","2019-12-20",,,,,,
"US1INLK0026","CROWN POINT 1.1 N, IN US","2019-12-21",,,,,,
"US1INLK0026","CROWN POINT 1.1 N, IN US","2019-12-22",,,,,,
"US1INLK0026","CROWN POINT 1.1 N, IN US","2019-12-23",,,,,,
"US1INLK0026","CROWN POINT 1.1 N, IN US","2019-12-24",,,,,,
"US1INLK0026","CROWN POINT 1.1 N, IN US","2019-12-25",,,,,,
"US1INLK0026","CROWN POINT 1.1 N, IN US","2019-12-26",,,,,,
"US1INLK0026","CROWN POINT 1.1 N, IN US","2019-12-27",,,,,,
"US1INLK0026","CROWN POINT 1.1 N, IN US","2019-12-28",,,,,,
"US1INLK0026","CROWN POINT 1.1 N, IN US","2019-12-29",,,,,,
"US1INLK0026","CROWN POINT 1.1 N, IN US","2019-12-30",,,,,,
"US1INLK0026","CROWN POINT 1.1 N, IN US","2019-12-31",,,,,,
"US1INLK0026","CROWN POINT 1.1 N, IN US","2020-01-01",,,,,,
"US1INLK0026","CROWN POINT 1.1 N, IN US","2020-01-02",,,,,,
"US1INLK0026","CROWN POINT 1.1 N, IN US","2020-01-03",,,,,,
"US1INLK0026","CROWN POINT 1.1 N, IN US","2020-01-04",,,,,,
"US1INLK0026","CROWN POINT 1.1 N, IN US","2020-01-05",,,,,,
"US1INLK0026","CROWN POINT 1.1 N, IN US","2020-01-06",,,,,,
"US1INLK0026","CROWN POINT 1.1 N, IN US","2020-01-07",,,,,,
"US1INLK0026","CROWN POINT 1.1 N, IN US","2020-01-08",,,,,,
"US1INLK0026","CROWN POINT 1.1 N, IN US","2020-01-09",,,,,,
"US1INLK0026","CROWN POINT 1.1 N, IN US","2020-01-10",,,,,,
"US1INLK0026","CROWN POINT 1.1 N, IN US","2020-01-11",,,,,,
"US1INLK0026","CROWN POINT 1.1 N, IN US","2020-01-12",,,,,,
"US1INLK0026","CROWN POINT 1.1 N, IN US","2020-01-13",,,,,,
"US1INLK0026","CROWN POINT 1.1 N, IN US","2020-01-14",,,,,,
"US1INLK0026","CROWN POINT 1.1 N, IN US","2020-01-15",,,,,,
"US1INLK0026","CROWN POINT 1.1 N, IN US","2020-01-16",,,,,,
"US1INLK0026","CROWN POINT 1.1 N, IN US","2020-01-17",,,,,,
"US1INLK0026","CROWN POINT 1.1 N, IN US","2020-01-18",,,,,,
"US1INLK0026","CROWN POINT 1.1 N, IN US","2020-01-19",,,,,,
"US1INLK0026","CROWN POINT 1.1 N, IN US","2020-01-20",,,,,,
"US1INLK0026","CROWN POINT 1.1 N, IN US","2020-01-21",,,,,,
"US1INLK0026","CROWN POINT 1.1 N, IN US","2020-01-22",,,,,,
"US1INLK0026","CROWN POINT 1.1 N, IN US","2020-01-27",,,,,,
"US1INLK0026","CROWN POINT 1.1 N, IN US","2020-01-28",,,,,,
"US1INLK0026","CROWN POINT 1.1 N, IN US","2020-01-29",,,,,,
"US1INLK0026","CROWN POINT 1.1 N, IN US","2020-01-30",,,,,,
"US1INLK0026","CROWN POINT 1.1 N, IN US","2020-01-31",,,,,,
"US1INLK0026","CROWN POINT 1.1 N, IN US","2020-02-01",,,,,,
"US1INLK0026","CROWN POINT 1.1 N, IN US","2020-02-02",,,,,,
"US1INLK0026","CROWN POINT 1.1 N, IN US","2020-02-03",,,,,,
"US1INLK0026","CROWN POINT 1.1 N, IN US","2020-02-04",,,,,,
"US1INLK0026","CROWN POINT 1.1 N, IN US","2020-02-05",,,,,,
"US1INLK0026","CROWN POINT 1.1 N, IN US","2020-02-06",,,,,,
"US1INLK0026","CROWN POINT 1.1 N, IN US","2020-02-07",,,,,,
"US1INLK0026","CROWN POINT 1.1 N, IN US","2020-02-08",,,,,,
"US1INLK0026","CROWN POINT 1.1 N, IN US","2020-02-09",,,,,,
"US1INLK0026","CROWN POINT 1.1 N, IN US","2020-02-10",,,,,,
"US1INLK0026","CROWN POINT 1.1 N, IN US","2020-02-11",,,,,,
"US1INLK0026","CROWN POINT 1.1 N, IN US","2020-02-12",,,,,,
"US1INLK0026","CROWN POINT 1.1 N, IN US","2020-02-13",,,,,,
"US1INLK0026","CROWN POINT 1.1 N, IN US","2020-02-14",,,,,,
"US1INLK0026","CROWN POINT 1.1 N, IN US","2020-02-15",,,,,,
"US1INLK0026","CROWN POINT 1.1 N, IN US","2020-02-16",,,,,,
"US1INLK0026","CROWN POINT 1.1 N, IN US","2020-02-17",,,,,,
"US1INLK0026","CROWN POINT 1.1 N, IN US","2020-02-18",,,,,,
"US1INLK0026","CROWN POINT 1.1 N, IN US","2020-02-19",,,,,,
"US1INLK0026","CROWN POINT 1.1 N, IN US","2020-02-20",,,,,,
"US1INLK0026","CROWN POINT 1.1 N, IN US","2020-02-21",,,,,,
"US1INLK0026","CROWN POINT 1.1 N, IN US","2020-02-22",,,,,,
"US1INLK0026","CROWN POINT 1.1 N, IN US","2020-02-23",,,,,,
"US1INLK0026","CROWN POINT 1.1 N, IN US","2020-02-24",,,,,,
"US1INLK0026","CROWN POINT 1.1 N, IN US","2020-02-25",,,,,,
"US1INLK0026","CROWN POINT 1.1 N, IN US","2020-02-26",,,,,,
"US1INLK0026","CROWN POINT 1.1 N, IN US","2020-02-27",,,,,,
"US1INLK0026","CROWN POINT 1.1 N, IN US","2020-02-28",,,,,,
"US1INLK0026","CROWN POINT 1.1 N, IN US","2020-02-29",,,,,,
"US1INLK0026","CROWN POINT 1.1 N, IN US","2020-03-01",,,,,,
"US1INLK0026","CROWN POINT 1.1 N, IN US","2020-03-02",,,,,,
"US1INLK0026","CROWN POINT 1.1 N, IN US","2020-03-03",,,,,,
"US1INLK0026","CROWN POINT 1.1 N, IN US","2020-03-04",,,,,,
"US1INLK0026","CROWN POINT 1.1 N, IN US","2020-03-05",,,,,,
"US1INLK0026","CROWN POINT 1.1 N, IN US","2020-03-06",,,,,,
"US1INLK0026","CROWN POINT 1.1 N, IN US","2020-03-07",,,,,,
"US1INLK0026","CROWN POINT 1.1 N, IN US","2020-03-08",,,,,,
"US1INLK0026","CROWN POINT 1.1 N, IN US","2020-03-09",,,,,,
"US1INLK0026","CROWN POINT 1.1 N, IN US","2020-03-10",,,,,,
"US1INLK0026","CROWN POINT 1.1 N, IN US","2020-03-14",,,,,,
"US1INLK0026","CROWN POINT 1.1 N, IN US","2020-03-15",,,,,,
"US1INLK0026","CROWN POINT 1.1 N, IN US","2020-03-16",,,,,,
"US1INLK0026","CROWN POINT 1.1 N, IN US","2020-03-17",,,,,,
"US1INLK0026","CROWN POINT 1.1 N, IN US","2020-03-18",,,,,,
"US1INLK0026","CROWN POINT 1.1 N, IN US","2020-03-19",,,,,,
"US1INLK0026","CROWN POINT 1.1 N, IN US","2020-03-20",,,,,,
"US1INLK0026","CROWN POINT 1.1 N, IN US","2020-03-21",,,,,,
"US1INLK0026","CROWN POINT 1.1 N, IN US","2020-03-22",,,,,,
"US1INLK0026","CROWN POINT 1.1 N, IN US","2020-03-23",,,,,,
"US1INLK0026","CROWN POINT 1.1 N, IN US","2020-03-24",,,,,,
"US1INLK0026","CROWN POINT 1.1 N, IN US","2020-03-25",,,,,,
"US1INLK0026","CROWN POINT 1.1 N, IN US","2020-03-26",,,,,,
"US1INLK0026","CROWN POINT 1.1 N, IN US","2020-03-27",,,,,,
"US1INLK0026","CROWN POINT 1.1 N, IN US","2020-03-28",,,,,,
"US1INLK0026","CROWN POINT 1.1 N, IN US","2020-03-29",,,,,,
"US1INLK0026","CROWN POINT 1.1 N, IN US","2020-03-30",,,,,,
"US1INLK0026","CROWN POINT 1.1 N, IN US","2020-03-31",,,,,,
"US1INLK0026","CROWN POINT 1.1 N, IN US","2020-04-01",,,,,,
"US1INLK0026","CROWN POINT 1.1 N, IN US","2020-04-02",,,,,,
"US1INLK0026","CROWN POINT 1.1 N, IN US","2020-04-03",,,,,,
"US1INLK0026","CROWN POINT 1.1 N, IN US","2020-04-04",,,,,,
"US1INLK0026","CROWN POINT 1.1 N, IN US","2020-04-05",,,,,,
"US1INLK0026","CROWN POINT 1.1 N, IN US","2020-04-06",,,,,,
"US1INLK0026","CROWN POINT 1.1 N, IN US","2020-04-07",,,,,,
"US1INLK0026","CROWN POINT 1.1 N, IN US","2020-04-08",,,,,,
"US1INLK0026","CROWN POINT 1.1 N, IN US","2020-04-09",,,,,,
"US1INLK0026","CROWN POINT 1.1 N, IN US","2020-04-10",,,,,,
"US1INLK0026","CROWN POINT 1.1 N, IN US","2020-04-11",,,,,,
"US1INLK0026","CROWN POINT 1.1 N, IN US","2020-04-12",,,,,,
"US1INLK0026","CROWN POINT 1.1 N, IN US","2020-04-13",,,,,,
"US1INLK0026","CROWN POINT 1.1 N, IN US","2020-04-14",,,,,,
"US1INLK0026","CROWN POINT 1.1 N, IN US","2020-04-15",,,,,,
"US1INLK0026","CROWN POINT 1.1 N, IN US","2020-04-16",,,,,,
"US1INLK0026","CROWN POINT 1.1 N, IN US","2020-04-17",,,,,,
"US1INLK0026","CROWN POINT 1.1 N, IN US","2020-04-18",,,,,,
"US1INLK0026","CROWN POINT 1.1 N, IN US","2020-04-19",,,,,,
"US1INLK0026","CROWN POINT 1.1 N, IN US","2020-04-20",,,,,,
"US1INLK0026","CROWN POINT 1.1 N, IN US","2020-04-21",,,,,,
"US1INLK0026","CROWN POINT 1.1 N, IN US","2020-04-22",,,,,,
"US1INLK0026","CROWN POINT 1.1 N, IN US","2020-04-23",,,,,,
"US1INLK0026","CROWN POINT 1.1 N, IN US","2020-04-24",,,,,,
"US1INLK0026","CROWN POINT 1.1 N, IN US","2020-04-25",,,,,,
"US1INLK0026","CROWN POINT 1.1 N, IN US","2020-04-26",,,,,,
"US1INLK0026","CROWN POINT 1.1 N, IN US","2020-04-27",,,,,,
"US1INLK0026","CROWN POINT 1.1 N, IN US","2020-04-28",,,,,,
"US1INLK0026","CROWN POINT 1.1 N, IN US","2020-04-29",,,,,,
"US1INLK0026","CROWN POINT 1.1 N, IN US","2020-04-30",,,,,,
"US1INLK0026","CROWN POINT 1.1 N, IN US","2020-05-01",,,,,,
"US1INLK0026","CROWN POINT 1.1 N, IN US","2020-05-02",,,,,,
"US1INLK0026","CROWN POINT 1.1 N, IN US","2020-05-03",,,,,,
"US1INLK0026","CROWN POINT 1.1 N, IN US","2020-05-04",,,,,,
"US1INLK0026","CROWN POINT 1.1 N, IN US","2020-05-05",,,,,,
"US1INLK0026","CROWN POINT 1.1 N, IN US","2020-05-06",,,,,,
"US1INLK0026","CROWN POINT 1.1 N, IN US","2020-05-07",,,,,,
"US1INLK0026","CROWN POINT 1.1 N, IN US","2020-05-08",,,,,,
"US1INLK0026","CROWN POINT 1.1 N, IN US","2020-05-09",,,,,,
"US1INLK0026","CROWN POINT 1.1 N, IN US","2020-05-10",,,,,,
"US1INLK0026","CROWN POINT 1.1 N, IN US","2020-05-11",,,,,,
"US1INLK0026","CROWN POINT 1.1 N, IN US","2020-05-12",,,,,,
"US1INLK0026","CROWN POINT 1.1 N, IN US","2020-05-13",,,,,,
"US1INLK0026","CROWN POINT 1.1 N, IN US","2020-05-14",,,,,,
"US1INLK0026","CROWN POINT 1.1 N, IN US","2020-05-15",,,,,,
"US1INLK0026","CROWN POINT 1.1 N, IN US","2020-05-16",,,,,,
"US1INLK0026","CROWN POINT 1.1 N, IN US","2020-05-17",,,,,,
"US1INLK0026","CROWN POINT 1.1 N, IN US","2020-05-18",,,,,,
"US1INLK0026","CROWN POINT 1.1 N, IN US","2020-05-19",,,,,,
"US1INLK0026","CROWN POINT 1.1 N, IN US","2020-05-20",,,,,,
"US1INLK0026","CROWN POINT 1.1 N, IN US","2020-05-21",,,,,,
"US1INLK0026","CROWN POINT 1.1 N, IN US","2020-05-22",,,,,,
"US1INLK0026","CROWN POINT 1.1 N, IN US","2020-05-23",,,,,,
"US1INLK0026","CROWN POINT 1.1 N, IN US","2020-05-24",,,,,,
"US1INLK0026","CROWN POINT 1.1 N, IN US","2020-05-25",,,,,,
"US1INLK0026","CROWN POINT 1.1 N, IN US","2020-05-26",,,,,,
"US1INLK0026","CROWN POINT 1.1 N, IN US","2020-05-27",,,,,,
"US1INLK0026","CROWN POINT 1.1 N, IN US","2020-05-28",,,,,,
"US1INLK0026","CROWN POINT 1.1 N, IN US","2020-05-29",,,,,,
"US1INLK0026","CROWN POINT 1.1 N, IN US","2020-05-30",,,,,,
"US1INLK0026","CROWN POINT 1.1 N, IN US","2020-05-31",,,,,,
"US1INLK0026","CROWN POINT 1.1 N, IN US","2020-06-01",,,,,,
"US1INLK0026","CROWN POINT 1.1 N, IN US","2020-06-02",,,,,,
"US1INLK0026","CROWN POINT 1.1 N, IN US","2020-06-03",,,,,,
"US1INLK0026","CROWN POINT 1.1 N, IN US","2020-06-04",,,,,,
"US1INLK0026","CROWN POINT 1.1 N, IN US","2020-06-05",,,,,,
"US1INLK0026","CROWN POINT 1.1 N, IN US","2020-06-06",,,,,,
"US1INLK0026","CROWN POINT 1.1 N, IN US","2020-06-07",,,,,,
"US1INLK0026","CROWN POINT 1.1 N, IN US","2020-06-08",,,,,,
"US1INLK0026","CROWN POINT 1.1 N, IN US","2020-06-09",,,,,,
"US1INLK0026","CROWN POINT 1.1 N, IN US","2020-06-10",,,,,,
"US1INLK0026","CROWN POINT 1.1 N, IN US","2020-06-11",,,,,,
"US1INLK0026","CROWN POINT 1.1 N, IN US","2020-06-12",,,,,,
"US1INLK0026","CROWN POINT 1.1 N, IN US","2020-06-13",,,,,,
"US1INLK0026","CROWN POINT 1.1 N, IN US","2020-06-14",,,,,,
"US1INLK0026","CROWN POINT 1.1 N, IN US","2020-06-15",,,,,,
"US1INLK0026","CROWN POINT 1.1 N, IN US","2020-06-16",,,,,,
"US1INLK0026","CROWN POINT 1.1 N, IN US","2020-06-17",,,,,,
"US1INLK0026","CROWN POINT 1.1 N, IN US","2020-06-18",,,,,,
"US1INLK0026","CROWN POINT 1.1 N, IN US","2020-06-19",,,,,,
"US1INLK0026","CROWN POINT 1.1 N, IN US","2020-06-20",,,,,,
"US1INLK0026","CROWN POINT 1.1 N, IN US","2020-06-21",,,,,,
"US1INLK0026","CROWN POINT 1.1 N, IN US","2020-06-22",,,,,,
"US1INLK0026","CROWN POINT 1.1 N, IN US","2020-06-23",,,,,,
"US1INLK0026","CROWN POINT 1.1 N, IN US","2020-06-24",,,,,,
"US1INLK0026","CROWN POINT 1.1 N, IN US","2020-06-25",,,,,,
"US1INLK0026","CROWN POINT 1.1 N, IN US","2020-06-26",,,,,,
"US1INLK0026","CROWN POINT 1.1 N, IN US","2020-06-27",,,,,,
"US1INLK0026","CROWN POINT 1.1 N, IN US","2020-06-28",,,,,,
"US1INLK0026","CROWN POINT 1.1 N, IN US","2020-06-29",,,,,,
"US1INLK0026","CROWN POINT 1.1 N, IN US","2020-06-30",,,,,,
"US1INLK0026","CROWN POINT 1.1 N, IN US","2020-07-01",,,,,,
"US1INLK0026","CROWN POINT 1.1 N, IN US","2020-07-02",,,,,,
"US1INLK0026","CROWN POINT 1.1 N, IN US","2020-07-03",,,,,,
"US1INLK0026","CROWN POINT 1.1 N, IN US","2020-07-04",,,,,,
"US1INLK0026","CROWN POINT 1.1 N, IN US","2020-07-05",,,,,,
"US1INLK0026","CROWN POINT 1.1 N, IN US","2020-07-06",,,,,,
"US1INLK0026","CROWN POINT 1.1 N, IN US","2020-07-07",,,,,,
"US1INLK0026","CROWN POINT 1.1 N, IN US","2020-07-08",,,,,,
"US1INLK0026","CROWN POINT 1.1 N, IN US","2020-07-09",,,,,,
"US1INLK0026","CROWN POINT 1.1 N, IN US","2020-07-10",,,,,,
"US1INLK0026","CROWN POINT 1.1 N, IN US","2020-07-11",,,,,,
"US1INLK0026","CROWN POINT 1.1 N, IN US","2020-07-12",,,,,,
"US1INLK0026","CROWN POINT 1.1 N, IN US","2020-07-13",,,,,,
"US1INLK0026","CROWN POINT 1.1 N, IN US","2020-07-14",,,,,,
"US1INLK0026","CROWN POINT 1.1 N, IN US","2020-07-15",,,,,,
"US1INLK0026","CROWN POINT 1.1 N, IN US","2020-07-16",,,,,,
"US1INLK0026","CROWN POINT 1.1 N, IN US","2020-07-17",,,,,,
"US1INLK0026","CROWN POINT 1.1 N, IN US","2020-07-18",,,,,,
"US1INLK0026","CROWN POINT 1.1 N, IN US","2020-07-19",,,,,,
"US1INLK0026","CROWN POINT 1.1 N, IN US","2020-07-20",,,,,,
"US1INLK0026","CROWN POINT 1.1 N, IN US","2020-07-21",,,,,,
"US1INLK0026","CROWN POINT 1.1 N, IN US","2020-07-22",,,,,,
"US1INLK0026","CROWN POINT 1.1 N, IN US","2020-07-23",,,,,,
"US1INLK0026","CROWN POINT 1.1 N, IN US","2020-07-24",,,,,,
"US1INLK0026","CROWN POINT 1.1 N, IN US","2020-07-25",,,,,,
"US1INLK0026","CROWN POINT 1.1 N, IN US","2020-07-26",,,,,,
"US1INLK0026","CROWN POINT 1.1 N, IN US","2020-07-27",,,,,,
"US1INLK0026","CROWN POINT 1.1 N, IN US","2020-07-28",,,,,,
"US1INLK0026","CROWN POINT 1.1 N, IN US","2020-07-29",,,,,,
"US1INLK0026","CROWN POINT 1.1 N, IN US","2020-07-30",,,,,,
"US1INLK0026","CROWN POINT 1.1 N, IN US","2020-07-31",,,,,,
"US1INLK0026","CROWN POINT 1.1 N, IN US","2020-08-01",,,,,,
"US1INLK0026","CROWN POINT 1.1 N, IN US","2020-08-02",,,,,,
"US1INLK0026","CROWN POINT 1.1 N, IN US","2020-08-03",,,,,,
"US1INLK0026","CROWN POINT 1.1 N, IN US","2020-08-04",,,,,,
"US1INLK0026","CROWN POINT 1.1 N, IN US","2020-08-05",,,,,,
"US1INLK0026","CROWN POINT 1.1 N, IN US","2020-08-06",,,,,,
"US1INLK0026","CROWN POINT 1.1 N, IN US","2020-08-07",,,,,,
"US1INLK0026","CROWN POINT 1.1 N, IN US","2020-08-08",,,,,,
"US1INLK0026","CROWN POINT 1.1 N, IN US","2020-08-10",,,,,,
"US1INLK0026","CROWN POINT 1.1 N, IN US","2020-08-11",,,,,,
"US1INLK0026","CROWN POINT 1.1 N, IN US","2020-08-12",,,,,,
"US1INLK0026","CROWN POINT 1.1 N, IN US","2020-08-13",,,,,,
"US1INLK0026","CROWN POINT 1.1 N, IN US","2020-08-14",,,,,,
"US1INLK0026","CROWN POINT 1.1 N, IN US","2020-08-15",,,,,,
"US1INLK0026","CROWN POINT 1.1 N, IN US","2020-08-16",,,,,,
"US1INLK0026","CROWN POINT 1.1 N, IN US","2020-08-17",,,,,,
"US1INLK0026","CROWN POINT 1.1 N, IN US","2020-08-18",,,,,,
"US1INLK0026","CROWN POINT 1.1 N, IN US","2020-08-19",,,,,,
"US1INLK0026","CROWN POINT 1.1 N, IN US","2020-08-20",,,,,,
"US1INLK0026","CROWN POINT 1.1 N, IN US","2020-08-21",,,,,,
"US1INLK0026","CROWN POINT 1.1 N, IN US","2020-08-22",,,,,,
"US1INLK0026","CROWN POINT 1.1 N, IN US","2020-08-23",,,,,,
"US1INLK0026","CROWN POINT 1.1 N, IN US","2020-08-24",,,,,,
"US1INLK0026","CROWN POINT 1.1 N, IN US","2020-08-25",,,,,,
"US1INLK0026","CROWN POINT 1.1 N, IN US","2020-08-26",,,,,,
"US1INLK0026","CROWN POINT 1.1 N, IN US","2020-08-27",,,,,,
"US1INLK0026","CROWN POINT 1.1 N, IN US","2020-08-28",,,,,,
"US1INLK0026","CROWN POINT 1.1 N, IN US","2020-08-29",,,,,,
"US1INLK0026","CROWN POINT 1.1 N, IN US","2020-08-30",,,,,,
"US1INLK0026","CROWN POINT 1.1 N, IN US","2020-08-31",,,,,,
"US1INLK0026","CROWN POINT 1.1 N, IN US","2020-09-01",,,,,,
"US1INLK0026","CROWN POINT 1.1 N, IN US","2020-09-02",,,,,,
"US1INLK0026","CROWN POINT 1.1 N, IN US","2020-09-03",,,,,,
"US1INLK0026","CROWN POINT 1.1 N, IN US","2020-09-04",,,,,,
"US1INLK0026","CROWN POINT 1.1 N, IN US","2020-09-05",,,,,,
"US1INLK0026","CROWN POINT 1.1 N, IN US","2020-09-06",,,,,,
"US1INLK0026","CROWN POINT 1.1 N, IN US","2020-09-07",,,,,,
"US1INLK0026","CROWN POINT 1.1 N, IN US","2020-09-08",,,,,,
"US1ILDP0038","ELMHURST 0.4 SW, IL US","2019-10-01",,,,,,
"US1ILDP0038","ELMHURST 0.4 SW, IL US","2019-10-13",,,,,,
"US1ILDP0038","ELMHURST 0.4 SW, IL US","2019-10-14",,,,,,
"US1ILDP0038","ELMHURST 0.4 SW, IL US","2019-10-15",,,,,,
"US1ILDP0038","ELMHURST 0.4 SW, IL US","2019-10-16",,,,,,
"US1ILDP0038","ELMHURST 0.4 SW, IL US","2019-10-17",,,,,,
"US1ILDP0038","ELMHURST 0.4 SW, IL US","2019-10-18",,,,,,
"US1ILDP0038","ELMHURST 0.4 SW, IL US","2019-10-19",,,,,,
"US1ILDP0038","ELMHURST 0.4 SW, IL US","2019-10-20",,,,,,
"US1ILDP0038","ELMHURST 0.4 SW, IL US","2019-10-21",,,,,,
"US1ILDP0038","ELMHURST 0.4 SW, IL US","2019-10-22",,,,,,
"US1ILDP0038","ELMHURST 0.4 SW, IL US","2019-10-23",,,,,,
"US1ILDP0038","ELMHURST 0.4 SW, IL US","2019-10-24",,,,,,
"US1ILDP0038","ELMHURST 0.4 SW, IL US","2019-10-25",,,,,,
"US1ILDP0038","ELMHURST 0.4 SW, IL US","2019-10-26",,,,,,
"US1ILDP0038","ELMHURST 0.4 SW, IL US","2019-10-27",,,,,,
"US1ILDP0038","ELMHURST 0.4 SW, IL US","2019-10-28",,,,,,
"US1ILDP0038","ELMHURST 0.4 SW, IL US","2019-10-29",,,,,,
"US1ILDP0038","ELMHURST 0.4 SW, IL US","2019-10-30",,,,,,
"US1ILDP0038","ELMHURST 0.4 SW, IL US","2019-10-31",,,,,,
"US1ILDP0038","ELMHURST 0.4 SW, IL US","2019-11-01",,,,,,
"US1ILDP0038","ELMHURST 0.4 SW, IL US","2019-11-03",,,,,,
"US1ILDP0038","ELMHURST 0.4 SW, IL US","2019-11-04",,,,,,
"US1ILDP0038","ELMHURST 0.4 SW, IL US","2019-11-05",,,,,,
"US1ILDP0038","ELMHURST 0.4 SW, IL US","2019-11-06",,,,,,
"US1ILDP0038","ELMHURST 0.4 SW, IL US","2019-11-07",,,,,,
"US1ILDP0038","ELMHURST 0.4 SW, IL US","2019-11-08",,,,,,
"US1ILDP0038","ELMHURST 0.4 SW, IL US","2019-11-09",,,,,,
"US1ILDP0038","ELMHURST 0.4 SW, IL US","2019-11-10",,,,,,
"US1ILDP0038","ELMHURST 0.4 SW, IL US","2019-11-11",,,,,,
"US1ILDP0038","ELMHURST 0.4 SW, IL US","2019-11-12",,,,,,
"US1ILDP0038","ELMHURST 0.4 SW, IL US","2019-11-13",,,,,,
"US1ILDP0038","ELMHURST 0.4 SW, IL US","2019-11-23",,,,,,
"US1ILDP0038","ELMHURST 0.4 SW, IL US","2019-11-24",,,,,,
"US1ILDP0038","ELMHURST 0.4 SW, IL US","2019-11-25",,,,,,
"US1ILDP0038","ELMHURST 0.4 SW, IL US","2019-11-26",,,,,,
"US1ILDP0038","ELMHURST 0.4 SW, IL US","2019-11-27",,,,,,
"US1ILDP0038","ELMHURST 0.4 SW, IL US","2019-11-28",,,,,,
"US1ILDP0038","ELMHURST 0.4 SW, IL US","2019-11-29",,,,,,
"US1ILDP0038","ELMHURST 0.4 SW, IL US","2019-11-30",,,,,,
"US1ILDP0038","ELMHURST 0.4 SW, IL US","2019-12-01",,,,,,
"US1ILDP0038","ELMHURST 0.4 SW, IL US","2019-12-02",,,,,,
"US1ILDP0038","ELMHURST 0.4 SW, IL US","2019-12-03",,,,,,
"US1ILDP0038","ELMHURST 0.4 SW, IL US","2019-12-04",,,,,,
"US1ILDP0038","ELMHURST 0.4 SW, IL US","2019-12-05",,,,,,
"US1ILDP0038","ELMHURST 0.4 SW, IL US","2019-12-06",,,,,,
"US1ILDP0038","ELMHURST 0.4 SW, IL US","2019-12-07",,,,,,
"US1ILDP0038","ELMHURST 0.4 SW, IL US","2019-12-08",,,,,,
"US1ILDP0038","ELMHURST 0.4 SW, IL US","2019-12-09",,,,,,
"US1ILDP0038","ELMHURST 0.4 SW, IL US","2019-12-10",,,,,,
"US1ILDP0038","ELMHURST 0.4 SW, IL US","2019-12-11",,,,,,
"US1ILDP0038","ELMHURST 0.4 SW, IL US","2019-12-12",,,,,,
"US1ILDP0038","ELMHURST 0.4 SW, IL US","2019-12-13",,,,,,
"US1ILDP0038","ELMHURST 0.4 SW, IL US","2019-12-14",,,,,,
"US1ILDP0038","ELMHURST 0.4 SW, IL US","2019-12-15",,,,,,
"US1ILDP0038","ELMHURST 0.4 SW, IL US","2019-12-16",,,,,,
"US1ILDP0038","ELMHURST 0.4 SW, IL US","2019-12-18",,,,,,
"US1ILDP0038","ELMHURST 0.4 SW, IL US","2019-12-19",,,,,,
"US1ILDP0038","ELMHURST 0.4 SW, IL US","2019-12-20",,,,,,
"US1ILDP0038","ELMHURST 0.4 SW, IL US","2019-12-21",,,,,,
"US1ILDP0038","ELMHURST 0.4 SW, IL US","2019-12-22",,,,,,
"US1ILDP0038","ELMHURST 0.4 SW, IL US","2019-12-24",,,,,,
"US1ILDP0038","ELMHURST 0.4 SW, IL US","2019-12-25",,,,,,
"US1ILDP0038","ELMHURST 0.4 SW, IL US","2019-12-26",,,,,,
"US1ILDP0038","ELMHURST 0.4 SW, IL US","2019-12-27",,,,,,
"US1ILDP0038","ELMHURST 0.4 SW, IL US","2019-12-29",,,,,,
"US1ILDP0038","ELMHURST 0.4 SW, IL US","2019-12-30",,,,,,
"US1ILDP0038","ELMHURST 0.4 SW, IL US","2019-12-31",,,,,,
"US1ILDP0038","ELMHURST 0.4 SW, IL US","2020-01-01",,,,,,
"US1ILDP0038","ELMHURST 0.4 SW, IL US","2020-01-02",,,,,,
"US1ILDP0038","ELMHURST 0.4 SW, IL US","2020-01-04",,,,,,
"US1ILDP0038","ELMHURST 0.4 SW, IL US","2020-01-05",,,,,,
"US1ILDP0038","ELMHURST 0.4 SW, IL US","2020-01-06",,,,,,
"US1ILDP0038","ELMHURST 0.4 SW, IL US","2020-01-07",,,,,,
"US1ILDP0038","ELMHURST 0.4 SW, IL US","2020-01-08",,,,,,
"US1ILDP0038","ELMHURST 0.4 SW, IL US","2020-01-09",,,,,,
"US1ILDP0038","ELMHURST 0.4 SW, IL US","2020-01-10",,,,,,
"US1ILDP0038","ELMHURST 0.4 SW, IL US","2020-01-11",,,,,,
"US1ILDP0038","ELMHURST 0.4 SW, IL US","2020-01-12",,,,,,
"US1ILDP0038","ELMHURST 0.4 SW, IL US","2020-01-13",,,,,,
"US1ILDP0038","ELMHURST 0.4 SW, IL US","2020-01-14",,,,,,
"US1ILDP0038","ELMHURST 0.4 SW, IL US","2020-01-15",,,,,,
"US1ILDP0038","ELMHURST 0.4 SW, IL US","2020-01-16",,,,,,
"US1ILDP0038","ELMHURST 0.4 SW, IL US","2020-01-17",,,,,,
"US1ILDP0038","ELMHURST 0.4 SW, IL US","2020-01-18",,,,,,
"US1ILDP0038","ELMHURST 0.4 SW, IL US","2020-01-19",,,,,,
"US1ILDP0038","ELMHURST 0.4 SW, IL US","2020-01-20",,,,,,
"US1ILDP0038","ELMHURST 0.4 SW, IL US","2020-01-21",,,,,,
"US1ILDP0038","ELMHURST 0.4 SW, IL US","2020-01-22",,,,,,
"US1ILDP0038","ELMHURST 0.4 SW, IL US","2020-01-23",,,,,,
"US1ILDP0038","ELMHURST 0.4 SW, IL US","2020-01-24",,,,,,
"US1ILDP0038","ELMHURST 0.4 SW, IL US","2020-01-25",,,,,,
"US1ILDP0038","ELMHURST 0.4 SW, IL US","2020-01-26",,,,,,
"US1ILDP0038","ELMHURST 0.4 SW, IL US","2020-01-27",,,,,,
"US1ILDP0038","ELMHURST 0.4 SW, IL US","2020-01-28",,,,,,
"US1ILDP0038","ELMHURST 0.4 SW, IL US","2020-01-29",,,,,,
"US1ILDP0038","ELMHURST 0.4 SW, IL US","2020-01-30",,,,,,
"US1ILDP0038","ELMHURST 0.4 SW, IL US","2020-01-31",,,,,,
"US1ILDP0038","ELMHURST 0.4 SW, IL US","2020-02-01",,,,,,
"US1ILDP0038","ELMHURST 0.4 SW, IL US","2020-02-02",,,,,,
"US1ILDP0038","ELMHURST 0.4 SW, IL US","2020-02-03",,,,,,
"US1ILDP0038","ELMHURST 0.4 SW, IL US","2020-02-04",,,,,,
"US1ILDP0038","ELMHURST 0.4 SW, IL US","2020-02-05",,,,,,
"US1ILDP0038","ELMHURST 0.4 SW, IL US","2020-02-06",,,,,,
"US1ILDP0038","ELMHURST 0.4 SW, IL US","2020-02-07",,,,,,
"US1ILDP0038","ELMHURST 0.4 SW, IL US","2020-02-08",,,,,,
"US1ILDP0038","ELMHURST 0.4 SW, IL US","2020-02-09",,,,,,
"US1ILDP0038","ELMHURST 0.4 SW, IL US","2020-02-10",,,,,,
"US1ILDP0038","ELMHURST 0.4 SW, IL US","2020-02-11",,,,,,
"US1ILDP0038","ELMHURST 0.4 SW, IL US","2020-02-12",,,,,,
"US1ILDP0038","ELMHURST 0.4 SW, IL US","2020-02-13",,,,,,
"US1ILDP0038","ELMHURST 0.4 SW, IL US","2020-02-14",,,,,,
"US1ILDP0038","ELMHURST 0.4 SW, IL US","2020-02-15",,,,,,
"US1ILDP0038","ELMHURST 0.4 SW, IL US","2020-02-16",,,,,,
"US1ILDP0038","ELMHURST 0.4 SW, IL US","2020-02-17",,,,,,
"US1ILDP0038","ELMHURST 0.4 SW, IL US","2020-02-18",,,,,,
"US1ILDP0038","ELMHURST 0.4 SW, IL US","2020-02-19",,,,,,
"US1ILDP0038","ELMHURST 0.4 SW, IL US","2020-02-20",,,,,,
"US1ILDP0038","ELMHURST 0.4 SW, IL US","2020-02-21",,,,,,
"US1ILDP0038","ELMHURST 0.4 SW, IL US","2020-02-22",,,,,,
"US1ILDP0038","ELMHURST 0.4 SW, IL US","2020-02-23",,,,,,
"US1ILDP0038","ELMHURST 0.4 SW, IL US","2020-02-24",,,,,,
"US1ILDP0038","ELMHURST 0.4 SW, IL US","2020-02-25",,,,,,
"US1ILDP0038","ELMHURST 0.4 SW, IL US","2020-02-26",,,,,,
"US1ILDP0038","ELMHURST 0.4 SW, IL US","2020-02-27",,,,,,
"US1ILDP0038","ELMHURST 0.4 SW, IL US","2020-02-28",,,,,,
"US1ILDP0038","ELMHURST 0.4 SW, IL US","2020-02-29",,,,,,
"US1ILDP0038","ELMHURST 0.4 SW, IL US","2020-03-01",,,,,,
"US1ILDP0038","ELMHURST 0.4 SW, IL US","2020-03-02",,,,,,
"US1ILDP0038","ELMHURST 0.4 SW, IL US","2020-03-03",,,,,,
"US1ILDP0038","ELMHURST 0.4 SW, IL US","2020-03-04",,,,,,
"US1ILDP0038","ELMHURST 0.4 SW, IL US","2020-03-05",,,,,,
"US1ILDP0038","ELMHURST 0.4 SW, IL US","2020-03-06",,,,,,
"US1ILDP0038","ELMHURST 0.4 SW, IL US","2020-03-07",,,,,,
"US1ILDP0038","ELMHURST 0.4 SW, IL US","2020-03-08",,,,,,
"US1ILDP0038","ELMHURST 0.4 SW, IL US","2020-03-09",,,,,,
"US1ILDP0038","ELMHURST 0.4 SW, IL US","2020-03-10",,,,,,
"US1ILDP0038","ELMHURST 0.4 SW, IL US","2020-03-11",,,,,,
"US1ILDP0038","ELMHURST 0.4 SW, IL US","2020-03-12",,,,,,
"US1ILDP0038","ELMHURST 0.4 SW, IL US","2020-03-13",,,,,,
"US1ILDP0038","ELMHURST 0.4 SW, IL US","2020-03-14",,,,,,
"US1ILDP0038","ELMHURST 0.4 SW, IL US","2020-03-15",,,,,,
"US1ILDP0038","ELMHURST 0.4 SW, IL US","2020-03-17",,,,,,
"US1ILDP0038","ELMHURST 0.4 SW, IL US","2020-03-18",,,,,,
"US1ILDP0038","ELMHURST 0.4 SW, IL US","2020-03-19",,,,,,
"US1ILDP0038","ELMHURST 0.4 SW, IL US","2020-03-20",,,,,,
"US1ILDP0038","ELMHURST 0.4 SW, IL US","2020-03-21",,,,,,
"US1ILDP0038","ELMHURST 0.4 SW, IL US","2020-03-22",,,,,,
"US1ILDP0038","ELMHURST 0.4 SW, IL US","2020-03-23",,,,,,
"US1ILDP0038","ELMHURST 0.4 SW, IL US","2020-03-25",,,,,,
"US1ILDP0038","ELMHURST 0.4 SW, IL US","2020-03-26",,,,,,
"US1ILDP0038","ELMHURST 0.4 SW, IL US","2020-03-27",,,,,,
"US1ILDP0038","ELMHURST 0.4 SW, IL US","2020-03-28",,,,,,
"US1ILDP0038","ELMHURST 0.4 SW, IL US","2020-03-29",,,,,,
"US1ILDP0038","ELMHURST 0.4 SW, IL US","2020-03-30",,,,,,
"US1ILDP0038","ELMHURST 0.4 SW, IL US","2020-03-31",,,,,,
"US1ILDP0038","ELMHURST 0.4 SW, IL US","2020-04-01",,,,,,
"US1ILDP0038","ELMHURST 0.4 SW, IL US","2020-04-02",,,,,,
"US1ILDP0038","ELMHURST 0.4 SW, IL US","2020-04-03",,,,,,
"US1ILDP0038","ELMHURST 0.4 SW, IL US","2020-04-04",,,,,,
"US1ILDP0038","ELMHURST 0.4 SW, IL US","2020-04-05",,,,,,
"US1ILDP0038","ELMHURST 0.4 SW, IL US","2020-04-06",,,,,,
"US1ILDP0038","ELMHURST 0.4 SW, IL US","2020-04-07",,,,,,
"US1ILDP0038","ELMHURST 0.4 SW, IL US","2020-04-08",,,,,,
"US1ILDP0038","ELMHURST 0.4 SW, IL US","2020-04-09",,,,,,
"US1ILDP0038","ELMHURST 0.4 SW, IL US","2020-04-10",,,,,,
"US1ILDP0038","ELMHURST 0.4 SW, IL US","2020-04-11",,,,,,
"US1ILDP0038","ELMHURST 0.4 SW, IL US","2020-04-12",,,,,,
"US1ILDP0038","ELMHURST 0.4 SW, IL US","2020-04-13",,,,,,
"US1ILDP0038","ELMHURST 0.4 SW, IL US","2020-04-14",,,,,,
"US1ILDP0038","ELMHURST 0.4 SW, IL US","2020-04-15",,,,,,
"US1ILDP0038","ELMHURST 0.4 SW, IL US","2020-04-16",,,,,,
"US1ILDP0038","ELMHURST 0.4 SW, IL US","2020-04-17",,,,,,
"US1ILDP0038","ELMHURST 0.4 SW, IL US","2020-04-18",,,,,,
"US1ILDP0038","ELMHURST 0.4 SW, IL US","2020-04-19",,,,,,
"US1ILDP0038","ELMHURST 0.4 SW, IL US","2020-04-20",,,,,,
"US1ILDP0038","ELMHURST 0.4 SW, IL US","2020-04-21",,,,,,
"US1ILDP0038","ELMHURST 0.4 SW, IL US","2020-04-22",,,,,,
"US1ILDP0038","ELMHURST 0.4 SW, IL US","2020-04-23",,,,,,
"US1ILDP0038","ELMHURST 0.4 SW, IL US","2020-04-24",,,,,,
"US1ILDP0038","ELMHURST 0.4 SW, IL US","2020-04-25",,,,,,
"US1ILDP0038","ELMHURST 0.4 SW, IL US","2020-04-26",,,,,,
"US1ILDP0038","ELMHURST 0.4 SW, IL US","2020-04-27",,,,,,
"US1ILDP0038","ELMHURST 0.4 SW, IL US","2020-04-28",,,,,,
"US1ILDP0038","ELMHURST 0.4 SW, IL US","2020-04-29",,,,,,
"US1ILDP0038","ELMHURST 0.4 SW, IL US","2020-04-30",,,,,,
"US1ILDP0038","ELMHURST 0.4 SW, IL US","2020-05-01",,,,,,
"US1ILDP0038","ELMHURST 0.4 SW, IL US","2020-05-02",,,,,,
"US1ILDP0038","ELMHURST 0.4 SW, IL US","2020-05-03",,,,,,
"US1ILDP0038","ELMHURST 0.4 SW, IL US","2020-05-04",,,,,,
"US1ILDP0038","ELMHURST 0.4 SW, IL US","2020-05-05",,,,,,
"US1ILDP0038","ELMHURST 0.4 SW, IL US","2020-05-06",,,,,,
"US1ILDP0038","ELMHURST 0.4 SW, IL US","2020-05-07",,,,,,
"US1ILDP0038","ELMHURST 0.4 SW, IL US","2020-05-08",,,,,,
"US1ILDP0038","ELMHURST 0.4 SW, IL US","2020-05-09",,,,,,
"US1ILDP0038","ELMHURST 0.4 SW, IL US","2020-05-10",,,,,,
"US1ILDP0038","ELMHURST 0.4 SW, IL US","2020-05-11",,,,,,
"US1ILDP0038","ELMHURST 0.4 SW, IL US","2020-05-12",,,,,,
"US1ILDP0038","ELMHURST 0.4 SW, IL US","2020-05-13",,,,,,
"US1ILDP0038","ELMHURST 0.4 SW, IL US","2020-05-14",,,,,,
"US1ILDP0038","ELMHURST 0.4 SW, IL US","2020-05-15",,,,,,
"US1ILDP0038","ELMHURST 0.4 SW, IL US","2020-05-16",,,,,,
"US1ILDP0038","ELMHURST 0.4 SW, IL US","2020-05-17",,,,,,
"US1ILDP0038","ELMHURST 0.4 SW, IL US","2020-05-18",,,,,,
"US1ILDP0038","ELMHURST 0.4 SW, IL US","2020-05-19",,,,,,
"US1ILDP0038","ELMHURST 0.4 SW, IL US","2020-05-20",,,,,,
"US1ILDP0038","ELMHURST 0.4 SW, IL US","2020-05-21",,,,,,
"US1ILDP0038","ELMHURST 0.4 SW, IL US","2020-05-22",,,,,,
"US1ILDP0038","ELMHURST 0.4 SW, IL US","2020-05-23",,,,,,
"US1ILDP0038","ELMHURST 0.4 SW, IL US","2020-05-24",,,,,,
"US1ILDP0038","ELMHURST 0.4 SW, IL US","2020-05-25",,,,,,
"US1ILDP0038","ELMHURST 0.4 SW, IL US","2020-05-26",,,,,,
"US1ILDP0038","ELMHURST 0.4 SW, IL US","2020-05-27",,,,,,
"US1ILDP0038","ELMHURST 0.4 SW, IL US","2020-05-28",,,,,,
"US1ILDP0038","ELMHURST 0.4 SW, IL US","2020-05-29",,,,,,
"US1ILDP0038","ELMHURST 0.4 SW, IL US","2020-05-30",,,,,,
"US1ILDP0038","ELMHURST 0.4 SW, IL US","2020-05-31",,,,,,
"US1ILDP0038","ELMHURST 0.4 SW, IL US","2020-06-01",,,,,,
"US1ILDP0038","ELMHURST 0.4 SW, IL US","2020-06-02",,,,,,
"US1ILDP0038","ELMHURST 0.4 SW, IL US","2020-06-03",,,,,,
"US1ILDP0038","ELMHURST 0.4 SW, IL US","2020-06-04",,,,,,
"US1ILDP0038","ELMHURST 0.4 SW, IL US","2020-06-05",,,,,,
"US1ILDP0038","ELMHURST 0.4 SW, IL US","2020-06-06",,,,,,
"US1ILDP0038","ELMHURST 0.4 SW, IL US","2020-06-07",,,,,,
"US1ILDP0038","ELMHURST 0.4 SW, IL US","2020-06-08",,,,,,
"US1ILDP0038","ELMHURST 0.4 SW, IL US","2020-06-09",,,,,,
"US1ILDP0038","ELMHURST 0.4 SW, IL US","2020-06-10",,,,,,
"US1ILDP0038","ELMHURST 0.4 SW, IL US","2020-06-11",,,,,,
"US1ILDP0038","ELMHURST 0.4 SW, IL US","2020-06-12",,,,,,
"US1ILDP0038","ELMHURST 0.4 SW, IL US","2020-06-13",,,,,,
"US1ILDP0038","ELMHURST 0.4 SW, IL US","2020-06-14",,,,,,
"US1ILDP0038","ELMHURST 0.4 SW, IL US","2020-06-15",,,,,,
"US1ILDP0038","ELMHURST 0.4 SW, IL US","2020-06-16",,,,,,
"US1ILDP0038","ELMHURST 0.4 SW, IL US","2020-06-17",,,,,,
"US1ILDP0038","ELMHURST 0.4 SW, IL US","2020-06-18",,,,,,
"US1ILDP0038","ELMHURST 0.4 SW, IL US","2020-06-19",,,,,,
"US1ILDP0038","ELMHURST 0.4 SW, IL US","2020-06-20",,,,,,
"US1ILDP0038","ELMHURST 0.4 SW, IL US","2020-06-21",,,,,,
"US1ILDP0038","ELMHURST 0.4 SW, IL US","2020-06-22",,,,,,
"US1ILDP0038","ELMHURST 0.4 SW, IL US","2020-06-23",,,,,,
"US1ILDP0038","ELMHURST 0.4 SW, IL US","2020-06-24",,,,,,
"US1ILDP0038","ELMHURST 0.4 SW, IL US","2020-06-25",,,,,,
"US1ILDP0038","ELMHURST 0.4 SW, IL US","2020-06-26",,,,,,
"US1ILDP0038","ELMHURST 0.4 SW, IL US","2020-06-27",,,,,,
"US1ILDP0038","ELMHURST 0.4 SW, IL US","2020-06-28",,,,,,
"US1ILDP0038","ELMHURST 0.4 SW, IL US","2020-06-29",,,,,,
"US1ILDP0038","ELMHURST 0.4 SW, IL US","2020-06-30",,,,,,
"US1ILDP0038","ELMHURST 0.4 SW, IL US","2020-07-01",,,,,,
"US1ILDP0038","ELMHURST 0.4 SW, IL US","2020-07-02",,,,,,
"US1ILDP0038","ELMHURST 0.4 SW, IL US","2020-07-03",,,,,,
"US1ILDP0038","ELMHURST 0.4 SW, IL US","2020-07-04",,,,,,
"US1ILDP0038","ELMHURST 0.4 SW, IL US","2020-07-05",,,,,,
"US1ILDP0038","ELMHURST 0.4 SW, IL US","2020-07-06",,,,,,
"US1ILDP0038","ELMHURST 0.4 SW, IL US","2020-07-07",,,,,,
"US1ILDP0038","ELMHURST 0.4 SW, IL US","2020-07-08",,,,,,
"US1ILDP0038","ELMHURST 0.4 SW, IL US","2020-07-09",,,,,,
"US1ILDP0038","ELMHURST 0.4 SW, IL US","2020-07-10",,,,,,
"US1ILDP0038","ELMHURST 0.4 SW, IL US","2020-07-11",,,,,,
"US1ILDP0038","ELMHURST 0.4 SW, IL US","2020-07-12",,,,,,
"US1ILDP0038","ELMHURST 0.4 SW, IL US","2020-07-13",,,,,,
"US1ILDP0038","ELMHURST 0.4 SW, IL US","2020-07-14",,,,,,
"US1ILDP0038","ELMHURST 0.4 SW, IL US","2020-07-15",,,,,,
"US1ILDP0038","ELMHURST 0.4 SW, IL US","2020-07-16",,,,,,
"US1ILDP0038","ELMHURST 0.4 SW, IL US","2020-07-17",,,,,,
"US1ILDP0038","ELMHURST 0.4 SW, IL US","2020-07-18",,,,,,
"US1ILDP0038","ELMHURST 0.4 SW, IL US","2020-07-19",,,,,,
"US1ILDP0038","ELMHURST 0.4 SW, IL US","2020-07-20",,,,,,
"US1ILDP0038","ELMHURST 0.4 SW, IL US","2020-07-21",,,,,,
"US1ILDP0038","ELMHURST 0.4 SW, IL US","2020-07-22",,,,,,
"US1ILDP0038","ELMHURST 0.4 SW, IL US","2020-07-23",,,,,,
"US1ILDP0038","ELMHURST 0.4 SW, IL US","2020-07-24",,,,,,
"US1ILDP0038","ELMHURST 0.4 SW, IL US","2020-07-25",,,,,,
"US1ILDP0038","ELMHURST 0.4 SW, IL US","2020-07-26",,,,,,
"US1ILDP0038","ELMHURST 0.4 SW, IL US","2020-07-27",,,,,,
"US1ILDP0038","ELMHURST 0.4 SW, IL US","2020-07-28",,,,,,
"US1ILDP0038","ELMHURST 0.4 SW, IL US","2020-07-29",,,,,,
"US1ILDP0038","ELMHURST 0.4 SW, IL US","2020-07-30",,,,,,
"US1ILDP0038","ELMHURST 0.4 SW, IL US","2020-07-31",,,,,,
"US1ILDP0038","ELMHURST 0.4 SW, IL US","2020-08-01",,,,,,
"US1ILDP0038","ELMHURST 0.4 SW, IL US","2020-08-02",,,,,,
"US1ILDP0038","ELMHURST 0.4 SW, IL US","2020-08-03",,,,,,
"US1ILDP0038","ELMHURST 0.4 SW, IL US","2020-08-05",,,,,,
"US1ILDP0038","ELMHURST 0.4 SW, IL US","2020-08-06",,,,,,
"US1ILDP0038","ELMHURST 0.4 SW, IL US","2020-08-07",,,,,,
"US1ILDP0038","ELMHURST 0.4 SW, IL US","2020-08-08",,,,,,
"US1ILDP0038","ELMHURST 0.4 SW, IL US","2020-08-09",,,,,,
"US1ILDP0038","ELMHURST 0.4 SW, IL US","2020-08-10",,,,,,
"US1ILDP0038","ELMHURST 0.4 SW, IL US","2020-08-11",,,,,,
"US1ILDP0038","ELMHURST 0.4 SW, IL US","2020-08-12",,,,,,
"US1ILDP0038","ELMHURST 0.4 SW, IL US","2020-08-13",,,,,,
"US1ILDP0038","ELMHURST 0.4 SW, IL US","2020-08-14",,,,,,
"US1ILDP0038","ELMHURST 0.4 SW, IL US","2020-08-15",,,,,,
"US1ILDP0038","ELMHURST 0.4 SW, IL US","2020-08-16",,,,,,
"US1ILDP0038","ELMHURST 0.4 SW, IL US","2020-08-17",,,,,,
"US1ILDP0038","ELMHURST 0.4 SW, IL US","2020-08-18",,,,,,
"US1ILDP0038","ELMHURST 0.4 SW, IL US","2020-08-19",,,,,,
"US1ILDP0038","ELMHURST 0.4 SW, IL US","2020-08-20",,,,,,
"US1ILDP0038","ELMHURST 0.4 SW, IL US","2020-08-21",,,,,,
"US1ILDP0038","ELMHURST 0.4 SW, IL US","2020-08-22",,,,,,
"US1ILDP0038","ELMHURST 0.4 SW, IL US","2020-08-23",,,,,,
"US1ILDP0038","ELMHURST 0.4 SW, IL US","2020-08-24",,,,,,
"US1ILDP0038","ELMHURST 0.4 SW, IL US","2020-08-25",,,,,,
"US1ILDP0038","ELMHURST 0.4 SW, IL US","2020-08-26",,,,,,
"US1ILDP0038","ELMHURST 0.4 SW, IL US","2020-08-27",,,,,,
"US1ILDP0038","ELMHURST 0.4 SW, IL US","2020-08-28",,,,,,
"US1ILDP0038","ELMHURST 0.4 SW, IL US","2020-08-29",,,,,,
"US1ILDP0038","ELMHURST 0.4 SW, IL US","2020-08-30",,,,,,
"US1ILDP0038","ELMHURST 0.4 SW, IL US","2020-08-31",,,,,,
"US1ILDP0038","ELMHURST 0.4 SW, IL US","2020-09-01",,,,,,
"US1ILDP0038","ELMHURST 0.4 SW, IL US","2020-09-02",,,,,,
"US1ILDP0038","ELMHURST 0.4 SW, IL US","2020-09-03",,,,,,
"US1ILDP0038","ELMHURST 0.4 SW, IL US","2020-09-04",,,,,,
"US1ILDP0038","ELMHURST 0.4 SW, IL US","2020-09-05",,,,,,
"US1ILDP0038","ELMHURST 0.4 SW, IL US","2020-09-06",,,,,,
"US1ILDP0038","ELMHURST 0.4 SW, IL US","2020-09-07",,,,,,
"US1ILDP0038","ELMHURST 0.4 SW, IL US","2020-09-08",,,,,,
"US1ILCK0168","RAVENSWOOD MANOR 0.1 ESE, IL US","2019-10-03",,,,,,
"US1ILCK0168","RAVENSWOOD MANOR 0.1 ESE, IL US","2019-10-27",,,,,,
"US1ILCK0168","RAVENSWOOD MANOR 0.1 ESE, IL US","2019-12-29",,,,,,
"US1ILCK0168","RAVENSWOOD MANOR 0.1 ESE, IL US","2020-01-11",,,,,,
"US1ILCK0168","RAVENSWOOD MANOR 0.1 ESE, IL US","2020-03-19",,,,,,
"US1ILCK0168","RAVENSWOOD MANOR 0.1 ESE, IL US","2020-03-26",,,,,,
"US1ILCK0168","RAVENSWOOD MANOR 0.1 ESE, IL US","2020-03-28",,,,,,
"US1ILCK0168","RAVENSWOOD MANOR 0.1 ESE, IL US","2020-03-29",,,,,,
"US1ILCK0168","RAVENSWOOD MANOR 0.1 ESE, IL US","2020-04-30",,,,,,
"US1ILCK0168","RAVENSWOOD MANOR 0.1 ESE, IL US","2020-05-15",,,,,,
"US1ILCK0168","RAVENSWOOD MANOR 0.1 ESE, IL US","2020-05-16",,,,,,
"US1ILCK0168","RAVENSWOOD MANOR 0.1 ESE, IL US","2020-05-17",,,,,,
"US1ILCK0168","RAVENSWOOD MANOR 0.1 ESE, IL US","2020-05-18",,,,,,
"US1ILCK0168","RAVENSWOOD MANOR 0.1 ESE, IL US","2020-05-19",,,,,,
"US1ILCK0168","RAVENSWOOD MANOR 0.1 ESE, IL US","2020-05-20",,,,,,
"US1ILCK0168","RAVENSWOOD MANOR 0.1 ESE, IL US","2020-05-23",,,,,,
"US1ILCK0168","RAVENSWOOD MANOR 0.1 ESE, IL US","2020-05-24",,,,,,
"US1ILCK0168","RAVENSWOOD MANOR 0.1 ESE, IL US","2020-05-27",,,,,,
"US1ILCK0168","RAVENSWOOD MANOR 0.1 ESE, IL US","2020-05-29",,,,,,
"US1ILCK0168","RAVENSWOOD MANOR 0.1 ESE, IL US","2020-06-04",,,,,,
"US1ILCK0168","RAVENSWOOD MANOR 0.1 ESE, IL US","2020-06-10",,,,,,
"US1ILCK0168","RAVENSWOOD MANOR 0.1 ESE, IL US","2020-06-21",,,,,,
"US1ILCK0168","RAVENSWOOD MANOR 0.1 ESE, IL US","2020-06-23",,,,,,
"US1ILCK0168","RAVENSWOOD MANOR 0.1 ESE, IL US","2020-06-24",,,,,,
"US1ILCK0168","RAVENSWOOD MANOR 0.1 ESE, IL US","2020-06-27",,,,,,
"US1ILCK0168","RAVENSWOOD MANOR 0.1 ESE, IL US","2020-07-19",,,,,,
"US1ILCK0168","RAVENSWOOD MANOR 0.1 ESE, IL US","2020-07-30",,,,,,
"US1ILCK0168","RAVENSWOOD MANOR 0.1 ESE, IL US","2020-08-02",,,,,,
"US1ILCK0168","RAVENSWOOD MANOR 0.1 ESE, IL US","2020-08-03",,,,,,
"US1ILCK0168","RAVENSWOOD MANOR 0.1 ESE, IL US","2020-08-24",,,,,,
"US1ILCK0168","RAVENSWOOD MANOR 0.1 ESE, IL US","2020-08-25",,,,,,
"US1ILCK0168","RAVENSWOOD MANOR 0.1 ESE, IL US","2020-09-07",,,,,,
"US1ILCK0168","RAVENSWOOD MANOR 0.1 ESE, IL US","2020-09-08",,,,,,
"US1ILWL0153","BOLINGBROOK 3.0 WSW, IL US","2019-10-01",,,,,,
"US1ILWL0153","BOLINGBROOK 3.0 WSW, IL US","2019-10-02",,,,,,
"US1ILWL0153","BOLINGBROOK 3.0 WSW, IL US","2019-10-03",,,,,,
"US1ILWL0153","BOLINGBROOK 3.0 WSW, IL US","2019-10-04",,,,,,
"US1ILWL0153","BOLINGBROOK 3.0 WSW, IL US","2019-10-05",,,,,,
"US1ILWL0153","BOLINGBROOK 3.0 WSW, IL US","2019-10-06",,,,,,
"US1ILWL0153","BOLINGBROOK 3.0 WSW, IL US","2019-10-07",,,,,,
"US1ILWL0153","BOLINGBROOK 3.0 WSW, IL US","2019-10-08",,,,,,
"US1ILWL0153","BOLINGBROOK 3.0 WSW, IL US","2019-10-09",,,,,,
"US1ILWL0153","BOLINGBROOK 3.0 WSW, IL US","2019-10-10",,,,,,
"US1ILWL0153","BOLINGBROOK 3.0 WSW, IL US","2019-10-11",,,,,,
"US1ILWL0153","BOLINGBROOK 3.0 WSW, IL US","2019-10-12",,,,,,
"US1ILWL0153","BOLINGBROOK 3.0 WSW, IL US","2019-10-13",,,,,,
"US1ILWL0153","BOLINGBROOK 3.0 WSW, IL US","2019-10-14",,,,,,
"US1ILWL0153","BOLINGBROOK 3.0 WSW, IL US","2019-10-15",,,,,,
"US1ILWL0153","BOLINGBROOK 3.0 WSW, IL US","2019-10-19",,,,,,
"US1ILWL0153","BOLINGBROOK 3.0 WSW, IL US","2019-10-20",,,,,,
"US1ILWL0153","BOLINGBROOK 3.0 WSW, IL US","2019-10-21",,,,,,
"US1ILWL0153","BOLINGBROOK 3.0 WSW, IL US","2019-10-22",,,,,,
"US1ILWL0153","BOLINGBROOK 3.0 WSW, IL US","2019-10-23",,,,,,
"US1ILWL0153","BOLINGBROOK 3.0 WSW, IL US","2019-10-24",,,,,,
"US1ILWL0153","BOLINGBROOK 3.0 WSW, IL US","2019-10-25",,,,,,
"US1ILWL0153","BOLINGBROOK 3.0 WSW, IL US","2019-10-27",,,,,,
"US1ILWL0153","BOLINGBROOK 3.0 WSW, IL US","2019-10-28",,,,,,
"US1ILWL0153","BOLINGBROOK 3.0 WSW, IL US","2019-10-29",,,,,,
"US1ILWL0153","BOLINGBROOK 3.0 WSW, IL US","2019-10-30",,,,,,
"US1ILWL0153","BOLINGBROOK 3.0 WSW, IL US","2019-10-31",,,,,,
"US1ILWL0153","BOLINGBROOK 3.0 WSW, IL US","2019-11-01",,,,,,
"US1ILWL0153","BOLINGBROOK 3.0 WSW, IL US","2019-11-03",,,,,,
"US1ILWL0153","BOLINGBROOK 3.0 WSW, IL US","2019-11-04",,,,,,
"US1ILWL0153","BOLINGBROOK 3.0 WSW, IL US","2019-11-05",,,,,,
"US1ILWL0153","BOLINGBROOK 3.0 WSW, IL US","2019-11-06",,,,,,
"US1ILWL0153","BOLINGBROOK 3.0 WSW, IL US","2019-11-07",,,,,,
"US1ILWL0153","BOLINGBROOK 3.0 WSW, IL US","2019-11-08",,,,,,
"US1ILWL0153","BOLINGBROOK 3.0 WSW, IL US","2019-11-10",,,,,,
"US1ILWL0153","BOLINGBROOK 3.0 WSW, IL US","2019-11-11",,,,,,
"US1ILWL0153","BOLINGBROOK 3.0 WSW, IL US","2019-11-12",,,,,,
"US1ILWL0153","BOLINGBROOK 3.0 WSW, IL US","2019-11-13",,,,,,
"US1ILWL0153","BOLINGBROOK 3.0 WSW, IL US","2019-11-14",,,,,,
"US1ILWL0153","BOLINGBROOK 3.0 WSW, IL US","2019-11-15",,,,,,
"US1ILWL0153","BOLINGBROOK 3.0 WSW, IL US","2019-11-16",,,,,,
"US1ILWL0153","BOLINGBROOK 3.0 WSW, IL US","2019-11-17",,,,,,
"US1ILWL0153","BOLINGBROOK 3.0 WSW, IL US","2019-11-18",,,,,,
"US1ILWL0153","BOLINGBROOK 3.0 WSW, IL US","2019-11-19",,,,,,
"US1ILWL0153","BOLINGBROOK 3.0 WSW, IL US","2019-11-20",,,,,,
"US1ILWL0153","BOLINGBROOK 3.0 WSW, IL US","2019-11-21",,,,,,
"US1ILWL0153","BOLINGBROOK 3.0 WSW, IL US","2019-11-22",,,,,,
"US1ILWL0153","BOLINGBROOK 3.0 WSW, IL US","2019-11-23",,,,,,
"US1ILWL0153","BOLINGBROOK 3.0 WSW, IL US","2019-11-24",,,,,,
"US1ILWL0153","BOLINGBROOK 3.0 WSW, IL US","2019-11-25",,,,,,
"US1ILWL0153","BOLINGBROOK 3.0 WSW, IL US","2019-11-26",,,,,,
"US1ILWL0153","BOLINGBROOK 3.0 WSW, IL US","2019-11-27",,,,,,
"US1ILWL0153","BOLINGBROOK 3.0 WSW, IL US","2019-11-28",,,,,,
"US1ILWL0153","BOLINGBROOK 3.0 WSW, IL US","2019-11-29",,,,,,
"US1ILWL0153","BOLINGBROOK 3.0 WSW, IL US","2019-11-30",,,,,,
"US1ILWL0153","BOLINGBROOK 3.0 WSW, IL US","2019-12-01",,,,,,
"US1ILWL0153","BOLINGBROOK 3.0 WSW, IL US","2019-12-02",,,,,,
"US1ILWL0153","BOLINGBROOK 3.0 WSW, IL US","2019-12-03",,,,,,
"US1ILWL0153","BOLINGBROOK 3.0 WSW, IL US","2019-12-04",,,,,,
"US1ILWL0153","BOLINGBROOK 3.0 WSW, IL US","2019-12-05",,,,,,
"US1ILWL0153","BOLINGBROOK 3.0 WSW, IL US","2019-12-06",,,,,,
"US1ILWL0153","BOLINGBROOK 3.0 WSW, IL US","2019-12-07",,,,,,
"US1ILWL0153","BOLINGBROOK 3.0 WSW, IL US","2019-12-08",,,,,,
"US1ILWL0153","BOLINGBROOK 3.0 WSW, IL US","2019-12-09",,,,,,
"US1ILWL0153","BOLINGBROOK 3.0 WSW, IL US","2019-12-10",,,,,,
"US1ILWL0153","BOLINGBROOK 3.0 WSW, IL US","2019-12-11",,,,,,
"US1ILWL0153","BOLINGBROOK 3.0 WSW, IL US","2019-12-12",,,,,,
"US1ILWL0153","BOLINGBROOK 3.0 WSW, IL US","2019-12-13",,,,,,
"US1ILWL0153","BOLINGBROOK 3.0 WSW, IL US","2019-12-14",,,,,,
"US1ILWL0153","BOLINGBROOK 3.0 WSW, IL US","2019-12-15",,,,,,
"US1ILWL0153","BOLINGBROOK 3.0 WSW, IL US","2019-12-16",,,,,,
"US1ILWL0153","BOLINGBROOK 3.0 WSW, IL US","2019-12-17",,,,,,
"US1ILWL0153","BOLINGBROOK 3.0 WSW, IL US","2019-12-18",,,,,,
"US1ILWL0153","BOLINGBROOK 3.0 WSW, IL US","2019-12-19",,,,,,
"US1ILWL0153","BOLINGBROOK 3.0 WSW, IL US","2019-12-20",,,,,,
"US1ILWL0153","BOLINGBROOK 3.0 WSW, IL US","2019-12-21",,,,,,
"US1ILWL0153","BOLINGBROOK 3.0 WSW, IL US","2019-12-31",,,,,,
"US1ILWL0153","BOLINGBROOK 3.0 WSW, IL US","2020-01-01",,,,,,
"US1ILWL0153","BOLINGBROOK 3.0 WSW, IL US","2020-01-03",,,,,,
"US1ILWL0153","BOLINGBROOK 3.0 WSW, IL US","2020-01-04",,,,,,
"US1ILWL0153","BOLINGBROOK 3.0 WSW, IL US","2020-01-06",,,,,,
"US1ILWL0153","BOLINGBROOK 3.0 WSW, IL US","2020-01-07",,,,,,
"US1ILWL0153","BOLINGBROOK 3.0 WSW, IL US","2020-01-10",,,,,,
"US1ILWL0153","BOLINGBROOK 3.0 WSW, IL US","2020-01-11",,,,,,
"US1ILWL0153","BOLINGBROOK 3.0 WSW, IL US","2020-01-12",,,,,,
"US1ILWL0153","BOLINGBROOK 3.0 WSW, IL US","2020-01-13",,,,,,
"US1ILWL0153","BOLINGBROOK 3.0 WSW, IL US","2020-01-14",,,,,,
"US1ILWL0153","BOLINGBROOK 3.0 WSW, IL US","2020-01-15",,,,,,
"US1ILWL0153","BOLINGBROOK 3.0 WSW, IL US","2020-01-17",,,,,,
"US1ILWL0153","BOLINGBROOK 3.0 WSW, IL US","2020-01-18",,,,,,
"US1ILWL0153","BOLINGBROOK 3.0 WSW, IL US","2020-01-19",,,,,,
"US1ILWL0153","BOLINGBROOK 3.0 WSW, IL US","2020-01-20",,,,,,
"US1ILWL0153","BOLINGBROOK 3.0 WSW, IL US","2020-01-22",,,,,,
"US1ILWL0153","BOLINGBROOK 3.0 WSW, IL US","2020-01-23",,,,,,
"US1ILWL0153","BOLINGBROOK 3.0 WSW, IL US","2020-01-24",,,,,,
"US1ILWL0153","BOLINGBROOK 3.0 WSW, IL US","2020-01-25",,,,,,
"US1ILWL0153","BOLINGBROOK 3.0 WSW, IL US","2020-01-26",,,,,,
"US1ILWL0153","BOLINGBROOK 3.0 WSW, IL US","2020-01-27",,,,,,
"US1ILWL0153","BOLINGBROOK 3.0 WSW, IL US","2020-01-28",,,,,,
"US1ILWL0153","BOLINGBROOK 3.0 WSW, IL US","2020-01-29",,,,,,
"US1ILWL0153","BOLINGBROOK 3.0 WSW, IL US","2020-01-31",,,,,,
"US1ILWL0153","BOLINGBROOK 3.0 WSW, IL US","2020-02-01",,,,,,
"US1ILWL0153","BOLINGBROOK 3.0 WSW, IL US","2020-02-02",,,,,,
"US1ILWL0153","BOLINGBROOK 3.0 WSW, IL US","2020-02-03",,,,,,
"US1ILWL0153","BOLINGBROOK 3.0 WSW, IL US","2020-02-04",,,,,,
"US1ILWL0153","BOLINGBROOK 3.0 WSW, IL US","2020-02-05",,,,,,
"US1ILWL0153","BOLINGBROOK 3.0 WSW, IL US","2020-02-06",,,,,,
"US1ILWL0153","BOLINGBROOK 3.0 WSW, IL US","2020-02-07",,,,,,
"US1ILWL0153","BOLINGBROOK 3.0 WSW, IL US","2020-02-08",,,,,,
"US1ILWL0153","BOLINGBROOK 3.0 WSW, IL US","2020-02-09",,,,,,
"US1ILWL0153","BOLINGBROOK 3.0 WSW, IL US","2020-02-10",,,,,,
"US1ILWL0153","BOLINGBROOK 3.0 WSW, IL US","2020-02-11",,,,,,
"US1ILWL0153","BOLINGBROOK 3.0 WSW, IL US","2020-02-12",,,,,,
"US1ILWL0153","BOLINGBROOK 3.0 WSW, IL US","2020-02-13",,,,,,
"US1ILWL0153","BOLINGBROOK 3.0 WSW, IL US","2020-02-14",,,,,,
"US1ILWL0153","BOLINGBROOK 3.0 WSW, IL US","2020-02-15",,,,,,
"US1ILWL0153","BOLINGBROOK 3.0 WSW, IL US","2020-02-16",,,,,,
"US1ILWL0153","BOLINGBROOK 3.0 WSW, IL US","2020-02-17",,,,,,
"US1ILWL0153","BOLINGBROOK 3.0 WSW, IL US","2020-02-18",,,,,,
"US1ILWL0153","BOLINGBROOK 3.0 WSW, IL US","2020-02-19",,,,,,
"US1ILWL0153","BOLINGBROOK 3.0 WSW, IL US","2020-02-20",,,,,,
"US1ILWL0153","BOLINGBROOK 3.0 WSW, IL US","2020-02-21",,,,,,
"US1ILWL0153","BOLINGBROOK 3.0 WSW, IL US","2020-02-22",,,,,,
"US1ILWL0153","BOLINGBROOK 3.0 WSW, IL US","2020-02-23",,,,,,
"US1ILWL0153","BOLINGBROOK 3.0 WSW, IL US","2020-02-24",,,,,,
"US1ILWL0153","BOLINGBROOK 3.0 WSW, IL US","2020-02-26",,,,,,
"US1ILWL0153","BOLINGBROOK 3.0 WSW, IL US","2020-02-27",,,,,,
"US1ILWL0153","BOLINGBROOK 3.0 WSW, IL US","2020-02-28",,,,,,
"US1ILWL0153","BOLINGBROOK 3.0 WSW, IL US","2020-02-29",,,,,,
"US1ILWL0153","BOLINGBROOK 3.0 WSW, IL US","2020-03-01",,,,,,
"US1ILWL0153","BOLINGBROOK 3.0 WSW, IL US","2020-03-02",,,,,,
"US1ILWL0153","BOLINGBROOK 3.0 WSW, IL US","2020-03-03",,,,,,
"US1ILWL0153","BOLINGBROOK 3.0 WSW, IL US","2020-03-04",,,,,,
"US1ILWL0153","BOLINGBROOK 3.0 WSW, IL US","2020-03-05",,,,,,
"US1ILWL0153","BOLINGBROOK 3.0 WSW, IL US","2020-03-06",,,,,,
"US1ILWL0153","BOLINGBROOK 3.0 WSW, IL US","2020-03-07",,,,,,
"US1ILWL0153","BOLINGBROOK 3.0 WSW, IL US","2020-03-09",,,,,,
"US1ILWL0153","BOLINGBROOK 3.0 WSW, IL US","2020-03-10",,,,,,
"US1ILWL0153","BOLINGBROOK 3.0 WSW, IL US","2020-03-11",,,,,,
"US1ILWL0153","BOLINGBROOK 3.0 WSW, IL US","2020-03-12",,,,,,
"US1ILWL0153","BOLINGBROOK 3.0 WSW, IL US","2020-03-13",,,,,,
"US1ILWL0153","BOLINGBROOK 3.0 WSW, IL US","2020-03-14",,,,,,
"US1ILWL0153","BOLINGBROOK 3.0 WSW, IL US","2020-03-15",,,,,,
"US1ILWL0153","BOLINGBROOK 3.0 WSW, IL US","2020-03-16",,,,,,
"US1ILWL0153","BOLINGBROOK 3.0 WSW, IL US","2020-03-17",,,,,,
"US1ILWL0153","BOLINGBROOK 3.0 WSW, IL US","2020-03-19",,,,,,
"US1ILWL0153","BOLINGBROOK 3.0 WSW, IL US","2020-03-20",,,,,,
"US1ILWL0153","BOLINGBROOK 3.0 WSW, IL US","2020-03-21",,,,,,
"US1ILWL0153","BOLINGBROOK 3.0 WSW, IL US","2020-03-22",,,,,,
"US1ILWL0153","BOLINGBROOK 3.0 WSW, IL US","2020-03-23",,,,,,
"US1ILWL0153","BOLINGBROOK 3.0 WSW, IL US","2020-03-24",,,,,,
"US1ILWL0153","BOLINGBROOK 3.0 WSW, IL US","2020-03-25",,,,,,
"US1ILWL0153","BOLINGBROOK 3.0 WSW, IL US","2020-03-26",,,,,,
"US1ILWL0153","BOLINGBROOK 3.0 WSW, IL US","2020-03-27",,,,,,
"US1ILWL0153","BOLINGBROOK 3.0 WSW, IL US","2020-03-28",,,,,,
"US1ILWL0153","BOLINGBROOK 3.0 WSW, IL US","2020-03-29",,,,,,
"US1ILWL0153","BOLINGBROOK 3.0 WSW, IL US","2020-03-30",,,,,,
"US1ILWL0153","BOLINGBROOK 3.0 WSW, IL US","2020-03-31",,,,,,
"US1ILWL0153","BOLINGBROOK 3.0 WSW, IL US","2020-04-02",,,,,,
"US1ILWL0153","BOLINGBROOK 3.0 WSW, IL US","2020-04-03",,,,,,
"US1ILWL0153","BOLINGBROOK 3.0 WSW, IL US","2020-04-04",,,,,,
"US1ILWL0153","BOLINGBROOK 3.0 WSW, IL US","2020-04-05",,,,,,
"US1ILWL0153","BOLINGBROOK 3.0 WSW, IL US","2020-04-06",,,,,,
"US1ILWL0153","BOLINGBROOK 3.0 WSW, IL US","2020-04-07",,,,,,
"US1ILWL0153","BOLINGBROOK 3.0 WSW, IL US","2020-04-08",,,,,,
"US1ILWL0153","BOLINGBROOK 3.0 WSW, IL US","2020-04-09",,,,,,
"US1ILWL0153","BOLINGBROOK 3.0 WSW, IL US","2020-04-10",,,,,,
"US1ILWL0153","BOLINGBROOK 3.0 WSW, IL US","2020-04-11",,,,,,
"US1ILWL0153","BOLINGBROOK 3.0 WSW, IL US","2020-04-12",,,,,,
"US1ILWL0153","BOLINGBROOK 3.0 WSW, IL US","2020-04-13",,,,,,
"US1ILWL0153","BOLINGBROOK 3.0 WSW, IL US","2020-04-14",,,,,,
"US1ILWL0153","BOLINGBROOK 3.0 WSW, IL US","2020-04-15",,,,,,
"US1ILWL0153","BOLINGBROOK 3.0 WSW, IL US","2020-04-16",,,,,,
"US1ILWL0153","BOLINGBROOK 3.0 WSW, IL US","2020-04-17",,,,,,
"US1ILWL0153","BOLINGBROOK 3.0 WSW, IL US","2020-04-18",,,,,,
"US1ILWL0153","BOLINGBROOK 3.0 WSW, IL US","2020-04-19",,,,,,
"US1ILWL0153","BOLINGBROOK 3.0 WSW, IL US","2020-04-20",,,,,,
"US1ILWL0153","BOLINGBROOK 3.0 WSW, IL US","2020-04-21",,,,,,
"US1ILWL0153","BOLINGBROOK 3.0 WSW, IL US","2020-04-22",,,,,,
"US1ILWL0153","BOLINGBROOK 3.0 WSW, IL US","2020-04-23",,,,,,
"US1ILWL0153","BOLINGBROOK 3.0 WSW, IL US","2020-04-24",,,,,,
"US1ILWL0153","BOLINGBROOK 3.0 WSW, IL US","2020-04-25",,,,,,
"US1ILWL0153","BOLINGBROOK 3.0 WSW, IL US","2020-04-26",,,,,,
"US1ILWL0153","BOLINGBROOK 3.0 WSW, IL US","2020-04-27",,,,,,
"US1ILWL0153","BOLINGBROOK 3.0 WSW, IL US","2020-04-28",,,,,,
"US1ILWL0153","BOLINGBROOK 3.0 WSW, IL US","2020-04-29",,,,,,
"US1ILWL0153","BOLINGBROOK 3.0 WSW, IL US","2020-04-30",,,,,,
"US1ILWL0153","BOLINGBROOK 3.0 WSW, IL US","2020-05-01",,,,,,
"US1ILWL0153","BOLINGBROOK 3.0 WSW, IL US","2020-05-02",,,,,,
"US1ILWL0153","BOLINGBROOK 3.0 WSW, IL US","2020-05-03",,,,,,
"US1ILWL0153","BOLINGBROOK 3.0 WSW, IL US","2020-05-04",,,,,,
"US1ILWL0153","BOLINGBROOK 3.0 WSW, IL US","2020-05-05",,,,,,
"US1ILWL0153","BOLINGBROOK 3.0 WSW, IL US","2020-05-06",,,,,,
"US1ILWL0153","BOLINGBROOK 3.0 WSW, IL US","2020-05-07",,,,,,
"US1ILWL0153","BOLINGBROOK 3.0 WSW, IL US","2020-05-08",,,,,,
"US1ILWL0153","BOLINGBROOK 3.0 WSW, IL US","2020-05-09",,,,,,
"US1ILWL0153","BOLINGBROOK 3.0 WSW, IL US","2020-05-10",,,,,,
"US1ILWL0153","BOLINGBROOK 3.0 WSW, IL US","2020-05-11",,,,,,
"US1ILWL0153","BOLINGBROOK 3.0 WSW, IL US","2020-05-12",,,,,,
"US1ILWL0153","BOLINGBROOK 3.0 WSW, IL US","2020-05-13",,,,,,
"US1ILWL0153","BOLINGBROOK 3.0 WSW, IL US","2020-05-14",,,,,,
"US1ILWL0153","BOLINGBROOK 3.0 WSW, IL US","2020-05-15",,,,,,
"US1ILWL0153","BOLINGBROOK 3.0 WSW, IL US","2020-05-16",,,,,,
"US1ILWL0153","BOLINGBROOK 3.0 WSW, IL US","2020-05-17",,,,,,
"US1ILWL0153","BOLINGBROOK 3.0 WSW, IL US","2020-05-18",,,,,,
"US1ILWL0153","BOLINGBROOK 3.0 WSW, IL US","2020-05-19",,,,,,
"US1ILWL0153","BOLINGBROOK 3.0 WSW, IL US","2020-05-20",,,,,,
"US1ILWL0153","BOLINGBROOK 3.0 WSW, IL US","2020-05-21",,,,,,
"US1ILWL0153","BOLINGBROOK 3.0 WSW, IL US","2020-05-22",,,,,,
"US1ILWL0153","BOLINGBROOK 3.0 WSW, IL US","2020-05-23",,,,,,
"US1ILWL0153","BOLINGBROOK 3.0 WSW, IL US","2020-05-24",,,,,,
"US1ILWL0153","BOLINGBROOK 3.0 WSW, IL US","2020-05-25",,,,,,
"US1ILWL0153","BOLINGBROOK 3.0 WSW, IL US","2020-05-26",,,,,,
"US1ILWL0153","BOLINGBROOK 3.0 WSW, IL US","2020-05-28",,,,,,
"US1ILWL0153","BOLINGBROOK 3.0 WSW, IL US","2020-05-29",,,,,,
"US1ILWL0153","BOLINGBROOK 3.0 WSW, IL US","2020-05-30",,,,,,
"US1ILWL0153","BOLINGBROOK 3.0 WSW, IL US","2020-05-31",,,,,,
"US1ILWL0153","BOLINGBROOK 3.0 WSW, IL US","2020-06-01",,,,,,
"US1ILWL0153","BOLINGBROOK 3.0 WSW, IL US","2020-06-02",,,,,,
"US1ILWL0153","BOLINGBROOK 3.0 WSW, IL US","2020-06-03",,,,,,
"US1ILWL0153","BOLINGBROOK 3.0 WSW, IL US","2020-06-04",,,,,,
"US1ILWL0153","BOLINGBROOK 3.0 WSW, IL US","2020-06-05",,,,,,
"US1ILWL0153","BOLINGBROOK 3.0 WSW, IL US","2020-06-06",,,,,,
"US1ILWL0153","BOLINGBROOK 3.0 WSW, IL US","2020-06-07",,,,,,
"US1ILWL0153","BOLINGBROOK 3.0 WSW, IL US","2020-06-08",,,,,,
"US1ILWL0153","BOLINGBROOK 3.0 WSW, IL US","2020-06-09",,,,,,
"US1ILWL0153","BOLINGBROOK 3.0 WSW, IL US","2020-06-10",,,,,,
"US1ILWL0153","BOLINGBROOK 3.0 WSW, IL US","2020-06-11",,,,,,
"US1ILWL0153","BOLINGBROOK 3.0 WSW, IL US","2020-06-12",,,,,,
"US1ILWL0153","BOLINGBROOK 3.0 WSW, IL US","2020-06-13",,,,,,
"US1ILWL0153","BOLINGBROOK 3.0 WSW, IL US","2020-06-14",,,,,,
"US1ILWL0153","BOLINGBROOK 3.0 WSW, IL US","2020-06-15",,,,,,
"US1ILWL0153","BOLINGBROOK 3.0 WSW, IL US","2020-06-16",,,,,,
"US1ILWL0153","BOLINGBROOK 3.0 WSW, IL US","2020-06-20",,,,,,
"US1ILWL0153","BOLINGBROOK 3.0 WSW, IL US","2020-06-22",,,,,,
"US1ILWL0153","BOLINGBROOK 3.0 WSW, IL US","2020-06-23",,,,,,
"US1ILWL0153","BOLINGBROOK 3.0 WSW, IL US","2020-06-24",,,,,,
"US1ILWL0153","BOLINGBROOK 3.0 WSW, IL US","2020-06-25",,,,,,
"US1ILWL0153","BOLINGBROOK 3.0 WSW, IL US","2020-06-26",,,,,,
"US1ILWL0153","BOLINGBROOK 3.0 WSW, IL US","2020-06-27",,,,,,
"US1ILWL0153","BOLINGBROOK 3.0 WSW, IL US","2020-06-28",,,,,,
"US1ILWL0153","BOLINGBROOK 3.0 WSW, IL US","2020-06-29",,,,,,
"US1ILWL0153","BOLINGBROOK 3.0 WSW, IL US","2020-06-30",,,,,,
"US1ILWL0153","BOLINGBROOK 3.0 WSW, IL US","2020-07-01",,,,,,
"US1ILWL0153","BOLINGBROOK 3.0 WSW, IL US","2020-07-02",,,,,,
"US1ILWL0153","BOLINGBROOK 3.0 WSW, IL US","2020-07-03",,,,,,
"US1ILWL0153","BOLINGBROOK 3.0 WSW, IL US","2020-07-04",,,,,,
"US1ILWL0153","BOLINGBROOK 3.0 WSW, IL US","2020-07-05",,,,,,
"US1ILWL0153","BOLINGBROOK 3.0 WSW, IL US","2020-07-06",,,,,,
"US1ILWL0153","BOLINGBROOK 3.0 WSW, IL US","2020-07-07",,,,,,
"US1ILWL0153","BOLINGBROOK 3.0 WSW, IL US","2020-07-08",,,,,,
"US1ILWL0153","BOLINGBROOK 3.0 WSW, IL US","2020-07-09",,,,,,
"US1ILWL0153","BOLINGBROOK 3.0 WSW, IL US","2020-07-10",,,,,,
"US1ILWL0153","BOLINGBROOK 3.0 WSW, IL US","2020-07-11",,,,,,
"US1ILWL0153","BOLINGBROOK 3.0 WSW, IL US","2020-07-12",,,,,,
"US1ILWL0153","BOLINGBROOK 3.0 WSW, IL US","2020-07-14",,,,,,
"US1ILWL0153","BOLINGBROOK 3.0 WSW, IL US","2020-07-15",,,,,,
"US1ILWL0153","BOLINGBROOK 3.0 WSW, IL US","2020-07-16",,,,,,
"US1ILWL0153","BOLINGBROOK 3.0 WSW, IL US","2020-07-17",,,,,,
"US1ILWL0153","BOLINGBROOK 3.0 WSW, IL US","2020-07-19",,,,,,
"US1ILWL0153","BOLINGBROOK 3.0 WSW, IL US","2020-07-20",,,,,,
"US1ILWL0153","BOLINGBROOK 3.0 WSW, IL US","2020-07-21",,,,,,
"US1ILWL0153","BOLINGBROOK 3.0 WSW, IL US","2020-07-22",,,,,,
"US1ILWL0153","BOLINGBROOK 3.0 WSW, IL US","2020-07-23",,,,,,
"US1ILWL0153","BOLINGBROOK 3.0 WSW, IL US","2020-07-24",,,,,,
"US1ILWL0153","BOLINGBROOK 3.0 WSW, IL US","2020-07-25",,,,,,
"US1ILWL0153","BOLINGBROOK 3.0 WSW, IL US","2020-07-26",,,,,,
"US1ILWL0153","BOLINGBROOK 3.0 WSW, IL US","2020-07-27",,,,,,
"US1ILWL0153","BOLINGBROOK 3.0 WSW, IL US","2020-07-28",,,,,,
"US1ILWL0153","BOLINGBROOK 3.0 WSW, IL US","2020-07-29",,,,,,
"US1ILWL0153","BOLINGBROOK 3.0 WSW, IL US","2020-07-30",,,,,,
"US1ILWL0153","BOLINGBROOK 3.0 WSW, IL US","2020-07-31",,,,,,
"US1ILWL0153","BOLINGBROOK 3.0 WSW, IL US","2020-08-01",,,,,,
"US1ILWL0153","BOLINGBROOK 3.0 WSW, IL US","2020-08-02",,,,,,
"US1ILWL0153","BOLINGBROOK 3.0 WSW, IL US","2020-08-03",,,,,,
"US1ILWL0153","BOLINGBROOK 3.0 WSW, IL US","2020-08-04",,,,,,
"US1ILWL0153","BOLINGBROOK 3.0 WSW, IL US","2020-08-05",,,,,,
"US1ILWL0153","BOLINGBROOK 3.0 WSW, IL US","2020-08-06",,,,,,
"US1ILWL0153","BOLINGBROOK 3.0 WSW, IL US","2020-08-07",,,,,,
"US1ILWL0153","BOLINGBROOK 3.0 WSW, IL US","2020-08-08",,,,,,
"US1ILWL0153","BOLINGBROOK 3.0 WSW, IL US","2020-08-09",,,,,,
"US1ILWL0153","BOLINGBROOK 3.0 WSW, IL US","2020-08-10",,,,,,
"US1ILWL0153","BOLINGBROOK 3.0 WSW, IL US","2020-08-11",,,,,,
"US1ILWL0153","BOLINGBROOK 3.0 WSW, IL US","2020-08-12",,,,,,
"US1ILWL0153","BOLINGBROOK 3.0 WSW, IL US","2020-08-13",,,,,,
"US1ILWL0153","BOLINGBROOK 3.0 WSW, IL US","2020-08-14",,,,,,
"US1ILWL0153","BOLINGBROOK 3.0 WSW, IL US","2020-08-15",,,,,,
"US1ILWL0153","BOLINGBROOK 3.0 WSW, IL US","2020-08-16",,,,,,
"US1ILWL0153","BOLINGBROOK 3.0 WSW, IL US","2020-08-23",,,,,,
"US1ILWL0153","BOLINGBROOK 3.0 WSW, IL US","2020-08-24",,,,,,
"US1ILWL0153","BOLINGBROOK 3.0 WSW, IL US","2020-08-25",,,,,,
"US1ILWL0153","BOLINGBROOK 3.0 WSW, IL US","2020-08-26",,,,,,
"US1ILWL0153","BOLINGBROOK 3.0 WSW, IL US","2020-08-27",,,,,,
"US1ILWL0153","BOLINGBROOK 3.0 WSW, IL US","2020-08-28",,,,,,
"US1ILWL0153","BOLINGBROOK 3.0 WSW, IL US","2020-08-29",,,,,,
"US1ILWL0153","BOLINGBROOK 3.0 WSW, IL US","2020-08-30",,,,,,
"US1ILWL0153","BOLINGBROOK 3.0 WSW, IL US","2020-09-01",,,,,,
"US1ILWL0153","BOLINGBROOK 3.0 WSW, IL US","2020-09-02",,,,,,
"US1ILWL0153","BOLINGBROOK 3.0 WSW, IL US","2020-09-04",,,,,,
"US1ILWL0153","BOLINGBROOK 3.0 WSW, IL US","2020-09-05",,,,,,
"US1ILWL0153","BOLINGBROOK 3.0 WSW, IL US","2020-09-08",,,,,,
"US1ILCK0282","BERWYN 0.9 NW, IL US","2019-10-01",,,,,,
"US1ILCK0282","BERWYN 0.9 NW, IL US","2019-10-02",,,,,,
"US1ILCK0282","BERWYN 0.9 NW, IL US","2019-10-03",,,,,,
"US1ILCK0282","BERWYN 0.9 NW, IL US","2019-10-04",,,,,,
"US1ILCK0282","BERWYN 0.9 NW, IL US","2019-10-05",,,,,,
"US1ILCK0282","BERWYN 0.9 NW, IL US","2019-10-06",,,,,,
"US1ILCK0282","BERWYN 0.9 NW, IL US","2019-10-07",,,,,,
"US1ILCK0282","BERWYN 0.9 NW, IL US","2019-10-08",,,,,,
"US1ILCK0282","BERWYN 0.9 NW, IL US","2019-10-09",,,,,,
"US1ILCK0282","BERWYN 0.9 NW, IL US","2019-10-10",,,,,,
"US1ILCK0282","BERWYN 0.9 NW, IL US","2019-10-11",,,,,,
"US1ILCK0282","BERWYN 0.9 NW, IL US","2019-10-12",,,,,,
"US1ILCK0282","BERWYN 0.9 NW, IL US","2019-10-13",,,,,,
"US1ILCK0282","BERWYN 0.9 NW, IL US","2019-10-14",,,,,,
"US1ILCK0282","BERWYN 0.9 NW, IL US","2019-10-15",,,,,,
"US1ILCK0282","BERWYN 0.9 NW, IL US","2019-10-16",,,,,,
"US1ILCK0282","BERWYN 0.9 NW, IL US","2019-10-17",,,,,,
"US1ILCK0282","BERWYN 0.9 NW, IL US","2019-10-18",,,,,,
"US1ILCK0282","BERWYN 0.9 NW, IL US","2019-10-19",,,,,,
"US1ILCK0282","BERWYN 0.9 NW, IL US","2019-10-20",,,,,,
"US1ILCK0282","BERWYN 0.9 NW, IL US","2019-10-21",,,,,,
"US1ILCK0282","BERWYN 0.9 NW, IL US","2019-10-22",,,,,,
"US1ILCK0282","BERWYN 0.9 NW, IL US","2019-10-23",,,,,,
"US1ILCK0282","BERWYN 0.9 NW, IL US","2019-10-24",,,,,,
"US1ILCK0282","BERWYN 0.9 NW, IL US","2019-10-25",,,,,,
"US1ILCK0282","BERWYN 0.9 NW, IL US","2019-10-26",,,,,,
"US1ILCK0282","BERWYN 0.9 NW, IL US","2019-10-27",,,,,,
"US1ILCK0282","BERWYN 0.9 NW, IL US","2019-10-28",,,,,,
"US1ILCK0282","BERWYN 0.9 NW, IL US","2019-10-29",,,,,,
"US1ILCK0282","BERWYN 0.9 NW, IL US","2019-10-30",,,,,,
"US1ILCK0282","BERWYN 0.9 NW, IL US","2019-10-31",,,,,,
"US1ILCK0282","BERWYN 0.9 NW, IL US","2019-11-01",,,,,,
"US1ILCK0282","BERWYN 0.9 NW, IL US","2019-11-02",,,,,,
"US1ILCK0282","BERWYN 0.9 NW, IL US","2019-11-03",,,,,,
"US1ILCK0282","BERWYN 0.9 NW, IL US","2019-11-04",,,,,,
"US1ILCK0282","BERWYN 0.9 NW, IL US","2019-11-05",,,,,,
"US1ILCK0282","BERWYN 0.9 NW, IL US","2019-11-06",,,,,,
"US1ILCK0282","BERWYN 0.9 NW, IL US","2019-11-07",,,,,,
"US1ILCK0282","BERWYN 0.9 NW, IL US","2019-11-08",,,,,,
"US1ILCK0282","BERWYN 0.9 NW, IL US","2019-11-09",,,,,,
"US1ILCK0282","BERWYN 0.9 NW, IL US","2019-11-10",,,,,,
"US1ILCK0282","BERWYN 0.9 NW, IL US","2019-11-11",,,,,,
"US1ILCK0282","BERWYN 0.9 NW, IL US","2019-11-12",,,,,,
"US1ILCK0282","BERWYN 0.9 NW, IL US","2019-11-13",,,,,,
"US1ILCK0282","BERWYN 0.9 NW, IL US","2019-11-14",,,,,,
"US1ILCK0282","BERWYN 0.9 NW, IL US","2019-11-15",,,,,,
"US1ILCK0282","BERWYN 0.9 NW, IL US","2019-11-16",,,,,,
"US1ILCK0282","BERWYN 0.9 NW, IL US","2019-11-17",,,,,,
"US1ILCK0282","BERWYN 0.9 NW, IL US","2019-11-18",,,,,,
"US1ILCK0282","BERWYN 0.9 NW, IL US","2019-11-19",,,,,,
"US1ILCK0282","BERWYN 0.9 NW, IL US","2019-11-20",,,,,,
"US1ILCK0282","BERWYN 0.9 NW, IL US","2019-11-21",,,,,,
"US1ILCK0282","BERWYN 0.9 NW, IL US","2019-11-22",,,,,,
"US1ILCK0282","BERWYN 0.9 NW, IL US","2019-11-23",,,,,,
"US1ILCK0282","BERWYN 0.9 NW, IL US","2019-11-24",,,,,,
"US1ILCK0282","BERWYN 0.9 NW, IL US","2019-11-25",,,,,,
"US1ILCK0282","BERWYN 0.9 NW, IL US","2019-11-26",,,,,,
"US1ILCK0282","BERWYN 0.9 NW, IL US","2019-11-27",,,,,,
"US1ILCK0282","BERWYN 0.9 NW, IL US","2019-11-28",,,,,,
"US1ILCK0282","BERWYN 0.9 NW, IL US","2019-11-29",,,,,,
"US1ILCK0282","BERWYN 0.9 NW, IL US","2019-11-30",,,,,,
"US1ILCK0282","BERWYN 0.9 NW, IL US","2019-12-01",,,,,,
"US1ILCK0282","BERWYN 0.9 NW, IL US","2019-12-02",,,,,,
"US1ILCK0282","BERWYN 0.9 NW, IL US","2019-12-03",,,,,,
"US1ILCK0282","BERWYN 0.9 NW, IL US","2019-12-04",,,,,,
"US1ILCK0282","BERWYN 0.9 NW, IL US","2019-12-05",,,,,,
"US1ILCK0282","BERWYN 0.9 NW, IL US","2019-12-06",,,,,,
"US1ILCK0282","BERWYN 0.9 NW, IL US","2019-12-07",,,,,,
"US1ILCK0282","BERWYN 0.9 NW, IL US","2019-12-08",,,,,,
"US1ILCK0282","BERWYN 0.9 NW, IL US","2019-12-09",,,,,,
"US1ILCK0282","BERWYN 0.9 NW, IL US","2019-12-10",,,,,,
"US1ILCK0282","BERWYN 0.9 NW, IL US","2019-12-11",,,,,,
"US1ILCK0282","BERWYN 0.9 NW, IL US","2019-12-12",,,,,,
"US1ILCK0282","BERWYN 0.9 NW, IL US","2019-12-13",,,,,,
"US1ILCK0282","BERWYN 0.9 NW, IL US","2019-12-14",,,,,,
"US1ILCK0282","BERWYN 0.9 NW, IL US","2019-12-15",,,,,,
"US1ILCK0282","BERWYN 0.9 NW, IL US","2019-12-16",,,,,,
"US1ILCK0282","BERWYN 0.9 NW, IL US","2019-12-17",,,,,,
"US1ILCK0282","BERWYN 0.9 NW, IL US","2019-12-18",,,,,,
"US1ILCK0282","BERWYN 0.9 NW, IL US","2019-12-19",,,,,,
"US1ILCK0282","BERWYN 0.9 NW, IL US","2019-12-20",,,,,,
"US1ILCK0282","BERWYN 0.9 NW, IL US","2019-12-21",,,,,,
"US1ILCK0282","BERWYN 0.9 NW, IL US","2019-12-22",,,,,,
"US1ILCK0282","BERWYN 0.9 NW, IL US","2019-12-23",,,,,,
"US1ILCK0282","BERWYN 0.9 NW, IL US","2019-12-24",,,,,,
"US1ILCK0282","BERWYN 0.9 NW, IL US","2019-12-25",,,,,,
"US1ILCK0282","BERWYN 0.9 NW, IL US","2019-12-26",,,,,,
"US1ILCK0282","BERWYN 0.9 NW, IL US","2019-12-27",,,,,,
"US1ILCK0282","BERWYN 0.9 NW, IL US","2019-12-28",,,,,,
"US1ILCK0282","BERWYN 0.9 NW, IL US","2019-12-29",,,,,,
"US1ILCK0282","BERWYN 0.9 NW, IL US","2019-12-30",,,,,,
"US1ILCK0282","BERWYN 0.9 NW, IL US","2019-12-31",,,,,,
"US1ILCK0282","BERWYN 0.9 NW, IL US","2020-01-01",,,,,,
"US1ILCK0282","BERWYN 0.9 NW, IL US","2020-01-02",,,,,,
"US1ILCK0282","BERWYN 0.9 NW, IL US","2020-01-03",,,,,,
"US1ILCK0282","BERWYN 0.9 NW, IL US","2020-01-04",,,,,,
"US1ILCK0282","BERWYN 0.9 NW, IL US","2020-01-05",,,,,,
"US1ILCK0282","BERWYN 0.9 NW, IL US","2020-01-06",,,,,,
"US1ILCK0282","BERWYN 0.9 NW, IL US","2020-01-07",,,,,,
"US1ILCK0282","BERWYN 0.9 NW, IL US","2020-01-08",,,,,,
"US1ILCK0282","BERWYN 0.9 NW, IL US","2020-01-09",,,,,,
"US1ILCK0282","BERWYN 0.9 NW, IL US","2020-01-10",,,,,,
"US1ILCK0282","BERWYN 0.9 NW, IL US","2020-01-11",,,,,,
"US1ILCK0282","BERWYN 0.9 NW, IL US","2020-01-12",,,,,,
"US1ILCK0282","BERWYN 0.9 NW, IL US","2020-01-13",,,,,,
"US1ILCK0282","BERWYN 0.9 NW, IL US","2020-01-14",,,,,,
"US1ILCK0282","BERWYN 0.9 NW, IL US","2020-01-15",,,,,,
"US1ILCK0282","BERWYN 0.9 NW, IL US","2020-01-16",,,,,,
"US1ILCK0282","BERWYN 0.9 NW, IL US","2020-01-17",,,,,,
"US1ILCK0282","BERWYN 0.9 NW, IL US","2020-01-18",,,,,,
"US1ILCK0282","BERWYN 0.9 NW, IL US","2020-01-19",,,,,,
"US1ILCK0282","BERWYN 0.9 NW, IL US","2020-01-21",,,,,,
"US1ILCK0282","BERWYN 0.9 NW, IL US","2020-01-22",,,,,,
"US1ILCK0282","BERWYN 0.9 NW, IL US","2020-01-23",,,,,,
"US1ILCK0282","BERWYN 0.9 NW, IL US","2020-01-24",,,,,,
"US1ILCK0282","BERWYN 0.9 NW, IL US","2020-01-25",,,,,,
"US1ILCK0282","BERWYN 0.9 NW, IL US","2020-01-26",,,,,,
"US1ILCK0282","BERWYN 0.9 NW, IL US","2020-01-27",,,,,,
"US1ILCK0282","BERWYN 0.9 NW, IL US","2020-01-28",,,,,,
"US1ILCK0282","BERWYN 0.9 NW, IL US","2020-05-18",,,,,,
"US1ILDP0156","NAPERVILLE 0.5 NW, IL US","2019-10-01",,,,,,
"US1ILDP0156","NAPERVILLE 0.5 NW, IL US","2019-10-03",,,,,,
"US1ILDP0156","NAPERVILLE 0.5 NW, IL US","2019-10-04",,,,,,
"US1ILDP0156","NAPERVILLE 0.5 NW, IL US","2019-10-05",,,,,,
"US1ILDP0156","NAPERVILLE 0.5 NW, IL US","2019-10-06",,,,,,
"US1ILDP0156","NAPERVILLE 0.5 NW, IL US","2019-10-07",,,,,,
"US1ILDP0156","NAPERVILLE 0.5 NW, IL US","2019-10-11",,,,,,
"US1ILDP0156","NAPERVILLE 0.5 NW, IL US","2019-10-12",,,,,,
"US1ILDP0156","NAPERVILLE 0.5 NW, IL US","2019-10-13",,,,,,
"US1ILDP0156","NAPERVILLE 0.5 NW, IL US","2019-10-14",,,,,,
"US1ILDP0156","NAPERVILLE 0.5 NW, IL US","2019-10-15",,,,,,
"US1ILDP0156","NAPERVILLE 0.5 NW, IL US","2019-10-17",,,,,,
"US1ILDP0156","NAPERVILLE 0.5 NW, IL US","2019-10-18",,,,,,
"US1ILDP0156","NAPERVILLE 0.5 NW, IL US","2019-10-19",,,,,,
"US1ILDP0156","NAPERVILLE 0.5 NW, IL US","2019-10-20",,,,,,
"US1ILDP0156","NAPERVILLE 0.5 NW, IL US","2019-10-22",,,,,,
"US1ILDP0156","NAPERVILLE 0.5 NW, IL US","2019-10-23",,,,,,
"US1ILDP0156","NAPERVILLE 0.5 NW, IL US","2019-10-24",,,,,,
"US1ILDP0156","NAPERVILLE 0.5 NW, IL US","2019-10-27",,,,,,
"US1ILDP0156","NAPERVILLE 0.5 NW, IL US","2019-10-29",,,,,,
"US1ILDP0156","NAPERVILLE 0.5 NW, IL US","2019-10-30",,,,,,
"US1ILDP0156","NAPERVILLE 0.5 NW, IL US","2019-10-31",,,,,,
"US1ILDP0156","NAPERVILLE 0.5 NW, IL US","2019-11-18",,,,,,
"US1ILDP0156","NAPERVILLE 0.5 NW, IL US","2019-11-19",,,,,,
"US1ILDP0156","NAPERVILLE 0.5 NW, IL US","2019-11-20",,,,,,
"US1ILDP0156","NAPERVILLE 0.5 NW, IL US","2019-11-21",,,,,,
"US1ILDP0156","NAPERVILLE 0.5 NW, IL US","2019-11-22",,,,,,
"US1ILDP0156","NAPERVILLE 0.5 NW, IL US","2019-11-27",,,,,,
"US1ILDP0156","NAPERVILLE 0.5 NW, IL US","2019-11-29",,,,,,
"US1ILDP0156","NAPERVILLE 0.5 NW, IL US","2019-11-30",,,,,,
"US1ILDP0156","NAPERVILLE 0.5 NW, IL US","2019-12-01",,,,,,
"US1ILDP0156","NAPERVILLE 0.5 NW, IL US","2019-12-02",,,,,,
"US1ILDP0156","NAPERVILLE 0.5 NW, IL US","2019-12-09",,,,,,
"US1ILDP0156","NAPERVILLE 0.5 NW, IL US","2019-12-10",,,,,,
"US1ILDP0156","NAPERVILLE 0.5 NW, IL US","2019-12-29",,,,,,
"US1ILDP0156","NAPERVILLE 0.5 NW, IL US","2019-12-30",,,,,,
"US1ILDP0156","NAPERVILLE 0.5 NW, IL US","2019-12-31",,,,,,
"US1ILDP0156","NAPERVILLE 0.5 NW, IL US","2020-01-04",,,,,,
"US1ILDP0156","NAPERVILLE 0.5 NW, IL US","2020-01-09",,,,,,
"US1ILDP0156","NAPERVILLE 0.5 NW, IL US","2020-01-10",,,,,,
"US1ILDP0156","NAPERVILLE 0.5 NW, IL US","2020-01-11",,,,,,
"US1ILDP0156","NAPERVILLE 0.5 NW, IL US","2020-01-12",,,,,,
"US1ILDP0156","NAPERVILLE 0.5 NW, IL US","2020-01-13",,,,,,
"US1ILDP0156","NAPERVILLE 0.5 NW, IL US","2020-01-14",,,,,,
"US1ILDP0156","NAPERVILLE 0.5 NW, IL US","2020-01-18",,,,,,
"US1ILDP0156","NAPERVILLE 0.5 NW, IL US","2020-01-21",,,,,,
"US1ILDP0156","NAPERVILLE 0.5 NW, IL US","2020-01-22",,,,,,
"US1ILDP0156","NAPERVILLE 0.5 NW, IL US","2020-01-23",,,,,,
"US1ILDP0156","NAPERVILLE 0.5 NW, IL US","2020-01-24",,,,,,
"US1ILDP0156","NAPERVILLE 0.5 NW, IL US","2020-01-25",,,,,,
"US1ILDP0156","NAPERVILLE 0.5 NW, IL US","2020-01-26",,,,,,
"US1ILDP0156","NAPERVILLE 0.5 NW, IL US","2020-01-27",,,,,,
"US1ILDP0156","NAPERVILLE 0.5 NW, IL US","2020-01-30",,,,,,
"US1ILDP0156","NAPERVILLE 0.5 NW, IL US","2020-01-31",,,,,,
"US1ILDP0156","NAPERVILLE 0.5 NW, IL US","2020-02-01",,,,,,
"US1ILDP0156","NAPERVILLE 0.5 NW, IL US","2020-02-05",,,,,,
"US1ILDP0156","NAPERVILLE 0.5 NW, IL US","2020-02-06",,,,,,
"US1ILDP0156","NAPERVILLE 0.5 NW, IL US","2020-02-09",,,,,,
"US1ILDP0156","NAPERVILLE 0.5 NW, IL US","2020-02-11",,,,,,
"US1ILDP0156","NAPERVILLE 0.5 NW, IL US","2020-02-13",,,,,,
"US1ILDP0156","NAPERVILLE 0.5 NW, IL US","2020-02-18",,,,,,
"US1ILDP0156","NAPERVILLE 0.5 NW, IL US","2020-02-21",,,,,,
"US1ILDP0156","NAPERVILLE 0.5 NW, IL US","2020-02-25",,,,,,
"US1ILDP0156","NAPERVILLE 0.5 NW, IL US","2020-02-26",,,,,,
"US1ILDP0156","NAPERVILLE 0.5 NW, IL US","2020-02-28",,,,,,
"US1ILDP0156","NAPERVILLE 0.5 NW, IL US","2020-02-29",,,,,,
"US1ILDP0156","NAPERVILLE 0.5 NW, IL US","2020-03-04",,,,,,
"US1ILDP0156","NAPERVILLE 0.5 NW, IL US","2020-03-05",,,,,,
"US1ILDP0156","NAPERVILLE 0.5 NW, IL US","2020-03-08",,,,,,
"US1ILDP0156","NAPERVILLE 0.5 NW, IL US","2020-03-09",,,,,,
"US1ILDP0156","NAPERVILLE 0.5 NW, IL US","2020-03-10",,,,,,
"US1ILDP0156","NAPERVILLE 0.5 NW, IL US","2020-03-11",,,,,,
"US1ILDP0156","NAPERVILLE 0.5 NW, IL US","2020-03-13",,,,,,
"US1ILDP0156","NAPERVILLE 0.5 NW, IL US","2020-03-15",,,,,,
"US1ILDP0156","NAPERVILLE 0.5 NW, IL US","2020-03-16",,,,,,
"US1ILDP0156","NAPERVILLE 0.5 NW, IL US","2020-03-17",,,,,,
"US1ILDP0156","NAPERVILLE 0.5 NW, IL US","2020-03-18",,,,,,
"US1ILDP0156","NAPERVILLE 0.5 NW, IL US","2020-03-19",,,,,,
"US1ILDP0156","NAPERVILLE 0.5 NW, IL US","2020-03-20",,,,,,
"US1ILDP0156","NAPERVILLE 0.5 NW, IL US","2020-03-21",,,,,,
"US1ILDP0156","NAPERVILLE 0.5 NW, IL US","2020-03-23",,,,,,
"US1ILDP0156","NAPERVILLE 0.5 NW, IL US","2020-03-25",,,,,,
"US1ILDP0156","NAPERVILLE 0.5 NW, IL US","2020-03-26",,,,,,
"US1ILDP0156","NAPERVILLE 0.5 NW, IL US","2020-03-27",,,,,,
"US1ILDP0156","NAPERVILLE 0.5 NW, IL US","2020-03-28",,,,,,
"US1ILDP0156","NAPERVILLE 0.5 NW, IL US","2020-03-29",,,,,,
"US1ILDP0156","NAPERVILLE 0.5 NW, IL US","2020-03-30",,,,,,
"US1ILDP0156","NAPERVILLE 0.5 NW, IL US","2020-03-31",,,,,,
"US1ILDP0156","NAPERVILLE 0.5 NW, IL US","2020-04-01",,,,,,
"US1ILDP0156","NAPERVILLE 0.5 NW, IL US","2020-04-02",,,,,,
"US1ILDP0156","NAPERVILLE 0.5 NW, IL US","2020-04-03",,,,,,
"US1ILDP0156","NAPERVILLE 0.5 NW, IL US","2020-04-04",,,,,,
"US1ILDP0156","NAPERVILLE 0.5 NW, IL US","2020-04-05",,,,,,
"US1ILDP0156","NAPERVILLE 0.5 NW, IL US","2020-04-06",,,,,,
"US1ILDP0156","NAPERVILLE 0.5 NW, IL US","2020-04-07",,,,,,
"US1ILDP0156","NAPERVILLE 0.5 NW, IL US","2020-04-09",,,,,,
"US1ILDP0156","NAPERVILLE 0.5 NW, IL US","2020-04-12",,,,,,
"US1ILDP0156","NAPERVILLE 0.5 NW, IL US","2020-04-13",,,,,,
"US1ILDP0156","NAPERVILLE 0.5 NW, IL US","2020-04-14",,,,,,
"US1ILDP0156","NAPERVILLE 0.5 NW, IL US","2020-04-15",,,,,,
"US1ILDP0156","NAPERVILLE 0.5 NW, IL US","2020-04-16",,,,,,
"US1ILDP0156","NAPERVILLE 0.5 NW, IL US","2020-04-17",,,,,,
"US1ILDP0156","NAPERVILLE 0.5 NW, IL US","2020-04-18",,,,,,
"US1ILDP0156","NAPERVILLE 0.5 NW, IL US","2020-04-19",,,,,,
"US1ILDP0156","NAPERVILLE 0.5 NW, IL US","2020-04-21",,,,,,
"US1ILDP0156","NAPERVILLE 0.5 NW, IL US","2020-04-23",,,,,,
"US1ILDP0156","NAPERVILLE 0.5 NW, IL US","2020-04-24",,,,,,
"US1ILDP0156","NAPERVILLE 0.5 NW, IL US","2020-04-25",,,,,,
"US1ILDP0156","NAPERVILLE 0.5 NW, IL US","2020-04-26",,,,,,
"US1ILDP0156","NAPERVILLE 0.5 NW, IL US","2020-04-27",,,,,,
"US1ILDP0156","NAPERVILLE 0.5 NW, IL US","2020-04-28",,,,,,
"US1ILDP0156","NAPERVILLE 0.5 NW, IL US","2020-04-29",,,,,,
"US1ILDP0156","NAPERVILLE 0.5 NW, IL US","2020-04-30",,,,,,
"US1ILDP0156","NAPERVILLE 0.5 NW, IL US","2020-05-01",,,,,,
"US1ILDP0156","NAPERVILLE 0.5 NW, IL US","2020-05-03",,,,,,
"US1ILDP0156","NAPERVILLE 0.5 NW, IL US","2020-05-04",,,,,,
"US1ILDP0156","NAPERVILLE 0.5 NW, IL US","2020-05-05",,,,,,
"US1ILDP0156","NAPERVILLE 0.5 NW, IL US","2020-05-06",,,,,,
"US1ILDP0156","NAPERVILLE 0.5 NW, IL US","2020-05-11",,,,,,
"US1ILDP0156","NAPERVILLE 0.5 NW, IL US","2020-05-13",,,,,,
"US1ILDP0156","NAPERVILLE 0.5 NW, IL US","2020-05-14",,,,,,
"US1ILDP0156","NAPERVILLE 0.5 NW, IL US","2020-05-15",,,,,,
"US1ILDP0156","NAPERVILLE 0.5 NW, IL US","2020-05-16",,,,,,
"US1ILDP0156","NAPERVILLE 0.5 NW, IL US","2020-05-17",,,,,,
"US1ILDP0156","NAPERVILLE 0.5 NW, IL US","2020-05-18",,,,,,
"US1ILDP0156","NAPERVILLE 0.5 NW, IL US","2020-05-19",,,,,,
"US1ILDP0156","NAPERVILLE 0.5 NW, IL US","2020-05-20",,,,,,
"US1ILDP0156","NAPERVILLE 0.5 NW, IL US","2020-05-22",,,,,,
"US1ILDP0156","NAPERVILLE 0.5 NW, IL US","2020-05-24",,,,,,
"US1ILDP0156","NAPERVILLE 0.5 NW, IL US","2020-05-25",,,,,,
"US1ILDP0156","NAPERVILLE 0.5 NW, IL US","2020-05-27",,,,,,
"US1ILDP0156","NAPERVILLE 0.5 NW, IL US","2020-05-28",,,,,,
"US1ILDP0156","NAPERVILLE 0.5 NW, IL US","2020-05-29",,,,,,
"US1ILDP0156","NAPERVILLE 0.5 NW, IL US","2020-05-31",,,,,,
"US1ILDP0156","NAPERVILLE 0.5 NW, IL US","2020-06-03",,,,,,
"US1ILDP0156","NAPERVILLE 0.5 NW, IL US","2020-06-04",,,,,,
"US1ILDP0156","NAPERVILLE 0.5 NW, IL US","2020-06-06",,,,,,
"US1ILDP0156","NAPERVILLE 0.5 NW, IL US","2020-06-09",,,,,,
"US1ILDP0156","NAPERVILLE 0.5 NW, IL US","2020-06-10",,,,,,
"US1ILDP0156","NAPERVILLE 0.5 NW, IL US","2020-06-11",,,,,,
"US1ILDP0156","NAPERVILLE 0.5 NW, IL US","2020-06-13",,,,,,
"US1ILDP0156","NAPERVILLE 0.5 NW, IL US","2020-06-20",,,,,,
"US1ILDP0156","NAPERVILLE 0.5 NW, IL US","2020-06-21",,,,,,
"US1ILDP0156","NAPERVILLE 0.5 NW, IL US","2020-06-23",,,,,,
"US1ILDP0156","NAPERVILLE 0.5 NW, IL US","2020-06-25",,,,,,
"US1ILDP0156","NAPERVILLE 0.5 NW, IL US","2020-06-27",,,,,,
"US1ILDP0156","NAPERVILLE 0.5 NW, IL US","2020-06-28",,,,,,
"US1ILDP0156","NAPERVILLE 0.5 NW, IL US","2020-06-29",,,,,,
"US1ILDP0156","NAPERVILLE 0.5 NW, IL US","2020-06-30",,,,,,
"US1ILDP0156","NAPERVILLE 0.5 NW, IL US","2020-07-01",,,,,,
"US1ILDP0156","NAPERVILLE 0.5 NW, IL US","2020-07-02",,,,,,
"US1ILDP0156","NAPERVILLE 0.5 NW, IL US","2020-07-06",,,,,,
"US1ILDP0156","NAPERVILLE 0.5 NW, IL US","2020-07-08",,,,,,
"US1ILDP0156","NAPERVILLE 0.5 NW, IL US","2020-07-10",,,,,,
"US1ILDP0156","NAPERVILLE 0.5 NW, IL US","2020-07-11",,,,,,
"US1ILDP0156","NAPERVILLE 0.5 NW, IL US","2020-07-12",,,,,,
"US1ILDP0156","NAPERVILLE 0.5 NW, IL US","2020-07-14",,,,,,
"US1ILDP0156","NAPERVILLE 0.5 NW, IL US","2020-07-16",,,,,,
"US1ILDP0156","NAPERVILLE 0.5 NW, IL US","2020-07-19",,,,,,
"US1ILDP0156","NAPERVILLE 0.5 NW, IL US","2020-07-20",,,,,,
"US1ILDP0156","NAPERVILLE 0.5 NW, IL US","2020-07-22",,,,,,
"US1ILDP0156","NAPERVILLE 0.5 NW, IL US","2020-07-25",,,,,,
"US1ILDP0156","NAPERVILLE 0.5 NW, IL US","2020-07-26",,,,,,
"US1ILDP0156","NAPERVILLE 0.5 NW, IL US","2020-07-27",,,,,,
"US1ILDP0156","NAPERVILLE 0.5 NW, IL US","2020-07-28",,,,,,
"US1ILDP0156","NAPERVILLE 0.5 NW, IL US","2020-07-29",,,,,,
"US1ILDP0156","NAPERVILLE 0.5 NW, IL US","2020-07-30",,,,,,
"US1ILDP0156","NAPERVILLE 0.5 NW, IL US","2020-07-31",,,,,,
"US1ILDP0156","NAPERVILLE 0.5 NW, IL US","2020-08-01",,,,,,
"US1ILDP0156","NAPERVILLE 0.5 NW, IL US","2020-08-02",,,,,,
"US1ILDP0156","NAPERVILLE 0.5 NW, IL US","2020-08-03",,,,,,
"US1ILDP0156","NAPERVILLE 0.5 NW, IL US","2020-08-04",,,,,,
"US1ILDP0156","NAPERVILLE 0.5 NW, IL US","2020-08-05",,,,,,
"US1ILDP0156","NAPERVILLE 0.5 NW, IL US","2020-08-07",,,,,,
"US1ILDP0156","NAPERVILLE 0.5 NW, IL US","2020-08-10",,,,,,
"US1ILDP0156","NAPERVILLE 0.5 NW, IL US","2020-09-07",,,,,,
"US1ILCK0042","MOUNT PROSPECT 3.0 NE, IL US","2019-10-01",,,,,,
"US1ILCK0042","MOUNT PROSPECT 3.0 NE, IL US","2019-10-02",,,,,,
"US1ILCK0042","MOUNT PROSPECT 3.0 NE, IL US","2019-10-03",,,,,,
"US1ILCK0042","MOUNT PROSPECT 3.0 NE, IL US","2019-10-04",,,,,,
"US1ILCK0042","MOUNT PROSPECT 3.0 NE, IL US","2019-10-05",,,,,,
"US1ILCK0042","MOUNT PROSPECT 3.0 NE, IL US","2019-10-06",,,,,,
"US1ILCK0042","MOUNT PROSPECT 3.0 NE, IL US","2019-10-07",,,,,,
"US1ILCK0042","MOUNT PROSPECT 3.0 NE, IL US","2019-10-08",,,,,,
"US1ILCK0042","MOUNT PROSPECT 3.0 NE, IL US","2019-10-09",,,,,,
"US1ILCK0042","MOUNT PROSPECT 3.0 NE, IL US","2019-10-10",,,,,,
"US1ILCK0042","MOUNT PROSPECT 3.0 NE, IL US","2019-10-11",,,,,,
"US1ILCK0042","MOUNT PROSPECT 3.0 NE, IL US","2019-10-12",,,,,,
"US1ILCK0042","MOUNT PROSPECT 3.0 NE, IL US","2019-10-13",,,,,,
"US1ILCK0042","MOUNT PROSPECT 3.0 NE, IL US","2019-10-14",,,,,,
"US1ILCK0042","MOUNT PROSPECT 3.0 NE, IL US","2019-10-15",,,,,,
"US1ILCK0042","MOUNT PROSPECT 3.0 NE, IL US","2019-10-16",,,,,,
"US1ILCK0042","MOUNT PROSPECT 3.0 NE, IL US","2019-10-17",,,,,,
"US1ILCK0042","MOUNT PROSPECT 3.0 NE, IL US","2019-10-18",,,,,,
"US1ILCK0042","MOUNT PROSPECT 3.0 NE, IL US","2019-10-19",,,,,,
"US1ILCK0042","MOUNT PROSPECT 3.0 NE, IL US","2019-10-20",,,,,,
"US1ILCK0042","MOUNT PROSPECT 3.0 NE, IL US","2019-10-21",,,,,,
"US1ILCK0042","MOUNT PROSPECT 3.0 NE, IL US","2019-10-22",,,,,,
"US1ILCK0042","MOUNT PROSPECT 3.0 NE, IL US","2019-10-30",,,,,,
"US1ILCK0042","MOUNT PROSPECT 3.0 NE, IL US","2019-10-31",,,,,,
"US1ILCK0042","MOUNT PROSPECT 3.0 NE, IL US","2019-11-01",,,,,,
"US1ILCK0042","MOUNT PROSPECT 3.0 NE, IL US","2019-11-02",,,,,,
"US1ILCK0042","MOUNT PROSPECT 3.0 NE, IL US","2019-11-03",,,,,,
"US1ILCK0042","MOUNT PROSPECT 3.0 NE, IL US","2019-11-04",,,,,,
"US1ILCK0042","MOUNT PROSPECT 3.0 NE, IL US","2019-11-05",,,,,,
"US1ILCK0042","MOUNT PROSPECT 3.0 NE, IL US","2019-11-06",,,,,,
"US1ILCK0042","MOUNT PROSPECT 3.0 NE, IL US","2019-11-07",,,,,,
"US1ILCK0042","MOUNT PROSPECT 3.0 NE, IL US","2019-11-08",,,,,,
"US1ILCK0042","MOUNT PROSPECT 3.0 NE, IL US","2019-11-09",,,,,,
"US1ILCK0042","MOUNT PROSPECT 3.0 NE, IL US","2019-11-10",,,,,,
"US1ILCK0042","MOUNT PROSPECT 3.0 NE, IL US","2019-11-11",,,,,,
"US1ILCK0042","MOUNT PROSPECT 3.0 NE, IL US","2019-11-12",,,,,,
"US1ILCK0042","MOUNT PROSPECT 3.0 NE, IL US","2019-11-13",,,,,,
"US1ILCK0042","MOUNT PROSPECT 3.0 NE, IL US","2019-11-14",,,,,,
"US1ILCK0042","MOUNT PROSPECT 3.0 NE, IL US","2019-11-15",,,,,,
"US1ILCK0042","MOUNT PROSPECT 3.0 NE, IL US","2019-11-16",,,,,,
"US1ILCK0042","MOUNT PROSPECT 3.0 NE, IL US","2019-11-18",,,,,,
"US1ILCK0042","MOUNT PROSPECT 3.0 NE, IL US","2019-11-19",,,,,,
"US1ILCK0042","MOUNT PROSPECT 3.0 NE, IL US","2019-11-20",,,,,,
"US1ILCK0042","MOUNT PROSPECT 3.0 NE, IL US","2019-11-21",,,,,,
"US1ILCK0042","MOUNT PROSPECT 3.0 NE, IL US","2019-11-22",,,,,,
"US1ILCK0042","MOUNT PROSPECT 3.0 NE, IL US","2019-11-23",,,,,,
"US1ILCK0042","MOUNT PROSPECT 3.0 NE, IL US","2019-11-24",,,,,,
"US1ILCK0042","MOUNT PROSPECT 3.0 NE, IL US","2019-11-25",,,,,,
"US1ILCK0042","MOUNT PROSPECT 3.0 NE, IL US","2019-11-26",,,,,,
"US1ILCK0042","MOUNT PROSPECT 3.0 NE, IL US","2019-11-27",,,,,,
"US1ILCK0042","MOUNT PROSPECT 3.0 NE, IL US","2019-11-28",,,,,,
"US1ILCK0042","MOUNT PROSPECT 3.0 NE, IL US","2019-11-29",,,,,,
"US1ILCK0042","MOUNT PROSPECT 3.0 NE, IL US","2019-11-30",,,,,,
"US1ILCK0042","MOUNT PROSPECT 3.0 NE, IL US","2019-12-02",,,,,,
"US1ILCK0042","MOUNT PROSPECT 3.0 NE, IL US","2019-12-03",,,,,,
"US1ILCK0042","MOUNT PROSPECT 3.0 NE, IL US","2019-12-04",,,,,,
"US1ILCK0042","MOUNT PROSPECT 3.0 NE, IL US","2019-12-05",,,,,,
"US1ILCK0042","MOUNT PROSPECT 3.0 NE, IL US","2019-12-06",,,,,,
"US1ILCK0042","MOUNT PROSPECT 3.0 NE, IL US","2019-12-07",,,,,,
"US1ILCK0042","MOUNT PROSPECT 3.0 NE, IL US","2019-12-08",,,,,,
"US1ILCK0042","MOUNT PROSPECT 3.0 NE, IL US","2019-12-09",,,,,,
"US1ILCK0042","MOUNT PROSPECT 3.0 NE, IL US","2019-12-10",,,,,,
"US1ILCK0042","MOUNT PROSPECT 3.0 NE, IL US","2019-12-11",,,,,,
"US1ILCK0042","MOUNT PROSPECT 3.0 NE, IL US","2019-12-12",,,,,,
"US1ILCK0042","MOUNT PROSPECT 3.0 NE, IL US","2019-12-13",,,,,,
"US1ILCK0042","MOUNT PROSPECT 3.0 NE, IL US","2019-12-14",,,,,,
"US1ILCK0042","MOUNT PROSPECT 3.0 NE, IL US","2019-12-15",,,,,,
"US1ILCK0042","MOUNT PROSPECT 3.0 NE, IL US","2019-12-16",,,,,,
"US1ILCK0042","MOUNT PROSPECT 3.0 NE, IL US","2019-12-17",,,,,,
"US1ILCK0042","MOUNT PROSPECT 3.0 NE, IL US","2019-12-18",,,,,,
"US1ILCK0042","MOUNT PROSPECT 3.0 NE, IL US","2019-12-19",,,,,,
"US1ILCK0042","MOUNT PROSPECT 3.0 NE, IL US","2019-12-20",,,,,,
"US1ILCK0042","MOUNT PROSPECT 3.0 NE, IL US","2019-12-21",,,,,,
"US1ILCK0042","MOUNT PROSPECT 3.0 NE, IL US","2019-12-22",,,,,,
"US1ILCK0042","MOUNT PROSPECT 3.0 NE, IL US","2019-12-23",,,,,,
"US1ILCK0042","MOUNT PROSPECT 3.0 NE, IL US","2019-12-24",,,,,,
"US1ILCK0042","MOUNT PROSPECT 3.0 NE, IL US","2019-12-25",,,,,,
"US1ILCK0042","MOUNT PROSPECT 3.0 NE, IL US","2019-12-26",,,,,,
"US1ILCK0042","MOUNT PROSPECT 3.0 NE, IL US","2019-12-27",,,,,,
"US1ILCK0042","MOUNT PROSPECT 3.0 NE, IL US","2019-12-28",,,,,,
"US1ILCK0042","MOUNT PROSPECT 3.0 NE, IL US","2019-12-29",,,,,,
"US1ILCK0042","MOUNT PROSPECT 3.0 NE, IL US","2019-12-30",,,,,,
"US1ILCK0042","MOUNT PROSPECT 3.0 NE, IL US","2019-12-31",,,,,,
"US1ILCK0042","MOUNT PROSPECT 3.0 NE, IL US","2020-01-01",,,,,,
"US1ILCK0042","MOUNT PROSPECT 3.0 NE, IL US","2020-01-02",,,,,,
"US1ILCK0042","MOUNT PROSPECT 3.0 NE, IL US","2020-01-03",,,,,,
"US1ILCK0042","MOUNT PROSPECT 3.0 NE, IL US","2020-01-04",,,,,,
"US1ILCK0042","MOUNT PROSPECT 3.0 NE, IL US","2020-01-05",,,,,,
"US1ILCK0042","MOUNT PROSPECT 3.0 NE, IL US","2020-01-06",,,,,,
"US1ILCK0042","MOUNT PROSPECT 3.0 NE, IL US","2020-01-07",,,,,,
"US1ILCK0042","MOUNT PROSPECT 3.0 NE, IL US","2020-01-08",,,,,,
"US1ILCK0042","MOUNT PROSPECT 3.0 NE, IL US","2020-01-09",,,,,,
"US1ILCK0042","MOUNT PROSPECT 3.0 NE, IL US","2020-01-10",,,,,,
"US1ILCK0042","MOUNT PROSPECT 3.0 NE, IL US","2020-01-11",,,,,,
"US1ILCK0042","MOUNT PROSPECT 3.0 NE, IL US","2020-01-12",,,,,,
"US1ILCK0042","MOUNT PROSPECT 3.0 NE, IL US","2020-01-13",,,,,,
"US1ILCK0042","MOUNT PROSPECT 3.0 NE, IL US","2020-01-14",,,,,,
"US1ILCK0042","MOUNT PROSPECT 3.0 NE, IL US","2020-01-15",,,,,,
"US1ILCK0042","MOUNT PROSPECT 3.0 NE, IL US","2020-01-16",,,,,,
"US1ILCK0042","MOUNT PROSPECT 3.0 NE, IL US","2020-01-17",,,,,,
"US1ILCK0042","MOUNT PROSPECT 3.0 NE, IL US","2020-01-18",,,,,,
"US1ILCK0042","MOUNT PROSPECT 3.0 NE, IL US","2020-01-19",,,,,,
"US1ILCK0042","MOUNT PROSPECT 3.0 NE, IL US","2020-01-20",,,,,,
"US1ILCK0042","MOUNT PROSPECT 3.0 NE, IL US","2020-02-05",,,,,,
"US1ILCK0042","MOUNT PROSPECT 3.0 NE, IL US","2020-02-06",,,,,,
"US1ILCK0042","MOUNT PROSPECT 3.0 NE, IL US","2020-02-07",,,,,,
"US1ILCK0042","MOUNT PROSPECT 3.0 NE, IL US","2020-02-08",,,,,,
"US1ILCK0042","MOUNT PROSPECT 3.0 NE, IL US","2020-02-09",,,,,,
"US1ILCK0042","MOUNT PROSPECT 3.0 NE, IL US","2020-02-10",,,,,,
"US1ILCK0042","MOUNT PROSPECT 3.0 NE, IL US","2020-02-11",,,,,,
"US1ILCK0042","MOUNT PROSPECT 3.0 NE, IL US","2020-02-12",,,,,,
"US1ILCK0042","MOUNT PROSPECT 3.0 NE, IL US","2020-02-13",,,,,,
"US1ILCK0042","MOUNT PROSPECT 3.0 NE, IL US","2020-02-14",,,,,,
"US1ILCK0042","MOUNT PROSPECT 3.0 NE, IL US","2020-02-15",,,,,,
"US1ILCK0042","MOUNT PROSPECT 3.0 NE, IL US","2020-02-16",,,,,,
"US1ILCK0042","MOUNT PROSPECT 3.0 NE, IL US","2020-02-17",,,,,,
"US1ILCK0042","MOUNT PROSPECT 3.0 NE, IL US","2020-02-18",,,,,,
"US1ILCK0042","MOUNT PROSPECT 3.0 NE, IL US","2020-02-19",,,,,,
"US1ILCK0042","MOUNT PROSPECT 3.0 NE, IL US","2020-02-20",,,,,,
"US1ILCK0042","MOUNT PROSPECT 3.0 NE, IL US","2020-02-21",,,,,,
"US1ILCK0042","MOUNT PROSPECT 3.0 NE, IL US","2020-02-22",,,,,,
"US1ILCK0042","MOUNT PROSPECT 3.0 NE, IL US","2020-02-23",,,,,,
"US1ILCK0042","MOUNT PROSPECT 3.0 NE, IL US","2020-02-24",,,,,,
"US1ILCK0042","MOUNT PROSPECT 3.0 NE, IL US","2020-02-25",,,,,,
"US1ILCK0042","MOUNT PROSPECT 3.0 NE, IL US","2020-02-26",,,,,,
"US1ILCK0042","MOUNT PROSPECT 3.0 NE, IL US","2020-02-27",,,,,,
"US1ILCK0042","MOUNT PROSPECT 3.0 NE, IL US","2020-02-28",,,,,,
"US1ILCK0042","MOUNT PROSPECT 3.0 NE, IL US","2020-02-29",,,,,,
"US1ILCK0042","MOUNT PROSPECT 3.0 NE, IL US","2020-03-01",,,,,,
"US1ILCK0042","MOUNT PROSPECT 3.0 NE, IL US","2020-03-02",,,,,,
"US1ILCK0042","MOUNT PROSPECT 3.0 NE, IL US","2020-03-03",,,,,,
"US1ILCK0042","MOUNT PROSPECT 3.0 NE, IL US","2020-03-04",,,,,,
"US1ILCK0042","MOUNT PROSPECT 3.0 NE, IL US","2020-03-05",,,,,,
"US1ILCK0042","MOUNT PROSPECT 3.0 NE, IL US","2020-03-06",,,,,,
"US1ILCK0042","MOUNT PROSPECT 3.0 NE, IL US","2020-03-07",,,,,,
"US1ILCK0042","MOUNT PROSPECT 3.0 NE, IL US","2020-03-08",,,,,,
"US1ILCK0042","MOUNT PROSPECT 3.0 NE, IL US","2020-03-09",,,,,,
"US1ILCK0042","MOUNT PROSPECT 3.0 NE, IL US","2020-03-10",,,,,,
"US1ILCK0042","MOUNT PROSPECT 3.0 NE, IL US","2020-03-11",,,,,,
"US1ILCK0042","MOUNT PROSPECT 3.0 NE, IL US","2020-03-12",,,,,,
"US1ILCK0042","MOUNT PROSPECT 3.0 NE, IL US","2020-03-13",,,,,,
"US1ILCK0042","MOUNT PROSPECT 3.0 NE, IL US","2020-03-14",,,,,,
"US1ILCK0042","MOUNT PROSPECT 3.0 NE, IL US","2020-03-15",,,,,,
"US1ILCK0042","MOUNT PROSPECT 3.0 NE, IL US","2020-03-16",,,,,,
"US1ILCK0042","MOUNT PROSPECT 3.0 NE, IL US","2020-03-17",,,,,,
"US1ILCK0042","MOUNT PROSPECT 3.0 NE, IL US","2020-03-18",,,,,,
"US1ILCK0042","MOUNT PROSPECT 3.0 NE, IL US","2020-03-19",,,,,,
"US1ILCK0042","MOUNT PROSPECT 3.0 NE, IL US","2020-03-20",,,,,,
"US1ILCK0042","MOUNT PROSPECT 3.0 NE, IL US","2020-03-21",,,,,,
"US1ILCK0042","MOUNT PROSPECT 3.0 NE, IL US","2020-03-22",,,,,,
"US1ILCK0042","MOUNT PROSPECT 3.0 NE, IL US","2020-03-23",,,,,,
"US1ILCK0042","MOUNT PROSPECT 3.0 NE, IL US","2020-03-24",,,,,,
"US1ILCK0042","MOUNT PROSPECT 3.0 NE, IL US","2020-03-25",,,,,,
"US1ILCK0042","MOUNT PROSPECT 3.0 NE, IL US","2020-03-26",,,,,,
"US1ILCK0042","MOUNT PROSPECT 3.0 NE, IL US","2020-03-27",,,,,,
"US1ILCK0042","MOUNT PROSPECT 3.0 NE, IL US","2020-03-28",,,,,,
"US1ILCK0042","MOUNT PROSPECT 3.0 NE, IL US","2020-03-29",,,,,,
"US1ILCK0042","MOUNT PROSPECT 3.0 NE, IL US","2020-03-30",,,,,,
"US1ILCK0042","MOUNT PROSPECT 3.0 NE, IL US","2020-03-31",,,,,,
"US1ILCK0042","MOUNT PROSPECT 3.0 NE, IL US","2020-04-01",,,,,,
"US1ILCK0042","MOUNT PROSPECT 3.0 NE, IL US","2020-04-02",,,,,,
"US1ILCK0042","MOUNT PROSPECT 3.0 NE, IL US","2020-04-03",,,,,,
"US1ILCK0042","MOUNT PROSPECT 3.0 NE, IL US","2020-04-04",,,,,,
"US1ILCK0042","MOUNT PROSPECT 3.0 NE, IL US","2020-04-05",,,,,,
"US1ILCK0042","MOUNT PROSPECT 3.0 NE, IL US","2020-04-06",,,,,,
"US1ILCK0042","MOUNT PROSPECT 3.0 NE, IL US","2020-04-07",,,,,,
"US1ILCK0042","MOUNT PROSPECT 3.0 NE, IL US","2020-04-08",,,,,,
"US1ILCK0042","MOUNT PROSPECT 3.0 NE, IL US","2020-04-09",,,,,,
"US1ILCK0042","MOUNT PROSPECT 3.0 NE, IL US","2020-04-10",,,,,,
"US1ILCK0042","MOUNT PROSPECT 3.0 NE, IL US","2020-04-11",,,,,,
"US1ILCK0042","MOUNT PROSPECT 3.0 NE, IL US","2020-04-12",,,,,,
"US1ILCK0042","MOUNT PROSPECT 3.0 NE, IL US","2020-04-13",,,,,,
"US1ILCK0042","MOUNT PROSPECT 3.0 NE, IL US","2020-04-14",,,,,,
"US1ILCK0042","MOUNT PROSPECT 3.0 NE, IL US","2020-04-15",,,,,,
"US1ILCK0042","MOUNT PROSPECT 3.0 NE, IL US","2020-04-16",,,,,,
"US1ILCK0042","MOUNT PROSPECT 3.0 NE, IL US","2020-04-17",,,,,,
"US1ILCK0042","MOUNT PROSPECT 3.0 NE, IL US","2020-04-18",,,,,,
"US1ILCK0042","MOUNT PROSPECT 3.0 NE, IL US","2020-04-19",,,,,,
"US1ILCK0042","MOUNT PROSPECT 3.0 NE, IL US","2020-04-20",,,,,,
"US1ILCK0042","MOUNT PROSPECT 3.0 NE, IL US","2020-04-21",,,,,,
"US1ILCK0042","MOUNT PROSPECT 3.0 NE, IL US","2020-04-22",,,,,,
"US1ILCK0042","MOUNT PROSPECT 3.0 NE, IL US","2020-04-23",,,,,,
"US1ILCK0042","MOUNT PROSPECT 3.0 NE, IL US","2020-04-24",,,,,,
"US1ILCK0042","MOUNT PROSPECT 3.0 NE, IL US","2020-04-25",,,,,,
"US1ILCK0042","MOUNT PROSPECT 3.0 NE, IL US","2020-04-26",,,,,,
"US1ILCK0042","MOUNT PROSPECT 3.0 NE, IL US","2020-04-27",,,,,,
"US1ILCK0042","MOUNT PROSPECT 3.0 NE, IL US","2020-04-28",,,,,,
"US1ILCK0042","MOUNT PROSPECT 3.0 NE, IL US","2020-04-29",,,,,,
"US1ILCK0042","MOUNT PROSPECT 3.0 NE, IL US","2020-04-30",,,,,,
"US1ILCK0042","MOUNT PROSPECT 3.0 NE, IL US","2020-05-01",,,,,,
"US1ILCK0042","MOUNT PROSPECT 3.0 NE, IL US","2020-05-02",,,,,,
"US1ILCK0042","MOUNT PROSPECT 3.0 NE, IL US","2020-05-03",,,,,,
"US1ILCK0042","MOUNT PROSPECT 3.0 NE, IL US","2020-05-04",,,,,,
"US1ILCK0042","MOUNT PROSPECT 3.0 NE, IL US","2020-05-05",,,,,,
"US1ILCK0042","MOUNT PROSPECT 3.0 NE, IL US","2020-05-06",,,,,,
"US1ILCK0042","MOUNT PROSPECT 3.0 NE, IL US","2020-05-07",,,,,,
"US1ILCK0042","MOUNT PROSPECT 3.0 NE, IL US","2020-05-08",,,,,,
"US1ILCK0042","MOUNT PROSPECT 3.0 NE, IL US","2020-05-09",,,,,,
"US1ILCK0042","MOUNT PROSPECT 3.0 NE, IL US","2020-05-10",,,,,,
"US1ILCK0042","MOUNT PROSPECT 3.0 NE, IL US","2020-05-11",,,,,,
"US1ILCK0042","MOUNT PROSPECT 3.0 NE, IL US","2020-05-12",,,,,,
"US1ILCK0042","MOUNT PROSPECT 3.0 NE, IL US","2020-05-13",,,,,,
"US1ILCK0042","MOUNT PROSPECT 3.0 NE, IL US","2020-05-14",,,,,,
"US1ILCK0042","MOUNT PROSPECT 3.0 NE, IL US","2020-05-15",,,,,,
"US1ILCK0042","MOUNT PROSPECT 3.0 NE, IL US","2020-05-16",,,,,,
"US1ILCK0042","MOUNT PROSPECT 3.0 NE, IL US","2020-05-17",,,,,,
"US1ILCK0042","MOUNT PROSPECT 3.0 NE, IL US","2020-05-18",,,,,,
"US1ILCK0042","MOUNT PROSPECT 3.0 NE, IL US","2020-05-19",,,,,,
"US1ILCK0042","MOUNT PROSPECT 3.0 NE, IL US","2020-05-20",,,,,,
"US1ILCK0042","MOUNT PROSPECT 3.0 NE, IL US","2020-05-21",,,,,,
"US1ILCK0042","MOUNT PROSPECT 3.0 NE, IL US","2020-05-22",,,,,,
"US1ILCK0042","MOUNT PROSPECT 3.0 NE, IL US","2020-05-23",,,,,,
"US1ILCK0042","MOUNT PROSPECT 3.0 NE, IL US","2020-05-24",,,,,,
"US1ILCK0042","MOUNT PROSPECT 3.0 NE, IL US","2020-05-26",,,,,,
"US1ILCK0042","MOUNT PROSPECT 3.0 NE, IL US","2020-05-27",,,,,,
"US1ILCK0042","MOUNT PROSPECT 3.0 NE, IL US","2020-05-28",,,,,,
"US1ILCK0042","MOUNT PROSPECT 3.0 NE, IL US","2020-05-29",,,,,,
"US1ILCK0042","MOUNT PROSPECT 3.0 NE, IL US","2020-05-30",,,,,,
"US1ILCK0042","MOUNT PROSPECT 3.0 NE, IL US","2020-05-31",,,,,,
"US1ILCK0042","MOUNT PROSPECT 3.0 NE, IL US","2020-06-01",,,,,,
"US1ILCK0042","MOUNT PROSPECT 3.0 NE, IL US","2020-06-02",,,,,,
"US1ILCK0042","MOUNT PROSPECT 3.0 NE, IL US","2020-06-03",,,,,,
"US1ILCK0042","MOUNT PROSPECT 3.0 NE, IL US","2020-06-04",,,,,,
"US1ILCK0042","MOUNT PROSPECT 3.0 NE, IL US","2020-06-05",,,,,,
"US1ILCK0042","MOUNT PROSPECT 3.0 NE, IL US","2020-06-06",,,,,,
"US1ILCK0042","MOUNT PROSPECT 3.0 NE, IL US","2020-06-07",,,,,,
"US1ILCK0042","MOUNT PROSPECT 3.0 NE, IL US","2020-06-08",,,,,,
"US1ILCK0042","MOUNT PROSPECT 3.0 NE, IL US","2020-06-09",,,,,,
"US1ILCK0042","MOUNT PROSPECT 3.0 NE, IL US","2020-06-10",,,,,,
"US1ILCK0042","MOUNT PROSPECT 3.0 NE, IL US","2020-06-11",,,,,,
"US1ILCK0042","MOUNT PROSPECT 3.0 NE, IL US","2020-06-12",,,,,,
"US1ILCK0042","MOUNT PROSPECT 3.0 NE, IL US","2020-06-13",,,,,,
"US1ILCK0042","MOUNT PROSPECT 3.0 NE, IL US","2020-06-14",,,,,,
"US1ILCK0042","MOUNT PROSPECT 3.0 NE, IL US","2020-06-15",,,,,,
"US1ILCK0042","MOUNT PROSPECT 3.0 NE, IL US","2020-06-16",,,,,,
"US1ILCK0042","MOUNT PROSPECT 3.0 NE, IL US","2020-06-17",,,,,,
"US1ILCK0042","MOUNT PROSPECT 3.0 NE, IL US","2020-06-18",,,,,,
"US1ILCK0042","MOUNT PROSPECT 3.0 NE, IL US","2020-06-19",,,,,,
"US1ILCK0042","MOUNT PROSPECT 3.0 NE, IL US","2020-06-20",,,,,,
"US1ILCK0042","MOUNT PROSPECT 3.0 NE, IL US","2020-06-21",,,,,,
"US1ILCK0042","MOUNT PROSPECT 3.0 NE, IL US","2020-06-22",,,,,,
"US1ILCK0042","MOUNT PROSPECT 3.0 NE, IL US","2020-06-23",,,,,,
"US1ILCK0042","MOUNT PROSPECT 3.0 NE, IL US","2020-06-24",,,,,,
"US1ILCK0042","MOUNT PROSPECT 3.0 NE, IL US","2020-06-25",,,,,,
"US1ILCK0042","MOUNT PROSPECT 3.0 NE, IL US","2020-06-26",,,,,,
"US1ILCK0042","MOUNT PROSPECT 3.0 NE, IL US","2020-06-27",,,,,,
"US1ILCK0042","MOUNT PROSPECT 3.0 NE, IL US","2020-06-28",,,,,,
"US1ILCK0042","MOUNT PROSPECT 3.0 NE, IL US","2020-06-29",,,,,,
"US1ILCK0042","MOUNT PROSPECT 3.0 NE, IL US","2020-06-30",,,,,,
"US1ILCK0042","MOUNT PROSPECT 3.0 NE, IL US","2020-07-01",,,,,,
"US1ILCK0042","MOUNT PROSPECT 3.0 NE, IL US","2020-07-02",,,,,,
"US1ILCK0042","MOUNT PROSPECT 3.0 NE, IL US","2020-07-03",,,,,,
"US1ILCK0042","MOUNT PROSPECT 3.0 NE, IL US","2020-07-04",,,,,,
"US1ILCK0042","MOUNT PROSPECT 3.0 NE, IL US","2020-07-05",,,,,,
"US1ILCK0042","MOUNT PROSPECT 3.0 NE, IL US","2020-07-06",,,,,,
"US1ILCK0042","MOUNT PROSPECT 3.0 NE, IL US","2020-07-07",,,,,,
"US1ILCK0042","MOUNT PROSPECT 3.0 NE, IL US","2020-07-08",,,,,,
"US1ILCK0042","MOUNT PROSPECT 3.0 NE, IL US","2020-07-09",,,,,,
"US1ILCK0042","MOUNT PROSPECT 3.0 NE, IL US","2020-07-10",,,,,,
"US1ILCK0042","MOUNT PROSPECT 3.0 NE, IL US","2020-07-11",,,,,,
"US1ILCK0042","MOUNT PROSPECT 3.0 NE, IL US","2020-07-12",,,,,,
"US1ILCK0042","MOUNT PROSPECT 3.0 NE, IL US","2020-07-13",,,,,,
"US1ILCK0042","MOUNT PROSPECT 3.0 NE, IL US","2020-07-14",,,,,,
"US1ILCK0042","MOUNT PROSPECT 3.0 NE, IL US","2020-07-15",,,,,,
"US1ILCK0042","MOUNT PROSPECT 3.0 NE, IL US","2020-07-16",,,,,,
"US1ILCK0042","MOUNT PROSPECT 3.0 NE, IL US","2020-07-17",,,,,,
"US1ILCK0042","MOUNT PROSPECT 3.0 NE, IL US","2020-07-19",,,,,,
"US1ILCK0042","MOUNT PROSPECT 3.0 NE, IL US","2020-07-20",,,,,,
"US1ILCK0042","MOUNT PROSPECT 3.0 NE, IL US","2020-07-21",,,,,,
"US1ILCK0042","MOUNT PROSPECT 3.0 NE, IL US","2020-07-22",,,,,,
"US1ILCK0042","MOUNT PROSPECT 3.0 NE, IL US","2020-07-23",,,,,,
"US1ILCK0042","MOUNT PROSPECT 3.0 NE, IL US","2020-07-24",,,,,,
"US1ILCK0042","MOUNT PROSPECT 3.0 NE, IL US","2020-07-25",,,,,,
"US1ILCK0042","MOUNT PROSPECT 3.0 NE, IL US","2020-07-26",,,,,,
"US1ILCK0042","MOUNT PROSPECT 3.0 NE, IL US","2020-07-27",,,,,,
"US1ILCK0042","MOUNT PROSPECT 3.0 NE, IL US","2020-07-28",,,,,,
"US1ILCK0042","MOUNT PROSPECT 3.0 NE, IL US","2020-07-29",,,,,,
"US1ILCK0042","MOUNT PROSPECT 3.0 NE, IL US","2020-07-30",,,,,,
"US1ILCK0042","MOUNT PROSPECT 3.0 NE, IL US","2020-07-31",,,,,,
"US1ILCK0042","MOUNT PROSPECT 3.0 NE, IL US","2020-08-01",,,,,,
"US1ILCK0042","MOUNT PROSPECT 3.0 NE, IL US","2020-08-02",,,,,,
"US1ILCK0042","MOUNT PROSPECT 3.0 NE, IL US","2020-08-03",,,,,,
"US1ILCK0042","MOUNT PROSPECT 3.0 NE, IL US","2020-08-04",,,,,,
"US1ILCK0042","MOUNT PROSPECT 3.0 NE, IL US","2020-08-05",,,,,,
"US1ILCK0042","MOUNT PROSPECT 3.0 NE, IL US","2020-08-06",,,,,,
"US1ILCK0042","MOUNT PROSPECT 3.0 NE, IL US","2020-08-07",,,,,,
"US1ILCK0042","MOUNT PROSPECT 3.0 NE, IL US","2020-08-08",,,,,,
"US1ILCK0042","MOUNT PROSPECT 3.0 NE, IL US","2020-08-09",,,,,,
"US1ILCK0042","MOUNT PROSPECT 3.0 NE, IL US","2020-08-10",,,,,,
"US1ILCK0042","MOUNT PROSPECT 3.0 NE, IL US","2020-08-11",,,,,,
"US1ILCK0042","MOUNT PROSPECT 3.0 NE, IL US","2020-08-12",,,,,,
"US1ILCK0042","MOUNT PROSPECT 3.0 NE, IL US","2020-08-13",,,,,,
"US1ILCK0042","MOUNT PROSPECT 3.0 NE, IL US","2020-08-14",,,,,,
"US1ILCK0042","MOUNT PROSPECT 3.0 NE, IL US","2020-08-15",,,,,,
"US1ILCK0042","MOUNT PROSPECT 3.0 NE, IL US","2020-08-16",,,,,,
"US1ILCK0042","MOUNT PROSPECT 3.0 NE, IL US","2020-08-17",,,,,,
"US1ILCK0042","MOUNT PROSPECT 3.0 NE, IL US","2020-08-18",,,,,,
"US1ILCK0042","MOUNT PROSPECT 3.0 NE, IL US","2020-08-19",,,,,,
"US1ILCK0042","MOUNT PROSPECT 3.0 NE, IL US","2020-08-20",,,,,,
"US1ILCK0042","MOUNT PROSPECT 3.0 NE, IL US","2020-08-21",,,,,,
"US1ILCK0042","MOUNT PROSPECT 3.0 NE, IL US","2020-08-22",,,,,,
"US1ILCK0042","MOUNT PROSPECT 3.0 NE, IL US","2020-08-23",,,,,,
"US1ILCK0042","MOUNT PROSPECT 3.0 NE, IL US","2020-08-24",,,,,,
"US1ILCK0042","MOUNT PROSPECT 3.0 NE, IL US","2020-08-25",,,,,,
"US1ILCK0042","MOUNT PROSPECT 3.0 NE, IL US","2020-08-26",,,,,,
"US1ILCK0042","MOUNT PROSPECT 3.0 NE, IL US","2020-08-27",,,,,,
"US1ILCK0042","MOUNT PROSPECT 3.0 NE, IL US","2020-08-28",,,,,,
"US1ILCK0042","MOUNT PROSPECT 3.0 NE, IL US","2020-08-29",,,,,,
"US1ILCK0042","MOUNT PROSPECT 3.0 NE, IL US","2020-08-30",,,,,,
"US1ILCK0042","MOUNT PROSPECT 3.0 NE, IL US","2020-08-31",,,,,,
"US1ILCK0042","MOUNT PROSPECT 3.0 NE, IL US","2020-09-01",,,,,,
"US1ILCK0042","MOUNT PROSPECT 3.0 NE, IL US","2020-09-02",,,,,,
"US1ILCK0042","MOUNT PROSPECT 3.0 NE, IL US","2020-09-03",,,,,,
"US1ILCK0042","MOUNT PROSPECT 3.0 NE, IL US","2020-09-04",,,,,,
"US1ILCK0042","MOUNT PROSPECT 3.0 NE, IL US","2020-09-05",,,,,,
"US1ILCK0042","MOUNT PROSPECT 3.0 NE, IL US","2020-09-06",,,,,,
"US1ILCK0042","MOUNT PROSPECT 3.0 NE, IL US","2020-09-07",,,,,,
"US1ILCK0163","ARLINGTON HEIGHTS 1.2 SW, IL US","2019-10-01",,,,,,
"US1ILCK0163","ARLINGTON HEIGHTS 1.2 SW, IL US","2019-10-02",,,,,,
"US1ILCK0163","ARLINGTON HEIGHTS 1.2 SW, IL US","2019-10-03",,,,,,
"US1ILCK0163","ARLINGTON HEIGHTS 1.2 SW, IL US","2019-10-04",,,,,,
"US1ILCK0163","ARLINGTON HEIGHTS 1.2 SW, IL US","2019-10-05",,,,,,
"US1ILCK0163","ARLINGTON HEIGHTS 1.2 SW, IL US","2019-10-06",,,,,,
"US1ILCK0163","ARLINGTON HEIGHTS 1.2 SW, IL US","2019-10-07",,,,,,
"US1ILCK0163","ARLINGTON HEIGHTS 1.2 SW, IL US","2019-10-08",,,,,,
"US1ILCK0163","ARLINGTON HEIGHTS 1.2 SW, IL US","2019-10-09",,,,,,
"US1ILCK0163","ARLINGTON HEIGHTS 1.2 SW, IL US","2019-10-10",,,,,,
"US1ILCK0163","ARLINGTON HEIGHTS 1.2 SW, IL US","2019-10-11",,,,,,
"US1ILCK0163","ARLINGTON HEIGHTS 1.2 SW, IL US","2019-10-12",,,,,,
"US1ILCK0163","ARLINGTON HEIGHTS 1.2 SW, IL US","2019-10-13",,,,,,
"US1ILCK0163","ARLINGTON HEIGHTS 1.2 SW, IL US","2019-10-14",,,,,,
"US1ILCK0163","ARLINGTON HEIGHTS 1.2 SW, IL US","2019-10-15",,,,,,
"US1ILCK0163","ARLINGTON HEIGHTS 1.2 SW, IL US","2019-10-16",,,,,,
"US1ILCK0163","ARLINGTON HEIGHTS 1.2 SW, IL US","2019-10-17",,,,,,
"US1ILCK0163","ARLINGTON HEIGHTS 1.2 SW, IL US","2019-10-18",,,,,,
"US1ILCK0163","ARLINGTON HEIGHTS 1.2 SW, IL US","2019-10-19",,,,,,
"US1ILCK0163","ARLINGTON HEIGHTS 1.2 SW, IL US","2019-10-20",,,,,,
"US1ILCK0163","ARLINGTON HEIGHTS 1.2 SW, IL US","2019-10-21",,,,,,
"US1ILCK0163","ARLINGTON HEIGHTS 1.2 SW, IL US","2019-10-22",,,,,,
"US1ILCK0163","ARLINGTON HEIGHTS 1.2 SW, IL US","2019-10-23",,,,,,
"US1ILCK0163","ARLINGTON HEIGHTS 1.2 SW, IL US","2019-10-24",,,,,,
"US1ILCK0163","ARLINGTON HEIGHTS 1.2 SW, IL US","2019-10-25",,,,,,
"US1ILCK0163","ARLINGTON HEIGHTS 1.2 SW, IL US","2019-10-26",,,,,,
"US1ILCK0163","ARLINGTON HEIGHTS 1.2 SW, IL US","2019-10-27",,,,,,
"US1ILCK0163","ARLINGTON HEIGHTS 1.2 SW, IL US","2019-10-28",,,,,,
"US1ILCK0163","ARLINGTON HEIGHTS 1.2 SW, IL US","2019-10-29",,,,,,
"US1ILCK0163","ARLINGTON HEIGHTS 1.2 SW, IL US","2019-10-30",,,,,,
"US1ILCK0163","ARLINGTON HEIGHTS 1.2 SW, IL US","2019-10-31",,,,,,
"US1ILCK0163","ARLINGTON HEIGHTS 1.2 SW, IL US","2019-11-01",,,,,,
"US1ILCK0163","ARLINGTON HEIGHTS 1.2 SW, IL US","2020-03-26",,,,,,
"US1ILCK0163","ARLINGTON HEIGHTS 1.2 SW, IL US","2020-03-27",,,,,,
"US1ILCK0163","ARLINGTON HEIGHTS 1.2 SW, IL US","2020-03-28",,,,,,
"US1ILCK0163","ARLINGTON HEIGHTS 1.2 SW, IL US","2020-03-29",,,,,,
"US1ILCK0163","ARLINGTON HEIGHTS 1.2 SW, IL US","2020-03-30",,,,,,
"US1ILCK0163","ARLINGTON HEIGHTS 1.2 SW, IL US","2020-03-31",,,,,,
"US1ILCK0163","ARLINGTON HEIGHTS 1.2 SW, IL US","2020-04-01",,,,,,
"US1ILCK0163","ARLINGTON HEIGHTS 1.2 SW, IL US","2020-04-02",,,,,,
"US1ILCK0163","ARLINGTON HEIGHTS 1.2 SW, IL US","2020-04-03",,,,,,
"US1ILCK0163","ARLINGTON HEIGHTS 1.2 SW, IL US","2020-04-04",,,,,,
"US1ILCK0163","ARLINGTON HEIGHTS 1.2 SW, IL US","2020-04-05",,,,,,
"US1ILCK0163","ARLINGTON HEIGHTS 1.2 SW, IL US","2020-04-06",,,,,,
"US1ILCK0163","ARLINGTON HEIGHTS 1.2 SW, IL US","2020-04-07",,,,,,
"US1ILCK0163","ARLINGTON HEIGHTS 1.2 SW, IL US","2020-04-08",,,,,,
"US1ILCK0163","ARLINGTON HEIGHTS 1.2 SW, IL US","2020-04-09",,,,,,
"US1ILCK0163","ARLINGTON HEIGHTS 1.2 SW, IL US","2020-04-10",,,,,,
"US1ILCK0163","ARLINGTON HEIGHTS 1.2 SW, IL US","2020-04-11",,,,,,
"US1ILCK0163","ARLINGTON HEIGHTS 1.2 SW, IL US","2020-04-12",,,,,,
"US1ILCK0163","ARLINGTON HEIGHTS 1.2 SW, IL US","2020-04-13",,,,,,
"US1ILCK0163","ARLINGTON HEIGHTS 1.2 SW, IL US","2020-04-14",,,,,,
"US1ILCK0163","ARLINGTON HEIGHTS 1.2 SW, IL US","2020-04-15",,,,,,
"US1ILCK0163","ARLINGTON HEIGHTS 1.2 SW, IL US","2020-04-16",,,,,,
"US1ILCK0163","ARLINGTON HEIGHTS 1.2 SW, IL US","2020-04-17",,,,,,
"US1ILCK0163","ARLINGTON HEIGHTS 1.2 SW, IL US","2020-04-18",,,,,,
"US1ILCK0163","ARLINGTON HEIGHTS 1.2 SW, IL US","2020-04-19",,,,,,
"US1ILCK0163","ARLINGTON HEIGHTS 1.2 SW, IL US","2020-04-20",,,,,,
"US1ILCK0163","ARLINGTON HEIGHTS 1.2 SW, IL US","2020-04-21",,,,,,
"US1ILCK0163","ARLINGTON HEIGHTS 1.2 SW, IL US","2020-04-22",,,,,,
"US1ILCK0163","ARLINGTON HEIGHTS 1.2 SW, IL US","2020-04-23",,,,,,
"US1ILCK0163","ARLINGTON HEIGHTS 1.2 SW, IL US","2020-04-24",,,,,,
"US1ILCK0163","ARLINGTON HEIGHTS 1.2 SW, IL US","2020-04-25",,,,,,
"US1ILCK0163","ARLINGTON HEIGHTS 1.2 SW, IL US","2020-04-26",,,,,,
"US1ILCK0163","ARLINGTON HEIGHTS 1.2 SW, IL US","2020-04-27",,,,,,
"US1ILCK0163","ARLINGTON HEIGHTS 1.2 SW, IL US","2020-04-28",,,,,,
"US1ILCK0163","ARLINGTON HEIGHTS 1.2 SW, IL US","2020-04-29",,,,,,
"US1ILCK0163","ARLINGTON HEIGHTS 1.2 SW, IL US","2020-04-30",,,,,,
"US1ILCK0163","ARLINGTON HEIGHTS 1.2 SW, IL US","2020-05-01",,,,,,
"US1ILCK0163","ARLINGTON HEIGHTS 1.2 SW, IL US","2020-05-02",,,,,,
"US1ILCK0163","ARLINGTON HEIGHTS 1.2 SW, IL US","2020-05-03",,,,,,
"US1ILCK0163","ARLINGTON HEIGHTS 1.2 SW, IL US","2020-05-04",,,,,,
"US1ILCK0163","ARLINGTON HEIGHTS 1.2 SW, IL US","2020-05-05",,,,,,
"US1ILCK0163","ARLINGTON HEIGHTS 1.2 SW, IL US","2020-05-06",,,,,,
"US1ILCK0163","ARLINGTON HEIGHTS 1.2 SW, IL US","2020-05-07",,,,,,
"US1ILCK0163","ARLINGTON HEIGHTS 1.2 SW, IL US","2020-05-08",,,,,,
"US1ILCK0163","ARLINGTON HEIGHTS 1.2 SW, IL US","2020-05-09",,,,,,
"US1ILCK0163","ARLINGTON HEIGHTS 1.2 SW, IL US","2020-05-10",,,,,,
"US1ILCK0163","ARLINGTON HEIGHTS 1.2 SW, IL US","2020-05-11",,,,,,
"US1ILCK0163","ARLINGTON HEIGHTS 1.2 SW, IL US","2020-05-12",,,,,,
"US1ILCK0163","ARLINGTON HEIGHTS 1.2 SW, IL US","2020-05-13",,,,,,
"US1ILCK0163","ARLINGTON HEIGHTS 1.2 SW, IL US","2020-05-14",,,,,,
"US1ILCK0163","ARLINGTON HEIGHTS 1.2 SW, IL US","2020-05-15",,,,,,
"US1ILCK0163","ARLINGTON HEIGHTS 1.2 SW, IL US","2020-05-16",,,,,,
"US1ILCK0163","ARLINGTON HEIGHTS 1.2 SW, IL US","2020-05-17",,,,,,
"US1ILCK0163","ARLINGTON HEIGHTS 1.2 SW, IL US","2020-05-18",,,,,,
"US1ILCK0163","ARLINGTON HEIGHTS 1.2 SW, IL US","2020-05-19",,,,,,
"US1ILCK0163","ARLINGTON HEIGHTS 1.2 SW, IL US","2020-05-20",,,,,,
"US1ILCK0163","ARLINGTON HEIGHTS 1.2 SW, IL US","2020-05-21",,,,,,
"US1ILCK0163","ARLINGTON HEIGHTS 1.2 SW, IL US","2020-05-22",,,,,,
"US1ILCK0163","ARLINGTON HEIGHTS 1.2 SW, IL US","2020-05-23",,,,,,
"US1ILCK0163","ARLINGTON HEIGHTS 1.2 SW, IL US","2020-05-24",,,,,,
"US1ILCK0163","ARLINGTON HEIGHTS 1.2 SW, IL US","2020-05-25",,,,,,
"US1ILCK0163","ARLINGTON HEIGHTS 1.2 SW, IL US","2020-05-26",,,,,,
"US1ILCK0163","ARLINGTON HEIGHTS 1.2 SW, IL US","2020-05-27",,,,,,
"US1ILCK0163","ARLINGTON HEIGHTS 1.2 SW, IL US","2020-05-28",,,,,,
"US1ILCK0163","ARLINGTON HEIGHTS 1.2 SW, IL US","2020-05-29",,,,,,
"US1ILCK0163","ARLINGTON HEIGHTS 1.2 SW, IL US","2020-05-30",,,,,,
"US1ILCK0163","ARLINGTON HEIGHTS 1.2 SW, IL US","2020-05-31",,,,,,
"US1ILCK0163","ARLINGTON HEIGHTS 1.2 SW, IL US","2020-06-01",,,,,,
"US1ILCK0163","ARLINGTON HEIGHTS 1.2 SW, IL US","2020-06-02",,,,,,
"US1ILCK0163","ARLINGTON HEIGHTS 1.2 SW, IL US","2020-06-03",,,,,,
"US1ILCK0163","ARLINGTON HEIGHTS 1.2 SW, IL US","2020-06-04",,,,,,
"US1ILCK0163","ARLINGTON HEIGHTS 1.2 SW, IL US","2020-06-05",,,,,,
"US1ILCK0163","ARLINGTON HEIGHTS 1.2 SW, IL US","2020-06-06",,,,,,
"US1ILCK0163","ARLINGTON HEIGHTS 1.2 SW, IL US","2020-06-07",,,,,,
"US1ILCK0163","ARLINGTON HEIGHTS 1.2 SW, IL US","2020-06-08",,,,,,
"US1ILCK0163","ARLINGTON HEIGHTS 1.2 SW, IL US","2020-06-09",,,,,,
"US1ILCK0163","ARLINGTON HEIGHTS 1.2 SW, IL US","2020-06-10",,,,,,
"US1ILCK0163","ARLINGTON HEIGHTS 1.2 SW, IL US","2020-06-11",,,,,,
"US1ILCK0163","ARLINGTON HEIGHTS 1.2 SW, IL US","2020-06-12",,,,,,
"US1ILCK0163","ARLINGTON HEIGHTS 1.2 SW, IL US","2020-06-13",,,,,,
"US1ILCK0163","ARLINGTON HEIGHTS 1.2 SW, IL US","2020-06-14",,,,,,
"US1ILCK0163","ARLINGTON HEIGHTS 1.2 SW, IL US","2020-06-15",,,,,,
"US1ILCK0163","ARLINGTON HEIGHTS 1.2 SW, IL US","2020-06-16",,,,,,
"US1ILCK0163","ARLINGTON HEIGHTS 1.2 SW, IL US","2020-06-17",,,,,,
"US1ILCK0163","ARLINGTON HEIGHTS 1.2 SW, IL US","2020-06-18",,,,,,
"US1ILCK0163","ARLINGTON HEIGHTS 1.2 SW, IL US","2020-06-19",,,,,,
"US1ILCK0163","ARLINGTON HEIGHTS 1.2 SW, IL US","2020-06-20",,,,,,
"US1ILCK0163","ARLINGTON HEIGHTS 1.2 SW, IL US","2020-06-21",,,,,,
"US1ILCK0163","ARLINGTON HEIGHTS 1.2 SW, IL US","2020-06-22",,,,,,
"US1ILCK0163","ARLINGTON HEIGHTS 1.2 SW, IL US","2020-06-23",,,,,,
"US1ILCK0163","ARLINGTON HEIGHTS 1.2 SW, IL US","2020-06-24",,,,,,
"US1ILCK0163","ARLINGTON HEIGHTS 1.2 SW, IL US","2020-06-25",,,,,,
"US1ILCK0163","ARLINGTON HEIGHTS 1.2 SW, IL US","2020-06-26",,,,,,
"US1ILCK0163","ARLINGTON HEIGHTS 1.2 SW, IL US","2020-06-27",,,,,,
"US1ILCK0163","ARLINGTON HEIGHTS 1.2 SW, IL US","2020-06-28",,,,,,
"US1ILCK0163","ARLINGTON HEIGHTS 1.2 SW, IL US","2020-06-29",,,,,,
"US1ILCK0163","ARLINGTON HEIGHTS 1.2 SW, IL US","2020-06-30",,,,,,
"US1ILCK0163","ARLINGTON HEIGHTS 1.2 SW, IL US","2020-07-01",,,,,,
"US1ILCK0163","ARLINGTON HEIGHTS 1.2 SW, IL US","2020-07-02",,,,,,
"US1ILCK0163","ARLINGTON HEIGHTS 1.2 SW, IL US","2020-07-03",,,,,,
"US1ILCK0163","ARLINGTON HEIGHTS 1.2 SW, IL US","2020-07-04",,,,,,
"US1ILCK0163","ARLINGTON HEIGHTS 1.2 SW, IL US","2020-07-05",,,,,,
"US1ILCK0163","ARLINGTON HEIGHTS 1.2 SW, IL US","2020-07-06",,,,,,
"US1ILCK0163","ARLINGTON HEIGHTS 1.2 SW, IL US","2020-07-07",,,,,,
"US1ILCK0163","ARLINGTON HEIGHTS 1.2 SW, IL US","2020-07-08",,,,,,
"US1ILCK0163","ARLINGTON HEIGHTS 1.2 SW, IL US","2020-07-09",,,,,,
"US1ILCK0163","ARLINGTON HEIGHTS 1.2 SW, IL US","2020-07-10",,,,,,
"US1ILCK0163","ARLINGTON HEIGHTS 1.2 SW, IL US","2020-07-11",,,,,,
"US1ILCK0163","ARLINGTON HEIGHTS 1.2 SW, IL US","2020-07-12",,,,,,
"US1ILCK0163","ARLINGTON HEIGHTS 1.2 SW, IL US","2020-07-13",,,,,,
"US1ILCK0163","ARLINGTON HEIGHTS 1.2 SW, IL US","2020-07-14",,,,,,
"US1ILCK0163","ARLINGTON HEIGHTS 1.2 SW, IL US","2020-07-15",,,,,,
"US1ILCK0163","ARLINGTON HEIGHTS 1.2 SW, IL US","2020-07-16",,,,,,
"US1ILCK0163","ARLINGTON HEIGHTS 1.2 SW, IL US","2020-07-17",,,,,,
"US1ILCK0163","ARLINGTON HEIGHTS 1.2 SW, IL US","2020-07-18",,,,,,
"US1ILCK0163","ARLINGTON HEIGHTS 1.2 SW, IL US","2020-07-19",,,,,,
"US1ILCK0163","ARLINGTON HEIGHTS 1.2 SW, IL US","2020-07-20",,,,,,
"US1ILCK0163","ARLINGTON HEIGHTS 1.2 SW, IL US","2020-07-21",,,,,,
"US1ILCK0163","ARLINGTON HEIGHTS 1.2 SW, IL US","2020-07-22",,,,,,
"US1ILCK0163","ARLINGTON HEIGHTS 1.2 SW, IL US","2020-07-23",,,,,,
"US1ILCK0163","ARLINGTON HEIGHTS 1.2 SW, IL US","2020-07-24",,,,,,
"US1ILCK0163","ARLINGTON HEIGHTS 1.2 SW, IL US","2020-07-25",,,,,,
"US1ILCK0163","ARLINGTON HEIGHTS 1.2 SW, IL US","2020-07-26",,,,,,
"US1ILCK0163","ARLINGTON HEIGHTS 1.2 SW, IL US","2020-07-27",,,,,,
"US1ILCK0163","ARLINGTON HEIGHTS 1.2 SW, IL US","2020-07-28",,,,,,
"US1ILCK0163","ARLINGTON HEIGHTS 1.2 SW, IL US","2020-07-29",,,,,,
"US1ILCK0163","ARLINGTON HEIGHTS 1.2 SW, IL US","2020-07-30",,,,,,
"US1ILCK0163","ARLINGTON HEIGHTS 1.2 SW, IL US","2020-07-31",,,,,,
"US1ILCK0163","ARLINGTON HEIGHTS 1.2 SW, IL US","2020-08-01",,,,,,
"US1ILCK0163","ARLINGTON HEIGHTS 1.2 SW, IL US","2020-08-02",,,,,,
"US1ILCK0163","ARLINGTON HEIGHTS 1.2 SW, IL US","2020-08-03",,,,,,
"US1ILCK0163","ARLINGTON HEIGHTS 1.2 SW, IL US","2020-08-04",,,,,,
"US1ILCK0163","ARLINGTON HEIGHTS 1.2 SW, IL US","2020-08-05",,,,,,
"US1ILCK0163","ARLINGTON HEIGHTS 1.2 SW, IL US","2020-08-06",,,,,,
"US1ILCK0163","ARLINGTON HEIGHTS 1.2 SW, IL US","2020-08-07",,,,,,
"US1ILCK0163","ARLINGTON HEIGHTS 1.2 SW, IL US","2020-08-08",,,,,,
"US1ILCK0163","ARLINGTON HEIGHTS 1.2 SW, IL US","2020-08-09",,,,,,
"US1ILCK0163","ARLINGTON HEIGHTS 1.2 SW, IL US","2020-08-10",,,,,,
"US1ILCK0163","ARLINGTON HEIGHTS 1.2 SW, IL US","2020-08-11",,,,,,
"US1ILCK0163","ARLINGTON HEIGHTS 1.2 SW, IL US","2020-08-12",,,,,,
"US1ILCK0163","ARLINGTON HEIGHTS 1.2 SW, IL US","2020-08-13",,,,,,
"US1ILCK0163","ARLINGTON HEIGHTS 1.2 SW, IL US","2020-08-14",,,,,,
"US1ILCK0163","ARLINGTON HEIGHTS 1.2 SW, IL US","2020-08-15",,,,,,
"US1ILCK0163","ARLINGTON HEIGHTS 1.2 SW, IL US","2020-08-16",,,,,,
"US1ILCK0163","ARLINGTON HEIGHTS 1.2 SW, IL US","2020-08-17",,,,,,
"US1ILCK0163","ARLINGTON HEIGHTS 1.2 SW, IL US","2020-08-18",,,,,,
"US1ILCK0163","ARLINGTON HEIGHTS 1.2 SW, IL US","2020-08-19",,,,,,
"US1ILCK0163","ARLINGTON HEIGHTS 1.2 SW, IL US","2020-08-20",,,,,,
"US1ILCK0163","ARLINGTON HEIGHTS 1.2 SW, IL US","2020-08-21",,,,,,
"US1ILCK0163","ARLINGTON HEIGHTS 1.2 SW, IL US","2020-08-22",,,,,,
"US1ILCK0163","ARLINGTON HEIGHTS 1.2 SW, IL US","2020-08-23",,,,,,
"US1ILCK0163","ARLINGTON HEIGHTS 1.2 SW, IL US","2020-08-24",,,,,,
"US1ILCK0163","ARLINGTON HEIGHTS 1.2 SW, IL US","2020-08-25",,,,,,
"US1ILCK0163","ARLINGTON HEIGHTS 1.2 SW, IL US","2020-08-26",,,,,,
"US1ILCK0163","ARLINGTON HEIGHTS 1.2 SW, IL US","2020-08-27",,,,,,
"US1ILCK0163","ARLINGTON HEIGHTS 1.2 SW, IL US","2020-08-28",,,,,,
"US1ILCK0163","ARLINGTON HEIGHTS 1.2 SW, IL US","2020-08-29",,,,,,
"US1ILCK0163","ARLINGTON HEIGHTS 1.2 SW, IL US","2020-08-30",,,,,,
"US1ILCK0163","ARLINGTON HEIGHTS 1.2 SW, IL US","2020-08-31",,,,,,
"US1ILCK0163","ARLINGTON HEIGHTS 1.2 SW, IL US","2020-09-01",,,,,,
"US1ILCK0163","ARLINGTON HEIGHTS 1.2 SW, IL US","2020-09-02",,,,,,
"US1ILCK0163","ARLINGTON HEIGHTS 1.2 SW, IL US","2020-09-03",,,,,,
"US1ILCK0163","ARLINGTON HEIGHTS 1.2 SW, IL US","2020-09-04",,,,,,
"US1ILCK0163","ARLINGTON HEIGHTS 1.2 SW, IL US","2020-09-05",,,,,,
"US1ILCK0163","ARLINGTON HEIGHTS 1.2 SW, IL US","2020-09-06",,,,,,
"US1ILCK0163","ARLINGTON HEIGHTS 1.2 SW, IL US","2020-09-07",,,,,,
"US1ILCK0163","ARLINGTON HEIGHTS 1.2 SW, IL US","2020-09-08",,,,,,
"US1ILDP0155","MEDINAH 1.0 SSW, IL US","2019-10-01",,,,,,
"US1ILDP0155","MEDINAH 1.0 SSW, IL US","2019-10-02",,,,,,
"US1ILDP0155","MEDINAH 1.0 SSW, IL US","2019-10-03",,,,,,
"US1ILDP0155","MEDINAH 1.0 SSW, IL US","2019-10-04",,,,,,
"US1ILDP0155","MEDINAH 1.0 SSW, IL US","2019-10-05",,,,,,
"US1ILDP0155","MEDINAH 1.0 SSW, IL US","2019-10-06",,,,,,
"US1ILDP0155","MEDINAH 1.0 SSW, IL US","2019-10-07",,,,,,
"US1ILDP0155","MEDINAH 1.0 SSW, IL US","2019-10-08",,,,,,
"US1ILDP0155","MEDINAH 1.0 SSW, IL US","2019-10-09",,,,,,
"US1ILDP0155","MEDINAH 1.0 SSW, IL US","2019-10-10",,,,,,
"US1ILDP0155","MEDINAH 1.0 SSW, IL US","2019-10-11",,,,,,
"US1ILDP0155","MEDINAH 1.0 SSW, IL US","2019-10-12",,,,,,
"US1ILDP0155","MEDINAH 1.0 SSW, IL US","2019-10-13",,,,,,
"US1ILDP0155","MEDINAH 1.0 SSW, IL US","2019-10-14",,,,,,
"US1ILDP0155","MEDINAH 1.0 SSW, IL US","2019-10-15",,,,,,
"US1ILDP0155","MEDINAH 1.0 SSW, IL US","2019-10-16",,,,,,
"US1ILDP0155","MEDINAH 1.0 SSW, IL US","2019-10-17",,,,,,
"US1ILDP0155","MEDINAH 1.0 SSW, IL US","2019-10-18",,,,,,
"US1ILDP0155","MEDINAH 1.0 SSW, IL US","2019-10-19",,,,,,
"US1ILDP0155","MEDINAH 1.0 SSW, IL US","2019-10-20",,,,,,
"US1ILDP0155","MEDINAH 1.0 SSW, IL US","2019-10-21",,,,,,
"US1ILDP0155","MEDINAH 1.0 SSW, IL US","2019-10-22",,,,,,
"US1ILDP0155","MEDINAH 1.0 SSW, IL US","2019-10-23",,,,,,
"US1ILDP0155","MEDINAH 1.0 SSW, IL US","2019-10-24",,,,,,
"US1ILDP0155","MEDINAH 1.0 SSW, IL US","2019-10-25",,,,,,
"US1ILDP0155","MEDINAH 1.0 SSW, IL US","2019-10-26",,,,,,
"US1ILDP0155","MEDINAH 1.0 SSW, IL US","2019-10-27",,,,,,
"US1ILDP0155","MEDINAH 1.0 SSW, IL US","2019-10-28",,,,,,
"US1ILDP0155","MEDINAH 1.0 SSW, IL US","2019-10-29",,,,,,
"US1ILDP0155","MEDINAH 1.0 SSW, IL US","2019-10-30",,,,,,
"US1ILDP0155","MEDINAH 1.0 SSW, IL US","2019-10-31",,,,,,
"US1ILDP0155","MEDINAH 1.0 SSW, IL US","2019-11-01",,,,,,
"US1ILDP0155","MEDINAH 1.0 SSW, IL US","2019-11-02",,,,,,
"US1ILDP0155","MEDINAH 1.0 SSW, IL US","2019-11-03",,,,,,
"US1ILDP0155","MEDINAH 1.0 SSW, IL US","2019-11-04",,,,,,
"US1ILDP0155","MEDINAH 1.0 SSW, IL US","2019-11-05",,,,,,
"US1ILDP0155","MEDINAH 1.0 SSW, IL US","2019-11-06",,,,,,
"US1ILDP0155","MEDINAH 1.0 SSW, IL US","2019-11-07",,,,,,
"US1ILDP0155","MEDINAH 1.0 SSW, IL US","2019-11-08",,,,,,
"US1ILDP0155","MEDINAH 1.0 SSW, IL US","2019-11-09",,,,,,
"US1ILDP0155","MEDINAH 1.0 SSW, IL US","2019-11-10",,,,,,
"US1ILDP0155","MEDINAH 1.0 SSW, IL US","2019-11-11",,,,,,
"US1ILDP0155","MEDINAH 1.0 SSW, IL US","2019-11-12",,,,,,
"US1ILDP0155","MEDINAH 1.0 SSW, IL US","2019-11-13",,,,,,
"US1ILDP0155","MEDINAH 1.0 SSW, IL US","2019-11-14",,,,,,
"US1ILDP0155","MEDINAH 1.0 SSW, IL US","2019-11-15",,,,,,
"US1ILDP0155","MEDINAH 1.0 SSW, IL US","2019-11-16",,,,,,
"US1ILDP0155","MEDINAH 1.0 SSW, IL US","2019-11-17",,,,,,
"US1ILDP0155","MEDINAH 1.0 SSW, IL US","2019-11-18",,,,,,
"US1ILDP0155","MEDINAH 1.0 SSW, IL US","2019-11-19",,,,,,
"US1ILDP0155","MEDINAH 1.0 SSW, IL US","2019-11-20",,,,,,
"US1ILDP0155","MEDINAH 1.0 SSW, IL US","2019-11-21",,,,,,
"US1ILDP0155","MEDINAH 1.0 SSW, IL US","2019-11-22",,,,,,
"US1ILDP0155","MEDINAH 1.0 SSW, IL US","2019-11-23",,,,,,
"US1ILDP0155","MEDINAH 1.0 SSW, IL US","2019-11-24",,,,,,
"US1ILDP0155","MEDINAH 1.0 SSW, IL US","2019-11-25",,,,,,
"US1ILDP0155","MEDINAH 1.0 SSW, IL US","2019-11-26",,,,,,
"US1ILDP0155","MEDINAH 1.0 SSW, IL US","2019-11-27",,,,,,
"US1ILDP0155","MEDINAH 1.0 SSW, IL US","2019-11-28",,,,,,
"US1ILDP0155","MEDINAH 1.0 SSW, IL US","2019-11-29",,,,,,
"US1ILDP0155","MEDINAH 1.0 SSW, IL US","2019-12-01",,,,,,
"US1ILDP0155","MEDINAH 1.0 SSW, IL US","2019-12-02",,,,,,
"US1ILDP0155","MEDINAH 1.0 SSW, IL US","2019-12-03",,,,,,
"US1ILDP0155","MEDINAH 1.0 SSW, IL US","2019-12-04",,,,,,
"US1ILDP0155","MEDINAH 1.0 SSW, IL US","2019-12-05",,,,,,
"US1ILDP0155","MEDINAH 1.0 SSW, IL US","2019-12-06",,,,,,
"US1ILDP0155","MEDINAH 1.0 SSW, IL US","2019-12-07",,,,,,
"US1ILDP0155","MEDINAH 1.0 SSW, IL US","2019-12-08",,,,,,
"US1ILDP0155","MEDINAH 1.0 SSW, IL US","2019-12-09",,,,,,
"US1ILDP0155","MEDINAH 1.0 SSW, IL US","2019-12-10",,,,,,
"US1ILDP0155","MEDINAH 1.0 SSW, IL US","2019-12-11",,,,,,
"US1ILDP0155","MEDINAH 1.0 SSW, IL US","2019-12-12",,,,,,
"US1ILDP0155","MEDINAH 1.0 SSW, IL US","2019-12-13",,,,,,
"US1ILDP0155","MEDINAH 1.0 SSW, IL US","2019-12-15",,,,,,
"US1ILDP0155","MEDINAH 1.0 SSW, IL US","2019-12-16",,,,,,
"US1ILDP0155","MEDINAH 1.0 SSW, IL US","2019-12-17",,,,,,
"US1ILDP0155","MEDINAH 1.0 SSW, IL US","2019-12-18",,,,,,
"US1ILDP0155","MEDINAH 1.0 SSW, IL US","2019-12-19",,,,,,
"US1ILDP0155","MEDINAH 1.0 SSW, IL US","2019-12-20",,,,,,
"US1ILDP0155","MEDINAH 1.0 SSW, IL US","2019-12-21",,,,,,
"US1ILDP0155","MEDINAH 1.0 SSW, IL US","2019-12-22",,,,,,
"US1ILDP0155","MEDINAH 1.0 SSW, IL US","2019-12-23",,,,,,
"US1ILDP0155","MEDINAH 1.0 SSW, IL US","2019-12-24",,,,,,
"US1ILDP0155","MEDINAH 1.0 SSW, IL US","2019-12-25",,,,,,
"US1ILDP0155","MEDINAH 1.0 SSW, IL US","2019-12-26",,,,,,
"US1ILDP0155","MEDINAH 1.0 SSW, IL US","2019-12-27",,,,,,
"US1ILDP0155","MEDINAH 1.0 SSW, IL US","2019-12-28",,,,,,
"US1ILDP0155","MEDINAH 1.0 SSW, IL US","2019-12-29",,,,,,
"US1ILDP0155","MEDINAH 1.0 SSW, IL US","2019-12-30",,,,,,
"US1ILDP0155","MEDINAH 1.0 SSW, IL US","2019-12-31",,,,,,
"US1ILDP0155","MEDINAH 1.0 SSW, IL US","2020-01-01",,,,,,
"US1ILDP0155","MEDINAH 1.0 SSW, IL US","2020-01-02",,,,,,
"US1ILDP0155","MEDINAH 1.0 SSW, IL US","2020-01-03",,,,,,
"US1ILDP0155","MEDINAH 1.0 SSW, IL US","2020-01-04",,,,,,
"US1ILDP0155","MEDINAH 1.0 SSW, IL US","2020-01-05",,,,,,
"US1ILDP0155","MEDINAH 1.0 SSW, IL US","2020-01-06",,,,,,
"US1ILDP0155","MEDINAH 1.0 SSW, IL US","2020-01-07",,,,,,
"US1ILDP0155","MEDINAH 1.0 SSW, IL US","2020-01-08",,,,,,
"US1ILDP0155","MEDINAH 1.0 SSW, IL US","2020-01-09",,,,,,
"US1ILDP0155","MEDINAH 1.0 SSW, IL US","2020-01-10",,,,,,
"US1ILDP0155","MEDINAH 1.0 SSW, IL US","2020-01-11",,,,,,
"US1ILDP0155","MEDINAH 1.0 SSW, IL US","2020-01-12",,,,,,
"US1ILDP0155","MEDINAH 1.0 SSW, IL US","2020-01-13",,,,,,
"US1ILDP0155","MEDINAH 1.0 SSW, IL US","2020-01-14",,,,,,
"US1ILDP0155","MEDINAH 1.0 SSW, IL US","2020-01-15",,,,,,
"US1ILDP0155","MEDINAH 1.0 SSW, IL US","2020-01-16",,,,,,
"US1ILDP0155","MEDINAH 1.0 SSW, IL US","2020-01-17",,,,,,
"US1ILDP0155","MEDINAH 1.0 SSW, IL US","2020-01-18",,,,,,
"US1ILDP0155","MEDINAH 1.0 SSW, IL US","2020-01-19",,,,,,
"US1ILDP0155","MEDINAH 1.0 SSW, IL US","2020-01-20",,,,,,
"US1ILDP0155","MEDINAH 1.0 SSW, IL US","2020-01-21",,,,,,
"US1ILDP0155","MEDINAH 1.0 SSW, IL US","2020-01-22",,,,,,
"US1ILDP0155","MEDINAH 1.0 SSW, IL US","2020-01-23",,,,,,
"US1ILDP0155","MEDINAH 1.0 SSW, IL US","2020-01-24",,,,,,
"US1ILDP0155","MEDINAH 1.0 SSW, IL US","2020-01-25",,,,,,
"US1ILDP0155","MEDINAH 1.0 SSW, IL US","2020-01-26",,,,,,
"US1ILDP0155","MEDINAH 1.0 SSW, IL US","2020-01-27",,,,,,
"US1ILDP0155","MEDINAH 1.0 SSW, IL US","2020-01-28",,,,,,
"US1ILDP0155","MEDINAH 1.0 SSW, IL US","2020-01-29",,,,,,
"US1ILDP0155","MEDINAH 1.0 SSW, IL US","2020-01-30",,,,,,
"US1ILDP0155","MEDINAH 1.0 SSW, IL US","2020-01-31",,,,,,
"US1ILDP0155","MEDINAH 1.0 SSW, IL US","2020-02-01",,,,,,
"US1ILDP0155","MEDINAH 1.0 SSW, IL US","2020-02-02",,,,,,
"US1ILDP0155","MEDINAH 1.0 SSW, IL US","2020-02-03",,,,,,
"US1ILDP0155","MEDINAH 1.0 SSW, IL US","2020-02-04",,,,,,
"US1ILDP0155","MEDINAH 1.0 SSW, IL US","2020-02-05",,,,,,
"US1ILDP0155","MEDINAH 1.0 SSW, IL US","2020-02-06",,,,,,
"US1ILDP0155","MEDINAH 1.0 SSW, IL US","2020-02-07",,,,,,
"US1ILDP0155","MEDINAH 1.0 SSW, IL US","2020-02-08",,,,,,
"US1ILDP0155","MEDINAH 1.0 SSW, IL US","2020-02-09",,,,,,
"US1ILDP0155","MEDINAH 1.0 SSW, IL US","2020-02-10",,,,,,
"US1ILDP0155","MEDINAH 1.0 SSW, IL US","2020-02-11",,,,,,
"US1ILDP0155","MEDINAH 1.0 SSW, IL US","2020-02-12",,,,,,
"US1ILDP0155","MEDINAH 1.0 SSW, IL US","2020-02-13",,,,,,
"US1ILDP0155","MEDINAH 1.0 SSW, IL US","2020-02-14",,,,,,
"US1ILDP0155","MEDINAH 1.0 SSW, IL US","2020-02-15",,,,,,
"US1ILDP0155","MEDINAH 1.0 SSW, IL US","2020-02-16",,,,,,
"US1ILDP0155","MEDINAH 1.0 SSW, IL US","2020-02-17",,,,,,
"US1ILDP0155","MEDINAH 1.0 SSW, IL US","2020-02-18",,,,,,
"US1ILDP0155","MEDINAH 1.0 SSW, IL US","2020-02-19",,,,,,
"US1ILDP0155","MEDINAH 1.0 SSW, IL US","2020-02-20",,,,,,
"US1ILDP0155","MEDINAH 1.0 SSW, IL US","2020-02-21",,,,,,
"US1ILDP0155","MEDINAH 1.0 SSW, IL US","2020-02-22",,,,,,
"US1ILDP0155","MEDINAH 1.0 SSW, IL US","2020-02-23",,,,,,
"US1ILDP0155","MEDINAH 1.0 SSW, IL US","2020-02-24",,,,,,
"US1ILDP0155","MEDINAH 1.0 SSW, IL US","2020-02-25",,,,,,
"US1ILDP0155","MEDINAH 1.0 SSW, IL US","2020-02-26",,,,,,
"US1ILDP0155","MEDINAH 1.0 SSW, IL US","2020-02-27",,,,,,
"US1ILDP0155","MEDINAH 1.0 SSW, IL US","2020-02-28",,,,,,
"US1ILDP0155","MEDINAH 1.0 SSW, IL US","2020-02-29",,,,,,
"US1ILDP0155","MEDINAH 1.0 SSW, IL US","2020-03-01",,,,,,
"US1ILDP0155","MEDINAH 1.0 SSW, IL US","2020-03-02",,,,,,
"US1ILDP0155","MEDINAH 1.0 SSW, IL US","2020-03-03",,,,,,
"US1ILDP0155","MEDINAH 1.0 SSW, IL US","2020-03-04",,,,,,
"US1ILDP0155","MEDINAH 1.0 SSW, IL US","2020-03-05",,,,,,
"US1ILDP0155","MEDINAH 1.0 SSW, IL US","2020-03-06",,,,,,
"US1ILDP0155","MEDINAH 1.0 SSW, IL US","2020-03-07",,,,,,
"US1ILDP0155","MEDINAH 1.0 SSW, IL US","2020-03-08",,,,,,
"US1ILDP0155","MEDINAH 1.0 SSW, IL US","2020-03-09",,,,,,
"US1ILDP0155","MEDINAH 1.0 SSW, IL US","2020-03-10",,,,,,
"US1ILDP0155","MEDINAH 1.0 SSW, IL US","2020-03-11",,,,,,
"US1ILDP0155","MEDINAH 1.0 SSW, IL US","2020-03-12",,,,,,
"US1ILDP0155","MEDINAH 1.0 SSW, IL US","2020-03-13",,,,,,
"US1ILDP0155","MEDINAH 1.0 SSW, IL US","2020-03-14",,,,,,
"US1ILDP0155","MEDINAH 1.0 SSW, IL US","2020-03-15",,,,,,
"US1ILDP0155","MEDINAH 1.0 SSW, IL US","2020-03-16",,,,,,
"US1ILDP0155","MEDINAH 1.0 SSW, IL US","2020-03-17",,,,,,
"US1ILDP0155","MEDINAH 1.0 SSW, IL US","2020-03-18",,,,,,
"US1ILDP0155","MEDINAH 1.0 SSW, IL US","2020-03-19",,,,,,
"US1ILDP0155","MEDINAH 1.0 SSW, IL US","2020-03-20",,,,,,
"US1ILDP0155","MEDINAH 1.0 SSW, IL US","2020-03-21",,,,,,
"US1ILDP0155","MEDINAH 1.0 SSW, IL US","2020-03-22",,,,,,
"US1ILDP0155","MEDINAH 1.0 SSW, IL US","2020-03-23",,,,,,
"US1ILDP0155","MEDINAH 1.0 SSW, IL US","2020-03-24",,,,,,
"US1ILDP0155","MEDINAH 1.0 SSW, IL US","2020-03-25",,,,,,
"US1ILDP0155","MEDINAH 1.0 SSW, IL US","2020-03-26",,,,,,
"US1ILDP0155","MEDINAH 1.0 SSW, IL US","2020-03-27",,,,,,
"US1ILDP0155","MEDINAH 1.0 SSW, IL US","2020-03-28",,,,,,
"US1ILDP0155","MEDINAH 1.0 SSW, IL US","2020-03-29",,,,,,
"US1ILDP0155","MEDINAH 1.0 SSW, IL US","2020-03-30",,,,,,
"US1ILDP0155","MEDINAH 1.0 SSW, IL US","2020-03-31",,,,,,
"US1ILDP0155","MEDINAH 1.0 SSW, IL US","2020-04-01",,,,,,
"US1ILDP0155","MEDINAH 1.0 SSW, IL US","2020-04-02",,,,,,
"US1ILDP0155","MEDINAH 1.0 SSW, IL US","2020-04-03",,,,,,
"US1ILDP0155","MEDINAH 1.0 SSW, IL US","2020-04-04",,,,,,
"US1ILDP0155","MEDINAH 1.0 SSW, IL US","2020-04-05",,,,,,
"US1ILDP0155","MEDINAH 1.0 SSW, IL US","2020-04-06",,,,,,
"US1ILDP0155","MEDINAH 1.0 SSW, IL US","2020-04-07",,,,,,
"US1ILDP0155","MEDINAH 1.0 SSW, IL US","2020-04-08",,,,,,
"US1ILDP0155","MEDINAH 1.0 SSW, IL US","2020-04-09",,,,,,
"US1ILDP0155","MEDINAH 1.0 SSW, IL US","2020-04-10",,,,,,
"US1ILDP0155","MEDINAH 1.0 SSW, IL US","2020-04-11",,,,,,
"US1ILDP0155","MEDINAH 1.0 SSW, IL US","2020-04-12",,,,,,
"US1ILDP0155","MEDINAH 1.0 SSW, IL US","2020-04-13",,,,,,
"US1ILDP0155","MEDINAH 1.0 SSW, IL US","2020-04-14",,,,,,
"US1ILDP0155","MEDINAH 1.0 SSW, IL US","2020-04-15",,,,,,
"US1ILDP0155","MEDINAH 1.0 SSW, IL US","2020-04-16",,,,,,
"US1ILDP0155","MEDINAH 1.0 SSW, IL US","2020-04-17",,,,,,
"US1ILDP0155","MEDINAH 1.0 SSW, IL US","2020-04-18",,,,,,
"US1ILDP0155","MEDINAH 1.0 SSW, IL US","2020-04-19",,,,,,
"US1ILDP0155","MEDINAH 1.0 SSW, IL US","2020-04-20",,,,,,
"US1ILDP0155","MEDINAH 1.0 SSW, IL US","2020-04-21",,,,,,
"US1ILDP0155","MEDINAH 1.0 SSW, IL US","2020-04-22",,,,,,
"US1ILDP0155","MEDINAH 1.0 SSW, IL US","2020-04-23",,,,,,
"US1ILDP0155","MEDINAH 1.0 SSW, IL US","2020-04-24",,,,,,
"US1ILDP0155","MEDINAH 1.0 SSW, IL US","2020-04-25",,,,,,
"US1ILDP0155","MEDINAH 1.0 SSW, IL US","2020-04-26",,,,,,
"US1ILDP0155","MEDINAH 1.0 SSW, IL US","2020-04-27",,,,,,
"US1ILDP0155","MEDINAH 1.0 SSW, IL US","2020-04-28",,,,,,
"US1ILDP0155","MEDINAH 1.0 SSW, IL US","2020-04-29",,,,,,
"US1ILDP0155","MEDINAH 1.0 SSW, IL US","2020-04-30",,,,,,
"US1ILDP0155","MEDINAH 1.0 SSW, IL US","2020-05-01",,,,,,
"US1ILDP0155","MEDINAH 1.0 SSW, IL US","2020-05-02",,,,,,
"US1ILDP0155","MEDINAH 1.0 SSW, IL US","2020-05-03",,,,,,
"US1ILDP0155","MEDINAH 1.0 SSW, IL US","2020-05-04",,,,,,
"US1ILDP0155","MEDINAH 1.0 SSW, IL US","2020-05-05",,,,,,
"US1ILDP0155","MEDINAH 1.0 SSW, IL US","2020-05-06",,,,,,
"US1ILDP0155","MEDINAH 1.0 SSW, IL US","2020-05-07",,,,,,
"US1ILDP0155","MEDINAH 1.0 SSW, IL US","2020-05-08",,,,,,
"US1ILDP0155","MEDINAH 1.0 SSW, IL US","2020-05-09",,,,,,
"US1ILDP0155","MEDINAH 1.0 SSW, IL US","2020-05-10",,,,,,
"US1ILDP0155","MEDINAH 1.0 SSW, IL US","2020-05-11",,,,,,
"US1ILDP0155","MEDINAH 1.0 SSW, IL US","2020-05-12",,,,,,
"US1ILDP0155","MEDINAH 1.0 SSW, IL US","2020-05-13",,,,,,
"US1ILDP0155","MEDINAH 1.0 SSW, IL US","2020-05-14",,,,,,
"US1ILDP0155","MEDINAH 1.0 SSW, IL US","2020-05-15",,,,,,
"US1ILDP0155","MEDINAH 1.0 SSW, IL US","2020-05-16",,,,,,
"US1ILDP0155","MEDINAH 1.0 SSW, IL US","2020-05-17",,,,,,
"US1ILDP0155","MEDINAH 1.0 SSW, IL US","2020-05-18",,,,,,
"US1ILDP0155","MEDINAH 1.0 SSW, IL US","2020-05-19",,,,,,
"US1ILDP0155","MEDINAH 1.0 SSW, IL US","2020-05-20",,,,,,
"US1ILDP0155","MEDINAH 1.0 SSW, IL US","2020-05-21",,,,,,
"US1ILDP0155","MEDINAH 1.0 SSW, IL US","2020-05-22",,,,,,
"US1ILDP0155","MEDINAH 1.0 SSW, IL US","2020-05-23",,,,,,
"US1ILDP0155","MEDINAH 1.0 SSW, IL US","2020-05-24",,,,,,
"US1ILDP0155","MEDINAH 1.0 SSW, IL US","2020-05-25",,,,,,
"US1ILDP0155","MEDINAH 1.0 SSW, IL US","2020-05-26",,,,,,
"US1ILDP0155","MEDINAH 1.0 SSW, IL US","2020-05-27",,,,,,
"US1ILDP0155","MEDINAH 1.0 SSW, IL US","2020-05-28",,,,,,
"US1ILDP0155","MEDINAH 1.0 SSW, IL US","2020-05-29",,,,,,
"US1ILDP0155","MEDINAH 1.0 SSW, IL US","2020-05-30",,,,,,
"US1ILDP0155","MEDINAH 1.0 SSW, IL US","2020-05-31",,,,,,
"US1ILDP0155","MEDINAH 1.0 SSW, IL US","2020-06-01",,,,,,
"US1ILDP0155","MEDINAH 1.0 SSW, IL US","2020-06-02",,,,,,
"US1ILDP0155","MEDINAH 1.0 SSW, IL US","2020-06-03",,,,,,
"US1ILDP0155","MEDINAH 1.0 SSW, IL US","2020-06-04",,,,,,
"US1ILDP0155","MEDINAH 1.0 SSW, IL US","2020-06-05",,,,,,
"US1ILDP0155","MEDINAH 1.0 SSW, IL US","2020-06-06",,,,,,
"US1ILDP0155","MEDINAH 1.0 SSW, IL US","2020-06-07",,,,,,
"US1ILDP0155","MEDINAH 1.0 SSW, IL US","2020-06-08",,,,,,
"US1ILDP0155","MEDINAH 1.0 SSW, IL US","2020-06-09",,,,,,
"US1ILDP0155","MEDINAH 1.0 SSW, IL US","2020-06-10",,,,,,
"US1ILDP0155","MEDINAH 1.0 SSW, IL US","2020-06-11",,,,,,
"US1ILDP0155","MEDINAH 1.0 SSW, IL US","2020-06-12",,,,,,
"US1ILDP0155","MEDINAH 1.0 SSW, IL US","2020-06-13",,,,,,
"US1ILDP0155","MEDINAH 1.0 SSW, IL US","2020-06-14",,,,,,
"US1ILDP0155","MEDINAH 1.0 SSW, IL US","2020-06-15",,,,,,
"US1ILDP0155","MEDINAH 1.0 SSW, IL US","2020-06-16",,,,,,
"US1ILDP0155","MEDINAH 1.0 SSW, IL US","2020-06-17",,,,,,
"US1ILDP0155","MEDINAH 1.0 SSW, IL US","2020-06-18",,,,,,
"US1ILDP0155","MEDINAH 1.0 SSW, IL US","2020-06-19",,,,,,
"US1ILDP0155","MEDINAH 1.0 SSW, IL US","2020-06-20",,,,,,
"US1ILDP0155","MEDINAH 1.0 SSW, IL US","2020-06-21",,,,,,
"US1ILDP0155","MEDINAH 1.0 SSW, IL US","2020-06-22",,,,,,
"US1ILDP0155","MEDINAH 1.0 SSW, IL US","2020-06-23",,,,,,
"US1ILDP0155","MEDINAH 1.0 SSW, IL US","2020-06-24",,,,,,
"US1ILDP0155","MEDINAH 1.0 SSW, IL US","2020-06-25",,,,,,
"US1ILDP0155","MEDINAH 1.0 SSW, IL US","2020-06-26",,,,,,
"US1ILDP0155","MEDINAH 1.0 SSW, IL US","2020-06-27",,,,,,
"US1ILDP0155","MEDINAH 1.0 SSW, IL US","2020-06-28",,,,,,
"US1ILDP0155","MEDINAH 1.0 SSW, IL US","2020-06-29",,,,,,
"US1ILDP0155","MEDINAH 1.0 SSW, IL US","2020-06-30",,,,,,
"US1ILDP0155","MEDINAH 1.0 SSW, IL US","2020-07-01",,,,,,
"US1ILDP0155","MEDINAH 1.0 SSW, IL US","2020-07-02",,,,,,
"US1ILDP0155","MEDINAH 1.0 SSW, IL US","2020-07-03",,,,,,
"US1ILDP0155","MEDINAH 1.0 SSW, IL US","2020-07-04",,,,,,
"US1ILDP0155","MEDINAH 1.0 SSW, IL US","2020-07-05",,,,,,
"US1ILDP0155","MEDINAH 1.0 SSW, IL US","2020-07-06",,,,,,
"US1ILDP0155","MEDINAH 1.0 SSW, IL US","2020-07-07",,,,,,
"US1ILDP0155","MEDINAH 1.0 SSW, IL US","2020-07-08",,,,,,
"US1ILDP0155","MEDINAH 1.0 SSW, IL US","2020-07-09",,,,,,
"US1ILDP0155","MEDINAH 1.0 SSW, IL US","2020-07-10",,,,,,
"US1ILDP0155","MEDINAH 1.0 SSW, IL US","2020-07-11",,,,,,
"US1ILDP0155","MEDINAH 1.0 SSW, IL US","2020-07-12",,,,,,
"US1ILDP0155","MEDINAH 1.0 SSW, IL US","2020-07-13",,,,,,
"US1ILDP0155","MEDINAH 1.0 SSW, IL US","2020-07-14",,,,,,
"US1ILDP0155","MEDINAH 1.0 SSW, IL US","2020-07-15",,,,,,
"US1ILDP0155","MEDINAH 1.0 SSW, IL US","2020-07-16",,,,,,
"US1ILDP0155","MEDINAH 1.0 SSW, IL US","2020-07-17",,,,,,
"US1ILDP0155","MEDINAH 1.0 SSW, IL US","2020-07-18",,,,,,
"US1ILDP0155","MEDINAH 1.0 SSW, IL US","2020-07-19",,,,,,
"US1ILDP0155","MEDINAH 1.0 SSW, IL US","2020-07-20",,,,,,
"US1ILDP0155","MEDINAH 1.0 SSW, IL US","2020-07-21",,,,,,
"US1ILDP0155","MEDINAH 1.0 SSW, IL US","2020-07-22",,,,,,
"US1ILDP0155","MEDINAH 1.0 SSW, IL US","2020-07-23",,,,,,
"US1ILDP0155","MEDINAH 1.0 SSW, IL US","2020-07-24",,,,,,
"US1ILDP0155","MEDINAH 1.0 SSW, IL US","2020-07-25",,,,,,
"US1ILDP0155","MEDINAH 1.0 SSW, IL US","2020-07-26",,,,,,
"US1ILDP0155","MEDINAH 1.0 SSW, IL US","2020-07-27",,,,,,
"US1ILDP0155","MEDINAH 1.0 SSW, IL US","2020-07-28",,,,,,
"US1ILDP0155","MEDINAH 1.0 SSW, IL US","2020-07-29",,,,,,
"US1ILDP0155","MEDINAH 1.0 SSW, IL US","2020-07-30",,,,,,
"US1ILDP0155","MEDINAH 1.0 SSW, IL US","2020-07-31",,,,,,
"US1ILDP0155","MEDINAH 1.0 SSW, IL US","2020-08-01",,,,,,
"US1ILDP0155","MEDINAH 1.0 SSW, IL US","2020-08-02",,,,,,
"US1ILDP0155","MEDINAH 1.0 SSW, IL US","2020-08-03",,,,,,
"US1ILDP0155","MEDINAH 1.0 SSW, IL US","2020-08-04",,,,,,
"US1ILDP0155","MEDINAH 1.0 SSW, IL US","2020-08-05",,,,,,
"US1ILDP0155","MEDINAH 1.0 SSW, IL US","2020-08-06",,,,,,
"US1ILDP0155","MEDINAH 1.0 SSW, IL US","2020-08-07",,,,,,
"US1ILDP0155","MEDINAH 1.0 SSW, IL US","2020-08-08",,,,,,
"US1ILDP0155","MEDINAH 1.0 SSW, IL US","2020-08-09",,,,,,
"US1ILDP0155","MEDINAH 1.0 SSW, IL US","2020-08-10",,,,,,
"US1ILDP0155","MEDINAH 1.0 SSW, IL US","2020-08-11",,,,,,
"US1ILDP0155","MEDINAH 1.0 SSW, IL US","2020-08-12",,,,,,
"US1ILDP0155","MEDINAH 1.0 SSW, IL US","2020-08-13",,,,,,
"US1ILDP0155","MEDINAH 1.0 SSW, IL US","2020-08-14",,,,,,
"US1ILDP0155","MEDINAH 1.0 SSW, IL US","2020-08-15",,,,,,
"US1ILDP0155","MEDINAH 1.0 SSW, IL US","2020-08-16",,,,,,
"US1ILDP0155","MEDINAH 1.0 SSW, IL US","2020-08-17",,,,,,
"US1ILDP0155","MEDINAH 1.0 SSW, IL US","2020-08-18",,,,,,
"US1ILDP0155","MEDINAH 1.0 SSW, IL US","2020-08-19",,,,,,
"US1ILDP0155","MEDINAH 1.0 SSW, IL US","2020-08-20",,,,,,
"US1ILDP0155","MEDINAH 1.0 SSW, IL US","2020-08-21",,,,,,
"US1ILDP0155","MEDINAH 1.0 SSW, IL US","2020-08-22",,,,,,
"US1ILDP0155","MEDINAH 1.0 SSW, IL US","2020-08-23",,,,,,
"US1ILDP0155","MEDINAH 1.0 SSW, IL US","2020-08-24",,,,,,
"US1ILDP0155","MEDINAH 1.0 SSW, IL US","2020-08-25",,,,,,
"US1ILDP0155","MEDINAH 1.0 SSW, IL US","2020-08-26",,,,,,
"US1ILDP0155","MEDINAH 1.0 SSW, IL US","2020-08-27",,,,,,
"US1ILDP0155","MEDINAH 1.0 SSW, IL US","2020-08-28",,,,,,
"US1ILDP0155","MEDINAH 1.0 SSW, IL US","2020-08-29",,,,,,
"US1ILDP0155","MEDINAH 1.0 SSW, IL US","2020-08-30",,,,,,
"US1ILDP0155","MEDINAH 1.0 SSW, IL US","2020-08-31",,,,,,
"US1ILDP0155","MEDINAH 1.0 SSW, IL US","2020-09-01",,,,,,
"US1ILDP0155","MEDINAH 1.0 SSW, IL US","2020-09-02",,,,,,
"US1ILDP0155","MEDINAH 1.0 SSW, IL US","2020-09-03",,,,,,
"US1ILDP0155","MEDINAH 1.0 SSW, IL US","2020-09-04",,,,,,
"US1ILDP0155","MEDINAH 1.0 SSW, IL US","2020-09-05",,,,,,
"US1ILDP0155","MEDINAH 1.0 SSW, IL US","2020-09-06",,,,,,
"US1ILDP0155","MEDINAH 1.0 SSW, IL US","2020-09-07",,,,,,
"US1ILDP0155","MEDINAH 1.0 SSW, IL US","2020-09-08",,,,,,
"US1ILCK0285","HARWOOD HEIGHTS 0.4 NNE, IL US","2019-10-06",,,,,,
"US1ILCK0285","HARWOOD HEIGHTS 0.4 NNE, IL US","2019-10-07",,,,,,
"US1ILCK0285","HARWOOD HEIGHTS 0.4 NNE, IL US","2019-10-08",,,,,,
"US1ILCK0285","HARWOOD HEIGHTS 0.4 NNE, IL US","2019-10-09",,,,,,
"US1ILCK0285","HARWOOD HEIGHTS 0.4 NNE, IL US","2019-10-10",,,,,,
"US1ILCK0285","HARWOOD HEIGHTS 0.4 NNE, IL US","2019-10-11",,,,,,
"US1ILCK0285","HARWOOD HEIGHTS 0.4 NNE, IL US","2019-10-12",,,,,,
"US1ILCK0285","HARWOOD HEIGHTS 0.4 NNE, IL US","2019-10-13",,,,,,
"US1ILCK0285","HARWOOD HEIGHTS 0.4 NNE, IL US","2019-10-14",,,,,,
"US1ILCK0285","HARWOOD HEIGHTS 0.4 NNE, IL US","2019-10-15",,,,,,
"US1ILCK0285","HARWOOD HEIGHTS 0.4 NNE, IL US","2019-10-16",,,,,,
"US1ILCK0285","HARWOOD HEIGHTS 0.4 NNE, IL US","2019-10-17",,,,,,
"US1ILCK0285","HARWOOD HEIGHTS 0.4 NNE, IL US","2019-10-18",,,,,,
"US1ILCK0285","HARWOOD HEIGHTS 0.4 NNE, IL US","2019-10-19",,,,,,
"US1ILCK0285","HARWOOD HEIGHTS 0.4 NNE, IL US","2019-10-20",,,,,,
"US1ILCK0285","HARWOOD HEIGHTS 0.4 NNE, IL US","2019-10-21",,,,,,
"US1ILCK0285","HARWOOD HEIGHTS 0.4 NNE, IL US","2019-10-22",,,,,,
"US1ILCK0285","HARWOOD HEIGHTS 0.4 NNE, IL US","2019-10-23",,,,,,
"US1ILCK0285","HARWOOD HEIGHTS 0.4 NNE, IL US","2019-10-24",,,,,,
"US1ILCK0285","HARWOOD HEIGHTS 0.4 NNE, IL US","2019-10-25",,,,,,
"US1ILCK0285","HARWOOD HEIGHTS 0.4 NNE, IL US","2019-10-26",,,,,,
"US1ILCK0285","HARWOOD HEIGHTS 0.4 NNE, IL US","2019-10-27",,,,,,
"US1ILCK0285","HARWOOD HEIGHTS 0.4 NNE, IL US","2019-10-28",,,,,,
"US1ILCK0285","HARWOOD HEIGHTS 0.4 NNE, IL US","2019-10-29",,,,,,
"US1ILCK0285","HARWOOD HEIGHTS 0.4 NNE, IL US","2019-10-30",,,,,,
"US1ILCK0285","HARWOOD HEIGHTS 0.4 NNE, IL US","2019-10-31",,,,,,
"US1ILCK0285","HARWOOD HEIGHTS 0.4 NNE, IL US","2019-11-01",,,,,,
"US1ILCK0285","HARWOOD HEIGHTS 0.4 NNE, IL US","2019-11-02",,,,,,
"US1ILCK0285","HARWOOD HEIGHTS 0.4 NNE, IL US","2019-11-03",,,,,,
"US1ILCK0285","HARWOOD HEIGHTS 0.4 NNE, IL US","2019-11-04",,,,,,
"US1ILCK0285","HARWOOD HEIGHTS 0.4 NNE, IL US","2019-11-05",,,,,,
"US1ILCK0285","HARWOOD HEIGHTS 0.4 NNE, IL US","2019-11-06",,,,,,
"US1ILCK0285","HARWOOD HEIGHTS 0.4 NNE, IL US","2019-11-07",,,,,,
"US1ILCK0285","HARWOOD HEIGHTS 0.4 NNE, IL US","2019-11-08",,,,,,
"US1ILCK0285","HARWOOD HEIGHTS 0.4 NNE, IL US","2019-11-09",,,,,,
"US1ILCK0285","HARWOOD HEIGHTS 0.4 NNE, IL US","2019-11-10",,,,,,
"US1ILCK0285","HARWOOD HEIGHTS 0.4 NNE, IL US","2019-11-11",,,,,,
"US1ILCK0285","HARWOOD HEIGHTS 0.4 NNE, IL US","2019-11-12",,,,,,
"US1ILCK0285","HARWOOD HEIGHTS 0.4 NNE, IL US","2019-11-13",,,,,,
"US1ILCK0285","HARWOOD HEIGHTS 0.4 NNE, IL US","2019-11-14",,,,,,
"US1ILCK0285","HARWOOD HEIGHTS 0.4 NNE, IL US","2019-11-15",,,,,,
"US1ILCK0285","HARWOOD HEIGHTS 0.4 NNE, IL US","2019-11-16",,,,,,
"US1ILCK0285","HARWOOD HEIGHTS 0.4 NNE, IL US","2019-11-17",,,,,,
"US1ILCK0285","HARWOOD HEIGHTS 0.4 NNE, IL US","2019-11-18",,,,,,
"US1ILCK0285","HARWOOD HEIGHTS 0.4 NNE, IL US","2019-11-19",,,,,,
"US1ILCK0285","HARWOOD HEIGHTS 0.4 NNE, IL US","2019-11-20",,,,,,
"US1ILCK0285","HARWOOD HEIGHTS 0.4 NNE, IL US","2019-11-21",,,,,,
"US1ILCK0285","HARWOOD HEIGHTS 0.4 NNE, IL US","2019-11-22",,,,,,
"US1ILCK0285","HARWOOD HEIGHTS 0.4 NNE, IL US","2019-11-23",,,,,,
"US1ILCK0285","HARWOOD HEIGHTS 0.4 NNE, IL US","2019-11-24",,,,,,
"US1ILCK0285","HARWOOD HEIGHTS 0.4 NNE, IL US","2019-11-25",,,,,,
"US1ILCK0285","HARWOOD HEIGHTS 0.4 NNE, IL US","2019-11-26",,,,,,
"US1ILCK0285","HARWOOD HEIGHTS 0.4 NNE, IL US","2019-11-27",,,,,,
"US1ILCK0285","HARWOOD HEIGHTS 0.4 NNE, IL US","2019-11-28",,,,,,
"US1ILCK0285","HARWOOD HEIGHTS 0.4 NNE, IL US","2019-11-29",,,,,,
"US1ILCK0285","HARWOOD HEIGHTS 0.4 NNE, IL US","2019-11-30",,,,,,
"US1ILCK0285","HARWOOD HEIGHTS 0.4 NNE, IL US","2019-12-01",,,,,,
"US1ILCK0285","HARWOOD HEIGHTS 0.4 NNE, IL US","2019-12-02",,,,,,
"US1ILCK0285","HARWOOD HEIGHTS 0.4 NNE, IL US","2019-12-03",,,,,,
"US1ILCK0285","HARWOOD HEIGHTS 0.4 NNE, IL US","2019-12-04",,,,,,
"US1ILCK0285","HARWOOD HEIGHTS 0.4 NNE, IL US","2019-12-05",,,,,,
"US1ILCK0285","HARWOOD HEIGHTS 0.4 NNE, IL US","2019-12-06",,,,,,
"US1ILCK0285","HARWOOD HEIGHTS 0.4 NNE, IL US","2019-12-07",,,,,,
"US1ILCK0285","HARWOOD HEIGHTS 0.4 NNE, IL US","2019-12-08",,,,,,
"US1ILCK0285","HARWOOD HEIGHTS 0.4 NNE, IL US","2019-12-09",,,,,,
"US1ILCK0285","HARWOOD HEIGHTS 0.4 NNE, IL US","2019-12-10",,,,,,
"US1ILCK0285","HARWOOD HEIGHTS 0.4 NNE, IL US","2019-12-11",,,,,,
"US1ILCK0285","HARWOOD HEIGHTS 0.4 NNE, IL US","2019-12-12",,,,,,
"US1ILCK0285","HARWOOD HEIGHTS 0.4 NNE, IL US","2019-12-13",,,,,,
"US1ILCK0285","HARWOOD HEIGHTS 0.4 NNE, IL US","2019-12-14",,,,,,
"US1ILCK0285","HARWOOD HEIGHTS 0.4 NNE, IL US","2019-12-15",,,,,,
"US1ILCK0285","HARWOOD HEIGHTS 0.4 NNE, IL US","2019-12-16",,,,,,
"US1ILCK0285","HARWOOD HEIGHTS 0.4 NNE, IL US","2019-12-17",,,,,,
"US1ILCK0285","HARWOOD HEIGHTS 0.4 NNE, IL US","2019-12-18",,,,,,
"US1ILCK0285","HARWOOD HEIGHTS 0.4 NNE, IL US","2019-12-19",,,,,,
"US1ILCK0285","HARWOOD HEIGHTS 0.4 NNE, IL US","2019-12-20",,,,,,
"US1ILCK0285","HARWOOD HEIGHTS 0.4 NNE, IL US","2019-12-21",,,,,,
"US1ILCK0285","HARWOOD HEIGHTS 0.4 NNE, IL US","2019-12-22",,,,,,
"US1ILCK0285","HARWOOD HEIGHTS 0.4 NNE, IL US","2019-12-23",,,,,,
"US1ILCK0285","HARWOOD HEIGHTS 0.4 NNE, IL US","2019-12-24",,,,,,
"US1ILCK0285","HARWOOD HEIGHTS 0.4 NNE, IL US","2019-12-25",,,,,,
"US1ILCK0285","HARWOOD HEIGHTS 0.4 NNE, IL US","2019-12-26",,,,,,
"US1ILCK0285","HARWOOD HEIGHTS 0.4 NNE, IL US","2019-12-27",,,,,,
"US1ILCK0285","HARWOOD HEIGHTS 0.4 NNE, IL US","2019-12-28",,,,,,
"US1ILCK0285","HARWOOD HEIGHTS 0.4 NNE, IL US","2019-12-29",,,,,,
"US1ILCK0285","HARWOOD HEIGHTS 0.4 NNE, IL US","2019-12-30",,,,,,
"US1ILCK0285","HARWOOD HEIGHTS 0.4 NNE, IL US","2019-12-31",,,,,,
"US1ILCK0285","HARWOOD HEIGHTS 0.4 NNE, IL US","2020-01-01",,,,,,
"US1ILCK0285","HARWOOD HEIGHTS 0.4 NNE, IL US","2020-01-02",,,,,,
"US1ILCK0285","HARWOOD HEIGHTS 0.4 NNE, IL US","2020-01-03",,,,,,
"US1ILCK0285","HARWOOD HEIGHTS 0.4 NNE, IL US","2020-01-04",,,,,,
"US1ILCK0285","HARWOOD HEIGHTS 0.4 NNE, IL US","2020-01-05",,,,,,
"US1ILCK0285","HARWOOD HEIGHTS 0.4 NNE, IL US","2020-01-06",,,,,,
"US1ILCK0285","HARWOOD HEIGHTS 0.4 NNE, IL US","2020-01-07",,,,,,
"US1ILCK0285","HARWOOD HEIGHTS 0.4 NNE, IL US","2020-01-08",,,,,,
"US1ILCK0285","HARWOOD HEIGHTS 0.4 NNE, IL US","2020-01-09",,,,,,
"US1ILCK0285","HARWOOD HEIGHTS 0.4 NNE, IL US","2020-01-10",,,,,,
"US1ILCK0285","HARWOOD HEIGHTS 0.4 NNE, IL US","2020-01-11",,,,,,
"US1ILCK0285","HARWOOD HEIGHTS 0.4 NNE, IL US","2020-01-12",,,,,,
"US1ILCK0285","HARWOOD HEIGHTS 0.4 NNE, IL US","2020-01-13",,,,,,
"US1ILCK0285","HARWOOD HEIGHTS 0.4 NNE, IL US","2020-01-14",,,,,,
"US1ILCK0285","HARWOOD HEIGHTS 0.4 NNE, IL US","2020-01-15",,,,,,
"US1ILCK0285","HARWOOD HEIGHTS 0.4 NNE, IL US","2020-01-16",,,,,,
"US1ILCK0285","HARWOOD HEIGHTS 0.4 NNE, IL US","2020-01-17",,,,,,
"US1ILCK0285","HARWOOD HEIGHTS 0.4 NNE, IL US","2020-01-18",,,,,,
"US1ILCK0285","HARWOOD HEIGHTS 0.4 NNE, IL US","2020-01-19",,,,,,
"US1ILCK0285","HARWOOD HEIGHTS 0.4 NNE, IL US","2020-01-20",,,,,,
"US1ILCK0285","HARWOOD HEIGHTS 0.4 NNE, IL US","2020-01-21",,,,,,
"US1ILCK0285","HARWOOD HEIGHTS 0.4 NNE, IL US","2020-01-22",,,,,,
"US1ILCK0285","HARWOOD HEIGHTS 0.4 NNE, IL US","2020-01-23",,,,,,
"US1ILCK0285","HARWOOD HEIGHTS 0.4 NNE, IL US","2020-01-24",,,,,,
"US1ILCK0285","HARWOOD HEIGHTS 0.4 NNE, IL US","2020-01-25",,,,,,
"US1ILCK0285","HARWOOD HEIGHTS 0.4 NNE, IL US","2020-01-26",,,,,,
"US1ILCK0285","HARWOOD HEIGHTS 0.4 NNE, IL US","2020-01-27",,,,,,
"US1ILCK0285","HARWOOD HEIGHTS 0.4 NNE, IL US","2020-01-28",,,,,,
"US1ILCK0285","HARWOOD HEIGHTS 0.4 NNE, IL US","2020-01-29",,,,,,
"US1ILCK0285","HARWOOD HEIGHTS 0.4 NNE, IL US","2020-01-30",,,,,,
"US1ILCK0285","HARWOOD HEIGHTS 0.4 NNE, IL US","2020-01-31",,,,,,
"US1ILCK0285","HARWOOD HEIGHTS 0.4 NNE, IL US","2020-02-01",,,,,,
"US1ILCK0285","HARWOOD HEIGHTS 0.4 NNE, IL US","2020-02-02",,,,,,
"US1ILCK0285","HARWOOD HEIGHTS 0.4 NNE, IL US","2020-02-03",,,,,,
"US1ILCK0285","HARWOOD HEIGHTS 0.4 NNE, IL US","2020-02-04",,,,,,
"US1ILCK0285","HARWOOD HEIGHTS 0.4 NNE, IL US","2020-02-05",,,,,,
"US1ILCK0285","HARWOOD HEIGHTS 0.4 NNE, IL US","2020-02-06",,,,,,
"US1ILCK0285","HARWOOD HEIGHTS 0.4 NNE, IL US","2020-02-07",,,,,,
"US1ILCK0285","HARWOOD HEIGHTS 0.4 NNE, IL US","2020-02-08",,,,,,
"US1ILCK0285","HARWOOD HEIGHTS 0.4 NNE, IL US","2020-02-10",,,,,,
"US1ILCK0285","HARWOOD HEIGHTS 0.4 NNE, IL US","2020-02-11",,,,,,
"US1ILCK0285","HARWOOD HEIGHTS 0.4 NNE, IL US","2020-02-12",,,,,,
"US1ILCK0285","HARWOOD HEIGHTS 0.4 NNE, IL US","2020-02-13",,,,,,
"US1ILCK0285","HARWOOD HEIGHTS 0.4 NNE, IL US","2020-02-14",,,,,,
"US1ILCK0285","HARWOOD HEIGHTS 0.4 NNE, IL US","2020-02-15",,,,,,
"US1ILCK0285","HARWOOD HEIGHTS 0.4 NNE, IL US","2020-02-16",,,,,,
"US1ILCK0285","HARWOOD HEIGHTS 0.4 NNE, IL US","2020-02-17",,,,,,
"US1ILCK0285","HARWOOD HEIGHTS 0.4 NNE, IL US","2020-02-18",,,,,,
"US1ILCK0285","HARWOOD HEIGHTS 0.4 NNE, IL US","2020-02-19",,,,,,
"US1ILCK0285","HARWOOD HEIGHTS 0.4 NNE, IL US","2020-02-20",,,,,,
"US1ILCK0285","HARWOOD HEIGHTS 0.4 NNE, IL US","2020-02-21",,,,,,
"US1ILCK0285","HARWOOD HEIGHTS 0.4 NNE, IL US","2020-02-22",,,,,,
"US1ILCK0285","HARWOOD HEIGHTS 0.4 NNE, IL US","2020-02-23",,,,,,
"US1ILCK0285","HARWOOD HEIGHTS 0.4 NNE, IL US","2020-02-24",,,,,,
"US1ILCK0285","HARWOOD HEIGHTS 0.4 NNE, IL US","2020-02-25",,,,,,
"US1ILCK0285","HARWOOD HEIGHTS 0.4 NNE, IL US","2020-02-26",,,,,,
"US1ILCK0285","HARWOOD HEIGHTS 0.4 NNE, IL US","2020-02-27",,,,,,
"US1ILCK0285","HARWOOD HEIGHTS 0.4 NNE, IL US","2020-02-28",,,,,,
"US1ILCK0285","HARWOOD HEIGHTS 0.4 NNE, IL US","2020-02-29",,,,,,
"US1ILCK0285","HARWOOD HEIGHTS 0.4 NNE, IL US","2020-03-01",,,,,,
"US1ILCK0285","HARWOOD HEIGHTS 0.4 NNE, IL US","2020-03-02",,,,,,
"US1ILCK0285","HARWOOD HEIGHTS 0.4 NNE, IL US","2020-03-03",,,,,,
"US1ILCK0285","HARWOOD HEIGHTS 0.4 NNE, IL US","2020-03-04",,,,,,
"US1ILCK0285","HARWOOD HEIGHTS 0.4 NNE, IL US","2020-03-05",,,,,,
"US1ILCK0285","HARWOOD HEIGHTS 0.4 NNE, IL US","2020-03-06",,,,,,
"US1ILCK0285","HARWOOD HEIGHTS 0.4 NNE, IL US","2020-03-07",,,,,,
"US1ILCK0285","HARWOOD HEIGHTS 0.4 NNE, IL US","2020-03-08",,,,,,
"US1ILCK0285","HARWOOD HEIGHTS 0.4 NNE, IL US","2020-03-09",,,,,,
"US1ILCK0285","HARWOOD HEIGHTS 0.4 NNE, IL US","2020-03-10",,,,,,
"US1ILCK0285","HARWOOD HEIGHTS 0.4 NNE, IL US","2020-03-11",,,,,,
"US1ILCK0285","HARWOOD HEIGHTS 0.4 NNE, IL US","2020-03-12",,,,,,
"US1ILCK0285","HARWOOD HEIGHTS 0.4 NNE, IL US","2020-03-13",,,,,,
"US1ILCK0285","HARWOOD HEIGHTS 0.4 NNE, IL US","2020-03-14",,,,,,
"US1ILCK0285","HARWOOD HEIGHTS 0.4 NNE, IL US","2020-03-15",,,,,,
"US1ILCK0285","HARWOOD HEIGHTS 0.4 NNE, IL US","2020-03-16",,,,,,
"US1ILCK0285","HARWOOD HEIGHTS 0.4 NNE, IL US","2020-03-17",,,,,,
"US1ILCK0285","HARWOOD HEIGHTS 0.4 NNE, IL US","2020-03-18",,,,,,
"US1ILCK0285","HARWOOD HEIGHTS 0.4 NNE, IL US","2020-03-19",,,,,,
"US1ILCK0285","HARWOOD HEIGHTS 0.4 NNE, IL US","2020-03-20",,,,,,
"US1ILCK0285","HARWOOD HEIGHTS 0.4 NNE, IL US","2020-03-21",,,,,,
"US1ILCK0285","HARWOOD HEIGHTS 0.4 NNE, IL US","2020-03-22",,,,,,
"US1ILCK0285","HARWOOD HEIGHTS 0.4 NNE, IL US","2020-03-23",,,,,,
"US1ILCK0285","HARWOOD HEIGHTS 0.4 NNE, IL US","2020-03-24",,,,,,
"US1ILCK0285","HARWOOD HEIGHTS 0.4 NNE, IL US","2020-03-25",,,,,,
"US1ILCK0285","HARWOOD HEIGHTS 0.4 NNE, IL US","2020-03-26",,,,,,
"US1ILCK0285","HARWOOD HEIGHTS 0.4 NNE, IL US","2020-03-27",,,,,,
"US1ILCK0285","HARWOOD HEIGHTS 0.4 NNE, IL US","2020-03-28",,,,,,
"US1ILCK0285","HARWOOD HEIGHTS 0.4 NNE, IL US","2020-03-29",,,,,,
"US1ILCK0285","HARWOOD HEIGHTS 0.4 NNE, IL US","2020-03-30",,,,,,
"US1ILCK0285","HARWOOD HEIGHTS 0.4 NNE, IL US","2020-03-31",,,,,,
"US1ILCK0285","HARWOOD HEIGHTS 0.4 NNE, IL US","2020-04-01",,,,,,
"US1ILCK0285","HARWOOD HEIGHTS 0.4 NNE, IL US","2020-04-02",,,,,,
"US1ILCK0285","HARWOOD HEIGHTS 0.4 NNE, IL US","2020-04-03",,,,,,
"US1ILCK0285","HARWOOD HEIGHTS 0.4 NNE, IL US","2020-04-04",,,,,,
"US1ILCK0285","HARWOOD HEIGHTS 0.4 NNE, IL US","2020-04-05",,,,,,
"US1ILCK0285","HARWOOD HEIGHTS 0.4 NNE, IL US","2020-04-06",,,,,,
"US1ILCK0285","HARWOOD HEIGHTS 0.4 NNE, IL US","2020-04-07",,,,,,
"US1ILCK0285","HARWOOD HEIGHTS 0.4 NNE, IL US","2020-04-08",,,,,,
"US1ILCK0285","HARWOOD HEIGHTS 0.4 NNE, IL US","2020-04-09",,,,,,
"US1ILCK0285","HARWOOD HEIGHTS 0.4 NNE, IL US","2020-04-10",,,,,,
"US1ILCK0285","HARWOOD HEIGHTS 0.4 NNE, IL US","2020-04-11",,,,,,
"US1ILCK0285","HARWOOD HEIGHTS 0.4 NNE, IL US","2020-04-12",,,,,,
"US1ILCK0285","HARWOOD HEIGHTS 0.4 NNE, IL US","2020-04-13",,,,,,
"US1ILCK0285","HARWOOD HEIGHTS 0.4 NNE, IL US","2020-04-14",,,,,,
"US1ILCK0285","HARWOOD HEIGHTS 0.4 NNE, IL US","2020-04-15",,,,,,
"US1ILCK0285","HARWOOD HEIGHTS 0.4 NNE, IL US","2020-04-16",,,,,,
"US1ILCK0285","HARWOOD HEIGHTS 0.4 NNE, IL US","2020-04-17",,,,,,
"US1ILCK0285","HARWOOD HEIGHTS 0.4 NNE, IL US","2020-04-18",,,,,,
"US1ILCK0285","HARWOOD HEIGHTS 0.4 NNE, IL US","2020-04-19",,,,,,
"US1ILCK0285","HARWOOD HEIGHTS 0.4 NNE, IL US","2020-04-20",,,,,,
"US1ILCK0285","HARWOOD HEIGHTS 0.4 NNE, IL US","2020-04-21",,,,,,
"US1ILCK0285","HARWOOD HEIGHTS 0.4 NNE, IL US","2020-04-22",,,,,,
"US1ILCK0285","HARWOOD HEIGHTS 0.4 NNE, IL US","2020-04-23",,,,,,
"US1ILCK0285","HARWOOD HEIGHTS 0.4 NNE, IL US","2020-04-24",,,,,,
"US1ILCK0285","HARWOOD HEIGHTS 0.4 NNE, IL US","2020-04-25",,,,,,
"US1ILCK0285","HARWOOD HEIGHTS 0.4 NNE, IL US","2020-04-26",,,,,,
"US1ILCK0285","HARWOOD HEIGHTS 0.4 NNE, IL US","2020-04-27",,,,,,
"US1ILCK0285","HARWOOD HEIGHTS 0.4 NNE, IL US","2020-04-28",,,,,,
"US1ILCK0285","HARWOOD HEIGHTS 0.4 NNE, IL US","2020-04-29",,,,,,
"US1ILCK0285","HARWOOD HEIGHTS 0.4 NNE, IL US","2020-04-30",,,,,,
"US1ILCK0285","HARWOOD HEIGHTS 0.4 NNE, IL US","2020-05-01",,,,,,
"US1ILCK0285","HARWOOD HEIGHTS 0.4 NNE, IL US","2020-05-02",,,,,,
"US1ILCK0285","HARWOOD HEIGHTS 0.4 NNE, IL US","2020-05-03",,,,,,
"US1ILCK0285","HARWOOD HEIGHTS 0.4 NNE, IL US","2020-05-04",,,,,,
"US1ILCK0285","HARWOOD HEIGHTS 0.4 NNE, IL US","2020-05-05",,,,,,
"US1ILCK0285","HARWOOD HEIGHTS 0.4 NNE, IL US","2020-05-06",,,,,,
"US1ILCK0285","HARWOOD HEIGHTS 0.4 NNE, IL US","2020-05-07",,,,,,
"US1ILCK0285","HARWOOD HEIGHTS 0.4 NNE, IL US","2020-05-08",,,,,,
"US1ILCK0285","HARWOOD HEIGHTS 0.4 NNE, IL US","2020-05-09",,,,,,
"US1ILCK0285","HARWOOD HEIGHTS 0.4 NNE, IL US","2020-05-10",,,,,,
"US1ILCK0285","HARWOOD HEIGHTS 0.4 NNE, IL US","2020-05-11",,,,,,
"US1ILCK0285","HARWOOD HEIGHTS 0.4 NNE, IL US","2020-05-12",,,,,,
"US1ILCK0285","HARWOOD HEIGHTS 0.4 NNE, IL US","2020-05-13",,,,,,
"US1ILCK0285","HARWOOD HEIGHTS 0.4 NNE, IL US","2020-05-14",,,,,,
"US1ILCK0285","HARWOOD HEIGHTS 0.4 NNE, IL US","2020-05-15",,,,,,
"US1ILCK0285","HARWOOD HEIGHTS 0.4 NNE, IL US","2020-05-16",,,,,,
"US1ILCK0285","HARWOOD HEIGHTS 0.4 NNE, IL US","2020-05-17",,,,,,
"US1ILCK0285","HARWOOD HEIGHTS 0.4 NNE, IL US","2020-05-18",,,,,,
"US1ILCK0285","HARWOOD HEIGHTS 0.4 NNE, IL US","2020-05-19",,,,,,
"US1ILCK0285","HARWOOD HEIGHTS 0.4 NNE, IL US","2020-05-20",,,,,,
"US1ILCK0285","HARWOOD HEIGHTS 0.4 NNE, IL US","2020-05-21",,,,,,
"US1ILCK0285","HARWOOD HEIGHTS 0.4 NNE, IL US","2020-05-22",,,,,,
"US1ILCK0285","HARWOOD HEIGHTS 0.4 NNE, IL US","2020-05-23",,,,,,
"US1ILCK0285","HARWOOD HEIGHTS 0.4 NNE, IL US","2020-05-24",,,,,,
"US1ILCK0285","HARWOOD HEIGHTS 0.4 NNE, IL US","2020-05-25",,,,,,
"US1ILCK0285","HARWOOD HEIGHTS 0.4 NNE, IL US","2020-05-26",,,,,,
"US1ILCK0285","HARWOOD HEIGHTS 0.4 NNE, IL US","2020-05-27",,,,,,
"US1ILCK0285","HARWOOD HEIGHTS 0.4 NNE, IL US","2020-05-28",,,,,,
"US1ILCK0285","HARWOOD HEIGHTS 0.4 NNE, IL US","2020-05-29",,,,,,
"US1ILCK0285","HARWOOD HEIGHTS 0.4 NNE, IL US","2020-05-30",,,,,,
"US1ILCK0285","HARWOOD HEIGHTS 0.4 NNE, IL US","2020-05-31",,,,,,
"US1ILCK0285","HARWOOD HEIGHTS 0.4 NNE, IL US","2020-06-01",,,,,,
"US1ILCK0285","HARWOOD HEIGHTS 0.4 NNE, IL US","2020-06-02",,,,,,
"US1ILCK0285","HARWOOD HEIGHTS 0.4 NNE, IL US","2020-06-03",,,,,,
"US1ILCK0285","HARWOOD HEIGHTS 0.4 NNE, IL US","2020-06-04",,,,,,
"US1ILCK0285","HARWOOD HEIGHTS 0.4 NNE, IL US","2020-06-05",,,,,,
"US1ILCK0285","HARWOOD HEIGHTS 0.4 NNE, IL US","2020-06-06",,,,,,
"US1ILCK0285","HARWOOD HEIGHTS 0.4 NNE, IL US","2020-06-07",,,,,,
"US1ILCK0285","HARWOOD HEIGHTS 0.4 NNE, IL US","2020-06-08",,,,,,
"US1ILCK0285","HARWOOD HEIGHTS 0.4 NNE, IL US","2020-06-09",,,,,,
"US1ILCK0285","HARWOOD HEIGHTS 0.4 NNE, IL US","2020-06-10",,,,,,
"US1ILCK0285","HARWOOD HEIGHTS 0.4 NNE, IL US","2020-06-11",,,,,,
"US1ILCK0285","HARWOOD HEIGHTS 0.4 NNE, IL US","2020-06-12",,,,,,
"US1ILCK0285","HARWOOD HEIGHTS 0.4 NNE, IL US","2020-06-13",,,,,,
"US1ILCK0285","HARWOOD HEIGHTS 0.4 NNE, IL US","2020-06-14",,,,,,
"US1ILCK0285","HARWOOD HEIGHTS 0.4 NNE, IL US","2020-06-15",,,,,,
"US1ILCK0285","HARWOOD HEIGHTS 0.4 NNE, IL US","2020-06-16",,,,,,
"US1ILCK0285","HARWOOD HEIGHTS 0.4 NNE, IL US","2020-06-17",,,,,,
"US1ILCK0285","HARWOOD HEIGHTS 0.4 NNE, IL US","2020-06-18",,,,,,
"US1ILCK0285","HARWOOD HEIGHTS 0.4 NNE, IL US","2020-06-19",,,,,,
"US1ILCK0285","HARWOOD HEIGHTS 0.4 NNE, IL US","2020-06-20",,,,,,
"US1ILCK0285","HARWOOD HEIGHTS 0.4 NNE, IL US","2020-06-21",,,,,,
"US1ILCK0285","HARWOOD HEIGHTS 0.4 NNE, IL US","2020-06-22",,,,,,
"US1ILCK0285","HARWOOD HEIGHTS 0.4 NNE, IL US","2020-06-23",,,,,,
"US1ILCK0285","HARWOOD HEIGHTS 0.4 NNE, IL US","2020-06-24",,,,,,
"US1ILCK0285","HARWOOD HEIGHTS 0.4 NNE, IL US","2020-06-25",,,,,,
"US1ILCK0285","HARWOOD HEIGHTS 0.4 NNE, IL US","2020-06-26",,,,,,
"US1ILCK0285","HARWOOD HEIGHTS 0.4 NNE, IL US","2020-06-27",,,,,,
"US1ILCK0285","HARWOOD HEIGHTS 0.4 NNE, IL US","2020-06-28",,,,,,
"US1ILCK0285","HARWOOD HEIGHTS 0.4 NNE, IL US","2020-06-29",,,,,,
"US1ILCK0285","HARWOOD HEIGHTS 0.4 NNE, IL US","2020-06-30",,,,,,
"US1ILCK0285","HARWOOD HEIGHTS 0.4 NNE, IL US","2020-07-01",,,,,,
"US1ILCK0285","HARWOOD HEIGHTS 0.4 NNE, IL US","2020-07-02",,,,,,
"US1ILCK0285","HARWOOD HEIGHTS 0.4 NNE, IL US","2020-07-03",,,,,,
"US1ILCK0285","HARWOOD HEIGHTS 0.4 NNE, IL US","2020-07-04",,,,,,
"US1ILCK0285","HARWOOD HEIGHTS 0.4 NNE, IL US","2020-07-05",,,,,,
"US1ILCK0285","HARWOOD HEIGHTS 0.4 NNE, IL US","2020-07-06",,,,,,
"US1ILCK0285","HARWOOD HEIGHTS 0.4 NNE, IL US","2020-07-07",,,,,,
"US1ILCK0285","HARWOOD HEIGHTS 0.4 NNE, IL US","2020-07-08",,,,,,
"US1ILCK0285","HARWOOD HEIGHTS 0.4 NNE, IL US","2020-07-09",,,,,,
"US1ILCK0285","HARWOOD HEIGHTS 0.4 NNE, IL US","2020-07-10",,,,,,
"US1ILCK0285","HARWOOD HEIGHTS 0.4 NNE, IL US","2020-07-11",,,,,,
"US1ILCK0285","HARWOOD HEIGHTS 0.4 NNE, IL US","2020-07-12",,,,,,
"US1ILCK0285","HARWOOD HEIGHTS 0.4 NNE, IL US","2020-07-13",,,,,,
"US1ILCK0285","HARWOOD HEIGHTS 0.4 NNE, IL US","2020-07-14",,,,,,
"US1ILCK0285","HARWOOD HEIGHTS 0.4 NNE, IL US","2020-07-15",,,,,,
"US1ILCK0285","HARWOOD HEIGHTS 0.4 NNE, IL US","2020-07-16",,,,,,
"US1ILCK0285","HARWOOD HEIGHTS 0.4 NNE, IL US","2020-07-17",,,,,,
"US1ILCK0285","HARWOOD HEIGHTS 0.4 NNE, IL US","2020-07-18",,,,,,
"US1ILCK0285","HARWOOD HEIGHTS 0.4 NNE, IL US","2020-07-19",,,,,,
"US1ILCK0285","HARWOOD HEIGHTS 0.4 NNE, IL US","2020-07-20",,,,,,
"US1ILCK0285","HARWOOD HEIGHTS 0.4 NNE, IL US","2020-07-21",,,,,,
"US1ILCK0285","HARWOOD HEIGHTS 0.4 NNE, IL US","2020-07-22",,,,,,
"US1ILCK0285","HARWOOD HEIGHTS 0.4 NNE, IL US","2020-07-23",,,,,,
"US1ILCK0285","HARWOOD HEIGHTS 0.4 NNE, IL US","2020-07-24",,,,,,
"US1ILCK0285","HARWOOD HEIGHTS 0.4 NNE, IL US","2020-07-25",,,,,,
"US1ILCK0285","HARWOOD HEIGHTS 0.4 NNE, IL US","2020-07-26",,,,,,
"US1ILCK0285","HARWOOD HEIGHTS 0.4 NNE, IL US","2020-07-27",,,,,,
"US1ILCK0285","HARWOOD HEIGHTS 0.4 NNE, IL US","2020-07-28",,,,,,
"US1ILCK0285","HARWOOD HEIGHTS 0.4 NNE, IL US","2020-07-29",,,,,,
"US1ILCK0285","HARWOOD HEIGHTS 0.4 NNE, IL US","2020-07-30",,,,,,
"US1ILCK0285","HARWOOD HEIGHTS 0.4 NNE, IL US","2020-07-31",,,,,,
"US1ILCK0285","HARWOOD HEIGHTS 0.4 NNE, IL US","2020-08-01",,,,,,
"US1ILCK0285","HARWOOD HEIGHTS 0.4 NNE, IL US","2020-08-02",,,,,,
"US1ILCK0285","HARWOOD HEIGHTS 0.4 NNE, IL US","2020-08-03",,,,,,
"US1ILCK0285","HARWOOD HEIGHTS 0.4 NNE, IL US","2020-08-04",,,,,,
"US1ILCK0285","HARWOOD HEIGHTS 0.4 NNE, IL US","2020-08-05",,,,,,
"US1ILCK0285","HARWOOD HEIGHTS 0.4 NNE, IL US","2020-08-06",,,,,,
"US1ILCK0285","HARWOOD HEIGHTS 0.4 NNE, IL US","2020-08-07",,,,,,
"US1ILCK0285","HARWOOD HEIGHTS 0.4 NNE, IL US","2020-08-08",,,,,,
"US1ILCK0285","HARWOOD HEIGHTS 0.4 NNE, IL US","2020-08-09",,,,,,
"US1ILCK0285","HARWOOD HEIGHTS 0.4 NNE, IL US","2020-08-10",,,,,,
"US1ILCK0285","HARWOOD HEIGHTS 0.4 NNE, IL US","2020-08-11",,,,,,
"US1ILCK0285","HARWOOD HEIGHTS 0.4 NNE, IL US","2020-08-12",,,,,,
"US1ILCK0285","HARWOOD HEIGHTS 0.4 NNE, IL US","2020-08-13",,,,,,
"US1ILCK0285","HARWOOD HEIGHTS 0.4 NNE, IL US","2020-08-14",,,,,,
"US1ILCK0285","HARWOOD HEIGHTS 0.4 NNE, IL US","2020-08-15",,,,,,
"US1ILCK0285","HARWOOD HEIGHTS 0.4 NNE, IL US","2020-08-16",,,,,,
"US1ILCK0285","HARWOOD HEIGHTS 0.4 NNE, IL US","2020-08-17",,,,,,
"US1ILCK0285","HARWOOD HEIGHTS 0.4 NNE, IL US","2020-08-18",,,,,,
"US1ILCK0285","HARWOOD HEIGHTS 0.4 NNE, IL US","2020-08-19",,,,,,
"US1ILCK0285","HARWOOD HEIGHTS 0.4 NNE, IL US","2020-08-20",,,,,,
"US1ILCK0285","HARWOOD HEIGHTS 0.4 NNE, IL US","2020-08-21",,,,,,
"US1ILCK0285","HARWOOD HEIGHTS 0.4 NNE, IL US","2020-08-22",,,,,,
"US1ILCK0285","HARWOOD HEIGHTS 0.4 NNE, IL US","2020-08-23",,,,,,
"US1ILCK0285","HARWOOD HEIGHTS 0.4 NNE, IL US","2020-08-24",,,,,,
"US1ILCK0285","HARWOOD HEIGHTS 0.4 NNE, IL US","2020-08-25",,,,,,
"US1ILCK0285","HARWOOD HEIGHTS 0.4 NNE, IL US","2020-08-26",,,,,,
"US1ILCK0285","HARWOOD HEIGHTS 0.4 NNE, IL US","2020-08-27",,,,,,
"US1ILCK0285","HARWOOD HEIGHTS 0.4 NNE, IL US","2020-08-28",,,,,,
"US1ILCK0285","HARWOOD HEIGHTS 0.4 NNE, IL US","2020-08-29",,,,,,
"US1ILCK0285","HARWOOD HEIGHTS 0.4 NNE, IL US","2020-08-30",,,,,,
"US1ILCK0285","HARWOOD HEIGHTS 0.4 NNE, IL US","2020-08-31",,,,,,
"US1ILCK0285","HARWOOD HEIGHTS 0.4 NNE, IL US","2020-09-01",,,,,,
"US1ILCK0285","HARWOOD HEIGHTS 0.4 NNE, IL US","2020-09-02",,,,,,
"US1ILCK0285","HARWOOD HEIGHTS 0.4 NNE, IL US","2020-09-03",,,,,,
"US1ILCK0285","HARWOOD HEIGHTS 0.4 NNE, IL US","2020-09-04",,,,,,
"US1ILCK0285","HARWOOD HEIGHTS 0.4 NNE, IL US","2020-09-05",,,,,,
"US1ILCK0285","HARWOOD HEIGHTS 0.4 NNE, IL US","2020-09-06",,,,,,
"US1ILCK0285","HARWOOD HEIGHTS 0.4 NNE, IL US","2020-09-07",,,,,,
"US1ILCK0285","HARWOOD HEIGHTS 0.4 NNE, IL US","2020-09-08",,,,,,
"US1ILCK0107","EVANSTON 1.4 N, IL US","2019-10-01",,,,,,
"US1ILCK0107","EVANSTON 1.4 N, IL US","2019-10-02",,,,,,
"US1ILCK0107","EVANSTON 1.4 N, IL US","2019-10-03",,,,,,
"US1ILCK0107","EVANSTON 1.4 N, IL US","2019-10-04",,,,,,
"US1ILCK0107","EVANSTON 1.4 N, IL US","2019-10-05",,,,,,
"US1ILCK0107","EVANSTON 1.4 N, IL US","2019-10-06",,,,,,
"US1ILCK0107","EVANSTON 1.4 N, IL US","2019-10-07",,,,,,
"US1ILCK0107","EVANSTON 1.4 N, IL US","2019-10-08",,,,,,
"US1ILCK0107","EVANSTON 1.4 N, IL US","2019-10-09",,,,,,
"US1ILCK0107","EVANSTON 1.4 N, IL US","2019-10-10",,,,,,
"US1ILCK0107","EVANSTON 1.4 N, IL US","2019-10-11",,,,,,
"US1ILCK0107","EVANSTON 1.4 N, IL US","2019-10-12",,,,,,
"US1ILCK0107","EVANSTON 1.4 N, IL US","2019-10-13",,,,,,
"US1ILCK0107","EVANSTON 1.4 N, IL US","2019-10-14",,,,,,
"US1ILCK0107","EVANSTON 1.4 N, IL US","2019-10-15",,,,,,
"US1ILCK0107","EVANSTON 1.4 N, IL US","2019-10-16",,,,,,
"US1ILCK0107","EVANSTON 1.4 N, IL US","2019-10-17",,,,,,
"US1ILCK0107","EVANSTON 1.4 N, IL US","2019-10-18",,,,,,
"US1ILCK0107","EVANSTON 1.4 N, IL US","2019-10-19",,,,,,
"US1ILCK0107","EVANSTON 1.4 N, IL US","2019-10-20",,,,,,
"US1ILCK0107","EVANSTON 1.4 N, IL US","2019-10-21",,,,,,
"US1ILCK0107","EVANSTON 1.4 N, IL US","2019-10-22",,,,,,
"US1ILCK0107","EVANSTON 1.4 N, IL US","2019-10-23",,,,,,
"US1ILCK0107","EVANSTON 1.4 N, IL US","2019-10-24",,,,,,
"US1ILCK0107","EVANSTON 1.4 N, IL US","2019-10-25",,,,,,
"US1ILCK0107","EVANSTON 1.4 N, IL US","2019-10-26",,,,,,
"US1ILCK0107","EVANSTON 1.4 N, IL US","2020-06-26",,,,,,
"US1ILCK0229","FLOSSMOOR 1.2 ESE, IL US","2019-10-01",,,,,,
"US1ILCK0229","FLOSSMOOR 1.2 ESE, IL US","2019-10-02",,,,,,
"US1ILCK0229","FLOSSMOOR 1.2 ESE, IL US","2019-10-03",,,,,,
"US1ILCK0229","FLOSSMOOR 1.2 ESE, IL US","2019-10-04",,,,,,
"US1ILCK0229","FLOSSMOOR 1.2 ESE, IL US","2019-10-05",,,,,,
"US1ILCK0229","FLOSSMOOR 1.2 ESE, IL US","2019-10-06",,,,,,
"US1ILCK0229","FLOSSMOOR 1.2 ESE, IL US","2019-10-07",,,,,,
"US1ILCK0229","FLOSSMOOR 1.2 ESE, IL US","2019-10-08",,,,,,
"US1ILCK0229","FLOSSMOOR 1.2 ESE, IL US","2019-10-09",,,,,,
"US1ILCK0229","FLOSSMOOR 1.2 ESE, IL US","2019-10-10",,,,,,
"US1ILCK0229","FLOSSMOOR 1.2 ESE, IL US","2019-10-11",,,,,,
"US1ILCK0229","FLOSSMOOR 1.2 ESE, IL US","2019-10-12",,,,,,
"US1ILCK0229","FLOSSMOOR 1.2 ESE, IL US","2019-10-13",,,,,,
"US1ILCK0229","FLOSSMOOR 1.2 ESE, IL US","2019-10-14",,,,,,
"US1ILCK0229","FLOSSMOOR 1.2 ESE, IL US","2019-10-15",,,,,,
"US1ILCK0229","FLOSSMOOR 1.2 ESE, IL US","2019-10-16",,,,,,
"US1ILCK0229","FLOSSMOOR 1.2 ESE, IL US","2019-10-17",,,,,,
"US1ILCK0229","FLOSSMOOR 1.2 ESE, IL US","2019-10-18",,,,,,
"US1ILCK0229","FLOSSMOOR 1.2 ESE, IL US","2019-10-19",,,,,,
"US1ILCK0229","FLOSSMOOR 1.2 ESE, IL US","2019-10-20",,,,,,
"US1ILCK0229","FLOSSMOOR 1.2 ESE, IL US","2019-10-21",,,,,,
"US1ILCK0229","FLOSSMOOR 1.2 ESE, IL US","2019-10-22",,,,,,
"US1ILCK0229","FLOSSMOOR 1.2 ESE, IL US","2019-10-23",,,,,,
"US1ILCK0229","FLOSSMOOR 1.2 ESE, IL US","2019-10-24",,,,,,
"US1ILCK0229","FLOSSMOOR 1.2 ESE, IL US","2019-10-25",,,,,,
"US1ILCK0229","FLOSSMOOR 1.2 ESE, IL US","2019-10-26",,,,,,
"US1ILCK0229","FLOSSMOOR 1.2 ESE, IL US","2019-10-27",,,,,,
"US1ILCK0229","FLOSSMOOR 1.2 ESE, IL US","2019-10-28",,,,,,
"US1ILCK0229","FLOSSMOOR 1.2 ESE, IL US","2019-10-29",,,,,,
"US1ILCK0229","FLOSSMOOR 1.2 ESE, IL US","2019-10-30",,,,,,
"US1ILCK0229","FLOSSMOOR 1.2 ESE, IL US","2019-10-31",,,,,,
"US1ILCK0229","FLOSSMOOR 1.2 ESE, IL US","2019-11-01",,,,,,
"US1ILCK0229","FLOSSMOOR 1.2 ESE, IL US","2019-11-02",,,,,,
"US1ILCK0229","FLOSSMOOR 1.2 ESE, IL US","2019-11-03",,,,,,
"US1ILCK0229","FLOSSMOOR 1.2 ESE, IL US","2019-11-04",,,,,,
"US1ILCK0229","FLOSSMOOR 1.2 ESE, IL US","2019-11-05",,,,,,
"US1ILCK0229","FLOSSMOOR 1.2 ESE, IL US","2019-11-06",,,,,,
"US1ILCK0229","FLOSSMOOR 1.2 ESE, IL US","2019-11-07",,,,,,
"US1ILCK0229","FLOSSMOOR 1.2 ESE, IL US","2019-11-08",,,,,,
"US1ILCK0229","FLOSSMOOR 1.2 ESE, IL US","2019-12-29",,,,,,
"US1ILCK0229","FLOSSMOOR 1.2 ESE, IL US","2019-12-30",,,,,,
"US1ILCK0229","FLOSSMOOR 1.2 ESE, IL US","2020-01-11",,,,,,
"US1ILCK0229","FLOSSMOOR 1.2 ESE, IL US","2020-02-02",,,,,,
"US1ILCK0229","FLOSSMOOR 1.2 ESE, IL US","2020-02-03",,,,,,
"US1ILCK0229","FLOSSMOOR 1.2 ESE, IL US","2020-04-01",,,,,,
"US1ILCK0229","FLOSSMOOR 1.2 ESE, IL US","2020-04-02",,,,,,
"US1ILCK0229","FLOSSMOOR 1.2 ESE, IL US","2020-04-03",,,,,,
"US1ILCK0229","FLOSSMOOR 1.2 ESE, IL US","2020-04-04",,,,,,
"US1ILCK0229","FLOSSMOOR 1.2 ESE, IL US","2020-04-05",,,,,,
"US1ILCK0229","FLOSSMOOR 1.2 ESE, IL US","2020-04-06",,,,,,
"US1ILCK0229","FLOSSMOOR 1.2 ESE, IL US","2020-04-07",,,,,,
"US1ILCK0229","FLOSSMOOR 1.2 ESE, IL US","2020-04-08",,,,,,
"US1ILCK0229","FLOSSMOOR 1.2 ESE, IL US","2020-04-09",,,,,,
"US1ILCK0229","FLOSSMOOR 1.2 ESE, IL US","2020-04-10",,,,,,
"US1ILCK0229","FLOSSMOOR 1.2 ESE, IL US","2020-04-12",,,,,,
"US1ILCK0229","FLOSSMOOR 1.2 ESE, IL US","2020-04-13",,,,,,
"US1ILCK0229","FLOSSMOOR 1.2 ESE, IL US","2020-04-14",,,,,,
"US1ILCK0229","FLOSSMOOR 1.2 ESE, IL US","2020-04-15",,,,,,
"US1ILCK0229","FLOSSMOOR 1.2 ESE, IL US","2020-04-16",,,,,,
"US1ILCK0229","FLOSSMOOR 1.2 ESE, IL US","2020-04-17",,,,,,
"US1ILCK0229","FLOSSMOOR 1.2 ESE, IL US","2020-04-18",,,,,,
"US1ILCK0229","FLOSSMOOR 1.2 ESE, IL US","2020-04-19",,,,,,
"US1ILCK0229","FLOSSMOOR 1.2 ESE, IL US","2020-04-20",,,,,,
"US1ILCK0229","FLOSSMOOR 1.2 ESE, IL US","2020-04-21",,,,,,
"US1ILCK0229","FLOSSMOOR 1.2 ESE, IL US","2020-04-22",,,,,,
"US1ILCK0229","FLOSSMOOR 1.2 ESE, IL US","2020-04-23",,,,,,
"US1ILCK0229","FLOSSMOOR 1.2 ESE, IL US","2020-04-24",,,,,,
"US1ILCK0229","FLOSSMOOR 1.2 ESE, IL US","2020-04-25",,,,,,
"US1ILCK0229","FLOSSMOOR 1.2 ESE, IL US","2020-04-26",,,,,,
"US1ILCK0229","FLOSSMOOR 1.2 ESE, IL US","2020-04-27",,,,,,
"US1ILCK0229","FLOSSMOOR 1.2 ESE, IL US","2020-04-28",,,,,,
"US1ILCK0229","FLOSSMOOR 1.2 ESE, IL US","2020-04-29",,,,,,
"US1ILCK0229","FLOSSMOOR 1.2 ESE, IL US","2020-04-30",,,,,,
"US1ILCK0229","FLOSSMOOR 1.2 ESE, IL US","2020-05-01",,,,,,
"US1ILCK0229","FLOSSMOOR 1.2 ESE, IL US","2020-05-02",,,,,,
"US1ILCK0229","FLOSSMOOR 1.2 ESE, IL US","2020-05-03",,,,,,
"US1ILCK0229","FLOSSMOOR 1.2 ESE, IL US","2020-05-04",,,,,,
"US1ILCK0229","FLOSSMOOR 1.2 ESE, IL US","2020-05-05",,,,,,
"US1ILCK0229","FLOSSMOOR 1.2 ESE, IL US","2020-05-06",,,,,,
"US1ILCK0229","FLOSSMOOR 1.2 ESE, IL US","2020-05-07",,,,,,
"US1ILCK0229","FLOSSMOOR 1.2 ESE, IL US","2020-05-08",,,,,,
"US1ILCK0229","FLOSSMOOR 1.2 ESE, IL US","2020-05-09",,,,,,
"US1ILCK0229","FLOSSMOOR 1.2 ESE, IL US","2020-05-10",,,,,,
"US1ILCK0229","FLOSSMOOR 1.2 ESE, IL US","2020-05-11",,,,,,
"US1ILCK0229","FLOSSMOOR 1.2 ESE, IL US","2020-05-12",,,,,,
"US1ILCK0229","FLOSSMOOR 1.2 ESE, IL US","2020-05-13",,,,,,
"US1ILCK0229","FLOSSMOOR 1.2 ESE, IL US","2020-05-14",,,,,,
"US1ILCK0229","FLOSSMOOR 1.2 ESE, IL US","2020-05-15",,,,,,
"US1ILCK0229","FLOSSMOOR 1.2 ESE, IL US","2020-05-16",,,,,,
"US1ILCK0229","FLOSSMOOR 1.2 ESE, IL US","2020-05-17",,,,,,
"US1ILCK0229","FLOSSMOOR 1.2 ESE, IL US","2020-05-18",,,,,,
"US1ILCK0229","FLOSSMOOR 1.2 ESE, IL US","2020-05-19",,,,,,
"US1ILCK0229","FLOSSMOOR 1.2 ESE, IL US","2020-05-20",,,,,,
"US1ILCK0229","FLOSSMOOR 1.2 ESE, IL US","2020-05-21",,,,,,
"US1ILCK0229","FLOSSMOOR 1.2 ESE, IL US","2020-05-22",,,,,,
"US1ILCK0229","FLOSSMOOR 1.2 ESE, IL US","2020-05-23",,,,,,
"US1ILCK0229","FLOSSMOOR 1.2 ESE, IL US","2020-05-24",,,,,,
"US1ILCK0229","FLOSSMOOR 1.2 ESE, IL US","2020-05-25",,,,,,
"US1ILCK0229","FLOSSMOOR 1.2 ESE, IL US","2020-05-26",,,,,,
"US1ILCK0229","FLOSSMOOR 1.2 ESE, IL US","2020-05-27",,,,,,
"US1ILCK0229","FLOSSMOOR 1.2 ESE, IL US","2020-05-29",,,,,,
"US1ILCK0229","FLOSSMOOR 1.2 ESE, IL US","2020-05-30",,,,,,
"US1ILCK0229","FLOSSMOOR 1.2 ESE, IL US","2020-05-31",,,,,,
"US1ILCK0229","FLOSSMOOR 1.2 ESE, IL US","2020-06-01",,,,,,
"US1ILCK0229","FLOSSMOOR 1.2 ESE, IL US","2020-06-02",,,,,,
"US1ILCK0229","FLOSSMOOR 1.2 ESE, IL US","2020-06-03",,,,,,
"US1ILCK0229","FLOSSMOOR 1.2 ESE, IL US","2020-06-04",,,,,,
"US1ILCK0229","FLOSSMOOR 1.2 ESE, IL US","2020-06-05",,,,,,
"US1ILCK0229","FLOSSMOOR 1.2 ESE, IL US","2020-06-06",,,,,,
"US1ILCK0229","FLOSSMOOR 1.2 ESE, IL US","2020-06-07",,,,,,
"US1ILCK0229","FLOSSMOOR 1.2 ESE, IL US","2020-06-08",,,,,,
"US1ILCK0229","FLOSSMOOR 1.2 ESE, IL US","2020-06-09",,,,,,
"US1ILCK0229","FLOSSMOOR 1.2 ESE, IL US","2020-06-10",,,,,,
"US1ILCK0229","FLOSSMOOR 1.2 ESE, IL US","2020-06-11",,,,,,
"US1ILCK0229","FLOSSMOOR 1.2 ESE, IL US","2020-06-12",,,,,,
"US1ILCK0229","FLOSSMOOR 1.2 ESE, IL US","2020-06-13",,,,,,
"US1ILCK0229","FLOSSMOOR 1.2 ESE, IL US","2020-06-14",,,,,,
"US1ILCK0229","FLOSSMOOR 1.2 ESE, IL US","2020-06-15",,,,,,
"US1ILCK0229","FLOSSMOOR 1.2 ESE, IL US","2020-06-16",,,,,,
"US1ILCK0229","FLOSSMOOR 1.2 ESE, IL US","2020-06-17",,,,,,
"US1ILCK0229","FLOSSMOOR 1.2 ESE, IL US","2020-06-18",,,,,,
"US1ILCK0229","FLOSSMOOR 1.2 ESE, IL US","2020-06-19",,,,,,
"US1ILCK0229","FLOSSMOOR 1.2 ESE, IL US","2020-06-20",,,,,,
"US1ILCK0229","FLOSSMOOR 1.2 ESE, IL US","2020-06-21",,,,,,
"US1ILCK0229","FLOSSMOOR 1.2 ESE, IL US","2020-06-22",,,,,,
"US1ILCK0229","FLOSSMOOR 1.2 ESE, IL US","2020-06-23",,,,,,
"US1ILCK0229","FLOSSMOOR 1.2 ESE, IL US","2020-06-24",,,,,,
"US1ILCK0229","FLOSSMOOR 1.2 ESE, IL US","2020-06-25",,,,,,
"US1ILCK0229","FLOSSMOOR 1.2 ESE, IL US","2020-06-26",,,,,,
"US1ILCK0229","FLOSSMOOR 1.2 ESE, IL US","2020-06-27",,,,,,
"US1ILCK0229","FLOSSMOOR 1.2 ESE, IL US","2020-06-28",,,,,,
"US1ILCK0229","FLOSSMOOR 1.2 ESE, IL US","2020-06-29",,,,,,
"US1ILCK0229","FLOSSMOOR 1.2 ESE, IL US","2020-06-30",,,,,,
"US1ILCK0229","FLOSSMOOR 1.2 ESE, IL US","2020-07-01",,,,,,
"US1ILCK0229","FLOSSMOOR 1.2 ESE, IL US","2020-07-02",,,,,,
"US1ILCK0229","FLOSSMOOR 1.2 ESE, IL US","2020-07-03",,,,,,
"US1ILCK0229","FLOSSMOOR 1.2 ESE, IL US","2020-07-04",,,,,,
"US1ILCK0229","FLOSSMOOR 1.2 ESE, IL US","2020-07-05",,,,,,
"US1ILCK0229","FLOSSMOOR 1.2 ESE, IL US","2020-07-06",,,,,,
"US1ILCK0229","FLOSSMOOR 1.2 ESE, IL US","2020-07-07",,,,,,
"US1ILCK0229","FLOSSMOOR 1.2 ESE, IL US","2020-07-08",,,,,,
"US1ILCK0229","FLOSSMOOR 1.2 ESE, IL US","2020-07-09",,,,,,
"US1ILCK0229","FLOSSMOOR 1.2 ESE, IL US","2020-07-10",,,,,,
"US1ILCK0229","FLOSSMOOR 1.2 ESE, IL US","2020-07-11",,,,,,
"US1ILCK0229","FLOSSMOOR 1.2 ESE, IL US","2020-07-12",,,,,,
"US1ILCK0229","FLOSSMOOR 1.2 ESE, IL US","2020-07-13",,,,,,
"US1ILCK0229","FLOSSMOOR 1.2 ESE, IL US","2020-07-14",,,,,,
"US1ILCK0229","FLOSSMOOR 1.2 ESE, IL US","2020-07-15",,,,,,
"US1ILCK0229","FLOSSMOOR 1.2 ESE, IL US","2020-07-16",,,,,,
"US1ILCK0229","FLOSSMOOR 1.2 ESE, IL US","2020-07-17",,,,,,
"US1ILCK0229","FLOSSMOOR 1.2 ESE, IL US","2020-07-18",,,,,,
"US1ILCK0229","FLOSSMOOR 1.2 ESE, IL US","2020-07-20",,,,,,
"US1ILCK0229","FLOSSMOOR 1.2 ESE, IL US","2020-07-21",,,,,,
"US1ILCK0229","FLOSSMOOR 1.2 ESE, IL US","2020-07-22",,,,,,
"US1ILCK0229","FLOSSMOOR 1.2 ESE, IL US","2020-07-23",,,,,,
"US1ILCK0229","FLOSSMOOR 1.2 ESE, IL US","2020-07-24",,,,,,
"US1ILCK0229","FLOSSMOOR 1.2 ESE, IL US","2020-07-25",,,,,,
"US1ILCK0229","FLOSSMOOR 1.2 ESE, IL US","2020-07-26",,,,,,
"US1ILCK0229","FLOSSMOOR 1.2 ESE, IL US","2020-07-28",,,,,,
"US1ILCK0229","FLOSSMOOR 1.2 ESE, IL US","2020-07-29",,,,,,
"US1ILCK0229","FLOSSMOOR 1.2 ESE, IL US","2020-07-30",,,,,,
"US1ILCK0229","FLOSSMOOR 1.2 ESE, IL US","2020-08-01",,,,,,
"US1ILCK0229","FLOSSMOOR 1.2 ESE, IL US","2020-08-02",,,,,,
"US1ILCK0229","FLOSSMOOR 1.2 ESE, IL US","2020-08-03",,,,,,
"US1ILCK0229","FLOSSMOOR 1.2 ESE, IL US","2020-08-04",,,,,,
"US1ILCK0229","FLOSSMOOR 1.2 ESE, IL US","2020-08-05",,,,,,
"US1ILCK0229","FLOSSMOOR 1.2 ESE, IL US","2020-08-06",,,,,,
"US1ILCK0229","FLOSSMOOR 1.2 ESE, IL US","2020-08-07",,,,,,
"US1ILCK0229","FLOSSMOOR 1.2 ESE, IL US","2020-08-08",,,,,,
"US1ILCK0229","FLOSSMOOR 1.2 ESE, IL US","2020-08-09",,,,,,
"US1ILCK0229","FLOSSMOOR 1.2 ESE, IL US","2020-08-10",,,,,,
"US1ILCK0229","FLOSSMOOR 1.2 ESE, IL US","2020-08-11",,,,,,
"US1ILCK0229","FLOSSMOOR 1.2 ESE, IL US","2020-08-12",,,,,,
"US1ILCK0229","FLOSSMOOR 1.2 ESE, IL US","2020-08-13",,,,,,
"US1ILCK0229","FLOSSMOOR 1.2 ESE, IL US","2020-08-14",,,,,,
"US1ILCK0229","FLOSSMOOR 1.2 ESE, IL US","2020-08-15",,,,,,
"US1ILCK0229","FLOSSMOOR 1.2 ESE, IL US","2020-08-16",,,,,,
"US1ILCK0229","FLOSSMOOR 1.2 ESE, IL US","2020-08-17",,,,,,
"US1ILCK0229","FLOSSMOOR 1.2 ESE, IL US","2020-08-18",,,,,,
"US1ILCK0229","FLOSSMOOR 1.2 ESE, IL US","2020-08-19",,,,,,
"US1ILCK0229","FLOSSMOOR 1.2 ESE, IL US","2020-08-20",,,,,,
"US1ILCK0229","FLOSSMOOR 1.2 ESE, IL US","2020-08-21",,,,,,
"US1ILCK0229","FLOSSMOOR 1.2 ESE, IL US","2020-08-22",,,,,,
"US1ILCK0229","FLOSSMOOR 1.2 ESE, IL US","2020-08-23",,,,,,
"US1ILCK0229","FLOSSMOOR 1.2 ESE, IL US","2020-08-24",,,,,,
"US1ILCK0229","FLOSSMOOR 1.2 ESE, IL US","2020-08-25",,,,,,
"US1ILCK0229","FLOSSMOOR 1.2 ESE, IL US","2020-08-26",,,,,,
"US1ILCK0229","FLOSSMOOR 1.2 ESE, IL US","2020-08-27",,,,,,
"US1ILCK0229","FLOSSMOOR 1.2 ESE, IL US","2020-08-28",,,,,,
"US1ILCK0229","FLOSSMOOR 1.2 ESE, IL US","2020-08-29",,,,,,
"US1ILCK0229","FLOSSMOOR 1.2 ESE, IL US","2020-08-30",,,,,,
"US1ILCK0229","FLOSSMOOR 1.2 ESE, IL US","2020-08-31",,,,,,
"US1ILCK0229","FLOSSMOOR 1.2 ESE, IL US","2020-09-01",,,,,,
"US1ILCK0229","FLOSSMOOR 1.2 ESE, IL US","2020-09-02",,,,,,
"US1ILCK0229","FLOSSMOOR 1.2 ESE, IL US","2020-09-03",,,,,,
"US1ILCK0229","FLOSSMOOR 1.2 ESE, IL US","2020-09-04",,,,,,
"US1ILCK0229","FLOSSMOOR 1.2 ESE, IL US","2020-09-05",,,,,,
"US1ILCK0229","FLOSSMOOR 1.2 ESE, IL US","2020-09-06",,,,,,
"US1ILCK0229","FLOSSMOOR 1.2 ESE, IL US","2020-09-07",,,,,,
"US1ILCK0229","FLOSSMOOR 1.2 ESE, IL US","2020-09-08",,,,,,
"US1INLK0070","SCHERERVILLE 2.1 ESE, IN US","2019-10-02",,,,,,
"US1INLK0070","SCHERERVILLE 2.1 ESE, IN US","2019-10-03",,,,,,
"US1INLK0070","SCHERERVILLE 2.1 ESE, IN US","2019-10-04",,,,,,
"US1INLK0070","SCHERERVILLE 2.1 ESE, IN US","2019-10-06",,,,,,
"US1INLK0070","SCHERERVILLE 2.1 ESE, IN US","2019-10-08",,,,,,
"US1INLK0070","SCHERERVILLE 2.1 ESE, IN US","2019-10-09",,,,,,
"US1INLK0070","SCHERERVILLE 2.1 ESE, IN US","2019-10-16",,,,,,
"US1INLK0070","SCHERERVILLE 2.1 ESE, IN US","2019-10-17",,,,,,
"US1INLK0070","SCHERERVILLE 2.1 ESE, IN US","2019-10-21",,,,,,
"US1INLK0070","SCHERERVILLE 2.1 ESE, IN US","2019-10-22",,,,,,
"US1INLK0070","SCHERERVILLE 2.1 ESE, IN US","2019-10-27",,,,,,
"US1INLK0070","SCHERERVILLE 2.1 ESE, IN US","2019-10-28",,,,,,
"US1INLK0070","SCHERERVILLE 2.1 ESE, IN US","2020-03-18",,,,,,
"US1INLK0070","SCHERERVILLE 2.1 ESE, IN US","2020-03-19",,,,,,
"US1INLK0070","SCHERERVILLE 2.1 ESE, IN US","2020-03-20",,,,,,
"US1INLK0070","SCHERERVILLE 2.1 ESE, IN US","2020-03-27",,,,,,
"US1INLK0070","SCHERERVILLE 2.1 ESE, IN US","2020-03-28",,,,,,
"US1INLK0070","SCHERERVILLE 2.1 ESE, IN US","2020-03-29",,,,,,
"US1INLK0070","SCHERERVILLE 2.1 ESE, IN US","2020-04-05",,,,,,
"US1INLK0070","SCHERERVILLE 2.1 ESE, IN US","2020-04-07",,,,,,
"US1INLK0070","SCHERERVILLE 2.1 ESE, IN US","2020-04-08",,,,,,
"US1INLK0070","SCHERERVILLE 2.1 ESE, IN US","2020-04-09",,,,,,
"US1INLK0070","SCHERERVILLE 2.1 ESE, IN US","2020-04-10",,,,,,
"US1INLK0070","SCHERERVILLE 2.1 ESE, IN US","2020-04-11",,,,,,
"US1INLK0070","SCHERERVILLE 2.1 ESE, IN US","2020-04-12",,,,,,
"US1INLK0070","SCHERERVILLE 2.1 ESE, IN US","2020-04-13",,,,,,
"US1INLK0070","SCHERERVILLE 2.1 ESE, IN US","2020-04-21",,,,,,
"US1INLK0070","SCHERERVILLE 2.1 ESE, IN US","2020-04-25",,,,,,
"US1INLK0070","SCHERERVILLE 2.1 ESE, IN US","2020-04-26",,,,,,
"US1INLK0070","SCHERERVILLE 2.1 ESE, IN US","2020-04-27",,,,,,
"US1INLK0070","SCHERERVILLE 2.1 ESE, IN US","2020-04-28",,,,,,
"US1INLK0070","SCHERERVILLE 2.1 ESE, IN US","2020-04-29",,,,,,
"US1INLK0070","SCHERERVILLE 2.1 ESE, IN US","2020-04-30",,,,,,
"US1INLK0070","SCHERERVILLE 2.1 ESE, IN US","2020-05-01",,,,,,
"US1INLK0070","SCHERERVILLE 2.1 ESE, IN US","2020-05-02",,,,,,
"US1INLK0070","SCHERERVILLE 2.1 ESE, IN US","2020-05-05",,,,,,
"US1INLK0070","SCHERERVILLE 2.1 ESE, IN US","2020-05-06",,,,,,
"US1INLK0070","SCHERERVILLE 2.1 ESE, IN US","2020-05-08",,,,,,
"US1INLK0070","SCHERERVILLE 2.1 ESE, IN US","2020-05-09",,,,,,
"US1INLK0070","SCHERERVILLE 2.1 ESE, IN US","2020-05-11",,,,,,
"US1INLK0070","SCHERERVILLE 2.1 ESE, IN US","2020-05-12",,,,,,
"US1INLK0070","SCHERERVILLE 2.1 ESE, IN US","2020-05-15",,,,,,
"US1INLK0070","SCHERERVILLE 2.1 ESE, IN US","2020-05-16",,,,,,
"US1INLK0070","SCHERERVILLE 2.1 ESE, IN US","2020-05-18",,,,,,
"US1INLK0070","SCHERERVILLE 2.1 ESE, IN US","2020-05-19",,,,,,
"US1INLK0070","SCHERERVILLE 2.1 ESE, IN US","2020-05-20",,,,,,
"US1INLK0070","SCHERERVILLE 2.1 ESE, IN US","2020-05-21",,,,,,
"US1INLK0070","SCHERERVILLE 2.1 ESE, IN US","2020-05-26",,,,,,
"US1INLK0070","SCHERERVILLE 2.1 ESE, IN US","2020-05-31",,,,,,
"US1INLK0070","SCHERERVILLE 2.1 ESE, IN US","2020-06-09",,,,,,
"US1INLK0070","SCHERERVILLE 2.1 ESE, IN US","2020-07-16",,,,,,
"US1INLK0070","SCHERERVILLE 2.1 ESE, IN US","2020-07-25",,,,,,
"US1INLK0070","SCHERERVILLE 2.1 ESE, IN US","2020-07-27",,,,,,
"US1INLK0070","SCHERERVILLE 2.1 ESE, IN US","2020-07-28",,,,,,
"US1INLK0070","SCHERERVILLE 2.1 ESE, IN US","2020-08-02",,,,,,
"US1INLK0070","SCHERERVILLE 2.1 ESE, IN US","2020-08-03",,,,,,
"US1INLK0070","SCHERERVILLE 2.1 ESE, IN US","2020-08-10",,,,,,
"US1INLK0070","SCHERERVILLE 2.1 ESE, IN US","2020-08-11",,,,,,
"US1INLK0070","SCHERERVILLE 2.1 ESE, IN US","2020-08-12",,,,,,
"US1INLK0070","SCHERERVILLE 2.1 ESE, IN US","2020-08-19",,,,,,
"US1INLK0070","SCHERERVILLE 2.1 ESE, IN US","2020-08-29",,,,,,
"US1INLK0070","SCHERERVILLE 2.1 ESE, IN US","2020-09-02",,,,,,
"US1INLK0070","SCHERERVILLE 2.1 ESE, IN US","2020-09-07",,,,,,
"US1INLK0070","SCHERERVILLE 2.1 ESE, IN US","2020-09-08",,,,,,
"US1ILCK0192","PARK RIDGE 0.7 WNW, IL US","2019-10-03",,,,,,
"US1ILCK0192","PARK RIDGE 0.7 WNW, IL US","2019-10-04",,,,,,
"US1ILCK0192","PARK RIDGE 0.7 WNW, IL US","2019-10-05",,,,,,
"US1ILCK0192","PARK RIDGE 0.7 WNW, IL US","2019-10-06",,,,,,
"US1ILCK0192","PARK RIDGE 0.7 WNW, IL US","2019-10-07",,,,,,
"US1ILCK0192","PARK RIDGE 0.7 WNW, IL US","2019-10-08",,,,,,
"US1ILCK0192","PARK RIDGE 0.7 WNW, IL US","2019-10-28",,,,,,
"US1ILCK0192","PARK RIDGE 0.7 WNW, IL US","2019-10-29",,,,,,
"US1ILCK0192","PARK RIDGE 0.7 WNW, IL US","2019-10-30",,,,,,
"US1ILCK0192","PARK RIDGE 0.7 WNW, IL US","2019-10-31",,,,,,
"US1ILCK0192","PARK RIDGE 0.7 WNW, IL US","2019-11-01",,,,,,
"US1ILCK0192","PARK RIDGE 0.7 WNW, IL US","2019-11-02",,,,,,
"US1ILCK0192","PARK RIDGE 0.7 WNW, IL US","2019-11-03",,,,,,
"US1ILCK0192","PARK RIDGE 0.7 WNW, IL US","2019-11-04",,,,,,
"US1ILCK0192","PARK RIDGE 0.7 WNW, IL US","2019-11-05",,,,,,
"US1ILCK0192","PARK RIDGE 0.7 WNW, IL US","2019-11-06",,,,,,
"US1ILCK0192","PARK RIDGE 0.7 WNW, IL US","2019-11-07",,,,,,
"US1ILCK0192","PARK RIDGE 0.7 WNW, IL US","2019-11-08",,,,,,
"US1ILCK0192","PARK RIDGE 0.7 WNW, IL US","2019-11-09",,,,,,
"US1ILCK0192","PARK RIDGE 0.7 WNW, IL US","2019-11-10",,,,,,
"US1ILCK0192","PARK RIDGE 0.7 WNW, IL US","2019-11-11",,,,,,
"US1ILCK0192","PARK RIDGE 0.7 WNW, IL US","2019-11-12",,,,,,
"US1ILCK0192","PARK RIDGE 0.7 WNW, IL US","2019-11-13",,,,,,
"US1ILCK0192","PARK RIDGE 0.7 WNW, IL US","2019-11-14",,,,,,
"US1ILCK0192","PARK RIDGE 0.7 WNW, IL US","2019-11-15",,,,,,
"US1ILCK0192","PARK RIDGE 0.7 WNW, IL US","2019-11-16",,,,,,
"US1ILCK0192","PARK RIDGE 0.7 WNW, IL US","2019-11-17",,,,,,
"US1ILCK0192","PARK RIDGE 0.7 WNW, IL US","2019-11-18",,,,,,
"US1ILCK0192","PARK RIDGE 0.7 WNW, IL US","2019-11-19",,,,,,
"US1ILCK0192","PARK RIDGE 0.7 WNW, IL US","2019-11-20",,,,,,
"US1ILCK0192","PARK RIDGE 0.7 WNW, IL US","2019-11-21",,,,,,
"US1ILCK0192","PARK RIDGE 0.7 WNW, IL US","2019-11-22",,,,,,
"US1ILCK0192","PARK RIDGE 0.7 WNW, IL US","2019-11-23",,,,,,
"US1ILCK0192","PARK RIDGE 0.7 WNW, IL US","2019-11-24",,,,,,
"US1ILCK0192","PARK RIDGE 0.7 WNW, IL US","2019-11-25",,,,,,
"US1ILCK0192","PARK RIDGE 0.7 WNW, IL US","2019-11-26",,,,,,
"US1ILCK0192","PARK RIDGE 0.7 WNW, IL US","2019-11-27",,,,,,
"US1ILCK0192","PARK RIDGE 0.7 WNW, IL US","2019-11-28",,,,,,
"US1ILCK0192","PARK RIDGE 0.7 WNW, IL US","2019-11-29",,,,,,
"US1ILCK0192","PARK RIDGE 0.7 WNW, IL US","2019-11-30",,,,,,
"US1ILCK0192","PARK RIDGE 0.7 WNW, IL US","2019-12-01",,,,,,
"US1ILCK0192","PARK RIDGE 0.7 WNW, IL US","2019-12-02",,,,,,
"US1ILCK0192","PARK RIDGE 0.7 WNW, IL US","2019-12-03",,,,,,
"US1ILCK0192","PARK RIDGE 0.7 WNW, IL US","2019-12-04",,,,,,
"US1ILCK0192","PARK RIDGE 0.7 WNW, IL US","2019-12-05",,,,,,
"US1ILCK0192","PARK RIDGE 0.7 WNW, IL US","2019-12-06",,,,,,
"US1ILCK0192","PARK RIDGE 0.7 WNW, IL US","2019-12-07",,,,,,
"US1ILCK0192","PARK RIDGE 0.7 WNW, IL US","2019-12-08",,,,,,
"US1ILCK0192","PARK RIDGE 0.7 WNW, IL US","2019-12-09",,,,,,
"US1ILCK0192","PARK RIDGE 0.7 WNW, IL US","2019-12-10",,,,,,
"US1ILCK0192","PARK RIDGE 0.7 WNW, IL US","2019-12-11",,,,,,
"US1ILCK0192","PARK RIDGE 0.7 WNW, IL US","2019-12-12",,,,,,
"US1ILCK0192","PARK RIDGE 0.7 WNW, IL US","2019-12-13",,,,,,
"US1ILCK0192","PARK RIDGE 0.7 WNW, IL US","2019-12-14",,,,,,
"US1ILCK0192","PARK RIDGE 0.7 WNW, IL US","2019-12-15",,,,,,
"US1ILCK0192","PARK RIDGE 0.7 WNW, IL US","2019-12-16",,,,,,
"US1ILCK0192","PARK RIDGE 0.7 WNW, IL US","2019-12-17",,,,,,
"US1ILCK0192","PARK RIDGE 0.7 WNW, IL US","2019-12-18",,,,,,
"US1ILCK0192","PARK RIDGE 0.7 WNW, IL US","2019-12-19",,,,,,
"US1ILCK0192","PARK RIDGE 0.7 WNW, IL US","2019-12-20",,,,,,
"US1ILCK0192","PARK RIDGE 0.7 WNW, IL US","2019-12-21",,,,,,
"US1ILCK0192","PARK RIDGE 0.7 WNW, IL US","2019-12-22",,,,,,
"US1ILCK0192","PARK RIDGE 0.7 WNW, IL US","2019-12-23",,,,,,
"US1ILCK0192","PARK RIDGE 0.7 WNW, IL US","2019-12-24",,,,,,
"US1ILCK0192","PARK RIDGE 0.7 WNW, IL US","2019-12-25",,,,,,
"US1ILCK0192","PARK RIDGE 0.7 WNW, IL US","2019-12-26",,,,,,
"US1ILCK0192","PARK RIDGE 0.7 WNW, IL US","2019-12-27",,,,,,
"US1ILCK0192","PARK RIDGE 0.7 WNW, IL US","2019-12-28",,,,,,
"US1ILCK0192","PARK RIDGE 0.7 WNW, IL US","2019-12-29",,,,,,
"US1ILCK0192","PARK RIDGE 0.7 WNW, IL US","2019-12-30",,,,,,
"US1ILCK0192","PARK RIDGE 0.7 WNW, IL US","2019-12-31",,,,,,
"US1ILCK0192","PARK RIDGE 0.7 WNW, IL US","2020-01-02",,,,,,
"US1ILCK0192","PARK RIDGE 0.7 WNW, IL US","2020-01-03",,,,,,
"US1ILCK0192","PARK RIDGE 0.7 WNW, IL US","2020-01-04",,,,,,
"US1ILCK0192","PARK RIDGE 0.7 WNW, IL US","2020-01-06",,,,,,
"US1ILCK0192","PARK RIDGE 0.7 WNW, IL US","2020-01-07",,,,,,
"US1ILCK0192","PARK RIDGE 0.7 WNW, IL US","2020-01-08",,,,,,
"US1ILCK0192","PARK RIDGE 0.7 WNW, IL US","2020-01-09",,,,,,
"US1ILCK0192","PARK RIDGE 0.7 WNW, IL US","2020-01-10",,,,,,
"US1ILCK0192","PARK RIDGE 0.7 WNW, IL US","2020-01-11",,,,,,
"US1ILCK0192","PARK RIDGE 0.7 WNW, IL US","2020-01-12",,,,,,
"US1ILCK0192","PARK RIDGE 0.7 WNW, IL US","2020-01-13",,,,,,
"US1ILCK0192","PARK RIDGE 0.7 WNW, IL US","2020-01-14",,,,,,
"US1ILCK0192","PARK RIDGE 0.7 WNW, IL US","2020-01-15",,,,,,
"US1ILCK0192","PARK RIDGE 0.7 WNW, IL US","2020-01-16",,,,,,
"US1ILCK0192","PARK RIDGE 0.7 WNW, IL US","2020-01-17",,,,,,
"US1ILCK0192","PARK RIDGE 0.7 WNW, IL US","2020-01-18",,,,,,
"US1ILCK0192","PARK RIDGE 0.7 WNW, IL US","2020-01-19",,,,,,
"US1ILCK0192","PARK RIDGE 0.7 WNW, IL US","2020-01-20",,,,,,
"US1ILCK0192","PARK RIDGE 0.7 WNW, IL US","2020-01-21",,,,,,
"US1ILCK0192","PARK RIDGE 0.7 WNW, IL US","2020-01-22",,,,,,
"US1ILCK0192","PARK RIDGE 0.7 WNW, IL US","2020-01-23",,,,,,
"US1ILCK0192","PARK RIDGE 0.7 WNW, IL US","2020-01-24",,,,,,
"US1ILCK0192","PARK RIDGE 0.7 WNW, IL US","2020-01-25",,,,,,
"US1ILCK0192","PARK RIDGE 0.7 WNW, IL US","2020-01-26",,,,,,
"US1ILCK0192","PARK RIDGE 0.7 WNW, IL US","2020-01-27",,,,,,
"US1ILCK0192","PARK RIDGE 0.7 WNW, IL US","2020-01-28",,,,,,
"US1ILCK0192","PARK RIDGE 0.7 WNW, IL US","2020-01-29",,,,,,
"US1ILCK0192","PARK RIDGE 0.7 WNW, IL US","2020-01-30",,,,,,
"US1ILCK0192","PARK RIDGE 0.7 WNW, IL US","2020-01-31",,,,,,
"US1ILCK0192","PARK RIDGE 0.7 WNW, IL US","2020-02-01",,,,,,
"US1ILCK0192","PARK RIDGE 0.7 WNW, IL US","2020-02-02",,,,,,
"US1ILCK0192","PARK RIDGE 0.7 WNW, IL US","2020-02-03",,,,,,
"US1ILCK0192","PARK RIDGE 0.7 WNW, IL US","2020-02-19",,,,,,
"US1ILCK0192","PARK RIDGE 0.7 WNW, IL US","2020-02-21",,,,,,
"US1ILCK0192","PARK RIDGE 0.7 WNW, IL US","2020-02-22",,,,,,
"US1ILCK0192","PARK RIDGE 0.7 WNW, IL US","2020-02-24",,,,,,
"US1ILCK0192","PARK RIDGE 0.7 WNW, IL US","2020-02-25",,,,,,
"US1ILCK0192","PARK RIDGE 0.7 WNW, IL US","2020-02-26",,,,,,
"US1ILCK0192","PARK RIDGE 0.7 WNW, IL US","2020-02-27",,,,,,
"US1ILCK0192","PARK RIDGE 0.7 WNW, IL US","2020-02-28",,,,,,
"US1ILCK0192","PARK RIDGE 0.7 WNW, IL US","2020-02-29",,,,,,
"US1ILCK0192","PARK RIDGE 0.7 WNW, IL US","2020-03-01",,,,,,
"US1ILCK0192","PARK RIDGE 0.7 WNW, IL US","2020-03-02",,,,,,
"US1ILCK0192","PARK RIDGE 0.7 WNW, IL US","2020-03-03",,,,,,
"US1ILCK0192","PARK RIDGE 0.7 WNW, IL US","2020-03-04",,,,,,
"US1ILCK0192","PARK RIDGE 0.7 WNW, IL US","2020-03-05",,,,,,
"US1ILCK0192","PARK RIDGE 0.7 WNW, IL US","2020-03-06",,,,,,
"US1ILCK0192","PARK RIDGE 0.7 WNW, IL US","2020-03-07",,,,,,
"US1ILCK0192","PARK RIDGE 0.7 WNW, IL US","2020-03-08",,,,,,
"US1ILCK0192","PARK RIDGE 0.7 WNW, IL US","2020-03-09",,,,,,
"US1ILCK0192","PARK RIDGE 0.7 WNW, IL US","2020-03-10",,,,,,
"US1ILCK0192","PARK RIDGE 0.7 WNW, IL US","2020-03-11",,,,,,
"US1ILCK0192","PARK RIDGE 0.7 WNW, IL US","2020-03-12",,,,,,
"US1ILCK0192","PARK RIDGE 0.7 WNW, IL US","2020-03-13",,,,,,
"US1ILCK0192","PARK RIDGE 0.7 WNW, IL US","2020-03-14",,,,,,
"US1ILCK0192","PARK RIDGE 0.7 WNW, IL US","2020-03-15",,,,,,
"US1ILCK0192","PARK RIDGE 0.7 WNW, IL US","2020-03-16",,,,,,
"US1ILCK0192","PARK RIDGE 0.7 WNW, IL US","2020-03-17",,,,,,
"US1ILCK0192","PARK RIDGE 0.7 WNW, IL US","2020-03-18",,,,,,
"US1ILCK0192","PARK RIDGE 0.7 WNW, IL US","2020-03-19",,,,,,
"US1ILCK0192","PARK RIDGE 0.7 WNW, IL US","2020-03-20",,,,,,
"US1ILCK0192","PARK RIDGE 0.7 WNW, IL US","2020-03-21",,,,,,
"US1ILCK0192","PARK RIDGE 0.7 WNW, IL US","2020-03-22",,,,,,
"US1ILCK0192","PARK RIDGE 0.7 WNW, IL US","2020-03-23",,,,,,
"US1ILCK0192","PARK RIDGE 0.7 WNW, IL US","2020-03-24",,,,,,
"US1ILCK0192","PARK RIDGE 0.7 WNW, IL US","2020-03-25",,,,,,
"US1ILCK0192","PARK RIDGE 0.7 WNW, IL US","2020-03-26",,,,,,
"US1ILCK0192","PARK RIDGE 0.7 WNW, IL US","2020-03-27",,,,,,
"US1ILCK0192","PARK RIDGE 0.7 WNW, IL US","2020-03-28",,,,,,
"US1ILCK0192","PARK RIDGE 0.7 WNW, IL US","2020-03-29",,,,,,
"US1ILCK0192","PARK RIDGE 0.7 WNW, IL US","2020-03-30",,,,,,
"US1ILCK0192","PARK RIDGE 0.7 WNW, IL US","2020-03-31",,,,,,
"US1ILCK0192","PARK RIDGE 0.7 WNW, IL US","2020-04-01",,,,,,
"US1ILCK0192","PARK RIDGE 0.7 WNW, IL US","2020-04-02",,,,,,
"US1ILCK0192","PARK RIDGE 0.7 WNW, IL US","2020-04-03",,,,,,
"US1ILCK0192","PARK RIDGE 0.7 WNW, IL US","2020-04-04",,,,,,
"US1ILCK0192","PARK RIDGE 0.7 WNW, IL US","2020-04-05",,,,,,
"US1ILCK0192","PARK RIDGE 0.7 WNW, IL US","2020-04-06",,,,,,
"US1ILCK0192","PARK RIDGE 0.7 WNW, IL US","2020-04-07",,,,,,
"US1ILCK0192","PARK RIDGE 0.7 WNW, IL US","2020-04-08",,,,,,
"US1ILCK0192","PARK RIDGE 0.7 WNW, IL US","2020-04-09",,,,,,
"US1ILCK0192","PARK RIDGE 0.7 WNW, IL US","2020-04-10",,,,,,
"US1ILCK0192","PARK RIDGE 0.7 WNW, IL US","2020-04-11",,,,,,
"US1ILCK0192","PARK RIDGE 0.7 WNW, IL US","2020-04-12",,,,,,
"US1ILCK0192","PARK RIDGE 0.7 WNW, IL US","2020-04-13",,,,,,
"US1ILCK0192","PARK RIDGE 0.7 WNW, IL US","2020-04-14",,,,,,
"US1ILCK0192","PARK RIDGE 0.7 WNW, IL US","2020-04-15",,,,,,
"US1ILCK0192","PARK RIDGE 0.7 WNW, IL US","2020-04-16",,,,,,
"US1ILCK0192","PARK RIDGE 0.7 WNW, IL US","2020-04-17",,,,,,
"US1ILCK0192","PARK RIDGE 0.7 WNW, IL US","2020-04-18",,,,,,
"US1ILCK0192","PARK RIDGE 0.7 WNW, IL US","2020-04-19",,,,,,
"US1ILCK0192","PARK RIDGE 0.7 WNW, IL US","2020-04-20",,,,,,
"US1ILCK0192","PARK RIDGE 0.7 WNW, IL US","2020-04-21",,,,,,
"US1ILCK0192","PARK RIDGE 0.7 WNW, IL US","2020-04-22",,,,,,
"US1ILCK0192","PARK RIDGE 0.7 WNW, IL US","2020-04-23",,,,,,
"US1ILCK0192","PARK RIDGE 0.7 WNW, IL US","2020-04-24",,,,,,
"US1ILCK0192","PARK RIDGE 0.7 WNW, IL US","2020-04-25",,,,,,
"US1ILCK0192","PARK RIDGE 0.7 WNW, IL US","2020-04-26",,,,,,
"US1ILCK0192","PARK RIDGE 0.7 WNW, IL US","2020-04-27",,,,,,
"US1ILCK0192","PARK RIDGE 0.7 WNW, IL US","2020-04-28",,,,,,
"US1ILCK0192","PARK RIDGE 0.7 WNW, IL US","2020-04-29",,,,,,
"US1ILCK0192","PARK RIDGE 0.7 WNW, IL US","2020-04-30",,,,,,
"US1ILCK0192","PARK RIDGE 0.7 WNW, IL US","2020-05-01",,,,,,
"US1ILCK0192","PARK RIDGE 0.7 WNW, IL US","2020-05-02",,,,,,
"US1ILCK0192","PARK RIDGE 0.7 WNW, IL US","2020-05-03",,,,,,
"US1ILCK0192","PARK RIDGE 0.7 WNW, IL US","2020-05-04",,,,,,
"US1ILCK0192","PARK RIDGE 0.7 WNW, IL US","2020-05-05",,,,,,
"US1ILCK0192","PARK RIDGE 0.7 WNW, IL US","2020-05-06",,,,,,
"US1ILCK0192","PARK RIDGE 0.7 WNW, IL US","2020-05-07",,,,,,
"US1ILCK0192","PARK RIDGE 0.7 WNW, IL US","2020-05-08",,,,,,
"US1ILCK0192","PARK RIDGE 0.7 WNW, IL US","2020-05-09",,,,,,
"US1ILCK0192","PARK RIDGE 0.7 WNW, IL US","2020-05-10",,,,,,
"US1ILCK0192","PARK RIDGE 0.7 WNW, IL US","2020-05-11",,,,,,
"US1ILCK0192","PARK RIDGE 0.7 WNW, IL US","2020-05-12",,,,,,
"US1ILCK0192","PARK RIDGE 0.7 WNW, IL US","2020-05-13",,,,,,
"US1ILCK0192","PARK RIDGE 0.7 WNW, IL US","2020-05-14",,,,,,
"US1ILCK0192","PARK RIDGE 0.7 WNW, IL US","2020-05-15",,,,,,
"US1ILCK0192","PARK RIDGE 0.7 WNW, IL US","2020-05-16",,,,,,
"US1ILCK0192","PARK RIDGE 0.7 WNW, IL US","2020-05-17",,,,,,
"US1ILCK0192","PARK RIDGE 0.7 WNW, IL US","2020-05-18",,,,,,
"US1ILCK0192","PARK RIDGE 0.7 WNW, IL US","2020-05-19",,,,,,
"US1ILCK0192","PARK RIDGE 0.7 WNW, IL US","2020-05-20",,,,,,
"US1ILCK0192","PARK RIDGE 0.7 WNW, IL US","2020-05-21",,,,,,
"US1ILCK0192","PARK RIDGE 0.7 WNW, IL US","2020-05-22",,,,,,
"US1ILCK0192","PARK RIDGE 0.7 WNW, IL US","2020-05-23",,,,,,
"US1ILCK0192","PARK RIDGE 0.7 WNW, IL US","2020-05-24",,,,,,
"US1ILCK0192","PARK RIDGE 0.7 WNW, IL US","2020-05-25",,,,,,
"US1ILCK0192","PARK RIDGE 0.7 WNW, IL US","2020-05-26",,,,,,
"US1ILCK0192","PARK RIDGE 0.7 WNW, IL US","2020-05-27",,,,,,
"US1ILCK0192","PARK RIDGE 0.7 WNW, IL US","2020-05-28",,,,,,
"US1ILCK0192","PARK RIDGE 0.7 WNW, IL US","2020-05-29",,,,,,
"US1ILCK0192","PARK RIDGE 0.7 WNW, IL US","2020-05-30",,,,,,
"US1ILCK0192","PARK RIDGE 0.7 WNW, IL US","2020-05-31",,,,,,
"US1ILCK0192","PARK RIDGE 0.7 WNW, IL US","2020-06-01",,,,,,
"US1ILCK0192","PARK RIDGE 0.7 WNW, IL US","2020-06-02",,,,,,
"US1ILCK0192","PARK RIDGE 0.7 WNW, IL US","2020-06-03",,,,,,
"US1ILCK0192","PARK RIDGE 0.7 WNW, IL US","2020-06-04",,,,,,
"US1ILCK0192","PARK RIDGE 0.7 WNW, IL US","2020-06-05",,,,,,
"US1ILCK0192","PARK RIDGE 0.7 WNW, IL US","2020-06-06",,,,,,
"US1ILCK0192","PARK RIDGE 0.7 WNW, IL US","2020-06-07",,,,,,
"US1ILCK0192","PARK RIDGE 0.7 WNW, IL US","2020-06-08",,,,,,
"US1ILCK0192","PARK RIDGE 0.7 WNW, IL US","2020-06-09",,,,,,
"US1ILCK0192","PARK RIDGE 0.7 WNW, IL US","2020-06-10",,,,,,
"US1ILCK0192","PARK RIDGE 0.7 WNW, IL US","2020-06-11",,,,,,
"US1ILCK0192","PARK RIDGE 0.7 WNW, IL US","2020-06-12",,,,,,
"US1ILCK0192","PARK RIDGE 0.7 WNW, IL US","2020-06-13",,,,,,
"US1ILCK0192","PARK RIDGE 0.7 WNW, IL US","2020-06-14",,,,,,
"US1ILCK0192","PARK RIDGE 0.7 WNW, IL US","2020-06-15",,,,,,
"US1ILCK0192","PARK RIDGE 0.7 WNW, IL US","2020-06-16",,,,,,
"US1ILCK0192","PARK RIDGE 0.7 WNW, IL US","2020-06-17",,,,,,
"US1ILCK0192","PARK RIDGE 0.7 WNW, IL US","2020-06-18",,,,,,
"US1ILCK0192","PARK RIDGE 0.7 WNW, IL US","2020-06-19",,,,,,
"US1ILCK0192","PARK RIDGE 0.7 WNW, IL US","2020-06-20",,,,,,
"US1ILCK0192","PARK RIDGE 0.7 WNW, IL US","2020-06-21",,,,,,
"US1ILCK0192","PARK RIDGE 0.7 WNW, IL US","2020-06-22",,,,,,
"US1ILCK0192","PARK RIDGE 0.7 WNW, IL US","2020-06-23",,,,,,
"US1ILCK0192","PARK RIDGE 0.7 WNW, IL US","2020-06-24",,,,,,
"US1ILCK0192","PARK RIDGE 0.7 WNW, IL US","2020-06-25",,,,,,
"US1ILCK0192","PARK RIDGE 0.7 WNW, IL US","2020-06-26",,,,,,
"US1ILCK0192","PARK RIDGE 0.7 WNW, IL US","2020-06-27",,,,,,
"US1ILCK0192","PARK RIDGE 0.7 WNW, IL US","2020-07-11",,,,,,
"US1ILCK0192","PARK RIDGE 0.7 WNW, IL US","2020-07-12",,,,,,
"US1ILCK0192","PARK RIDGE 0.7 WNW, IL US","2020-07-13",,,,,,
"US1ILCK0192","PARK RIDGE 0.7 WNW, IL US","2020-07-14",,,,,,
"US1ILCK0192","PARK RIDGE 0.7 WNW, IL US","2020-07-15",,,,,,
"US1ILCK0192","PARK RIDGE 0.7 WNW, IL US","2020-07-16",,,,,,
"US1ILCK0192","PARK RIDGE 0.7 WNW, IL US","2020-07-17",,,,,,
"US1ILCK0192","PARK RIDGE 0.7 WNW, IL US","2020-07-18",,,,,,
"US1ILCK0192","PARK RIDGE 0.7 WNW, IL US","2020-07-19",,,,,,
"US1ILCK0192","PARK RIDGE 0.7 WNW, IL US","2020-07-20",,,,,,
"US1ILCK0192","PARK RIDGE 0.7 WNW, IL US","2020-07-21",,,,,,
"US1ILCK0192","PARK RIDGE 0.7 WNW, IL US","2020-07-22",,,,,,
"US1ILCK0192","PARK RIDGE 0.7 WNW, IL US","2020-07-23",,,,,,
"US1ILCK0192","PARK RIDGE 0.7 WNW, IL US","2020-07-24",,,,,,
"US1ILCK0192","PARK RIDGE 0.7 WNW, IL US","2020-07-25",,,,,,
"US1ILCK0192","PARK RIDGE 0.7 WNW, IL US","2020-07-26",,,,,,
"US1ILCK0192","PARK RIDGE 0.7 WNW, IL US","2020-07-27",,,,,,
"US1ILCK0192","PARK RIDGE 0.7 WNW, IL US","2020-07-28",,,,,,
"US1ILCK0192","PARK RIDGE 0.7 WNW, IL US","2020-07-29",,,,,,
"US1ILCK0192","PARK RIDGE 0.7 WNW, IL US","2020-07-30",,,,,,
"US1ILCK0192","PARK RIDGE 0.7 WNW, IL US","2020-07-31",,,,,,
"US1ILCK0192","PARK RIDGE 0.7 WNW, IL US","2020-08-01",,,,,,
"US1ILCK0192","PARK RIDGE 0.7 WNW, IL US","2020-08-02",,,,,,
"US1ILCK0192","PARK RIDGE 0.7 WNW, IL US","2020-08-03",,,,,,
"US1ILCK0192","PARK RIDGE 0.7 WNW, IL US","2020-08-04",,,,,,
"US1ILCK0192","PARK RIDGE 0.7 WNW, IL US","2020-08-05",,,,,,
"US1ILCK0192","PARK RIDGE 0.7 WNW, IL US","2020-08-06",,,,,,
"US1ILCK0192","PARK RIDGE 0.7 WNW, IL US","2020-08-07",,,,,,
"US1ILCK0192","PARK RIDGE 0.7 WNW, IL US","2020-08-08",,,,,,
"US1ILCK0192","PARK RIDGE 0.7 WNW, IL US","2020-08-09",,,,,,
"US1ILCK0192","PARK RIDGE 0.7 WNW, IL US","2020-08-10",,,,,,
"US1ILCK0192","PARK RIDGE 0.7 WNW, IL US","2020-08-11",,,,,,
"US1ILCK0192","PARK RIDGE 0.7 WNW, IL US","2020-08-12",,,,,,
"US1ILCK0192","PARK RIDGE 0.7 WNW, IL US","2020-08-13",,,,,,
"US1ILCK0192","PARK RIDGE 0.7 WNW, IL US","2020-08-14",,,,,,
"US1ILCK0192","PARK RIDGE 0.7 WNW, IL US","2020-08-15",,,,,,
"US1ILCK0192","PARK RIDGE 0.7 WNW, IL US","2020-08-16",,,,,,
"US1ILCK0192","PARK RIDGE 0.7 WNW, IL US","2020-08-17",,,,,,
"US1ILCK0192","PARK RIDGE 0.7 WNW, IL US","2020-08-18",,,,,,
"US1ILCK0192","PARK RIDGE 0.7 WNW, IL US","2020-08-19",,,,,,
"US1ILCK0192","PARK RIDGE 0.7 WNW, IL US","2020-08-20",,,,,,
"US1ILCK0192","PARK RIDGE 0.7 WNW, IL US","2020-08-21",,,,,,
"US1ILCK0192","PARK RIDGE 0.7 WNW, IL US","2020-08-22",,,,,,
"US1ILCK0192","PARK RIDGE 0.7 WNW, IL US","2020-08-23",,,,,,
"US1ILCK0192","PARK RIDGE 0.7 WNW, IL US","2020-08-24",,,,,,
"US1ILCK0192","PARK RIDGE 0.7 WNW, IL US","2020-09-05",,,,,,
"US1ILCK0192","PARK RIDGE 0.7 WNW, IL US","2020-09-07",,,,,,
"US1ILCK0192","PARK RIDGE 0.7 WNW, IL US","2020-09-08",,,,,,
"US1ILWL0080","LOCKPORT 1.3 SE, IL US","2019-10-01",,,,,,
"US1ILWL0080","LOCKPORT 1.3 SE, IL US","2019-10-02",,,,,,
"US1ILWL0080","LOCKPORT 1.3 SE, IL US","2019-10-03",,,,,,
"US1ILWL0080","LOCKPORT 1.3 SE, IL US","2019-10-04",,,,,,
"US1ILWL0080","LOCKPORT 1.3 SE, IL US","2019-10-05",,,,,,
"US1ILWL0080","LOCKPORT 1.3 SE, IL US","2019-10-06",,,,,,
"US1ILWL0080","LOCKPORT 1.3 SE, IL US","2019-10-07",,,,,,
"US1ILWL0080","LOCKPORT 1.3 SE, IL US","2019-10-08",,,,,,
"US1ILWL0080","LOCKPORT 1.3 SE, IL US","2019-10-09",,,,,,
"US1ILWL0080","LOCKPORT 1.3 SE, IL US","2019-10-10",,,,,,
"US1ILWL0080","LOCKPORT 1.3 SE, IL US","2019-10-11",,,,,,
"US1ILWL0080","LOCKPORT 1.3 SE, IL US","2019-10-12",,,,,,
"US1ILWL0080","LOCKPORT 1.3 SE, IL US","2019-10-20",,,,,,
"US1ILWL0080","LOCKPORT 1.3 SE, IL US","2019-10-21",,,,,,
"US1ILWL0080","LOCKPORT 1.3 SE, IL US","2019-10-22",,,,,,
"US1ILWL0080","LOCKPORT 1.3 SE, IL US","2019-10-23",,,,,,
"US1ILWL0080","LOCKPORT 1.3 SE, IL US","2019-10-24",,,,,,
"US1ILWL0080","LOCKPORT 1.3 SE, IL US","2019-10-25",,,,,,
"US1ILWL0080","LOCKPORT 1.3 SE, IL US","2019-10-26",,,,,,
"US1ILWL0080","LOCKPORT 1.3 SE, IL US","2019-10-27",,,,,,
"US1ILWL0080","LOCKPORT 1.3 SE, IL US","2019-10-28",,,,,,
"US1ILWL0080","LOCKPORT 1.3 SE, IL US","2019-10-29",,,,,,
"US1ILWL0080","LOCKPORT 1.3 SE, IL US","2019-10-30",,,,,,
"US1ILWL0080","LOCKPORT 1.3 SE, IL US","2019-10-31",,,,,,
"US1ILWL0080","LOCKPORT 1.3 SE, IL US","2019-11-01",,,,,,
"US1ILWL0080","LOCKPORT 1.3 SE, IL US","2019-11-02",,,,,,
"US1ILWL0080","LOCKPORT 1.3 SE, IL US","2019-11-03",,,,,,
"US1ILWL0080","LOCKPORT 1.3 SE, IL US","2019-11-04",,,,,,
"US1ILWL0080","LOCKPORT 1.3 SE, IL US","2019-11-05",,,,,,
"US1ILWL0080","LOCKPORT 1.3 SE, IL US","2019-11-06",,,,,,
"US1ILWL0080","LOCKPORT 1.3 SE, IL US","2019-11-07",,,,,,
"US1ILWL0080","LOCKPORT 1.3 SE, IL US","2019-11-08",,,,,,
"US1ILWL0080","LOCKPORT 1.3 SE, IL US","2019-11-09",,,,,,
"US1ILWL0080","LOCKPORT 1.3 SE, IL US","2019-11-10",,,,,,
"US1ILWL0080","LOCKPORT 1.3 SE, IL US","2019-11-11",,,,,,
"US1ILWL0080","LOCKPORT 1.3 SE, IL US","2019-11-12",,,,,,
"US1ILWL0080","LOCKPORT 1.3 SE, IL US","2019-11-13",,,,,,
"US1ILWL0080","LOCKPORT 1.3 SE, IL US","2019-11-14",,,,,,
"US1ILWL0080","LOCKPORT 1.3 SE, IL US","2019-11-15",,,,,,
"US1ILWL0080","LOCKPORT 1.3 SE, IL US","2019-11-16",,,,,,
"US1ILWL0080","LOCKPORT 1.3 SE, IL US","2019-11-17",,,,,,
"US1ILWL0080","LOCKPORT 1.3 SE, IL US","2019-11-18",,,,,,
"US1ILWL0080","LOCKPORT 1.3 SE, IL US","2019-11-19",,,,,,
"US1ILWL0080","LOCKPORT 1.3 SE, IL US","2019-11-20",,,,,,
"US1ILWL0080","LOCKPORT 1.3 SE, IL US","2019-11-21",,,,,,
"US1ILWL0080","LOCKPORT 1.3 SE, IL US","2019-11-22",,,,,,
"US1ILWL0080","LOCKPORT 1.3 SE, IL US","2019-11-23",,,,,,
"US1ILWL0080","LOCKPORT 1.3 SE, IL US","2019-11-24",,,,,,
"US1ILWL0080","LOCKPORT 1.3 SE, IL US","2019-11-25",,,,,,
"US1ILWL0080","LOCKPORT 1.3 SE, IL US","2019-11-26",,,,,,
"US1ILWL0080","LOCKPORT 1.3 SE, IL US","2019-11-27",,,,,,
"US1ILWL0080","LOCKPORT 1.3 SE, IL US","2019-11-28",,,,,,
"US1ILWL0080","LOCKPORT 1.3 SE, IL US","2019-11-29",,,,,,
"US1ILWL0080","LOCKPORT 1.3 SE, IL US","2019-11-30",,,,,,
"US1ILWL0080","LOCKPORT 1.3 SE, IL US","2019-12-01",,,,,,
"US1ILWL0080","LOCKPORT 1.3 SE, IL US","2019-12-02",,,,,,
"US1ILWL0080","LOCKPORT 1.3 SE, IL US","2019-12-03",,,,,,
"US1ILWL0080","LOCKPORT 1.3 SE, IL US","2019-12-04",,,,,,
"US1ILWL0080","LOCKPORT 1.3 SE, IL US","2019-12-05",,,,,,
"US1ILWL0080","LOCKPORT 1.3 SE, IL US","2019-12-06",,,,,,
"US1ILWL0080","LOCKPORT 1.3 SE, IL US","2019-12-07",,,,,,
"US1ILWL0080","LOCKPORT 1.3 SE, IL US","2019-12-08",,,,,,
"US1ILWL0080","LOCKPORT 1.3 SE, IL US","2019-12-09",,,,,,
"US1ILWL0080","LOCKPORT 1.3 SE, IL US","2019-12-10",,,,,,
"US1ILWL0080","LOCKPORT 1.3 SE, IL US","2019-12-11",,,,,,
"US1ILWL0080","LOCKPORT 1.3 SE, IL US","2019-12-12",,,,,,
"US1ILWL0080","LOCKPORT 1.3 SE, IL US","2019-12-13",,,,,,
"US1ILWL0080","LOCKPORT 1.3 SE, IL US","2019-12-14",,,,,,
"US1ILWL0080","LOCKPORT 1.3 SE, IL US","2019-12-15",,,,,,
"US1ILWL0080","LOCKPORT 1.3 SE, IL US","2019-12-16",,,,,,
"US1ILWL0080","LOCKPORT 1.3 SE, IL US","2019-12-17",,,,,,
"US1ILWL0080","LOCKPORT 1.3 SE, IL US","2019-12-18",,,,,,
"US1ILWL0080","LOCKPORT 1.3 SE, IL US","2019-12-19",,,,,,
"US1ILWL0080","LOCKPORT 1.3 SE, IL US","2019-12-20",,,,,,
"US1ILWL0080","LOCKPORT 1.3 SE, IL US","2019-12-21",,,,,,
"US1ILWL0080","LOCKPORT 1.3 SE, IL US","2019-12-22",,,,,,
"US1ILWL0080","LOCKPORT 1.3 SE, IL US","2019-12-23",,,,,,
"US1ILWL0080","LOCKPORT 1.3 SE, IL US","2019-12-24",,,,,,
"US1ILWL0080","LOCKPORT 1.3 SE, IL US","2019-12-25",,,,,,
"US1ILWL0080","LOCKPORT 1.3 SE, IL US","2019-12-26",,,,,,
"US1ILWL0080","LOCKPORT 1.3 SE, IL US","2019-12-27",,,,,,
"US1ILWL0080","LOCKPORT 1.3 SE, IL US","2019-12-28",,,,,,
"US1ILWL0080","LOCKPORT 1.3 SE, IL US","2019-12-29",,,,,,
"US1ILWL0080","LOCKPORT 1.3 SE, IL US","2019-12-30",,,,,,
"US1ILWL0080","LOCKPORT 1.3 SE, IL US","2019-12-31",,,,,,
"US1ILWL0080","LOCKPORT 1.3 SE, IL US","2020-01-01",,,,,,
"US1ILWL0080","LOCKPORT 1.3 SE, IL US","2020-01-02",,,,,,
"US1ILWL0080","LOCKPORT 1.3 SE, IL US","2020-01-03",,,,,,
"US1ILWL0080","LOCKPORT 1.3 SE, IL US","2020-01-04",,,,,,
"US1ILWL0080","LOCKPORT 1.3 SE, IL US","2020-01-05",,,,,,
"US1ILWL0080","LOCKPORT 1.3 SE, IL US","2020-01-06",,,,,,
"US1ILWL0080","LOCKPORT 1.3 SE, IL US","2020-01-07",,,,,,
"US1ILWL0080","LOCKPORT 1.3 SE, IL US","2020-01-08",,,,,,
"US1ILWL0080","LOCKPORT 1.3 SE, IL US","2020-01-09",,,,,,
"US1ILWL0080","LOCKPORT 1.3 SE, IL US","2020-01-10",,,,,,
"US1ILWL0080","LOCKPORT 1.3 SE, IL US","2020-01-11",,,,,,
"US1ILWL0080","LOCKPORT 1.3 SE, IL US","2020-01-12",,,,,,
"US1ILWL0080","LOCKPORT 1.3 SE, IL US","2020-01-13",,,,,,
"US1ILWL0080","LOCKPORT 1.3 SE, IL US","2020-01-14",,,,,,
"US1ILWL0080","LOCKPORT 1.3 SE, IL US","2020-01-15",,,,,,
"US1ILWL0080","LOCKPORT 1.3 SE, IL US","2020-01-16",,,,,,
"US1ILWL0080","LOCKPORT 1.3 SE, IL US","2020-01-17",,,,,,
"US1ILWL0080","LOCKPORT 1.3 SE, IL US","2020-01-18",,,,,,
"US1ILWL0080","LOCKPORT 1.3 SE, IL US","2020-01-19",,,,,,
"US1ILWL0080","LOCKPORT 1.3 SE, IL US","2020-01-20",,,,,,
"US1ILWL0080","LOCKPORT 1.3 SE, IL US","2020-01-21",,,,,,
"US1ILWL0080","LOCKPORT 1.3 SE, IL US","2020-01-22",,,,,,
"US1ILWL0080","LOCKPORT 1.3 SE, IL US","2020-01-23",,,,,,
"US1ILWL0080","LOCKPORT 1.3 SE, IL US","2020-01-24",,,,,,
"US1ILWL0080","LOCKPORT 1.3 SE, IL US","2020-01-25",,,,,,
"US1ILWL0080","LOCKPORT 1.3 SE, IL US","2020-01-26",,,,,,
"US1ILWL0080","LOCKPORT 1.3 SE, IL US","2020-01-27",,,,,,
"US1ILWL0080","LOCKPORT 1.3 SE, IL US","2020-01-28",,,,,,
"US1ILWL0080","LOCKPORT 1.3 SE, IL US","2020-01-29",,,,,,
"US1ILWL0080","LOCKPORT 1.3 SE, IL US","2020-01-30",,,,,,
"US1ILWL0080","LOCKPORT 1.3 SE, IL US","2020-01-31",,,,,,
"US1ILWL0080","LOCKPORT 1.3 SE, IL US","2020-02-01",,,,,,
"US1ILWL0080","LOCKPORT 1.3 SE, IL US","2020-02-02",,,,,,
"US1ILWL0080","LOCKPORT 1.3 SE, IL US","2020-02-03",,,,,,
"US1ILWL0080","LOCKPORT 1.3 SE, IL US","2020-02-04",,,,,,
"US1ILWL0080","LOCKPORT 1.3 SE, IL US","2020-02-05",,,,,,
"US1ILWL0080","LOCKPORT 1.3 SE, IL US","2020-02-06",,,,,,
"US1ILWL0080","LOCKPORT 1.3 SE, IL US","2020-02-07",,,,,,
"US1ILWL0080","LOCKPORT 1.3 SE, IL US","2020-02-08",,,,,,
"US1ILWL0080","LOCKPORT 1.3 SE, IL US","2020-02-09",,,,,,
"US1ILWL0080","LOCKPORT 1.3 SE, IL US","2020-02-10",,,,,,
"US1ILWL0080","LOCKPORT 1.3 SE, IL US","2020-02-11",,,,,,
"US1ILWL0080","LOCKPORT 1.3 SE, IL US","2020-02-12",,,,,,
"US1ILWL0080","LOCKPORT 1.3 SE, IL US","2020-02-13",,,,,,
"US1ILWL0080","LOCKPORT 1.3 SE, IL US","2020-02-14",,,,,,
"US1ILWL0080","LOCKPORT 1.3 SE, IL US","2020-02-15",,,,,,
"US1ILWL0080","LOCKPORT 1.3 SE, IL US","2020-02-16",,,,,,
"US1ILWL0080","LOCKPORT 1.3 SE, IL US","2020-02-17",,,,,,
"US1ILWL0080","LOCKPORT 1.3 SE, IL US","2020-02-18",,,,,,
"US1ILWL0080","LOCKPORT 1.3 SE, IL US","2020-02-19",,,,,,
"US1ILWL0080","LOCKPORT 1.3 SE, IL US","2020-02-20",,,,,,
"US1ILWL0080","LOCKPORT 1.3 SE, IL US","2020-02-21",,,,,,
"US1ILWL0080","LOCKPORT 1.3 SE, IL US","2020-02-22",,,,,,
"US1ILWL0080","LOCKPORT 1.3 SE, IL US","2020-02-23",,,,,,
"US1ILWL0080","LOCKPORT 1.3 SE, IL US","2020-02-24",,,,,,
"US1ILWL0080","LOCKPORT 1.3 SE, IL US","2020-02-25",,,,,,
"US1ILWL0080","LOCKPORT 1.3 SE, IL US","2020-02-26",,,,,,
"US1ILWL0080","LOCKPORT 1.3 SE, IL US","2020-02-27",,,,,,
"US1ILWL0080","LOCKPORT 1.3 SE, IL US","2020-02-28",,,,,,
"US1ILWL0080","LOCKPORT 1.3 SE, IL US","2020-02-29",,,,,,
"US1ILWL0080","LOCKPORT 1.3 SE, IL US","2020-03-01",,,,,,
"US1ILWL0080","LOCKPORT 1.3 SE, IL US","2020-03-02",,,,,,
"US1ILWL0080","LOCKPORT 1.3 SE, IL US","2020-03-03",,,,,,
"US1ILWL0080","LOCKPORT 1.3 SE, IL US","2020-03-04",,,,,,
"US1ILWL0080","LOCKPORT 1.3 SE, IL US","2020-03-05",,,,,,
"US1ILWL0080","LOCKPORT 1.3 SE, IL US","2020-03-06",,,,,,
"US1ILWL0080","LOCKPORT 1.3 SE, IL US","2020-03-07",,,,,,
"US1ILWL0080","LOCKPORT 1.3 SE, IL US","2020-03-08",,,,,,
"US1ILWL0080","LOCKPORT 1.3 SE, IL US","2020-03-09",,,,,,
"US1ILWL0080","LOCKPORT 1.3 SE, IL US","2020-03-10",,,,,,
"US1ILWL0080","LOCKPORT 1.3 SE, IL US","2020-03-11",,,,,,
"US1ILWL0080","LOCKPORT 1.3 SE, IL US","2020-03-12",,,,,,
"US1ILWL0080","LOCKPORT 1.3 SE, IL US","2020-03-13",,,,,,
"US1ILWL0080","LOCKPORT 1.3 SE, IL US","2020-03-14",,,,,,
"US1ILWL0080","LOCKPORT 1.3 SE, IL US","2020-03-15",,,,,,
"US1ILWL0080","LOCKPORT 1.3 SE, IL US","2020-03-16",,,,,,
"US1ILWL0080","LOCKPORT 1.3 SE, IL US","2020-03-17",,,,,,
"US1ILWL0080","LOCKPORT 1.3 SE, IL US","2020-03-18",,,,,,
"US1ILWL0080","LOCKPORT 1.3 SE, IL US","2020-03-19",,,,,,
"US1ILWL0080","LOCKPORT 1.3 SE, IL US","2020-03-20",,,,,,
"US1ILWL0080","LOCKPORT 1.3 SE, IL US","2020-03-21",,,,,,
"US1ILWL0080","LOCKPORT 1.3 SE, IL US","2020-03-22",,,,,,
"US1ILWL0080","LOCKPORT 1.3 SE, IL US","2020-03-23",,,,,,
"US1ILWL0080","LOCKPORT 1.3 SE, IL US","2020-03-24",,,,,,
"US1ILWL0080","LOCKPORT 1.3 SE, IL US","2020-03-25",,,,,,
"US1ILWL0080","LOCKPORT 1.3 SE, IL US","2020-03-26",,,,,,
"US1ILWL0080","LOCKPORT 1.3 SE, IL US","2020-03-27",,,,,,
"US1ILWL0080","LOCKPORT 1.3 SE, IL US","2020-03-28",,,,,,
"US1ILWL0080","LOCKPORT 1.3 SE, IL US","2020-03-29",,,,,,
"US1ILWL0080","LOCKPORT 1.3 SE, IL US","2020-03-30",,,,,,
"US1ILWL0080","LOCKPORT 1.3 SE, IL US","2020-03-31",,,,,,
"US1ILWL0080","LOCKPORT 1.3 SE, IL US","2020-04-01",,,,,,
"US1ILWL0080","LOCKPORT 1.3 SE, IL US","2020-04-02",,,,,,
"US1ILWL0080","LOCKPORT 1.3 SE, IL US","2020-04-03",,,,,,
"US1ILWL0080","LOCKPORT 1.3 SE, IL US","2020-04-04",,,,,,
"US1ILWL0080","LOCKPORT 1.3 SE, IL US","2020-04-05",,,,,,
"US1ILWL0080","LOCKPORT 1.3 SE, IL US","2020-04-06",,,,,,
"US1ILWL0080","LOCKPORT 1.3 SE, IL US","2020-04-07",,,,,,
"US1ILWL0080","LOCKPORT 1.3 SE, IL US","2020-04-08",,,,,,
"US1ILWL0080","LOCKPORT 1.3 SE, IL US","2020-04-09",,,,,,
"US1ILWL0080","LOCKPORT 1.3 SE, IL US","2020-04-10",,,,,,
"US1ILWL0080","LOCKPORT 1.3 SE, IL US","2020-04-11",,,,,,
"US1ILWL0080","LOCKPORT 1.3 SE, IL US","2020-04-12",,,,,,
"US1ILWL0080","LOCKPORT 1.3 SE, IL US","2020-04-13",,,,,,
"US1ILWL0080","LOCKPORT 1.3 SE, IL US","2020-04-14",,,,,,
"US1ILWL0080","LOCKPORT 1.3 SE, IL US","2020-04-15",,,,,,
"US1ILWL0080","LOCKPORT 1.3 SE, IL US","2020-04-16",,,,,,
"US1ILWL0080","LOCKPORT 1.3 SE, IL US","2020-04-17",,,,,,
"US1ILWL0080","LOCKPORT 1.3 SE, IL US","2020-04-18",,,,,,
"US1ILWL0080","LOCKPORT 1.3 SE, IL US","2020-04-19",,,,,,
"US1ILWL0080","LOCKPORT 1.3 SE, IL US","2020-04-20",,,,,,
"US1ILWL0080","LOCKPORT 1.3 SE, IL US","2020-04-21",,,,,,
"US1ILWL0080","LOCKPORT 1.3 SE, IL US","2020-04-22",,,,,,
"US1ILWL0080","LOCKPORT 1.3 SE, IL US","2020-04-23",,,,,,
"US1ILWL0080","LOCKPORT 1.3 SE, IL US","2020-04-24",,,,,,
"US1ILWL0080","LOCKPORT 1.3 SE, IL US","2020-04-25",,,,,,
"US1ILWL0080","LOCKPORT 1.3 SE, IL US","2020-04-26",,,,,,
"US1ILWL0080","LOCKPORT 1.3 SE, IL US","2020-04-27",,,,,,
"US1ILWL0080","LOCKPORT 1.3 SE, IL US","2020-04-28",,,,,,
"US1ILWL0080","LOCKPORT 1.3 SE, IL US","2020-04-29",,,,,,
"US1ILWL0080","LOCKPORT 1.3 SE, IL US","2020-04-30",,,,,,
"US1ILWL0080","LOCKPORT 1.3 SE, IL US","2020-05-01",,,,,,
"US1ILWL0080","LOCKPORT 1.3 SE, IL US","2020-05-02",,,,,,
"US1ILWL0080","LOCKPORT 1.3 SE, IL US","2020-05-03",,,,,,
"US1ILWL0080","LOCKPORT 1.3 SE, IL US","2020-05-04",,,,,,
"US1ILWL0080","LOCKPORT 1.3 SE, IL US","2020-05-05",,,,,,
"US1ILWL0080","LOCKPORT 1.3 SE, IL US","2020-05-06",,,,,,
"US1ILWL0080","LOCKPORT 1.3 SE, IL US","2020-05-07",,,,,,
"US1ILWL0080","LOCKPORT 1.3 SE, IL US","2020-05-08",,,,,,
"US1ILWL0080","LOCKPORT 1.3 SE, IL US","2020-05-09",,,,,,
"US1ILWL0080","LOCKPORT 1.3 SE, IL US","2020-05-10",,,,,,
"US1ILWL0080","LOCKPORT 1.3 SE, IL US","2020-05-11",,,,,,
"US1ILWL0080","LOCKPORT 1.3 SE, IL US","2020-05-12",,,,,,
"US1ILWL0080","LOCKPORT 1.3 SE, IL US","2020-05-13",,,,,,
"US1ILWL0080","LOCKPORT 1.3 SE, IL US","2020-05-14",,,,,,
"US1ILWL0080","LOCKPORT 1.3 SE, IL US","2020-05-15",,,,,,
"US1ILWL0080","LOCKPORT 1.3 SE, IL US","2020-05-16",,,,,,
"US1ILWL0080","LOCKPORT 1.3 SE, IL US","2020-05-17",,,,,,
"US1ILWL0080","LOCKPORT 1.3 SE, IL US","2020-05-18",,,,,,
"US1ILWL0080","LOCKPORT 1.3 SE, IL US","2020-05-19",,,,,,
"US1ILWL0080","LOCKPORT 1.3 SE, IL US","2020-05-20",,,,,,
"US1ILWL0080","LOCKPORT 1.3 SE, IL US","2020-05-21",,,,,,
"US1ILWL0080","LOCKPORT 1.3 SE, IL US","2020-05-22",,,,,,
"US1ILWL0080","LOCKPORT 1.3 SE, IL US","2020-05-23",,,,,,
"US1ILWL0080","LOCKPORT 1.3 SE, IL US","2020-05-24",,,,,,
"US1ILWL0080","LOCKPORT 1.3 SE, IL US","2020-05-25",,,,,,
"US1ILWL0080","LOCKPORT 1.3 SE, IL US","2020-05-26",,,,,,
"US1ILWL0080","LOCKPORT 1.3 SE, IL US","2020-05-27",,,,,,
"US1ILWL0080","LOCKPORT 1.3 SE, IL US","2020-05-28",,,,,,
"US1ILWL0080","LOCKPORT 1.3 SE, IL US","2020-05-29",,,,,,
"US1ILWL0080","LOCKPORT 1.3 SE, IL US","2020-05-30",,,,,,
"US1ILWL0080","LOCKPORT 1.3 SE, IL US","2020-05-31",,,,,,
"US1ILWL0080","LOCKPORT 1.3 SE, IL US","2020-06-01",,,,,,
"US1ILWL0080","LOCKPORT 1.3 SE, IL US","2020-06-02",,,,,,
"US1ILWL0080","LOCKPORT 1.3 SE, IL US","2020-06-03",,,,,,
"US1ILWL0080","LOCKPORT 1.3 SE, IL US","2020-06-04",,,,,,
"US1ILWL0080","LOCKPORT 1.3 SE, IL US","2020-06-05",,,,,,
"US1ILWL0080","LOCKPORT 1.3 SE, IL US","2020-06-06",,,,,,
"US1ILWL0080","LOCKPORT 1.3 SE, IL US","2020-06-07",,,,,,
"US1ILWL0080","LOCKPORT 1.3 SE, IL US","2020-06-08",,,,,,
"US1ILWL0080","LOCKPORT 1.3 SE, IL US","2020-06-09",,,,,,
"US1ILWL0080","LOCKPORT 1.3 SE, IL US","2020-06-10",,,,,,
"US1ILWL0080","LOCKPORT 1.3 SE, IL US","2020-06-11",,,,,,
"US1ILWL0080","LOCKPORT 1.3 SE, IL US","2020-06-12",,,,,,
"US1ILWL0080","LOCKPORT 1.3 SE, IL US","2020-06-13",,,,,,
"US1ILWL0080","LOCKPORT 1.3 SE, IL US","2020-06-14",,,,,,
"US1ILWL0080","LOCKPORT 1.3 SE, IL US","2020-06-15",,,,,,
"US1ILWL0080","LOCKPORT 1.3 SE, IL US","2020-06-16",,,,,,
"US1ILWL0080","LOCKPORT 1.3 SE, IL US","2020-06-17",,,,,,
"US1ILWL0080","LOCKPORT 1.3 SE, IL US","2020-06-18",,,,,,
"US1ILWL0080","LOCKPORT 1.3 SE, IL US","2020-06-19",,,,,,
"US1ILWL0080","LOCKPORT 1.3 SE, IL US","2020-06-20",,,,,,
"US1ILWL0080","LOCKPORT 1.3 SE, IL US","2020-06-21",,,,,,
"US1ILWL0080","LOCKPORT 1.3 SE, IL US","2020-06-22",,,,,,
"US1ILWL0080","LOCKPORT 1.3 SE, IL US","2020-06-23",,,,,,
"US1ILWL0080","LOCKPORT 1.3 SE, IL US","2020-06-24",,,,,,
"US1ILWL0080","LOCKPORT 1.3 SE, IL US","2020-06-25",,,,,,
"US1ILWL0080","LOCKPORT 1.3 SE, IL US","2020-06-26",,,,,,
"US1ILWL0080","LOCKPORT 1.3 SE, IL US","2020-06-27",,,,,,
"US1ILWL0080","LOCKPORT 1.3 SE, IL US","2020-06-28",,,,,,
"US1ILWL0080","LOCKPORT 1.3 SE, IL US","2020-06-29",,,,,,
"US1ILWL0080","LOCKPORT 1.3 SE, IL US","2020-06-30",,,,,,
"US1ILWL0080","LOCKPORT 1.3 SE, IL US","2020-07-01",,,,,,
"US1ILWL0080","LOCKPORT 1.3 SE, IL US","2020-07-02",,,,,,
"US1ILWL0080","LOCKPORT 1.3 SE, IL US","2020-07-03",,,,,,
"US1ILWL0080","LOCKPORT 1.3 SE, IL US","2020-07-04",,,,,,
"US1ILWL0080","LOCKPORT 1.3 SE, IL US","2020-07-05",,,,,,
"US1ILWL0080","LOCKPORT 1.3 SE, IL US","2020-07-06",,,,,,
"US1ILWL0080","LOCKPORT 1.3 SE, IL US","2020-07-07",,,,,,
"US1ILWL0080","LOCKPORT 1.3 SE, IL US","2020-07-08",,,,,,
"US1ILWL0080","LOCKPORT 1.3 SE, IL US","2020-07-09",,,,,,
"US1ILWL0080","LOCKPORT 1.3 SE, IL US","2020-07-10",,,,,,
"US1ILWL0080","LOCKPORT 1.3 SE, IL US","2020-07-11",,,,,,
"US1ILWL0080","LOCKPORT 1.3 SE, IL US","2020-07-12",,,,,,
"US1ILWL0080","LOCKPORT 1.3 SE, IL US","2020-07-13",,,,,,
"US1ILWL0080","LOCKPORT 1.3 SE, IL US","2020-07-14",,,,,,
"US1ILWL0080","LOCKPORT 1.3 SE, IL US","2020-07-15",,,,,,
"US1ILWL0080","LOCKPORT 1.3 SE, IL US","2020-07-16",,,,,,
"US1ILWL0080","LOCKPORT 1.3 SE, IL US","2020-07-17",,,,,,
"US1ILWL0080","LOCKPORT 1.3 SE, IL US","2020-07-18",,,,,,
"US1ILWL0080","LOCKPORT 1.3 SE, IL US","2020-07-19",,,,,,
"US1ILWL0080","LOCKPORT 1.3 SE, IL US","2020-07-20",,,,,,
"US1ILWL0080","LOCKPORT 1.3 SE, IL US","2020-07-21",,,,,,
"US1ILWL0080","LOCKPORT 1.3 SE, IL US","2020-07-22",,,,,,
"US1ILWL0080","LOCKPORT 1.3 SE, IL US","2020-07-23",,,,,,
"US1ILWL0080","LOCKPORT 1.3 SE, IL US","2020-07-24",,,,,,
"US1ILWL0080","LOCKPORT 1.3 SE, IL US","2020-07-25",,,,,,
"US1ILWL0080","LOCKPORT 1.3 SE, IL US","2020-07-26",,,,,,
"US1ILWL0080","LOCKPORT 1.3 SE, IL US","2020-07-27",,,,,,
"US1ILWL0080","LOCKPORT 1.3 SE, IL US","2020-07-28",,,,,,
"US1ILWL0080","LOCKPORT 1.3 SE, IL US","2020-07-29",,,,,,
"US1ILWL0080","LOCKPORT 1.3 SE, IL US","2020-07-30",,,,,,
"US1ILWL0080","LOCKPORT 1.3 SE, IL US","2020-07-31",,,,,,
"US1ILWL0080","LOCKPORT 1.3 SE, IL US","2020-08-01",,,,,,
"US1ILWL0080","LOCKPORT 1.3 SE, IL US","2020-08-02",,,,,,
"US1ILWL0080","LOCKPORT 1.3 SE, IL US","2020-08-03",,,,,,
"US1ILWL0080","LOCKPORT 1.3 SE, IL US","2020-08-04",,,,,,
"US1ILWL0080","LOCKPORT 1.3 SE, IL US","2020-08-05",,,,,,
"US1ILWL0080","LOCKPORT 1.3 SE, IL US","2020-08-06",,,,,,
"US1ILWL0080","LOCKPORT 1.3 SE, IL US","2020-08-07",,,,,,
"US1ILWL0080","LOCKPORT 1.3 SE, IL US","2020-08-08",,,,,,
"US1ILWL0080","LOCKPORT 1.3 SE, IL US","2020-08-09",,,,,,
"US1ILWL0080","LOCKPORT 1.3 SE, IL US","2020-08-10",,,,,,
"US1ILWL0080","LOCKPORT 1.3 SE, IL US","2020-08-11",,,,,,
"US1ILWL0080","LOCKPORT 1.3 SE, IL US","2020-08-12",,,,,,
"US1ILWL0080","LOCKPORT 1.3 SE, IL US","2020-08-13",,,,,,
"US1ILWL0080","LOCKPORT 1.3 SE, IL US","2020-08-14",,,,,,
"US1ILWL0080","LOCKPORT 1.3 SE, IL US","2020-08-15",,,,,,
"US1ILWL0080","LOCKPORT 1.3 SE, IL US","2020-08-16",,,,,,
"US1ILWL0080","LOCKPORT 1.3 SE, IL US","2020-08-17",,,,,,
"US1ILWL0080","LOCKPORT 1.3 SE, IL US","2020-08-18",,,,,,
"US1ILWL0080","LOCKPORT 1.3 SE, IL US","2020-08-19",,,,,,
"US1ILWL0080","LOCKPORT 1.3 SE, IL US","2020-08-20",,,,,,
"US1ILWL0080","LOCKPORT 1.3 SE, IL US","2020-08-21",,,,,,
"US1ILWL0080","LOCKPORT 1.3 SE, IL US","2020-08-22",,,,,,
"US1ILWL0080","LOCKPORT 1.3 SE, IL US","2020-08-23",,,,,,
"US1ILWL0080","LOCKPORT 1.3 SE, IL US","2020-08-24",,,,,,
"US1ILWL0080","LOCKPORT 1.3 SE, IL US","2020-08-25",,,,,,
"US1ILWL0080","LOCKPORT 1.3 SE, IL US","2020-08-26",,,,,,
"US1ILWL0080","LOCKPORT 1.3 SE, IL US","2020-08-27",,,,,,
"US1ILWL0080","LOCKPORT 1.3 SE, IL US","2020-08-28",,,,,,
"US1ILWL0080","LOCKPORT 1.3 SE, IL US","2020-08-29",,,,,,
"US1ILWL0080","LOCKPORT 1.3 SE, IL US","2020-08-30",,,,,,
"US1ILWL0080","LOCKPORT 1.3 SE, IL US","2020-08-31",,,,,,
"US1ILWL0080","LOCKPORT 1.3 SE, IL US","2020-09-01",,,,,,
"US1ILWL0080","LOCKPORT 1.3 SE, IL US","2020-09-02",,,,,,
"US1ILWL0080","LOCKPORT 1.3 SE, IL US","2020-09-03",,,,,,
"US1ILWL0080","LOCKPORT 1.3 SE, IL US","2020-09-04",,,,,,
"US1ILWL0080","LOCKPORT 1.3 SE, IL US","2020-09-05",,,,,,
"US1ILWL0080","LOCKPORT 1.3 SE, IL US","2020-09-06",,,,,,
"US1ILWL0080","LOCKPORT 1.3 SE, IL US","2020-09-07",,,,,,
"US1ILWL0080","LOCKPORT 1.3 SE, IL US","2020-09-08",,,,,,
"US1ILCK0193","WINNETKA 0.8 ESE, IL US","2019-10-01",,,,,,
"US1ILCK0193","WINNETKA 0.8 ESE, IL US","2019-10-02",,,,,,
"US1ILCK0193","WINNETKA 0.8 ESE, IL US","2019-10-03",,,,,,
"US1ILCK0193","WINNETKA 0.8 ESE, IL US","2019-10-04",,,,,,
"US1ILCK0193","WINNETKA 0.8 ESE, IL US","2019-10-05",,,,,,
"US1ILCK0193","WINNETKA 0.8 ESE, IL US","2019-10-06",,,,,,
"US1ILCK0193","WINNETKA 0.8 ESE, IL US","2019-10-07",,,,,,
"US1ILCK0193","WINNETKA 0.8 ESE, IL US","2019-10-08",,,,,,
"US1ILCK0193","WINNETKA 0.8 ESE, IL US","2019-10-09",,,,,,
"US1ILCK0193","WINNETKA 0.8 ESE, IL US","2019-10-10",,,,,,
"US1ILCK0193","WINNETKA 0.8 ESE, IL US","2019-10-11",,,,,,
"US1ILCK0193","WINNETKA 0.8 ESE, IL US","2019-10-12",,,,,,
"US1ILCK0193","WINNETKA 0.8 ESE, IL US","2019-10-13",,,,,,
"US1ILCK0193","WINNETKA 0.8 ESE, IL US","2019-10-14",,,,,,
"US1ILCK0193","WINNETKA 0.8 ESE, IL US","2019-10-15",,,,,,
"US1ILCK0193","WINNETKA 0.8 ESE, IL US","2019-10-16",,,,,,
"US1ILCK0193","WINNETKA 0.8 ESE, IL US","2019-10-17",,,,,,
"US1ILCK0193","WINNETKA 0.8 ESE, IL US","2019-10-18",,,,,,
"US1ILCK0193","WINNETKA 0.8 ESE, IL US","2019-10-19",,,,,,
"US1ILCK0193","WINNETKA 0.8 ESE, IL US","2019-10-20",,,,,,
"US1ILCK0193","WINNETKA 0.8 ESE, IL US","2019-10-21",,,,,,
"US1ILCK0193","WINNETKA 0.8 ESE, IL US","2019-10-22",,,,,,
"US1ILCK0193","WINNETKA 0.8 ESE, IL US","2019-10-23",,,,,,
"US1ILCK0193","WINNETKA 0.8 ESE, IL US","2019-10-24",,,,,,
"US1ILCK0193","WINNETKA 0.8 ESE, IL US","2019-10-25",,,,,,
"US1ILCK0193","WINNETKA 0.8 ESE, IL US","2019-10-26",,,,,,
"US1ILCK0193","WINNETKA 0.8 ESE, IL US","2019-10-27",,,,,,
"US1ILCK0193","WINNETKA 0.8 ESE, IL US","2019-10-28",,,,,,
"US1ILCK0193","WINNETKA 0.8 ESE, IL US","2019-10-29",,,,,,
"US1ILCK0193","WINNETKA 0.8 ESE, IL US","2019-10-30",,,,,,
"US1ILCK0193","WINNETKA 0.8 ESE, IL US","2019-10-31",,,,,,
"US1ILCK0193","WINNETKA 0.8 ESE, IL US","2019-11-01",,,,,,
"US1ILCK0193","WINNETKA 0.8 ESE, IL US","2019-11-02",,,,,,
"US1ILCK0193","WINNETKA 0.8 ESE, IL US","2019-11-03",,,,,,
"US1ILCK0193","WINNETKA 0.8 ESE, IL US","2019-11-04",,,,,,
"US1ILCK0193","WINNETKA 0.8 ESE, IL US","2019-11-05",,,,,,
"US1ILCK0193","WINNETKA 0.8 ESE, IL US","2019-11-06",,,,,,
"US1ILCK0193","WINNETKA 0.8 ESE, IL US","2019-11-07",,,,,,
"US1ILCK0193","WINNETKA 0.8 ESE, IL US","2019-11-08",,,,,,
"US1ILCK0193","WINNETKA 0.8 ESE, IL US","2019-11-09",,,,,,
"US1ILCK0193","WINNETKA 0.8 ESE, IL US","2019-11-10",,,,,,
"US1ILCK0193","WINNETKA 0.8 ESE, IL US","2019-11-11",,,,,,
"US1ILCK0193","WINNETKA 0.8 ESE, IL US","2019-11-12",,,,,,
"US1ILCK0193","WINNETKA 0.8 ESE, IL US","2019-11-13",,,,,,
"US1ILCK0193","WINNETKA 0.8 ESE, IL US","2019-11-14",,,,,,
"US1ILCK0193","WINNETKA 0.8 ESE, IL US","2019-11-15",,,,,,
"US1ILCK0193","WINNETKA 0.8 ESE, IL US","2019-11-16",,,,,,
"US1ILCK0193","WINNETKA 0.8 ESE, IL US","2019-11-17",,,,,,
"US1ILCK0193","WINNETKA 0.8 ESE, IL US","2019-11-18",,,,,,
"US1ILCK0193","WINNETKA 0.8 ESE, IL US","2019-11-19",,,,,,
"US1ILCK0193","WINNETKA 0.8 ESE, IL US","2019-11-20",,,,,,
"US1ILCK0193","WINNETKA 0.8 ESE, IL US","2019-11-21",,,,,,
"US1ILCK0193","WINNETKA 0.8 ESE, IL US","2019-11-22",,,,,,
"US1ILCK0193","WINNETKA 0.8 ESE, IL US","2019-11-23",,,,,,
"US1ILCK0193","WINNETKA 0.8 ESE, IL US","2019-11-24",,,,,,
"US1ILCK0193","WINNETKA 0.8 ESE, IL US","2019-11-25",,,,,,
"US1ILCK0193","WINNETKA 0.8 ESE, IL US","2019-11-26",,,,,,
"US1ILCK0193","WINNETKA 0.8 ESE, IL US","2019-11-27",,,,,,
"US1ILCK0193","WINNETKA 0.8 ESE, IL US","2019-11-28",,,,,,
"US1ILCK0193","WINNETKA 0.8 ESE, IL US","2019-11-29",,,,,,
"US1ILCK0193","WINNETKA 0.8 ESE, IL US","2019-11-30",,,,,,
"US1ILCK0193","WINNETKA 0.8 ESE, IL US","2019-12-01",,,,,,
"US1ILCK0193","WINNETKA 0.8 ESE, IL US","2019-12-02",,,,,,
"US1ILCK0193","WINNETKA 0.8 ESE, IL US","2019-12-03",,,,,,
"US1ILCK0193","WINNETKA 0.8 ESE, IL US","2019-12-04",,,,,,
"US1ILCK0193","WINNETKA 0.8 ESE, IL US","2019-12-05",,,,,,
"US1ILCK0193","WINNETKA 0.8 ESE, IL US","2019-12-06",,,,,,
"US1ILCK0193","WINNETKA 0.8 ESE, IL US","2019-12-07",,,,,,
"US1ILCK0193","WINNETKA 0.8 ESE, IL US","2019-12-08",,,,,,
"US1ILCK0193","WINNETKA 0.8 ESE, IL US","2019-12-09",,,,,,
"US1ILCK0193","WINNETKA 0.8 ESE, IL US","2019-12-10",,,,,,
"US1ILCK0193","WINNETKA 0.8 ESE, IL US","2019-12-11",,,,,,
"US1ILCK0193","WINNETKA 0.8 ESE, IL US","2019-12-12",,,,,,
"US1ILCK0193","WINNETKA 0.8 ESE, IL US","2019-12-13",,,,,,
"US1ILCK0193","WINNETKA 0.8 ESE, IL US","2019-12-14",,,,,,
"US1ILCK0193","WINNETKA 0.8 ESE, IL US","2019-12-15",,,,,,
"US1ILCK0193","WINNETKA 0.8 ESE, IL US","2019-12-16",,,,,,
"US1ILCK0193","WINNETKA 0.8 ESE, IL US","2019-12-17",,,,,,
"US1ILCK0193","WINNETKA 0.8 ESE, IL US","2019-12-18",,,,,,
"US1ILCK0193","WINNETKA 0.8 ESE, IL US","2019-12-19",,,,,,
"US1ILCK0193","WINNETKA 0.8 ESE, IL US","2019-12-20",,,,,,
"US1ILCK0193","WINNETKA 0.8 ESE, IL US","2019-12-21",,,,,,
"US1ILCK0193","WINNETKA 0.8 ESE, IL US","2019-12-22",,,,,,
"US1ILCK0193","WINNETKA 0.8 ESE, IL US","2019-12-23",,,,,,
"US1ILCK0193","WINNETKA 0.8 ESE, IL US","2019-12-24",,,,,,
"US1ILCK0193","WINNETKA 0.8 ESE, IL US","2019-12-25",,,,,,
"US1ILCK0193","WINNETKA 0.8 ESE, IL US","2019-12-26",,,,,,
"US1ILCK0193","WINNETKA 0.8 ESE, IL US","2019-12-27",,,,,,
"US1ILCK0193","WINNETKA 0.8 ESE, IL US","2019-12-28",,,,,,
"US1ILCK0193","WINNETKA 0.8 ESE, IL US","2019-12-29",,,,,,
"US1ILCK0193","WINNETKA 0.8 ESE, IL US","2019-12-30",,,,,,
"US1ILCK0193","WINNETKA 0.8 ESE, IL US","2019-12-31",,,,,,
"US1ILCK0193","WINNETKA 0.8 ESE, IL US","2020-01-01",,,,,,
"US1ILCK0193","WINNETKA 0.8 ESE, IL US","2020-01-02",,,,,,
"US1ILCK0193","WINNETKA 0.8 ESE, IL US","2020-01-03",,,,,,
"US1ILCK0193","WINNETKA 0.8 ESE, IL US","2020-01-04",,,,,,
"US1ILCK0193","WINNETKA 0.8 ESE, IL US","2020-01-05",,,,,,
"US1ILCK0193","WINNETKA 0.8 ESE, IL US","2020-01-06",,,,,,
"US1ILCK0193","WINNETKA 0.8 ESE, IL US","2020-01-07",,,,,,
"US1ILCK0193","WINNETKA 0.8 ESE, IL US","2020-01-08",,,,,,
"US1ILCK0193","WINNETKA 0.8 ESE, IL US","2020-01-09",,,,,,
"US1ILCK0193","WINNETKA 0.8 ESE, IL US","2020-01-10",,,,,,
"US1ILCK0193","WINNETKA 0.8 ESE, IL US","2020-01-11",,,,,,
"US1ILCK0193","WINNETKA 0.8 ESE, IL US","2020-01-12",,,,,,
"US1ILCK0193","WINNETKA 0.8 ESE, IL US","2020-01-13",,,,,,
"US1ILCK0193","WINNETKA 0.8 ESE, IL US","2020-01-14",,,,,,
"US1ILCK0193","WINNETKA 0.8 ESE, IL US","2020-01-15",,,,,,
"US1ILCK0193","WINNETKA 0.8 ESE, IL US","2020-01-16",,,,,,
"US1ILCK0193","WINNETKA 0.8 ESE, IL US","2020-01-17",,,,,,
"US1ILCK0193","WINNETKA 0.8 ESE, IL US","2020-01-18",,,,,,
"US1ILCK0193","WINNETKA 0.8 ESE, IL US","2020-01-19",,,,,,
"US1ILCK0193","WINNETKA 0.8 ESE, IL US","2020-01-20",,,,,,
"US1ILCK0193","WINNETKA 0.8 ESE, IL US","2020-01-21",,,,,,
"US1ILCK0193","WINNETKA 0.8 ESE, IL US","2020-01-22",,,,,,
"US1ILCK0193","WINNETKA 0.8 ESE, IL US","2020-01-23",,,,,,
"US1ILCK0193","WINNETKA 0.8 ESE, IL US","2020-01-24",,,,,,
"US1ILCK0193","WINNETKA 0.8 ESE, IL US","2020-01-25",,,,,,
"US1ILCK0193","WINNETKA 0.8 ESE, IL US","2020-01-26",,,,,,
"US1ILCK0193","WINNETKA 0.8 ESE, IL US","2020-01-27",,,,,,
"US1ILCK0193","WINNETKA 0.8 ESE, IL US","2020-01-28",,,,,,
"US1ILCK0193","WINNETKA 0.8 ESE, IL US","2020-01-29",,,,,,
"US1ILCK0193","WINNETKA 0.8 ESE, IL US","2020-01-30",,,,,,
"US1ILCK0193","WINNETKA 0.8 ESE, IL US","2020-01-31",,,,,,
"US1ILCK0193","WINNETKA 0.8 ESE, IL US","2020-02-01",,,,,,
"US1ILCK0193","WINNETKA 0.8 ESE, IL US","2020-02-02",,,,,,
"US1ILCK0193","WINNETKA 0.8 ESE, IL US","2020-02-03",,,,,,
"US1ILCK0193","WINNETKA 0.8 ESE, IL US","2020-02-04",,,,,,
"US1ILCK0193","WINNETKA 0.8 ESE, IL US","2020-02-05",,,,,,
"US1ILCK0193","WINNETKA 0.8 ESE, IL US","2020-02-06",,,,,,
"US1ILCK0193","WINNETKA 0.8 ESE, IL US","2020-02-07",,,,,,
"US1ILCK0193","WINNETKA 0.8 ESE, IL US","2020-02-08",,,,,,
"US1ILCK0193","WINNETKA 0.8 ESE, IL US","2020-02-09",,,,,,
"US1ILCK0193","WINNETKA 0.8 ESE, IL US","2020-02-10",,,,,,
"US1ILCK0193","WINNETKA 0.8 ESE, IL US","2020-02-11",,,,,,
"US1ILCK0193","WINNETKA 0.8 ESE, IL US","2020-02-12",,,,,,
"US1ILCK0193","WINNETKA 0.8 ESE, IL US","2020-02-13",,,,,,
"US1ILCK0193","WINNETKA 0.8 ESE, IL US","2020-02-14",,,,,,
"US1ILCK0193","WINNETKA 0.8 ESE, IL US","2020-02-15",,,,,,
"US1ILCK0193","WINNETKA 0.8 ESE, IL US","2020-02-16",,,,,,
"US1ILCK0193","WINNETKA 0.8 ESE, IL US","2020-02-17",,,,,,
"US1ILCK0193","WINNETKA 0.8 ESE, IL US","2020-02-18",,,,,,
"US1ILCK0193","WINNETKA 0.8 ESE, IL US","2020-02-19",,,,,,
"US1ILCK0193","WINNETKA 0.8 ESE, IL US","2020-02-20",,,,,,
"US1ILCK0193","WINNETKA 0.8 ESE, IL US","2020-02-21",,,,,,
"US1ILCK0193","WINNETKA 0.8 ESE, IL US","2020-02-22",,,,,,
"US1ILCK0193","WINNETKA 0.8 ESE, IL US","2020-02-23",,,,,,
"US1ILCK0193","WINNETKA 0.8 ESE, IL US","2020-02-24",,,,,,
"US1ILCK0193","WINNETKA 0.8 ESE, IL US","2020-02-25",,,,,,
"US1ILCK0193","WINNETKA 0.8 ESE, IL US","2020-02-26",,,,,,
"US1ILCK0193","WINNETKA 0.8 ESE, IL US","2020-02-27",,,,,,
"US1ILCK0193","WINNETKA 0.8 ESE, IL US","2020-02-28",,,,,,
"US1ILCK0193","WINNETKA 0.8 ESE, IL US","2020-02-29",,,,,,
"US1ILCK0193","WINNETKA 0.8 ESE, IL US","2020-03-01",,,,,,
"US1ILCK0193","WINNETKA 0.8 ESE, IL US","2020-03-02",,,,,,
"US1ILCK0193","WINNETKA 0.8 ESE, IL US","2020-03-03",,,,,,
"US1ILCK0193","WINNETKA 0.8 ESE, IL US","2020-03-04",,,,,,
"US1ILCK0193","WINNETKA 0.8 ESE, IL US","2020-03-05",,,,,,
"US1ILCK0193","WINNETKA 0.8 ESE, IL US","2020-03-06",,,,,,
"US1ILCK0193","WINNETKA 0.8 ESE, IL US","2020-03-07",,,,,,
"US1ILCK0193","WINNETKA 0.8 ESE, IL US","2020-03-08",,,,,,
"US1ILCK0193","WINNETKA 0.8 ESE, IL US","2020-03-09",,,,,,
"US1ILCK0193","WINNETKA 0.8 ESE, IL US","2020-03-10",,,,,,
"US1ILCK0193","WINNETKA 0.8 ESE, IL US","2020-03-11",,,,,,
"US1ILCK0193","WINNETKA 0.8 ESE, IL US","2020-03-12",,,,,,
"US1ILCK0193","WINNETKA 0.8 ESE, IL US","2020-03-13",,,,,,
"US1ILCK0193","WINNETKA 0.8 ESE, IL US","2020-03-14",,,,,,
"US1ILCK0193","WINNETKA 0.8 ESE, IL US","2020-03-15",,,,,,
"US1ILCK0193","WINNETKA 0.8 ESE, IL US","2020-03-16",,,,,,
"US1ILCK0193","WINNETKA 0.8 ESE, IL US","2020-03-17",,,,,,
"US1ILCK0193","WINNETKA 0.8 ESE, IL US","2020-03-18",,,,,,
"US1ILCK0193","WINNETKA 0.8 ESE, IL US","2020-03-19",,,,,,
"US1ILCK0193","WINNETKA 0.8 ESE, IL US","2020-03-20",,,,,,
"US1ILCK0193","WINNETKA 0.8 ESE, IL US","2020-03-21",,,,,,
"US1ILCK0193","WINNETKA 0.8 ESE, IL US","2020-03-22",,,,,,
"US1ILCK0193","WINNETKA 0.8 ESE, IL US","2020-03-23",,,,,,
"US1ILCK0193","WINNETKA 0.8 ESE, IL US","2020-03-24",,,,,,
"US1ILCK0193","WINNETKA 0.8 ESE, IL US","2020-03-25",,,,,,
"US1ILCK0193","WINNETKA 0.8 ESE, IL US","2020-03-26",,,,,,
"US1ILCK0193","WINNETKA 0.8 ESE, IL US","2020-03-27",,,,,,
"US1ILCK0193","WINNETKA 0.8 ESE, IL US","2020-03-28",,,,,,
"US1ILCK0193","WINNETKA 0.8 ESE, IL US","2020-03-29",,,,,,
"US1ILCK0193","WINNETKA 0.8 ESE, IL US","2020-03-30",,,,,,
"US1ILCK0193","WINNETKA 0.8 ESE, IL US","2020-03-31",,,,,,
"US1ILCK0193","WINNETKA 0.8 ESE, IL US","2020-04-01",,,,,,
"US1ILCK0193","WINNETKA 0.8 ESE, IL US","2020-04-02",,,,,,
"US1ILCK0193","WINNETKA 0.8 ESE, IL US","2020-04-03",,,,,,
"US1ILCK0193","WINNETKA 0.8 ESE, IL US","2020-04-04",,,,,,
"US1ILCK0193","WINNETKA 0.8 ESE, IL US","2020-04-05",,,,,,
"US1ILCK0193","WINNETKA 0.8 ESE, IL US","2020-04-06",,,,,,
"US1ILCK0193","WINNETKA 0.8 ESE, IL US","2020-04-07",,,,,,
"US1ILCK0193","WINNETKA 0.8 ESE, IL US","2020-04-08",,,,,,
"US1ILCK0193","WINNETKA 0.8 ESE, IL US","2020-04-09",,,,,,
"US1ILCK0193","WINNETKA 0.8 ESE, IL US","2020-04-10",,,,,,
"US1ILCK0193","WINNETKA 0.8 ESE, IL US","2020-04-11",,,,,,
"US1ILCK0193","WINNETKA 0.8 ESE, IL US","2020-04-12",,,,,,
"US1ILCK0193","WINNETKA 0.8 ESE, IL US","2020-04-13",,,,,,
"US1ILCK0193","WINNETKA 0.8 ESE, IL US","2020-04-14",,,,,,
"US1ILCK0193","WINNETKA 0.8 ESE, IL US","2020-04-15",,,,,,
"US1ILCK0193","WINNETKA 0.8 ESE, IL US","2020-04-16",,,,,,
"US1ILCK0193","WINNETKA 0.8 ESE, IL US","2020-04-17",,,,,,
"US1ILCK0193","WINNETKA 0.8 ESE, IL US","2020-04-18",,,,,,
"US1ILCK0193","WINNETKA 0.8 ESE, IL US","2020-04-19",,,,,,
"US1ILCK0193","WINNETKA 0.8 ESE, IL US","2020-04-20",,,,,,
"US1ILCK0193","WINNETKA 0.8 ESE, IL US","2020-04-21",,,,,,
"US1ILCK0193","WINNETKA 0.8 ESE, IL US","2020-04-22",,,,,,
"US1ILCK0193","WINNETKA 0.8 ESE, IL US","2020-04-23",,,,,,
"US1ILCK0193","WINNETKA 0.8 ESE, IL US","2020-04-24",,,,,,
"US1ILCK0193","WINNETKA 0.8 ESE, IL US","2020-04-25",,,,,,
"US1ILCK0193","WINNETKA 0.8 ESE, IL US","2020-04-26",,,,,,
"US1ILCK0193","WINNETKA 0.8 ESE, IL US","2020-04-27",,,,,,
"US1ILCK0193","WINNETKA 0.8 ESE, IL US","2020-04-28",,,,,,
"US1ILCK0193","WINNETKA 0.8 ESE, IL US","2020-04-29",,,,,,
"US1ILCK0193","WINNETKA 0.8 ESE, IL US","2020-04-30",,,,,,
"US1ILCK0193","WINNETKA 0.8 ESE, IL US","2020-05-01",,,,,,
"US1ILCK0193","WINNETKA 0.8 ESE, IL US","2020-05-02",,,,,,
"US1ILCK0193","WINNETKA 0.8 ESE, IL US","2020-05-03",,,,,,
"US1ILCK0193","WINNETKA 0.8 ESE, IL US","2020-05-04",,,,,,
"US1ILCK0193","WINNETKA 0.8 ESE, IL US","2020-05-05",,,,,,
"US1ILCK0193","WINNETKA 0.8 ESE, IL US","2020-05-06",,,,,,
"US1ILCK0193","WINNETKA 0.8 ESE, IL US","2020-05-07",,,,,,
"US1ILCK0193","WINNETKA 0.8 ESE, IL US","2020-05-08",,,,,,
"US1ILCK0193","WINNETKA 0.8 ESE, IL US","2020-05-09",,,,,,
"US1ILCK0193","WINNETKA 0.8 ESE, IL US","2020-05-10",,,,,,
"US1ILCK0193","WINNETKA 0.8 ESE, IL US","2020-05-11",,,,,,
"US1ILCK0193","WINNETKA 0.8 ESE, IL US","2020-05-12",,,,,,
"US1ILCK0193","WINNETKA 0.8 ESE, IL US","2020-05-13",,,,,,
"US1ILCK0193","WINNETKA 0.8 ESE, IL US","2020-05-14",,,,,,
"US1ILCK0193","WINNETKA 0.8 ESE, IL US","2020-05-15",,,,,,
"US1ILCK0193","WINNETKA 0.8 ESE, IL US","2020-05-16",,,,,,
"US1ILCK0193","WINNETKA 0.8 ESE, IL US","2020-05-17",,,,,,
"US1ILCK0193","WINNETKA 0.8 ESE, IL US","2020-05-18",,,,,,
"US1ILCK0193","WINNETKA 0.8 ESE, IL US","2020-05-19",,,,,,
"US1ILCK0193","WINNETKA 0.8 ESE, IL US","2020-05-20",,,,,,
"US1ILCK0193","WINNETKA 0.8 ESE, IL US","2020-05-21",,,,,,
"US1ILCK0193","WINNETKA 0.8 ESE, IL US","2020-05-22",,,,,,
"US1ILCK0193","WINNETKA 0.8 ESE, IL US","2020-05-23",,,,,,
"US1ILCK0193","WINNETKA 0.8 ESE, IL US","2020-05-24",,,,,,
"US1ILCK0193","WINNETKA 0.8 ESE, IL US","2020-05-25",,,,,,
"US1ILCK0193","WINNETKA 0.8 ESE, IL US","2020-05-26",,,,,,
"US1ILCK0193","WINNETKA 0.8 ESE, IL US","2020-05-27",,,,,,
"US1ILCK0193","WINNETKA 0.8 ESE, IL US","2020-05-28",,,,,,
"US1ILCK0193","WINNETKA 0.8 ESE, IL US","2020-05-29",,,,,,
"US1ILCK0193","WINNETKA 0.8 ESE, IL US","2020-05-30",,,,,,
"US1ILCK0193","WINNETKA 0.8 ESE, IL US","2020-05-31",,,,,,
"US1ILCK0193","WINNETKA 0.8 ESE, IL US","2020-06-01",,,,,,
"US1ILCK0193","WINNETKA 0.8 ESE, IL US","2020-06-02",,,,,,
"US1ILCK0193","WINNETKA 0.8 ESE, IL US","2020-06-03",,,,,,
"US1ILCK0193","WINNETKA 0.8 ESE, IL US","2020-06-04",,,,,,
"US1ILCK0193","WINNETKA 0.8 ESE, IL US","2020-06-05",,,,,,
"US1ILCK0193","WINNETKA 0.8 ESE, IL US","2020-06-06",,,,,,
"US1ILCK0193","WINNETKA 0.8 ESE, IL US","2020-06-07",,,,,,
"US1ILCK0193","WINNETKA 0.8 ESE, IL US","2020-06-08",,,,,,
"US1ILCK0193","WINNETKA 0.8 ESE, IL US","2020-06-09",,,,,,
"US1ILCK0193","WINNETKA 0.8 ESE, IL US","2020-06-10",,,,,,
"US1ILCK0193","WINNETKA 0.8 ESE, IL US","2020-06-11",,,,,,
"US1ILCK0193","WINNETKA 0.8 ESE, IL US","2020-06-12",,,,,,
"US1ILCK0193","WINNETKA 0.8 ESE, IL US","2020-06-13",,,,,,
"US1ILCK0193","WINNETKA 0.8 ESE, IL US","2020-06-14",,,,,,
"US1ILCK0193","WINNETKA 0.8 ESE, IL US","2020-06-15",,,,,,
"US1ILCK0193","WINNETKA 0.8 ESE, IL US","2020-06-16",,,,,,
"US1ILCK0193","WINNETKA 0.8 ESE, IL US","2020-06-17",,,,,,
"US1ILCK0193","WINNETKA 0.8 ESE, IL US","2020-06-18",,,,,,
"US1ILCK0193","WINNETKA 0.8 ESE, IL US","2020-06-19",,,,,,
"US1ILCK0193","WINNETKA 0.8 ESE, IL US","2020-06-20",,,,,,
"US1ILCK0193","WINNETKA 0.8 ESE, IL US","2020-06-21",,,,,,
"US1ILCK0193","WINNETKA 0.8 ESE, IL US","2020-06-22",,,,,,
"US1ILCK0193","WINNETKA 0.8 ESE, IL US","2020-06-23",,,,,,
"US1ILCK0193","WINNETKA 0.8 ESE, IL US","2020-06-24",,,,,,
"US1ILCK0193","WINNETKA 0.8 ESE, IL US","2020-06-25",,,,,,
"US1ILCK0193","WINNETKA 0.8 ESE, IL US","2020-06-26",,,,,,
"US1ILCK0193","WINNETKA 0.8 ESE, IL US","2020-06-27",,,,,,
"US1ILCK0193","WINNETKA 0.8 ESE, IL US","2020-06-28",,,,,,
"US1ILCK0193","WINNETKA 0.8 ESE, IL US","2020-06-29",,,,,,
"US1ILCK0193","WINNETKA 0.8 ESE, IL US","2020-06-30",,,,,,
"US1ILCK0193","WINNETKA 0.8 ESE, IL US","2020-07-01",,,,,,
"US1ILCK0193","WINNETKA 0.8 ESE, IL US","2020-07-02",,,,,,
"US1ILCK0193","WINNETKA 0.8 ESE, IL US","2020-07-03",,,,,,
"US1ILCK0193","WINNETKA 0.8 ESE, IL US","2020-07-04",,,,,,
"US1ILCK0193","WINNETKA 0.8 ESE, IL US","2020-07-05",,,,,,
"US1ILCK0193","WINNETKA 0.8 ESE, IL US","2020-07-06",,,,,,
"US1ILCK0193","WINNETKA 0.8 ESE, IL US","2020-07-07",,,,,,
"US1ILCK0193","WINNETKA 0.8 ESE, IL US","2020-07-08",,,,,,
"US1ILCK0193","WINNETKA 0.8 ESE, IL US","2020-07-09",,,,,,
"US1ILCK0193","WINNETKA 0.8 ESE, IL US","2020-07-10",,,,,,
"US1ILCK0193","WINNETKA 0.8 ESE, IL US","2020-07-11",,,,,,
"US1ILCK0193","WINNETKA 0.8 ESE, IL US","2020-07-12",,,,,,
"US1ILCK0193","WINNETKA 0.8 ESE, IL US","2020-07-13",,,,,,
"US1ILCK0193","WINNETKA 0.8 ESE, IL US","2020-07-14",,,,,,
"US1ILCK0193","WINNETKA 0.8 ESE, IL US","2020-07-15",,,,,,
"US1ILCK0193","WINNETKA 0.8 ESE, IL US","2020-07-16",,,,,,
"US1ILCK0193","WINNETKA 0.8 ESE, IL US","2020-07-17",,,,,,
"US1ILCK0193","WINNETKA 0.8 ESE, IL US","2020-07-18",,,,,,
"US1ILCK0193","WINNETKA 0.8 ESE, IL US","2020-07-19",,,,,,
"US1ILCK0193","WINNETKA 0.8 ESE, IL US","2020-07-20",,,,,,
"US1ILCK0193","WINNETKA 0.8 ESE, IL US","2020-07-21",,,,,,
"US1ILCK0193","WINNETKA 0.8 ESE, IL US","2020-07-22",,,,,,
"US1ILCK0193","WINNETKA 0.8 ESE, IL US","2020-07-23",,,,,,
"US1ILCK0193","WINNETKA 0.8 ESE, IL US","2020-07-24",,,,,,
"US1ILCK0193","WINNETKA 0.8 ESE, IL US","2020-07-25",,,,,,
"US1ILCK0193","WINNETKA 0.8 ESE, IL US","2020-07-26",,,,,,
"US1ILCK0193","WINNETKA 0.8 ESE, IL US","2020-07-27",,,,,,
"US1ILCK0193","WINNETKA 0.8 ESE, IL US","2020-07-28",,,,,,
"US1ILCK0193","WINNETKA 0.8 ESE, IL US","2020-07-29",,,,,,
"US1ILCK0193","WINNETKA 0.8 ESE, IL US","2020-07-30",,,,,,
"US1ILCK0193","WINNETKA 0.8 ESE, IL US","2020-07-31",,,,,,
"US1ILCK0193","WINNETKA 0.8 ESE, IL US","2020-08-01",,,,,,
"US1ILCK0193","WINNETKA 0.8 ESE, IL US","2020-08-02",,,,,,
"US1ILCK0193","WINNETKA 0.8 ESE, IL US","2020-08-03",,,,,,
"US1ILCK0193","WINNETKA 0.8 ESE, IL US","2020-08-04",,,,,,
"US1ILCK0193","WINNETKA 0.8 ESE, IL US","2020-08-05",,,,,,
"US1ILCK0193","WINNETKA 0.8 ESE, IL US","2020-08-06",,,,,,
"US1ILCK0193","WINNETKA 0.8 ESE, IL US","2020-08-07",,,,,,
"US1ILCK0193","WINNETKA 0.8 ESE, IL US","2020-08-08",,,,,,
"US1ILCK0193","WINNETKA 0.8 ESE, IL US","2020-08-09",,,,,,
"US1ILCK0193","WINNETKA 0.8 ESE, IL US","2020-08-10",,,,,,
"US1ILCK0193","WINNETKA 0.8 ESE, IL US","2020-08-11",,,,,,
"US1ILCK0193","WINNETKA 0.8 ESE, IL US","2020-08-12",,,,,,
"US1ILCK0193","WINNETKA 0.8 ESE, IL US","2020-08-13",,,,,,
"US1ILCK0193","WINNETKA 0.8 ESE, IL US","2020-08-14",,,,,,
"US1ILCK0193","WINNETKA 0.8 ESE, IL US","2020-08-15",,,,,,
"US1ILCK0193","WINNETKA 0.8 ESE, IL US","2020-08-16",,,,,,
"US1ILCK0193","WINNETKA 0.8 ESE, IL US","2020-08-17",,,,,,
"US1ILCK0193","WINNETKA 0.8 ESE, IL US","2020-08-18",,,,,,
"US1ILCK0193","WINNETKA 0.8 ESE, IL US","2020-08-19",,,,,,
"US1ILCK0193","WINNETKA 0.8 ESE, IL US","2020-08-20",,,,,,
"US1ILCK0193","WINNETKA 0.8 ESE, IL US","2020-08-21",,,,,,
"US1ILCK0193","WINNETKA 0.8 ESE, IL US","2020-08-22",,,,,,
"US1ILCK0193","WINNETKA 0.8 ESE, IL US","2020-08-23",,,,,,
"US1ILCK0193","WINNETKA 0.8 ESE, IL US","2020-08-24",,,,,,
"US1ILCK0193","WINNETKA 0.8 ESE, IL US","2020-08-25",,,,,,
"US1ILCK0193","WINNETKA 0.8 ESE, IL US","2020-08-26",,,,,,
"US1ILCK0193","WINNETKA 0.8 ESE, IL US","2020-08-27",,,,,,
"US1ILCK0193","WINNETKA 0.8 ESE, IL US","2020-08-28",,,,,,
"US1ILCK0193","WINNETKA 0.8 ESE, IL US","2020-08-29",,,,,,
"US1ILCK0193","WINNETKA 0.8 ESE, IL US","2020-08-30",,,,,,
"US1ILCK0193","WINNETKA 0.8 ESE, IL US","2020-08-31",,,,,,
"US1ILCK0193","WINNETKA 0.8 ESE, IL US","2020-09-01",,,,,,
"US1ILCK0193","WINNETKA 0.8 ESE, IL US","2020-09-02",,,,,,
"US1ILCK0193","WINNETKA 0.8 ESE, IL US","2020-09-03",,,,,,
"US1ILCK0193","WINNETKA 0.8 ESE, IL US","2020-09-04",,,,,,
"US1ILCK0193","WINNETKA 0.8 ESE, IL US","2020-09-06",,,,,,
"US1ILCK0193","WINNETKA 0.8 ESE, IL US","2020-09-07",,,,,,
"US1ILCK0193","WINNETKA 0.8 ESE, IL US","2020-09-08",,,,,,
"US1ILCK0232","ROGERS PARK 0.6 ESE, IL US","2019-10-01",,,,,,
"US1ILCK0232","ROGERS PARK 0.6 ESE, IL US","2019-10-02",,,,,,
"US1ILCK0232","ROGERS PARK 0.6 ESE, IL US","2019-10-03",,,,,,
"US1ILCK0232","ROGERS PARK 0.6 ESE, IL US","2019-10-04",,,,,,
"US1ILCK0232","ROGERS PARK 0.6 ESE, IL US","2019-10-05",,,,,,
"US1ILCK0232","ROGERS PARK 0.6 ESE, IL US","2019-10-06",,,,,,
"US1ILCK0232","ROGERS PARK 0.6 ESE, IL US","2019-10-07",,,,,,
"US1ILCK0232","ROGERS PARK 0.6 ESE, IL US","2019-10-08",,,,,,
"US1ILCK0232","ROGERS PARK 0.6 ESE, IL US","2019-10-09",,,,,,
"US1ILCK0232","ROGERS PARK 0.6 ESE, IL US","2019-10-10",,,,,,
"US1ILCK0232","ROGERS PARK 0.6 ESE, IL US","2019-10-11",,,,,,
"US1ILCK0232","ROGERS PARK 0.6 ESE, IL US","2019-10-12",,,,,,
"US1ILCK0232","ROGERS PARK 0.6 ESE, IL US","2019-10-13",,,,,,
"US1ILCK0232","ROGERS PARK 0.6 ESE, IL US","2019-10-14",,,,,,
"US1ILCK0232","ROGERS PARK 0.6 ESE, IL US","2019-10-15",,,,,,
"US1ILCK0232","ROGERS PARK 0.6 ESE, IL US","2019-10-16",,,,,,
"US1ILCK0232","ROGERS PARK 0.6 ESE, IL US","2019-10-17",,,,,,
"US1ILCK0232","ROGERS PARK 0.6 ESE, IL US","2019-10-18",,,,,,
"US1ILCK0232","ROGERS PARK 0.6 ESE, IL US","2019-10-19",,,,,,
"US1ILCK0232","ROGERS PARK 0.6 ESE, IL US","2019-10-20",,,,,,
"US1ILCK0232","ROGERS PARK 0.6 ESE, IL US","2019-10-21",,,,,,
"US1ILCK0232","ROGERS PARK 0.6 ESE, IL US","2019-10-22",,,,,,
"US1ILCK0232","ROGERS PARK 0.6 ESE, IL US","2019-10-23",,,,,,
"US1ILCK0232","ROGERS PARK 0.6 ESE, IL US","2019-10-24",,,,,,
"US1ILCK0232","ROGERS PARK 0.6 ESE, IL US","2019-10-25",,,,,,
"US1ILCK0232","ROGERS PARK 0.6 ESE, IL US","2019-10-26",,,,,,
"US1ILCK0232","ROGERS PARK 0.6 ESE, IL US","2019-10-27",,,,,,
"US1ILCK0232","ROGERS PARK 0.6 ESE, IL US","2019-10-28",,,,,,
"US1ILCK0232","ROGERS PARK 0.6 ESE, IL US","2019-10-29",,,,,,
"US1ILCK0232","ROGERS PARK 0.6 ESE, IL US","2019-10-30",,,,,,
"US1ILCK0232","ROGERS PARK 0.6 ESE, IL US","2019-10-31",,,,,,
"US1ILCK0232","ROGERS PARK 0.6 ESE, IL US","2019-11-01",,,,,,
"US1ILCK0232","ROGERS PARK 0.6 ESE, IL US","2019-11-02",,,,,,
"US1ILCK0232","ROGERS PARK 0.6 ESE, IL US","2019-11-03",,,,,,
"US1ILCK0232","ROGERS PARK 0.6 ESE, IL US","2019-11-04",,,,,,
"US1ILCK0232","ROGERS PARK 0.6 ESE, IL US","2019-11-05",,,,,,
"US1ILCK0232","ROGERS PARK 0.6 ESE, IL US","2019-11-06",,,,,,
"US1ILCK0232","ROGERS PARK 0.6 ESE, IL US","2019-11-07",,,,,,
"US1ILCK0232","ROGERS PARK 0.6 ESE, IL US","2019-11-08",,,,,,
"US1ILCK0232","ROGERS PARK 0.6 ESE, IL US","2019-11-09",,,,,,
"US1ILCK0232","ROGERS PARK 0.6 ESE, IL US","2019-11-10",,,,,,
"US1ILCK0232","ROGERS PARK 0.6 ESE, IL US","2019-11-12",,,,,,
"US1ILCK0232","ROGERS PARK 0.6 ESE, IL US","2019-11-13",,,,,,
"US1ILCK0232","ROGERS PARK 0.6 ESE, IL US","2019-11-14",,,,,,
"US1ILCK0232","ROGERS PARK 0.6 ESE, IL US","2019-11-15",,,,,,
"US1ILCK0232","ROGERS PARK 0.6 ESE, IL US","2019-11-16",,,,,,
"US1ILCK0232","ROGERS PARK 0.6 ESE, IL US","2019-11-17",,,,,,
"US1ILCK0232","ROGERS PARK 0.6 ESE, IL US","2019-11-18",,,,,,
"US1ILCK0232","ROGERS PARK 0.6 ESE, IL US","2019-11-19",,,,,,
"US1ILCK0232","ROGERS PARK 0.6 ESE, IL US","2019-11-20",,,,,,
"US1ILCK0232","ROGERS PARK 0.6 ESE, IL US","2019-11-21",,,,,,
"US1ILCK0232","ROGERS PARK 0.6 ESE, IL US","2019-11-22",,,,,,
"US1ILCK0232","ROGERS PARK 0.6 ESE, IL US","2019-11-23",,,,,,
"US1ILCK0232","ROGERS PARK 0.6 ESE, IL US","2019-11-24",,,,,,
"US1ILCK0232","ROGERS PARK 0.6 ESE, IL US","2019-11-25",,,,,,
"US1ILCK0232","ROGERS PARK 0.6 ESE, IL US","2019-11-26",,,,,,
"US1ILCK0232","ROGERS PARK 0.6 ESE, IL US","2019-11-27",,,,,,
"US1ILCK0232","ROGERS PARK 0.6 ESE, IL US","2019-11-28",,,,,,
"US1ILCK0232","ROGERS PARK 0.6 ESE, IL US","2019-11-29",,,,,,
"US1ILCK0232","ROGERS PARK 0.6 ESE, IL US","2019-11-30",,,,,,
"US1ILCK0232","ROGERS PARK 0.6 ESE, IL US","2019-12-01",,,,,,
"US1ILCK0232","ROGERS PARK 0.6 ESE, IL US","2019-12-02",,,,,,
"US1ILCK0232","ROGERS PARK 0.6 ESE, IL US","2019-12-03",,,,,,
"US1ILCK0232","ROGERS PARK 0.6 ESE, IL US","2019-12-04",,,,,,
"US1ILCK0232","ROGERS PARK 0.6 ESE, IL US","2019-12-05",,,,,,
"US1ILCK0232","ROGERS PARK 0.6 ESE, IL US","2019-12-06",,,,,,
"US1ILCK0232","ROGERS PARK 0.6 ESE, IL US","2019-12-07",,,,,,
"US1ILCK0232","ROGERS PARK 0.6 ESE, IL US","2019-12-08",,,,,,
"US1ILCK0232","ROGERS PARK 0.6 ESE, IL US","2019-12-09",,,,,,
"US1ILCK0232","ROGERS PARK 0.6 ESE, IL US","2019-12-10",,,,,,
"US1ILCK0232","ROGERS PARK 0.6 ESE, IL US","2019-12-11",,,,,,
"US1ILCK0232","ROGERS PARK 0.6 ESE, IL US","2019-12-12",,,,,,
"US1ILCK0232","ROGERS PARK 0.6 ESE, IL US","2019-12-13",,,,,,
"US1ILCK0232","ROGERS PARK 0.6 ESE, IL US","2019-12-14",,,,,,
"US1ILCK0232","ROGERS PARK 0.6 ESE, IL US","2019-12-15",,,,,,
"US1ILCK0232","ROGERS PARK 0.6 ESE, IL US","2019-12-16",,,,,,
"US1ILCK0232","ROGERS PARK 0.6 ESE, IL US","2019-12-17",,,,,,
"US1ILCK0232","ROGERS PARK 0.6 ESE, IL US","2019-12-18",,,,,,
"US1ILCK0232","ROGERS PARK 0.6 ESE, IL US","2019-12-19",,,,,,
"US1ILCK0232","ROGERS PARK 0.6 ESE, IL US","2019-12-20",,,,,,
"US1ILCK0232","ROGERS PARK 0.6 ESE, IL US","2019-12-21",,,,,,
"US1ILCK0232","ROGERS PARK 0.6 ESE, IL US","2019-12-22",,,,,,
"US1ILCK0232","ROGERS PARK 0.6 ESE, IL US","2019-12-23",,,,,,
"US1ILCK0232","ROGERS PARK 0.6 ESE, IL US","2019-12-24",,,,,,
"US1ILCK0232","ROGERS PARK 0.6 ESE, IL US","2019-12-25",,,,,,
"US1ILCK0232","ROGERS PARK 0.6 ESE, IL US","2019-12-26",,,,,,
"US1ILCK0232","ROGERS PARK 0.6 ESE, IL US","2019-12-27",,,,,,
"US1ILCK0232","ROGERS PARK 0.6 ESE, IL US","2019-12-28",,,,,,
"US1ILCK0232","ROGERS PARK 0.6 ESE, IL US","2019-12-29",,,,,,
"US1ILCK0232","ROGERS PARK 0.6 ESE, IL US","2019-12-30",,,,,,
"US1ILCK0232","ROGERS PARK 0.6 ESE, IL US","2019-12-31",,,,,,
"US1ILCK0232","ROGERS PARK 0.6 ESE, IL US","2020-01-01",,,,,,
"US1ILCK0232","ROGERS PARK 0.6 ESE, IL US","2020-01-02",,,,,,
"US1ILCK0232","ROGERS PARK 0.6 ESE, IL US","2020-01-03",,,,,,
"US1ILCK0232","ROGERS PARK 0.6 ESE, IL US","2020-01-04",,,,,,
"US1ILCK0232","ROGERS PARK 0.6 ESE, IL US","2020-01-05",,,,,,
"US1ILCK0232","ROGERS PARK 0.6 ESE, IL US","2020-01-06",,,,,,
"US1ILCK0232","ROGERS PARK 0.6 ESE, IL US","2020-01-07",,,,,,
"US1ILCK0232","ROGERS PARK 0.6 ESE, IL US","2020-01-08",,,,,,
"US1ILCK0232","ROGERS PARK 0.6 ESE, IL US","2020-01-09",,,,,,
"US1ILCK0232","ROGERS PARK 0.6 ESE, IL US","2020-01-10",,,,,,
"US1ILCK0232","ROGERS PARK 0.6 ESE, IL US","2020-01-11",,,,,,
"US1ILCK0232","ROGERS PARK 0.6 ESE, IL US","2020-01-12",,,,,,
"US1ILCK0232","ROGERS PARK 0.6 ESE, IL US","2020-01-13",,,,,,
"US1ILCK0232","ROGERS PARK 0.6 ESE, IL US","2020-01-14",,,,,,
"US1ILCK0232","ROGERS PARK 0.6 ESE, IL US","2020-01-15",,,,,,
"US1ILCK0232","ROGERS PARK 0.6 ESE, IL US","2020-01-16",,,,,,
"US1ILCK0232","ROGERS PARK 0.6 ESE, IL US","2020-01-17",,,,,,
"US1ILCK0232","ROGERS PARK 0.6 ESE, IL US","2020-01-18",,,,,,
"US1ILCK0232","ROGERS PARK 0.6 ESE, IL US","2020-01-19",,,,,,
"US1ILCK0232","ROGERS PARK 0.6 ESE, IL US","2020-01-20",,,,,,
"US1ILCK0232","ROGERS PARK 0.6 ESE, IL US","2020-01-21",,,,,,
"US1ILCK0232","ROGERS PARK 0.6 ESE, IL US","2020-01-22",,,,,,
"US1ILCK0232","ROGERS PARK 0.6 ESE, IL US","2020-01-23",,,,,,
"US1ILCK0232","ROGERS PARK 0.6 ESE, IL US","2020-01-24",,,,,,
"US1ILCK0232","ROGERS PARK 0.6 ESE, IL US","2020-01-25",,,,,,
"US1ILCK0232","ROGERS PARK 0.6 ESE, IL US","2020-01-26",,,,,,
"US1ILCK0232","ROGERS PARK 0.6 ESE, IL US","2020-01-27",,,,,,
"US1ILCK0232","ROGERS PARK 0.6 ESE, IL US","2020-01-28",,,,,,
"US1ILCK0232","ROGERS PARK 0.6 ESE, IL US","2020-01-29",,,,,,
"US1ILCK0232","ROGERS PARK 0.6 ESE, IL US","2020-01-30",,,,,,
"US1ILCK0232","ROGERS PARK 0.6 ESE, IL US","2020-01-31",,,,,,
"US1ILCK0232","ROGERS PARK 0.6 ESE, IL US","2020-02-01",,,,,,
"US1ILCK0232","ROGERS PARK 0.6 ESE, IL US","2020-02-02",,,,,,
"US1ILCK0232","ROGERS PARK 0.6 ESE, IL US","2020-02-03",,,,,,
"US1ILCK0232","ROGERS PARK 0.6 ESE, IL US","2020-02-04",,,,,,
"US1ILCK0232","ROGERS PARK 0.6 ESE, IL US","2020-02-05",,,,,,
"US1ILCK0232","ROGERS PARK 0.6 ESE, IL US","2020-02-06",,,,,,
"US1ILCK0232","ROGERS PARK 0.6 ESE, IL US","2020-02-07",,,,,,
"US1ILCK0232","ROGERS PARK 0.6 ESE, IL US","2020-02-08",,,,,,
"US1ILCK0232","ROGERS PARK 0.6 ESE, IL US","2020-02-09",,,,,,
"US1ILCK0232","ROGERS PARK 0.6 ESE, IL US","2020-02-10",,,,,,
"US1ILCK0232","ROGERS PARK 0.6 ESE, IL US","2020-02-11",,,,,,
"US1ILCK0232","ROGERS PARK 0.6 ESE, IL US","2020-02-12",,,,,,
"US1ILCK0232","ROGERS PARK 0.6 ESE, IL US","2020-02-13",,,,,,
"US1ILCK0232","ROGERS PARK 0.6 ESE, IL US","2020-02-14",,,,,,
"US1ILCK0232","ROGERS PARK 0.6 ESE, IL US","2020-02-15",,,,,,
"US1ILCK0232","ROGERS PARK 0.6 ESE, IL US","2020-02-16",,,,,,
"US1ILCK0232","ROGERS PARK 0.6 ESE, IL US","2020-02-17",,,,,,
"US1ILCK0232","ROGERS PARK 0.6 ESE, IL US","2020-02-18",,,,,,
"US1ILCK0232","ROGERS PARK 0.6 ESE, IL US","2020-02-19",,,,,,
"US1ILCK0232","ROGERS PARK 0.6 ESE, IL US","2020-02-20",,,,,,
"US1ILCK0232","ROGERS PARK 0.6 ESE, IL US","2020-02-21",,,,,,
"US1ILCK0232","ROGERS PARK 0.6 ESE, IL US","2020-02-22",,,,,,
"US1ILCK0232","ROGERS PARK 0.6 ESE, IL US","2020-02-23",,,,,,
"US1ILCK0232","ROGERS PARK 0.6 ESE, IL US","2020-02-24",,,,,,
"US1ILCK0232","ROGERS PARK 0.6 ESE, IL US","2020-02-25",,,,,,
"US1ILCK0232","ROGERS PARK 0.6 ESE, IL US","2020-02-26",,,,,,
"US1ILCK0232","ROGERS PARK 0.6 ESE, IL US","2020-02-27",,,,,,
"US1ILCK0232","ROGERS PARK 0.6 ESE, IL US","2020-02-28",,,,,,
"US1ILCK0232","ROGERS PARK 0.6 ESE, IL US","2020-02-29",,,,,,
"US1ILCK0232","ROGERS PARK 0.6 ESE, IL US","2020-03-01",,,,,,
"US1ILCK0232","ROGERS PARK 0.6 ESE, IL US","2020-03-02",,,,,,
"US1ILCK0232","ROGERS PARK 0.6 ESE, IL US","2020-03-03",,,,,,
"US1ILCK0232","ROGERS PARK 0.6 ESE, IL US","2020-03-04",,,,,,
"US1ILCK0232","ROGERS PARK 0.6 ESE, IL US","2020-03-05",,,,,,
"US1ILCK0232","ROGERS PARK 0.6 ESE, IL US","2020-03-06",,,,,,
"US1ILCK0232","ROGERS PARK 0.6 ESE, IL US","2020-03-07",,,,,,
"US1ILCK0232","ROGERS PARK 0.6 ESE, IL US","2020-03-08",,,,,,
"US1ILCK0232","ROGERS PARK 0.6 ESE, IL US","2020-03-09",,,,,,
"US1ILCK0232","ROGERS PARK 0.6 ESE, IL US","2020-03-10",,,,,,
"US1ILCK0232","ROGERS PARK 0.6 ESE, IL US","2020-03-11",,,,,,
"US1ILCK0232","ROGERS PARK 0.6 ESE, IL US","2020-03-12",,,,,,
"US1ILCK0232","ROGERS PARK 0.6 ESE, IL US","2020-03-13",,,,,,
"US1ILCK0232","ROGERS PARK 0.6 ESE, IL US","2020-03-14",,,,,,
"US1ILCK0232","ROGERS PARK 0.6 ESE, IL US","2020-03-15",,,,,,
"US1ILCK0232","ROGERS PARK 0.6 ESE, IL US","2020-03-16",,,,,,
"US1ILCK0232","ROGERS PARK 0.6 ESE, IL US","2020-03-17",,,,,,
"US1ILCK0232","ROGERS PARK 0.6 ESE, IL US","2020-03-18",,,,,,
"US1ILCK0232","ROGERS PARK 0.6 ESE, IL US","2020-03-19",,,,,,
"US1ILCK0232","ROGERS PARK 0.6 ESE, IL US","2020-03-20",,,,,,
"US1ILCK0232","ROGERS PARK 0.6 ESE, IL US","2020-03-21",,,,,,
"US1ILCK0232","ROGERS PARK 0.6 ESE, IL US","2020-03-22",,,,,,
"US1ILCK0232","ROGERS PARK 0.6 ESE, IL US","2020-03-23",,,,,,
"US1ILCK0232","ROGERS PARK 0.6 ESE, IL US","2020-03-24",,,,,,
"US1ILCK0232","ROGERS PARK 0.6 ESE, IL US","2020-03-25",,,,,,
"US1ILCK0232","ROGERS PARK 0.6 ESE, IL US","2020-03-26",,,,,,
"US1ILCK0232","ROGERS PARK 0.6 ESE, IL US","2020-03-27",,,,,,
"US1ILCK0232","ROGERS PARK 0.6 ESE, IL US","2020-03-28",,,,,,
"US1ILCK0232","ROGERS PARK 0.6 ESE, IL US","2020-03-29",,,,,,
"US1ILCK0232","ROGERS PARK 0.6 ESE, IL US","2020-03-30",,,,,,
"US1ILCK0232","ROGERS PARK 0.6 ESE, IL US","2020-03-31",,,,,,
"US1ILCK0232","ROGERS PARK 0.6 ESE, IL US","2020-04-01",,,,,,
"US1ILCK0232","ROGERS PARK 0.6 ESE, IL US","2020-04-02",,,,,,
"US1ILCK0232","ROGERS PARK 0.6 ESE, IL US","2020-04-03",,,,,,
"US1ILCK0232","ROGERS PARK 0.6 ESE, IL US","2020-04-04",,,,,,
"US1ILCK0232","ROGERS PARK 0.6 ESE, IL US","2020-04-05",,,,,,
"US1ILCK0232","ROGERS PARK 0.6 ESE, IL US","2020-04-06",,,,,,
"US1ILCK0232","ROGERS PARK 0.6 ESE, IL US","2020-04-07",,,,,,
"US1ILCK0232","ROGERS PARK 0.6 ESE, IL US","2020-04-08",,,,,,
"US1ILCK0232","ROGERS PARK 0.6 ESE, IL US","2020-04-09",,,,,,
"US1ILCK0232","ROGERS PARK 0.6 ESE, IL US","2020-04-10",,,,,,
"US1ILCK0232","ROGERS PARK 0.6 ESE, IL US","2020-04-11",,,,,,
"US1ILCK0232","ROGERS PARK 0.6 ESE, IL US","2020-04-12",,,,,,
"US1ILCK0232","ROGERS PARK 0.6 ESE, IL US","2020-04-13",,,,,,
"US1ILCK0232","ROGERS PARK 0.6 ESE, IL US","2020-04-14",,,,,,
"US1ILCK0232","ROGERS PARK 0.6 ESE, IL US","2020-04-15",,,,,,
"US1ILCK0232","ROGERS PARK 0.6 ESE, IL US","2020-04-16",,,,,,
"US1ILCK0232","ROGERS PARK 0.6 ESE, IL US","2020-04-17",,,,,,
"US1ILCK0232","ROGERS PARK 0.6 ESE, IL US","2020-04-18",,,,,,
"US1ILCK0232","ROGERS PARK 0.6 ESE, IL US","2020-04-19",,,,,,
"US1ILCK0232","ROGERS PARK 0.6 ESE, IL US","2020-04-20",,,,,,
"US1ILCK0232","ROGERS PARK 0.6 ESE, IL US","2020-04-21",,,,,,
"US1ILCK0232","ROGERS PARK 0.6 ESE, IL US","2020-04-22",,,,,,
"US1ILCK0232","ROGERS PARK 0.6 ESE, IL US","2020-04-23",,,,,,
"US1ILCK0232","ROGERS PARK 0.6 ESE, IL US","2020-04-24",,,,,,
"US1ILCK0232","ROGERS PARK 0.6 ESE, IL US","2020-04-25",,,,,,
"US1ILCK0232","ROGERS PARK 0.6 ESE, IL US","2020-04-26",,,,,,
"US1ILCK0232","ROGERS PARK 0.6 ESE, IL US","2020-04-27",,,,,,
"US1ILCK0232","ROGERS PARK 0.6 ESE, IL US","2020-04-28",,,,,,
"US1ILCK0232","ROGERS PARK 0.6 ESE, IL US","2020-04-29",,,,,,
"US1ILCK0232","ROGERS PARK 0.6 ESE, IL US","2020-04-30",,,,,,
"US1ILCK0232","ROGERS PARK 0.6 ESE, IL US","2020-05-01",,,,,,
"US1ILCK0232","ROGERS PARK 0.6 ESE, IL US","2020-05-02",,,,,,
"US1ILCK0232","ROGERS PARK 0.6 ESE, IL US","2020-05-03",,,,,,
"US1ILCK0232","ROGERS PARK 0.6 ESE, IL US","2020-05-04",,,,,,
"US1ILCK0232","ROGERS PARK 0.6 ESE, IL US","2020-05-05",,,,,,
"US1ILCK0232","ROGERS PARK 0.6 ESE, IL US","2020-05-06",,,,,,
"US1ILCK0232","ROGERS PARK 0.6 ESE, IL US","2020-05-07",,,,,,
"US1ILCK0232","ROGERS PARK 0.6 ESE, IL US","2020-05-08",,,,,,
"US1ILCK0232","ROGERS PARK 0.6 ESE, IL US","2020-05-09",,,,,,
"US1ILCK0232","ROGERS PARK 0.6 ESE, IL US","2020-05-10",,,,,,
"US1ILCK0232","ROGERS PARK 0.6 ESE, IL US","2020-05-11",,,,,,
"US1ILCK0232","ROGERS PARK 0.6 ESE, IL US","2020-05-12",,,,,,
"US1ILCK0232","ROGERS PARK 0.6 ESE, IL US","2020-05-13",,,,,,
"US1ILCK0232","ROGERS PARK 0.6 ESE, IL US","2020-05-14",,,,,,
"US1ILCK0232","ROGERS PARK 0.6 ESE, IL US","2020-05-15",,,,,,
"US1ILCK0232","ROGERS PARK 0.6 ESE, IL US","2020-05-16",,,,,,
"US1ILCK0232","ROGERS PARK 0.6 ESE, IL US","2020-05-17",,,,,,
"US1ILCK0232","ROGERS PARK 0.6 ESE, IL US","2020-05-18",,,,,,
"US1ILCK0232","ROGERS PARK 0.6 ESE, IL US","2020-05-19",,,,,,
"US1ILCK0232","ROGERS PARK 0.6 ESE, IL US","2020-05-20",,,,,,
"US1ILCK0232","ROGERS PARK 0.6 ESE, IL US","2020-05-21",,,,,,
"US1ILCK0232","ROGERS PARK 0.6 ESE, IL US","2020-05-22",,,,,,
"US1ILCK0232","ROGERS PARK 0.6 ESE, IL US","2020-05-23",,,,,,
"US1ILCK0232","ROGERS PARK 0.6 ESE, IL US","2020-05-24",,,,,,
"US1ILCK0232","ROGERS PARK 0.6 ESE, IL US","2020-05-25",,,,,,
"US1ILCK0232","ROGERS PARK 0.6 ESE, IL US","2020-05-26",,,,,,
"US1ILCK0232","ROGERS PARK 0.6 ESE, IL US","2020-05-27",,,,,,
"US1ILCK0232","ROGERS PARK 0.6 ESE, IL US","2020-05-28",,,,,,
"US1ILCK0232","ROGERS PARK 0.6 ESE, IL US","2020-05-29",,,,,,
"US1ILCK0232","ROGERS PARK 0.6 ESE, IL US","2020-05-30",,,,,,
"US1ILCK0232","ROGERS PARK 0.6 ESE, IL US","2020-05-31",,,,,,
"US1ILCK0232","ROGERS PARK 0.6 ESE, IL US","2020-06-01",,,,,,
"US1ILCK0232","ROGERS PARK 0.6 ESE, IL US","2020-06-02",,,,,,
"US1ILCK0232","ROGERS PARK 0.6 ESE, IL US","2020-06-03",,,,,,
"US1ILCK0232","ROGERS PARK 0.6 ESE, IL US","2020-06-04",,,,,,
"US1ILCK0232","ROGERS PARK 0.6 ESE, IL US","2020-06-05",,,,,,
"US1ILCK0232","ROGERS PARK 0.6 ESE, IL US","2020-06-06",,,,,,
"US1ILCK0232","ROGERS PARK 0.6 ESE, IL US","2020-06-07",,,,,,
"US1ILCK0232","ROGERS PARK 0.6 ESE, IL US","2020-06-08",,,,,,
"US1ILCK0232","ROGERS PARK 0.6 ESE, IL US","2020-06-09",,,,,,
"US1ILCK0232","ROGERS PARK 0.6 ESE, IL US","2020-06-10",,,,,,
"US1ILCK0232","ROGERS PARK 0.6 ESE, IL US","2020-06-11",,,,,,
"US1ILCK0232","ROGERS PARK 0.6 ESE, IL US","2020-06-12",,,,,,
"US1ILCK0232","ROGERS PARK 0.6 ESE, IL US","2020-06-13",,,,,,
"US1ILCK0232","ROGERS PARK 0.6 ESE, IL US","2020-06-14",,,,,,
"US1ILCK0232","ROGERS PARK 0.6 ESE, IL US","2020-06-15",,,,,,
"US1ILCK0232","ROGERS PARK 0.6 ESE, IL US","2020-06-16",,,,,,
"US1ILCK0232","ROGERS PARK 0.6 ESE, IL US","2020-06-17",,,,,,
"US1ILCK0232","ROGERS PARK 0.6 ESE, IL US","2020-06-18",,,,,,
"US1ILCK0232","ROGERS PARK 0.6 ESE, IL US","2020-06-19",,,,,,
"US1ILCK0232","ROGERS PARK 0.6 ESE, IL US","2020-06-20",,,,,,
"US1ILCK0232","ROGERS PARK 0.6 ESE, IL US","2020-06-21",,,,,,
"US1ILCK0232","ROGERS PARK 0.6 ESE, IL US","2020-06-22",,,,,,
"US1ILCK0232","ROGERS PARK 0.6 ESE, IL US","2020-06-23",,,,,,
"US1ILCK0232","ROGERS PARK 0.6 ESE, IL US","2020-06-24",,,,,,
"US1ILCK0232","ROGERS PARK 0.6 ESE, IL US","2020-06-25",,,,,,
"US1ILCK0232","ROGERS PARK 0.6 ESE, IL US","2020-06-26",,,,,,
"US1ILCK0232","ROGERS PARK 0.6 ESE, IL US","2020-06-27",,,,,,
"US1ILCK0232","ROGERS PARK 0.6 ESE, IL US","2020-06-28",,,,,,
"US1ILCK0232","ROGERS PARK 0.6 ESE, IL US","2020-06-30",,,,,,
"US1ILCK0232","ROGERS PARK 0.6 ESE, IL US","2020-07-01",,,,,,
"US1ILCK0232","ROGERS PARK 0.6 ESE, IL US","2020-07-02",,,,,,
"US1ILCK0232","ROGERS PARK 0.6 ESE, IL US","2020-07-03",,,,,,
"US1ILCK0232","ROGERS PARK 0.6 ESE, IL US","2020-07-04",,,,,,
"US1ILCK0232","ROGERS PARK 0.6 ESE, IL US","2020-07-05",,,,,,
"US1ILCK0232","ROGERS PARK 0.6 ESE, IL US","2020-07-06",,,,,,
"US1ILCK0232","ROGERS PARK 0.6 ESE, IL US","2020-07-07",,,,,,
"US1ILCK0232","ROGERS PARK 0.6 ESE, IL US","2020-07-08",,,,,,
"US1ILCK0232","ROGERS PARK 0.6 ESE, IL US","2020-07-09",,,,,,
"US1ILCK0232","ROGERS PARK 0.6 ESE, IL US","2020-07-10",,,,,,
"US1ILCK0232","ROGERS PARK 0.6 ESE, IL US","2020-07-11",,,,,,
"US1ILCK0232","ROGERS PARK 0.6 ESE, IL US","2020-07-12",,,,,,
"US1ILCK0232","ROGERS PARK 0.6 ESE, IL US","2020-07-13",,,,,,
"US1ILCK0232","ROGERS PARK 0.6 ESE, IL US","2020-07-14",,,,,,
"US1ILCK0232","ROGERS PARK 0.6 ESE, IL US","2020-07-15",,,,,,
"US1ILCK0232","ROGERS PARK 0.6 ESE, IL US","2020-07-16",,,,,,
"US1ILCK0232","ROGERS PARK 0.6 ESE, IL US","2020-07-17",,,,,,
"US1ILCK0232","ROGERS PARK 0.6 ESE, IL US","2020-07-18",,,,,,
"US1ILCK0232","ROGERS PARK 0.6 ESE, IL US","2020-07-19",,,,,,
"US1ILCK0232","ROGERS PARK 0.6 ESE, IL US","2020-07-20",,,,,,
"US1ILCK0232","ROGERS PARK 0.6 ESE, IL US","2020-07-21",,,,,,
"US1ILCK0232","ROGERS PARK 0.6 ESE, IL US","2020-07-22",,,,,,
"US1ILCK0232","ROGERS PARK 0.6 ESE, IL US","2020-07-23",,,,,,
"US1ILCK0232","ROGERS PARK 0.6 ESE, IL US","2020-07-24",,,,,,
"US1ILCK0232","ROGERS PARK 0.6 ESE, IL US","2020-07-25",,,,,,
"US1ILCK0232","ROGERS PARK 0.6 ESE, IL US","2020-07-26",,,,,,
"US1ILCK0232","ROGERS PARK 0.6 ESE, IL US","2020-07-27",,,,,,
"US1ILCK0232","ROGERS PARK 0.6 ESE, IL US","2020-07-28",,,,,,
"US1ILCK0232","ROGERS PARK 0.6 ESE, IL US","2020-07-29",,,,,,
"US1ILCK0232","ROGERS PARK 0.6 ESE, IL US","2020-07-30",,,,,,
"US1ILCK0232","ROGERS PARK 0.6 ESE, IL US","2020-07-31",,,,,,
"US1ILCK0232","ROGERS PARK 0.6 ESE, IL US","2020-08-01",,,,,,
"US1ILCK0232","ROGERS PARK 0.6 ESE, IL US","2020-08-02",,,,,,
"US1ILCK0232","ROGERS PARK 0.6 ESE, IL US","2020-08-03",,,,,,
"US1ILCK0232","ROGERS PARK 0.6 ESE, IL US","2020-08-04",,,,,,
"US1ILCK0232","ROGERS PARK 0.6 ESE, IL US","2020-08-05",,,,,,
"US1ILCK0232","ROGERS PARK 0.6 ESE, IL US","2020-08-06",,,,,,
"US1ILCK0232","ROGERS PARK 0.6 ESE, IL US","2020-08-07",,,,,,
"US1ILCK0232","ROGERS PARK 0.6 ESE, IL US","2020-08-08",,,,,,
"US1ILCK0232","ROGERS PARK 0.6 ESE, IL US","2020-08-09",,,,,,
"US1ILCK0232","ROGERS PARK 0.6 ESE, IL US","2020-08-10",,,,,,
"US1ILCK0232","ROGERS PARK 0.6 ESE, IL US","2020-08-11",,,,,,
"US1ILCK0232","ROGERS PARK 0.6 ESE, IL US","2020-08-12",,,,,,
"US1ILCK0232","ROGERS PARK 0.6 ESE, IL US","2020-08-13",,,,,,
"US1ILCK0232","ROGERS PARK 0.6 ESE, IL US","2020-08-14",,,,,,
"US1ILCK0232","ROGERS PARK 0.6 ESE, IL US","2020-08-15",,,,,,
"US1ILCK0232","ROGERS PARK 0.6 ESE, IL US","2020-08-16",,,,,,
"US1ILCK0232","ROGERS PARK 0.6 ESE, IL US","2020-08-17",,,,,,
"US1ILCK0232","ROGERS PARK 0.6 ESE, IL US","2020-08-18",,,,,,
"US1ILCK0232","ROGERS PARK 0.6 ESE, IL US","2020-08-19",,,,,,
"US1ILCK0232","ROGERS PARK 0.6 ESE, IL US","2020-08-20",,,,,,
"US1ILCK0232","ROGERS PARK 0.6 ESE, IL US","2020-08-21",,,,,,
"US1ILCK0232","ROGERS PARK 0.6 ESE, IL US","2020-08-22",,,,,,
"US1ILCK0232","ROGERS PARK 0.6 ESE, IL US","2020-08-23",,,,,,
"US1ILCK0232","ROGERS PARK 0.6 ESE, IL US","2020-08-24",,,,,,
"US1ILCK0232","ROGERS PARK 0.6 ESE, IL US","2020-08-25",,,,,,
"US1ILCK0232","ROGERS PARK 0.6 ESE, IL US","2020-08-26",,,,,,
"US1ILCK0232","ROGERS PARK 0.6 ESE, IL US","2020-08-27",,,,,,
"US1ILCK0232","ROGERS PARK 0.6 ESE, IL US","2020-08-28",,,,,,
"US1ILCK0232","ROGERS PARK 0.6 ESE, IL US","2020-08-29",,,,,,
"US1ILCK0232","ROGERS PARK 0.6 ESE, IL US","2020-08-30",,,,,,
"US1ILCK0232","ROGERS PARK 0.6 ESE, IL US","2020-08-31",,,,,,
"US1ILCK0232","ROGERS PARK 0.6 ESE, IL US","2020-09-01",,,,,,
"US1ILCK0232","ROGERS PARK 0.6 ESE, IL US","2020-09-02",,,,,,
"US1ILCK0232","ROGERS PARK 0.6 ESE, IL US","2020-09-03",,,,,,
"US1ILCK0232","ROGERS PARK 0.6 ESE, IL US","2020-09-04",,,,,,
"US1ILCK0232","ROGERS PARK 0.6 ESE, IL US","2020-09-05",,,,,,
"US1ILCK0232","ROGERS PARK 0.6 ESE, IL US","2020-09-06",,,,,,
"US1ILCK0232","ROGERS PARK 0.6 ESE, IL US","2020-09-07",,,,,,
"US1ILCK0232","ROGERS PARK 0.6 ESE, IL US","2020-09-08",,,,,,
"US1ILDP0049","NAPERVILLE 2.5 ESE, IL US","2019-10-30",,,,,,
"US1ILDP0049","NAPERVILLE 2.5 ESE, IL US","2019-11-11",,,,,,
"US1ILDP0049","NAPERVILLE 2.5 ESE, IL US","2019-11-21",,,,,,
"US1ILDP0049","NAPERVILLE 2.5 ESE, IL US","2019-12-09",,,,,,
"US1ILDP0049","NAPERVILLE 2.5 ESE, IL US","2019-12-29",,,,,,
"US1ILDP0049","NAPERVILLE 2.5 ESE, IL US","2020-01-11",,,,,,
"US1ILDP0049","NAPERVILLE 2.5 ESE, IL US","2020-01-18",,,,,,
"US1ILDP0049","NAPERVILLE 2.5 ESE, IL US","2020-01-24",,,,,,
"US1ILDP0049","NAPERVILLE 2.5 ESE, IL US","2020-02-06",,,,,,
"US1ILDP0049","NAPERVILLE 2.5 ESE, IL US","2020-02-13",,,,,,
"US1ILDP0049","NAPERVILLE 2.5 ESE, IL US","2020-02-26",,,,,,
"US1ILDP0049","NAPERVILLE 2.5 ESE, IL US","2020-03-20",,,,,,
"US1ILDP0049","NAPERVILLE 2.5 ESE, IL US","2020-03-23",,,,,,
"US1ILDP0049","NAPERVILLE 2.5 ESE, IL US","2020-03-28",,,,,,
"US1ILDP0049","NAPERVILLE 2.5 ESE, IL US","2020-04-07",,,,,,
"US1ILDP0049","NAPERVILLE 2.5 ESE, IL US","2020-04-13",,,,,,
"US1ILDP0049","NAPERVILLE 2.5 ESE, IL US","2020-04-17",,,,,,
"US1ILDP0049","NAPERVILLE 2.5 ESE, IL US","2020-04-21",,,,,,
"US1ILDP0049","NAPERVILLE 2.5 ESE, IL US","2020-04-26",,,,,,
"US1ILDP0049","NAPERVILLE 2.5 ESE, IL US","2020-04-28",,,,,,
"US1ILDP0049","NAPERVILLE 2.5 ESE, IL US","2020-04-29",,,,,,
"US1ILDP0049","NAPERVILLE 2.5 ESE, IL US","2020-04-30",,,,,,
"US1ILDP0049","NAPERVILLE 2.5 ESE, IL US","2020-05-05",,,,,,
"US1ILDP0049","NAPERVILLE 2.5 ESE, IL US","2020-05-14",,,,,,
"US1ILDP0049","NAPERVILLE 2.5 ESE, IL US","2020-06-10",,,,,,
"US1ILDP0049","NAPERVILLE 2.5 ESE, IL US","2020-06-21",,,,,,
"US1ILDP0049","NAPERVILLE 2.5 ESE, IL US","2020-06-23",,,,,,
"US1ILDP0049","NAPERVILLE 2.5 ESE, IL US","2020-06-27",,,,,,
"US1ILDP0049","NAPERVILLE 2.5 ESE, IL US","2020-06-30",,,,,,
"US1ILDP0049","NAPERVILLE 2.5 ESE, IL US","2020-07-06",,,,,,
"US1ILDP0049","NAPERVILLE 2.5 ESE, IL US","2020-07-10",,,,,,
"US1ILDP0049","NAPERVILLE 2.5 ESE, IL US","2020-07-16",,,,,,
"US1ILDP0049","NAPERVILLE 2.5 ESE, IL US","2020-07-22",,,,,,
"US1ILDP0049","NAPERVILLE 2.5 ESE, IL US","2020-07-27",,,,,,
"US1ILDP0049","NAPERVILLE 2.5 ESE, IL US","2020-08-02",,,,,,
"US1ILDP0049","NAPERVILLE 2.5 ESE, IL US","2020-08-03",,,,,,
"US1ILDP0049","NAPERVILLE 2.5 ESE, IL US","2020-08-04",,,,,,
"US1ILDP0049","NAPERVILLE 2.5 ESE, IL US","2020-08-11",,,,,,
"US1ILDP0049","NAPERVILLE 2.5 ESE, IL US","2020-08-16",,,,,,
"US1ILWL0121","MONEE 4.9 W, IL US","2019-10-01",,,,,,
"US1ILWL0121","MONEE 4.9 W, IL US","2019-10-02",,,,,,
"US1ILWL0121","MONEE 4.9 W, IL US","2019-10-03",,,,,,
"US1ILWL0121","MONEE 4.9 W, IL US","2019-10-04",,,,,,
"US1ILWL0121","MONEE 4.9 W, IL US","2019-10-05",,,,,,
"US1ILWL0121","MONEE 4.9 W, IL US","2019-10-06",,,,,,
"US1ILWL0121","MONEE 4.9 W, IL US","2019-10-07",,,,,,
"US1ILWL0121","MONEE 4.9 W, IL US","2019-10-08",,,,,,
"US1ILWL0121","MONEE 4.9 W, IL US","2019-10-09",,,,,,
"US1ILWL0121","MONEE 4.9 W, IL US","2019-10-10",,,,,,
"US1ILWL0121","MONEE 4.9 W, IL US","2019-10-11",,,,,,
"US1ILWL0121","MONEE 4.9 W, IL US","2019-10-12",,,,,,
"US1ILWL0121","MONEE 4.9 W, IL US","2019-10-13",,,,,,
"US1ILWL0121","MONEE 4.9 W, IL US","2019-10-14",,,,,,
"US1ILWL0121","MONEE 4.9 W, IL US","2019-10-15",,,,,,
"US1ILWL0121","MONEE 4.9 W, IL US","2019-10-16",,,,,,
"US1ILWL0121","MONEE 4.9 W, IL US","2019-10-17",,,,,,
"US1ILWL0121","MONEE 4.9 W, IL US","2019-10-18",,,,,,
"US1ILWL0121","MONEE 4.9 W, IL US","2019-10-19",,,,,,
"US1ILWL0121","MONEE 4.9 W, IL US","2019-10-20",,,,,,
"US1ILWL0121","MONEE 4.9 W, IL US","2019-10-21",,,,,,
"US1ILWL0121","MONEE 4.9 W, IL US","2019-10-22",,,,,,
"US1ILWL0121","MONEE 4.9 W, IL US","2019-10-23",,,,,,
"US1ILWL0121","MONEE 4.9 W, IL US","2019-10-24",,,,,,
"US1ILWL0121","MONEE 4.9 W, IL US","2019-10-25",,,,,,
"US1ILWL0121","MONEE 4.9 W, IL US","2019-10-26",,,,,,
"US1ILWL0121","MONEE 4.9 W, IL US","2019-10-27",,,,,,
"US1ILWL0121","MONEE 4.9 W, IL US","2019-10-28",,,,,,
"US1ILWL0121","MONEE 4.9 W, IL US","2019-10-29",,,,,,
"US1ILWL0121","MONEE 4.9 W, IL US","2019-10-30",,,,,,
"US1ILWL0121","MONEE 4.9 W, IL US","2019-10-31",,,,,,
"US1ILWL0121","MONEE 4.9 W, IL US","2019-11-01",,,,,,
"US1ILWL0121","MONEE 4.9 W, IL US","2019-11-02",,,,,,
"US1ILWL0121","MONEE 4.9 W, IL US","2019-11-03",,,,,,
"US1ILWL0121","MONEE 4.9 W, IL US","2019-11-04",,,,,,
"US1ILWL0121","MONEE 4.9 W, IL US","2019-11-05",,,,,,
"US1ILWL0121","MONEE 4.9 W, IL US","2019-11-06",,,,,,
"US1ILWL0121","MONEE 4.9 W, IL US","2019-11-07",,,,,,
"US1ILWL0121","MONEE 4.9 W, IL US","2019-11-08",,,,,,
"US1ILWL0121","MONEE 4.9 W, IL US","2019-11-09",,,,,,
"US1ILWL0121","MONEE 4.9 W, IL US","2019-11-10",,,,,,
"US1ILWL0121","MONEE 4.9 W, IL US","2019-11-11",,,,,,
"US1ILWL0121","MONEE 4.9 W, IL US","2019-11-12",,,,,,
"US1ILWL0121","MONEE 4.9 W, IL US","2019-11-13",,,,,,
"US1ILWL0121","MONEE 4.9 W, IL US","2019-11-14",,,,,,
"US1ILWL0121","MONEE 4.9 W, IL US","2019-11-15",,,,,,
"US1ILWL0121","MONEE 4.9 W, IL US","2019-11-16",,,,,,
"US1ILWL0121","MONEE 4.9 W, IL US","2019-11-17",,,,,,
"US1ILWL0121","MONEE 4.9 W, IL US","2019-11-18",,,,,,
"US1ILWL0121","MONEE 4.9 W, IL US","2019-11-20",,,,,,
"US1ILWL0121","MONEE 4.9 W, IL US","2019-11-21",,,,,,
"US1ILWL0121","MONEE 4.9 W, IL US","2019-11-22",,,,,,
"US1ILWL0121","MONEE 4.9 W, IL US","2019-11-23",,,,,,
"US1ILWL0121","MONEE 4.9 W, IL US","2019-11-24",,,,,,
"US1ILWL0121","MONEE 4.9 W, IL US","2019-11-25",,,,,,
"US1ILWL0121","MONEE 4.9 W, IL US","2019-11-26",,,,,,
"US1ILWL0121","MONEE 4.9 W, IL US","2019-11-27",,,,,,
"US1ILWL0121","MONEE 4.9 W, IL US","2019-11-28",,,,,,
"US1ILWL0121","MONEE 4.9 W, IL US","2019-11-29",,,,,,
"US1ILWL0121","MONEE 4.9 W, IL US","2019-11-30",,,,,,
"US1ILWL0121","MONEE 4.9 W, IL US","2019-12-01",,,,,,
"US1ILWL0121","MONEE 4.9 W, IL US","2019-12-02",,,,,,
"US1ILWL0121","MONEE 4.9 W, IL US","2019-12-03",,,,,,
"US1ILWL0121","MONEE 4.9 W, IL US","2019-12-04",,,,,,
"US1ILWL0121","MONEE 4.9 W, IL US","2019-12-05",,,,,,
"US1ILWL0121","MONEE 4.9 W, IL US","2019-12-06",,,,,,
"US1ILWL0121","MONEE 4.9 W, IL US","2019-12-07",,,,,,
"US1ILWL0121","MONEE 4.9 W, IL US","2019-12-08",,,,,,
"US1ILWL0121","MONEE 4.9 W, IL US","2019-12-09",,,,,,
"US1ILWL0121","MONEE 4.9 W, IL US","2019-12-10",,,,,,
"US1ILWL0121","MONEE 4.9 W, IL US","2019-12-11",,,,,,
"US1ILWL0121","MONEE 4.9 W, IL US","2019-12-12",,,,,,
"US1ILWL0121","MONEE 4.9 W, IL US","2019-12-13",,,,,,
"US1ILWL0121","MONEE 4.9 W, IL US","2019-12-14",,,,,,
"US1ILWL0121","MONEE 4.9 W, IL US","2019-12-15",,,,,,
"US1ILWL0121","MONEE 4.9 W, IL US","2019-12-16",,,,,,
"US1ILWL0121","MONEE 4.9 W, IL US","2019-12-17",,,,,,
"US1ILWL0121","MONEE 4.9 W, IL US","2019-12-18",,,,,,
"US1ILWL0121","MONEE 4.9 W, IL US","2019-12-19",,,,,,
"US1ILWL0121","MONEE 4.9 W, IL US","2019-12-20",,,,,,
"US1ILWL0121","MONEE 4.9 W, IL US","2019-12-21",,,,,,
"US1ILWL0121","MONEE 4.9 W, IL US","2019-12-22",,,,,,
"US1ILWL0121","MONEE 4.9 W, IL US","2019-12-23",,,,,,
"US1ILWL0121","MONEE 4.9 W, IL US","2019-12-24",,,,,,
"US1ILWL0121","MONEE 4.9 W, IL US","2019-12-25",,,,,,
"US1ILWL0121","MONEE 4.9 W, IL US","2019-12-26",,,,,,
"US1ILWL0121","MONEE 4.9 W, IL US","2019-12-27",,,,,,
"US1ILWL0121","MONEE 4.9 W, IL US","2019-12-28",,,,,,
"US1ILWL0121","MONEE 4.9 W, IL US","2019-12-29",,,,,,
"US1ILWL0121","MONEE 4.9 W, IL US","2019-12-30",,,,,,
"US1ILWL0121","MONEE 4.9 W, IL US","2019-12-31",,,,,,
"US1ILWL0121","MONEE 4.9 W, IL US","2020-01-01",,,,,,
"US1ILWL0121","MONEE 4.9 W, IL US","2020-01-02",,,,,,
"US1ILWL0121","MONEE 4.9 W, IL US","2020-01-03",,,,,,
"US1ILWL0121","MONEE 4.9 W, IL US","2020-01-04",,,,,,
"US1ILWL0121","MONEE 4.9 W, IL US","2020-01-05",,,,,,
"US1ILWL0121","MONEE 4.9 W, IL US","2020-01-06",,,,,,
"US1ILWL0121","MONEE 4.9 W, IL US","2020-01-07",,,,,,
"US1ILWL0121","MONEE 4.9 W, IL US","2020-01-08",,,,,,
"US1ILWL0121","MONEE 4.9 W, IL US","2020-01-09",,,,,,
"US1ILWL0121","MONEE 4.9 W, IL US","2020-01-10",,,,,,
"US1ILWL0121","MONEE 4.9 W, IL US","2020-01-11",,,,,,
"US1ILWL0121","MONEE 4.9 W, IL US","2020-01-12",,,,,,
"US1ILWL0121","MONEE 4.9 W, IL US","2020-01-13",,,,,,
"US1ILWL0121","MONEE 4.9 W, IL US","2020-01-14",,,,,,
"US1ILWL0121","MONEE 4.9 W, IL US","2020-01-15",,,,,,
"US1ILWL0121","MONEE 4.9 W, IL US","2020-01-16",,,,,,
"US1ILWL0121","MONEE 4.9 W, IL US","2020-01-17",,,,,,
"US1ILWL0121","MONEE 4.9 W, IL US","2020-01-18",,,,,,
"US1ILWL0121","MONEE 4.9 W, IL US","2020-01-19",,,,,,
"US1ILWL0121","MONEE 4.9 W, IL US","2020-01-20",,,,,,
"US1ILWL0121","MONEE 4.9 W, IL US","2020-01-21",,,,,,
"US1ILWL0121","MONEE 4.9 W, IL US","2020-01-22",,,,,,
"US1ILWL0121","MONEE 4.9 W, IL US","2020-01-23",,,,,,
"US1ILWL0121","MONEE 4.9 W, IL US","2020-01-24",,,,,,
"US1ILWL0121","MONEE 4.9 W, IL US","2020-01-25",,,,,,
"US1ILWL0121","MONEE 4.9 W, IL US","2020-01-26",,,,,,
"US1ILWL0121","MONEE 4.9 W, IL US","2020-01-27",,,,,,
"US1ILWL0121","MONEE 4.9 W, IL US","2020-01-28",,,,,,
"US1ILWL0121","MONEE 4.9 W, IL US","2020-01-29",,,,,,
"US1ILWL0121","MONEE 4.9 W, IL US","2020-01-30",,,,,,
"US1ILWL0121","MONEE 4.9 W, IL US","2020-01-31",,,,,,
"US1ILWL0121","MONEE 4.9 W, IL US","2020-02-01",,,,,,
"US1ILWL0121","MONEE 4.9 W, IL US","2020-02-02",,,,,,
"US1ILWL0121","MONEE 4.9 W, IL US","2020-02-03",,,,,,
"US1ILWL0121","MONEE 4.9 W, IL US","2020-02-04",,,,,,
"US1ILWL0121","MONEE 4.9 W, IL US","2020-02-05",,,,,,
"US1ILWL0121","MONEE 4.9 W, IL US","2020-02-06",,,,,,
"US1ILWL0121","MONEE 4.9 W, IL US","2020-02-07",,,,,,
"US1ILWL0121","MONEE 4.9 W, IL US","2020-02-08",,,,,,
"US1ILWL0121","MONEE 4.9 W, IL US","2020-02-09",,,,,,
"US1ILWL0121","MONEE 4.9 W, IL US","2020-02-10",,,,,,
"US1ILWL0121","MONEE 4.9 W, IL US","2020-02-11",,,,,,
"US1ILWL0121","MONEE 4.9 W, IL US","2020-02-12",,,,,,
"US1ILWL0121","MONEE 4.9 W, IL US","2020-02-13",,,,,,
"US1ILWL0121","MONEE 4.9 W, IL US","2020-02-14",,,,,,
"US1ILWL0121","MONEE 4.9 W, IL US","2020-02-15",,,,,,
"US1ILWL0121","MONEE 4.9 W, IL US","2020-02-16",,,,,,
"US1ILWL0121","MONEE 4.9 W, IL US","2020-02-17",,,,,,
"US1ILWL0121","MONEE 4.9 W, IL US","2020-02-18",,,,,,
"US1ILWL0121","MONEE 4.9 W, IL US","2020-02-19",,,,,,
"US1ILWL0121","MONEE 4.9 W, IL US","2020-02-20",,,,,,
"US1ILWL0121","MONEE 4.9 W, IL US","2020-02-21",,,,,,
"US1ILWL0121","MONEE 4.9 W, IL US","2020-02-22",,,,,,
"US1ILWL0121","MONEE 4.9 W, IL US","2020-02-23",,,,,,
"US1ILWL0121","MONEE 4.9 W, IL US","2020-02-24",,,,,,
"US1ILWL0121","MONEE 4.9 W, IL US","2020-02-25",,,,,,
"US1ILWL0121","MONEE 4.9 W, IL US","2020-02-26",,,,,,
"US1ILWL0121","MONEE 4.9 W, IL US","2020-02-27",,,,,,
"US1ILWL0121","MONEE 4.9 W, IL US","2020-02-28",,,,,,
"US1ILWL0121","MONEE 4.9 W, IL US","2020-02-29",,,,,,
"US1ILWL0121","MONEE 4.9 W, IL US","2020-03-01",,,,,,
"US1ILWL0121","MONEE 4.9 W, IL US","2020-03-02",,,,,,
"US1ILWL0121","MONEE 4.9 W, IL US","2020-03-03",,,,,,
"US1ILWL0121","MONEE 4.9 W, IL US","2020-03-04",,,,,,
"US1ILWL0121","MONEE 4.9 W, IL US","2020-03-05",,,,,,
"US1ILWL0121","MONEE 4.9 W, IL US","2020-03-06",,,,,,
"US1ILWL0121","MONEE 4.9 W, IL US","2020-03-07",,,,,,
"US1ILWL0121","MONEE 4.9 W, IL US","2020-03-08",,,,,,
"US1ILWL0121","MONEE 4.9 W, IL US","2020-03-09",,,,,,
"US1ILWL0121","MONEE 4.9 W, IL US","2020-03-10",,,,,,
"US1ILWL0121","MONEE 4.9 W, IL US","2020-03-11",,,,,,
"US1ILWL0121","MONEE 4.9 W, IL US","2020-03-12",,,,,,
"US1ILWL0121","MONEE 4.9 W, IL US","2020-03-13",,,,,,
"US1ILWL0121","MONEE 4.9 W, IL US","2020-03-14",,,,,,
"US1ILWL0121","MONEE 4.9 W, IL US","2020-03-15",,,,,,
"US1ILWL0121","MONEE 4.9 W, IL US","2020-03-16",,,,,,
"US1ILWL0121","MONEE 4.9 W, IL US","2020-03-17",,,,,,
"US1ILWL0121","MONEE 4.9 W, IL US","2020-03-18",,,,,,
"US1ILWL0121","MONEE 4.9 W, IL US","2020-03-19",,,,,,
"US1ILWL0121","MONEE 4.9 W, IL US","2020-03-20",,,,,,
"US1ILWL0121","MONEE 4.9 W, IL US","2020-03-21",,,,,,
"US1ILWL0121","MONEE 4.9 W, IL US","2020-03-22",,,,,,
"US1ILWL0121","MONEE 4.9 W, IL US","2020-03-23",,,,,,
"US1ILWL0121","MONEE 4.9 W, IL US","2020-03-24",,,,,,
"US1ILWL0121","MONEE 4.9 W, IL US","2020-03-25",,,,,,
"US1ILWL0121","MONEE 4.9 W, IL US","2020-03-26",,,,,,
"US1ILWL0121","MONEE 4.9 W, IL US","2020-03-27",,,,,,
"US1ILWL0121","MONEE 4.9 W, IL US","2020-03-28",,,,,,
"US1ILWL0121","MONEE 4.9 W, IL US","2020-03-29",,,,,,
"US1ILWL0121","MONEE 4.9 W, IL US","2020-03-30",,,,,,
"US1ILWL0121","MONEE 4.9 W, IL US","2020-03-31",,,,,,
"US1ILWL0121","MONEE 4.9 W, IL US","2020-04-01",,,,,,
"US1ILWL0121","MONEE 4.9 W, IL US","2020-04-03",,,,,,
"US1ILWL0121","MONEE 4.9 W, IL US","2020-04-04",,,,,,
"US1ILWL0121","MONEE 4.9 W, IL US","2020-04-05",,,,,,
"US1ILWL0121","MONEE 4.9 W, IL US","2020-04-06",,,,,,
"US1ILWL0121","MONEE 4.9 W, IL US","2020-04-07",,,,,,
"US1ILWL0121","MONEE 4.9 W, IL US","2020-04-08",,,,,,
"US1ILWL0121","MONEE 4.9 W, IL US","2020-04-09",,,,,,
"US1ILWL0121","MONEE 4.9 W, IL US","2020-04-10",,,,,,
"US1ILWL0121","MONEE 4.9 W, IL US","2020-04-11",,,,,,
"US1ILWL0121","MONEE 4.9 W, IL US","2020-04-12",,,,,,
"US1ILWL0121","MONEE 4.9 W, IL US","2020-04-13",,,,,,
"US1ILWL0121","MONEE 4.9 W, IL US","2020-04-14",,,,,,
"US1ILWL0121","MONEE 4.9 W, IL US","2020-04-15",,,,,,
"US1ILWL0121","MONEE 4.9 W, IL US","2020-04-16",,,,,,
"US1ILWL0121","MONEE 4.9 W, IL US","2020-04-17",,,,,,
"US1ILWL0121","MONEE 4.9 W, IL US","2020-04-18",,,,,,
"US1ILWL0121","MONEE 4.9 W, IL US","2020-04-19",,,,,,
"US1ILWL0121","MONEE 4.9 W, IL US","2020-04-20",,,,,,
"US1ILWL0121","MONEE 4.9 W, IL US","2020-04-21",,,,,,
"US1ILWL0121","MONEE 4.9 W, IL US","2020-04-22",,,,,,
"US1ILWL0121","MONEE 4.9 W, IL US","2020-04-23",,,,,,
"US1ILWL0121","MONEE 4.9 W, IL US","2020-04-24",,,,,,
"US1ILWL0121","MONEE 4.9 W, IL US","2020-04-25",,,,,,
"US1ILWL0121","MONEE 4.9 W, IL US","2020-04-26",,,,,,
"US1ILWL0121","MONEE 4.9 W, IL US","2020-04-27",,,,,,
"US1ILWL0121","MONEE 4.9 W, IL US","2020-04-28",,,,,,
"US1ILWL0121","MONEE 4.9 W, IL US","2020-04-29",,,,,,
"US1ILWL0121","MONEE 4.9 W, IL US","2020-04-30",,,,,,
"US1ILWL0121","MONEE 4.9 W, IL US","2020-05-01",,,,,,
"US1ILWL0121","MONEE 4.9 W, IL US","2020-05-02",,,,,,
"US1ILWL0121","MONEE 4.9 W, IL US","2020-05-03",,,,,,
"US1ILWL0121","MONEE 4.9 W, IL US","2020-05-04",,,,,,
"US1ILWL0121","MONEE 4.9 W, IL US","2020-05-05",,,,,,
"US1ILWL0121","MONEE 4.9 W, IL US","2020-05-06",,,,,,
"US1ILWL0121","MONEE 4.9 W, IL US","2020-05-07",,,,,,
"US1ILWL0121","MONEE 4.9 W, IL US","2020-05-08",,,,,,
"US1ILWL0121","MONEE 4.9 W, IL US","2020-05-10",,,,,,
"US1ILWL0121","MONEE 4.9 W, IL US","2020-05-11",,,,,,
"US1ILWL0121","MONEE 4.9 W, IL US","2020-05-12",,,,,,
"US1ILWL0121","MONEE 4.9 W, IL US","2020-05-13",,,,,,
"US1ILWL0121","MONEE 4.9 W, IL US","2020-05-14",,,,,,
"US1ILWL0121","MONEE 4.9 W, IL US","2020-05-15",,,,,,
"US1ILWL0121","MONEE 4.9 W, IL US","2020-05-16",,,,,,
"US1ILWL0121","MONEE 4.9 W, IL US","2020-05-17",,,,,,
"US1ILWL0121","MONEE 4.9 W, IL US","2020-05-18",,,,,,
"US1ILWL0121","MONEE 4.9 W, IL US","2020-05-19",,,,,,
"US1ILWL0121","MONEE 4.9 W, IL US","2020-05-20",,,,,,
"US1ILWL0121","MONEE 4.9 W, IL US","2020-05-21",,,,,,
"US1ILWL0121","MONEE 4.9 W, IL US","2020-05-22",,,,,,
"US1ILWL0121","MONEE 4.9 W, IL US","2020-05-23",,,,,,
"US1ILWL0121","MONEE 4.9 W, IL US","2020-05-24",,,,,,
"US1ILWL0121","MONEE 4.9 W, IL US","2020-05-25",,,,,,
"US1ILWL0121","MONEE 4.9 W, IL US","2020-05-26",,,,,,
"US1ILWL0121","MONEE 4.9 W, IL US","2020-05-27",,,,,,
"US1ILWL0121","MONEE 4.9 W, IL US","2020-05-28",,,,,,
"US1ILWL0121","MONEE 4.9 W, IL US","2020-05-29",,,,,,
"US1ILWL0121","MONEE 4.9 W, IL US","2020-05-30",,,,,,
"US1ILWL0121","MONEE 4.9 W, IL US","2020-05-31",,,,,,
"US1ILWL0121","MONEE 4.9 W, IL US","2020-06-01",,,,,,
"US1ILWL0121","MONEE 4.9 W, IL US","2020-06-02",,,,,,
"US1ILWL0121","MONEE 4.9 W, IL US","2020-06-03",,,,,,
"US1ILWL0121","MONEE 4.9 W, IL US","2020-06-04",,,,,,
"US1ILWL0121","MONEE 4.9 W, IL US","2020-06-05",,,,,,
"US1ILWL0121","MONEE 4.9 W, IL US","2020-06-06",,,,,,
"US1ILWL0121","MONEE 4.9 W, IL US","2020-06-07",,,,,,
"US1ILWL0121","MONEE 4.9 W, IL US","2020-06-08",,,,,,
"US1ILWL0121","MONEE 4.9 W, IL US","2020-06-09",,,,,,
"US1ILWL0121","MONEE 4.9 W, IL US","2020-06-10",,,,,,
"US1ILWL0121","MONEE 4.9 W, IL US","2020-06-11",,,,,,
"US1ILWL0121","MONEE 4.9 W, IL US","2020-06-12",,,,,,
"US1ILWL0121","MONEE 4.9 W, IL US","2020-06-13",,,,,,
"US1ILWL0121","MONEE 4.9 W, IL US","2020-06-14",,,,,,
"US1ILWL0121","MONEE 4.9 W, IL US","2020-06-15",,,,,,
"US1ILWL0121","MONEE 4.9 W, IL US","2020-06-16",,,,,,
"US1ILWL0121","MONEE 4.9 W, IL US","2020-06-17",,,,,,
"US1ILWL0121","MONEE 4.9 W, IL US","2020-06-18",,,,,,
"US1ILWL0121","MONEE 4.9 W, IL US","2020-06-19",,,,,,
"US1ILWL0121","MONEE 4.9 W, IL US","2020-06-21",,,,,,
"US1ILWL0121","MONEE 4.9 W, IL US","2020-06-22",,,,,,
"US1ILWL0121","MONEE 4.9 W, IL US","2020-06-23",,,,,,
"US1ILWL0121","MONEE 4.9 W, IL US","2020-06-24",,,,,,
"US1ILWL0121","MONEE 4.9 W, IL US","2020-06-25",,,,,,
"US1ILWL0121","MONEE 4.9 W, IL US","2020-06-26",,,,,,
"US1ILWL0121","MONEE 4.9 W, IL US","2020-06-27",,,,,,
"US1ILWL0121","MONEE 4.9 W, IL US","2020-06-28",,,,,,
"US1ILWL0121","MONEE 4.9 W, IL US","2020-06-29",,,,,,
"US1ILWL0121","MONEE 4.9 W, IL US","2020-06-30",,,,,,
"US1ILWL0121","MONEE 4.9 W, IL US","2020-07-01",,,,,,
"US1ILWL0121","MONEE 4.9 W, IL US","2020-07-02",,,,,,
"US1ILWL0121","MONEE 4.9 W, IL US","2020-07-03",,,,,,
"US1ILWL0121","MONEE 4.9 W, IL US","2020-07-04",,,,,,
"US1ILWL0121","MONEE 4.9 W, IL US","2020-07-05",,,,,,
"US1ILWL0121","MONEE 4.9 W, IL US","2020-07-06",,,,,,
"US1ILWL0121","MONEE 4.9 W, IL US","2020-07-07",,,,,,
"US1ILWL0121","MONEE 4.9 W, IL US","2020-07-08",,,,,,
"US1ILWL0121","MONEE 4.9 W, IL US","2020-07-09",,,,,,
"US1ILWL0121","MONEE 4.9 W, IL US","2020-07-10",,,,,,
"US1ILWL0121","MONEE 4.9 W, IL US","2020-07-11",,,,,,
"US1ILWL0121","MONEE 4.9 W, IL US","2020-07-12",,,,,,
"US1ILWL0121","MONEE 4.9 W, IL US","2020-07-13",,,,,,
"US1ILWL0121","MONEE 4.9 W, IL US","2020-07-14",,,,,,
"US1ILWL0121","MONEE 4.9 W, IL US","2020-07-15",,,,,,
"US1ILWL0121","MONEE 4.9 W, IL US","2020-07-16",,,,,,
"US1ILWL0121","MONEE 4.9 W, IL US","2020-07-17",,,,,,
"US1ILWL0121","MONEE 4.9 W, IL US","2020-07-18",,,,,,
"US1ILWL0121","MONEE 4.9 W, IL US","2020-07-19",,,,,,
"US1ILWL0121","MONEE 4.9 W, IL US","2020-07-20",,,,,,
"US1ILWL0121","MONEE 4.9 W, IL US","2020-07-21",,,,,,
"US1ILWL0121","MONEE 4.9 W, IL US","2020-07-22",,,,,,
"US1ILWL0121","MONEE 4.9 W, IL US","2020-07-23",,,,,,
"US1ILWL0121","MONEE 4.9 W, IL US","2020-07-24",,,,,,
"US1ILWL0121","MONEE 4.9 W, IL US","2020-07-25",,,,,,
"US1ILWL0121","MONEE 4.9 W, IL US","2020-07-26",,,,,,
"US1ILWL0121","MONEE 4.9 W, IL US","2020-07-27",,,,,,
"US1ILWL0121","MONEE 4.9 W, IL US","2020-07-28",,,,,,
"US1ILWL0121","MONEE 4.9 W, IL US","2020-07-29",,,,,,
"US1ILWL0121","MONEE 4.9 W, IL US","2020-07-30",,,,,,
"US1ILWL0121","MONEE 4.9 W, IL US","2020-07-31",,,,,,
"US1ILWL0121","MONEE 4.9 W, IL US","2020-08-01",,,,,,
"US1ILWL0121","MONEE 4.9 W, IL US","2020-08-02",,,,,,
"US1ILWL0121","MONEE 4.9 W, IL US","2020-08-03",,,,,,
"US1ILWL0121","MONEE 4.9 W, IL US","2020-08-04",,,,,,
"US1ILWL0121","MONEE 4.9 W, IL US","2020-08-05",,,,,,
"US1ILWL0121","MONEE 4.9 W, IL US","2020-08-06",,,,,,
"US1ILWL0121","MONEE 4.9 W, IL US","2020-08-07",,,,,,
"US1ILWL0121","MONEE 4.9 W, IL US","2020-08-08",,,,,,
"US1ILWL0121","MONEE 4.9 W, IL US","2020-08-09",,,,,,
"US1ILWL0121","MONEE 4.9 W, IL US","2020-08-10",,,,,,
"US1ILWL0121","MONEE 4.9 W, IL US","2020-08-11",,,,,,
"US1ILWL0121","MONEE 4.9 W, IL US","2020-08-12",,,,,,
"US1ILWL0121","MONEE 4.9 W, IL US","2020-08-13",,,,,,
"US1ILWL0121","MONEE 4.9 W, IL US","2020-08-14",,,,,,
"US1ILWL0121","MONEE 4.9 W, IL US","2020-08-15",,,,,,
"US1ILWL0121","MONEE 4.9 W, IL US","2020-08-16",,,,,,
"US1ILWL0121","MONEE 4.9 W, IL US","2020-08-17",,,,,,
"US1ILWL0121","MONEE 4.9 W, IL US","2020-08-18",,,,,,
"US1ILWL0121","MONEE 4.9 W, IL US","2020-08-19",,,,,,
"US1ILWL0121","MONEE 4.9 W, IL US","2020-08-20",,,,,,
"US1ILWL0121","MONEE 4.9 W, IL US","2020-08-21",,,,,,
"US1ILWL0121","MONEE 4.9 W, IL US","2020-08-22",,,,,,
"US1ILWL0121","MONEE 4.9 W, IL US","2020-08-23",,,,,,
"US1ILWL0121","MONEE 4.9 W, IL US","2020-08-24",,,,,,
"US1ILWL0121","MONEE 4.9 W, IL US","2020-08-25",,,,,,
"US1ILWL0121","MONEE 4.9 W, IL US","2020-08-26",,,,,,
"US1ILWL0121","MONEE 4.9 W, IL US","2020-08-27",,,,,,
"US1ILWL0121","MONEE 4.9 W, IL US","2020-08-28",,,,,,
"US1ILWL0121","MONEE 4.9 W, IL US","2020-08-29",,,,,,
"US1ILWL0121","MONEE 4.9 W, IL US","2020-08-30",,,,,,
"US1ILWL0121","MONEE 4.9 W, IL US","2020-08-31",,,,,,
"US1ILWL0121","MONEE 4.9 W, IL US","2020-09-01",,,,,,
"US1ILWL0121","MONEE 4.9 W, IL US","2020-09-02",,,,,,
"US1ILWL0121","MONEE 4.9 W, IL US","2020-09-03",,,,,,
"US1ILWL0121","MONEE 4.9 W, IL US","2020-09-04",,,,,,
"US1ILWL0121","MONEE 4.9 W, IL US","2020-09-05",,,,,,
"US1ILWL0121","MONEE 4.9 W, IL US","2020-09-06",,,,,,
"US1ILWL0121","MONEE 4.9 W, IL US","2020-09-07",,,,,,
"US1ILWL0121","MONEE 4.9 W, IL US","2020-09-08",,,,,,
"US1INLK0078","SCHERERVILLE 1.4 E, IN US","2019-10-01",,,,,,
"US1INLK0078","SCHERERVILLE 1.4 E, IN US","2019-10-02",,,,,,
"US1INLK0078","SCHERERVILLE 1.4 E, IN US","2019-10-03",,,,,,
"US1INLK0078","SCHERERVILLE 1.4 E, IN US","2019-10-04",,,,,,
"US1INLK0078","SCHERERVILLE 1.4 E, IN US","2019-10-05",,,,,,
"US1INLK0078","SCHERERVILLE 1.4 E, IN US","2019-10-06",,,,,,
"US1INLK0078","SCHERERVILLE 1.4 E, IN US","2019-10-07",,,,,,
"US1INLK0078","SCHERERVILLE 1.4 E, IN US","2019-10-08",,,,,,
"US1INLK0078","SCHERERVILLE 1.4 E, IN US","2019-10-09",,,,,,
"US1INLK0078","SCHERERVILLE 1.4 E, IN US","2019-10-10",,,,,,
"US1INLK0078","SCHERERVILLE 1.4 E, IN US","2019-10-11",,,,,,
"US1INLK0078","SCHERERVILLE 1.4 E, IN US","2019-10-12",,,,,,
"US1INLK0078","SCHERERVILLE 1.4 E, IN US","2019-10-13",,,,,,
"US1INLK0078","SCHERERVILLE 1.4 E, IN US","2019-10-14",,,,,,
"US1INLK0078","SCHERERVILLE 1.4 E, IN US","2019-10-15",,,,,,
"US1INLK0078","SCHERERVILLE 1.4 E, IN US","2019-10-16",,,,,,
"US1INLK0078","SCHERERVILLE 1.4 E, IN US","2019-10-17",,,,,,
"US1INLK0078","SCHERERVILLE 1.4 E, IN US","2019-10-18",,,,,,
"US1INLK0078","SCHERERVILLE 1.4 E, IN US","2019-10-19",,,,,,
"US1INLK0078","SCHERERVILLE 1.4 E, IN US","2019-10-20",,,,,,
"US1INLK0078","SCHERERVILLE 1.4 E, IN US","2019-10-22",,,,,,
"US1INLK0078","SCHERERVILLE 1.4 E, IN US","2019-10-23",,,,,,
"US1INLK0078","SCHERERVILLE 1.4 E, IN US","2019-10-24",,,,,,
"US1INLK0078","SCHERERVILLE 1.4 E, IN US","2019-10-25",,,,,,
"US1INLK0078","SCHERERVILLE 1.4 E, IN US","2019-10-26",,,,,,
"US1INLK0078","SCHERERVILLE 1.4 E, IN US","2019-10-27",,,,,,
"US1INLK0078","SCHERERVILLE 1.4 E, IN US","2019-10-28",,,,,,
"US1INLK0078","SCHERERVILLE 1.4 E, IN US","2019-10-30",,,,,,
"US1INLK0078","SCHERERVILLE 1.4 E, IN US","2019-11-03",,,,,,
"US1INLK0078","SCHERERVILLE 1.4 E, IN US","2019-11-04",,,,,,
"US1INLK0078","SCHERERVILLE 1.4 E, IN US","2019-11-05",,,,,,
"US1INLK0078","SCHERERVILLE 1.4 E, IN US","2019-11-06",,,,,,
"US1INLK0078","SCHERERVILLE 1.4 E, IN US","2019-11-07",,,,,,
"US1INLK0078","SCHERERVILLE 1.4 E, IN US","2019-11-08",,,,,,
"US1INLK0078","SCHERERVILLE 1.4 E, IN US","2019-11-09",,,,,,
"US1INLK0078","SCHERERVILLE 1.4 E, IN US","2019-11-10",,,,,,
"US1INLK0078","SCHERERVILLE 1.4 E, IN US","2019-11-13",,,,,,
"US1INLK0078","SCHERERVILLE 1.4 E, IN US","2019-11-14",,,,,,
"US1INLK0078","SCHERERVILLE 1.4 E, IN US","2019-11-15",,,,,,
"US1INLK0078","SCHERERVILLE 1.4 E, IN US","2019-11-16",,,,,,
"US1INLK0078","SCHERERVILLE 1.4 E, IN US","2019-11-17",,,,,,
"US1INLK0078","SCHERERVILLE 1.4 E, IN US","2019-11-18",,,,,,
"US1INLK0078","SCHERERVILLE 1.4 E, IN US","2019-11-19",,,,,,
"US1INLK0078","SCHERERVILLE 1.4 E, IN US","2019-11-20",,,,,,
"US1INLK0078","SCHERERVILLE 1.4 E, IN US","2019-11-26",,,,,,
"US1INLK0078","SCHERERVILLE 1.4 E, IN US","2019-12-03",,,,,,
"US1INLK0078","SCHERERVILLE 1.4 E, IN US","2019-12-04",,,,,,
"US1INLK0078","SCHERERVILLE 1.4 E, IN US","2019-12-05",,,,,,
"US1INLK0078","SCHERERVILLE 1.4 E, IN US","2019-12-06",,,,,,
"US1INLK0078","SCHERERVILLE 1.4 E, IN US","2019-12-07",,,,,,
"US1INLK0078","SCHERERVILLE 1.4 E, IN US","2019-12-08",,,,,,
"US1INLK0078","SCHERERVILLE 1.4 E, IN US","2019-12-19",,,,,,
"US1INLK0078","SCHERERVILLE 1.4 E, IN US","2019-12-20",,,,,,
"US1INLK0078","SCHERERVILLE 1.4 E, IN US","2019-12-21",,,,,,
"US1INLK0078","SCHERERVILLE 1.4 E, IN US","2019-12-22",,,,,,
"US1INLK0078","SCHERERVILLE 1.4 E, IN US","2019-12-23",,,,,,
"US1INLK0078","SCHERERVILLE 1.4 E, IN US","2019-12-24",,,,,,
"US1INLK0078","SCHERERVILLE 1.4 E, IN US","2019-12-25",,,,,,
"US1INLK0078","SCHERERVILLE 1.4 E, IN US","2019-12-26",,,,,,
"US1INLK0078","SCHERERVILLE 1.4 E, IN US","2019-12-27",,,,,,
"US1INLK0078","SCHERERVILLE 1.4 E, IN US","2019-12-28",,,,,,
"US1INLK0078","SCHERERVILLE 1.4 E, IN US","2019-12-29",,,,,,
"US1INLK0078","SCHERERVILLE 1.4 E, IN US","2019-12-30",,,,,,
"US1INLK0078","SCHERERVILLE 1.4 E, IN US","2020-01-01",,,,,,
"US1INLK0078","SCHERERVILLE 1.4 E, IN US","2020-01-02",,,,,,
"US1INLK0078","SCHERERVILLE 1.4 E, IN US","2020-01-03",,,,,,
"US1INLK0078","SCHERERVILLE 1.4 E, IN US","2020-01-05",,,,,,
"US1INLK0078","SCHERERVILLE 1.4 E, IN US","2020-01-06",,,,,,
"US1INLK0078","SCHERERVILLE 1.4 E, IN US","2020-01-07",,,,,,
"US1INLK0078","SCHERERVILLE 1.4 E, IN US","2020-01-08",,,,,,
"US1INLK0078","SCHERERVILLE 1.4 E, IN US","2020-01-09",,,,,,
"US1INLK0078","SCHERERVILLE 1.4 E, IN US","2020-01-14",,,,,,
"US1INLK0078","SCHERERVILLE 1.4 E, IN US","2020-01-16",,,,,,
"US1INLK0078","SCHERERVILLE 1.4 E, IN US","2020-01-17",,,,,,
"US1INLK0078","SCHERERVILLE 1.4 E, IN US","2020-01-22",,,,,,
"US1INLK0078","SCHERERVILLE 1.4 E, IN US","2020-02-03",,,,,,
"US1INLK0078","SCHERERVILLE 1.4 E, IN US","2020-02-04",,,,,,
"US1INLK0078","SCHERERVILLE 1.4 E, IN US","2020-02-05",,,,,,
"US1INLK0078","SCHERERVILLE 1.4 E, IN US","2020-02-12",,,,,,
"US1INLK0078","SCHERERVILLE 1.4 E, IN US","2020-02-15",,,,,,
"US1INLK0078","SCHERERVILLE 1.4 E, IN US","2020-02-16",,,,,,
"US1INLK0078","SCHERERVILLE 1.4 E, IN US","2020-02-17",,,,,,
"US1INLK0078","SCHERERVILLE 1.4 E, IN US","2020-02-19",,,,,,
"US1INLK0078","SCHERERVILLE 1.4 E, IN US","2020-02-21",,,,,,
"US1INLK0078","SCHERERVILLE 1.4 E, IN US","2020-02-22",,,,,,
"US1INLK0078","SCHERERVILLE 1.4 E, IN US","2020-02-23",,,,,,
"US1INLK0078","SCHERERVILLE 1.4 E, IN US","2020-02-29",,,,,,
"US1INLK0078","SCHERERVILLE 1.4 E, IN US","2020-03-01",,,,,,
"US1INLK0078","SCHERERVILLE 1.4 E, IN US","2020-03-03",,,,,,
"US1INLK0078","SCHERERVILLE 1.4 E, IN US","2020-03-07",,,,,,
"US1INLK0078","SCHERERVILLE 1.4 E, IN US","2020-03-08",,,,,,
"US1INLK0078","SCHERERVILLE 1.4 E, IN US","2020-03-12",,,,,,
"US1INLK0078","SCHERERVILLE 1.4 E, IN US","2020-03-14",,,,,,
"US1INLK0078","SCHERERVILLE 1.4 E, IN US","2020-03-22",,,,,,
"US1INLK0078","SCHERERVILLE 1.4 E, IN US","2020-03-30",,,,,,
"US1INLK0078","SCHERERVILLE 1.4 E, IN US","2020-03-31",,,,,,
"US1INLK0078","SCHERERVILLE 1.4 E, IN US","2020-04-01",,,,,,
"US1INLK0078","SCHERERVILLE 1.4 E, IN US","2020-04-02",,,,,,
"US1INLK0078","SCHERERVILLE 1.4 E, IN US","2020-04-03",,,,,,
"US1INLK0078","SCHERERVILLE 1.4 E, IN US","2020-04-07",,,,,,
"US1INLK0078","SCHERERVILLE 1.4 E, IN US","2020-04-08",,,,,,
"US1INLK0078","SCHERERVILLE 1.4 E, IN US","2020-04-14",,,,,,
"US1INLK0078","SCHERERVILLE 1.4 E, IN US","2020-04-22",,,,,,
"US1INLK0078","SCHERERVILLE 1.4 E, IN US","2020-04-23",,,,,,
"US1INLK0078","SCHERERVILLE 1.4 E, IN US","2020-04-24",,,,,,
"US1INLK0078","SCHERERVILLE 1.4 E, IN US","2020-04-26",,,,,,
"US1INLK0078","SCHERERVILLE 1.4 E, IN US","2020-04-27",,,,,,
"US1INLK0078","SCHERERVILLE 1.4 E, IN US","2020-04-28",,,,,,
"US1INLK0078","SCHERERVILLE 1.4 E, IN US","2020-04-29",,,,,,
"US1INLK0078","SCHERERVILLE 1.4 E, IN US","2020-04-30",,,,,,
"US1INLK0078","SCHERERVILLE 1.4 E, IN US","2020-05-01",,,,,,
"US1INLK0078","SCHERERVILLE 1.4 E, IN US","2020-05-02",,,,,,
"US1INLK0078","SCHERERVILLE 1.4 E, IN US","2020-05-03",,,,,,
"US1INLK0078","SCHERERVILLE 1.4 E, IN US","2020-05-04",,,,,,
"US1INLK0078","SCHERERVILLE 1.4 E, IN US","2020-05-06",,,,,,
"US1INLK0078","SCHERERVILLE 1.4 E, IN US","2020-05-07",,,,,,
"US1INLK0078","SCHERERVILLE 1.4 E, IN US","2020-05-08",,,,,,
"US1INLK0078","SCHERERVILLE 1.4 E, IN US","2020-05-09",,,,,,
"US1INLK0078","SCHERERVILLE 1.4 E, IN US","2020-05-10",,,,,,
"US1INLK0078","SCHERERVILLE 1.4 E, IN US","2020-05-11",,,,,,
"US1INLK0078","SCHERERVILLE 1.4 E, IN US","2020-05-12",,,,,,
"US1INLK0078","SCHERERVILLE 1.4 E, IN US","2020-05-13",,,,,,
"US1INLK0078","SCHERERVILLE 1.4 E, IN US","2020-05-14",,,,,,
"US1INLK0078","SCHERERVILLE 1.4 E, IN US","2020-05-15",,,,,,
"US1INLK0078","SCHERERVILLE 1.4 E, IN US","2020-05-16",,,,,,
"US1INLK0078","SCHERERVILLE 1.4 E, IN US","2020-05-17",,,,,,
"US1INLK0078","SCHERERVILLE 1.4 E, IN US","2020-05-18",,,,,,
"US1INLK0078","SCHERERVILLE 1.4 E, IN US","2020-05-19",,,,,,
"US1INLK0078","SCHERERVILLE 1.4 E, IN US","2020-05-20",,,,,,
"US1INLK0078","SCHERERVILLE 1.4 E, IN US","2020-05-21",,,,,,
"US1INLK0078","SCHERERVILLE 1.4 E, IN US","2020-05-22",,,,,,
"US1INLK0078","SCHERERVILLE 1.4 E, IN US","2020-05-23",,,,,,
"US1INLK0078","SCHERERVILLE 1.4 E, IN US","2020-05-24",,,,,,
"US1INLK0078","SCHERERVILLE 1.4 E, IN US","2020-05-25",,,,,,
"US1INLK0078","SCHERERVILLE 1.4 E, IN US","2020-05-26",,,,,,
"US1INLK0078","SCHERERVILLE 1.4 E, IN US","2020-05-27",,,,,,
"US1INLK0078","SCHERERVILLE 1.4 E, IN US","2020-05-28",,,,,,
"US1INLK0078","SCHERERVILLE 1.4 E, IN US","2020-05-29",,,,,,
"US1INLK0078","SCHERERVILLE 1.4 E, IN US","2020-05-30",,,,,,
"US1INLK0078","SCHERERVILLE 1.4 E, IN US","2020-05-31",,,,,,
"US1INLK0078","SCHERERVILLE 1.4 E, IN US","2020-06-01",,,,,,
"US1INLK0078","SCHERERVILLE 1.4 E, IN US","2020-06-02",,,,,,
"US1INLK0078","SCHERERVILLE 1.4 E, IN US","2020-06-03",,,,,,
"US1INLK0078","SCHERERVILLE 1.4 E, IN US","2020-06-04",,,,,,
"US1INLK0078","SCHERERVILLE 1.4 E, IN US","2020-06-05",,,,,,
"US1INLK0078","SCHERERVILLE 1.4 E, IN US","2020-06-07",,,,,,
"US1INLK0078","SCHERERVILLE 1.4 E, IN US","2020-06-08",,,,,,
"US1INLK0078","SCHERERVILLE 1.4 E, IN US","2020-06-09",,,,,,
"US1INLK0078","SCHERERVILLE 1.4 E, IN US","2020-06-10",,,,,,
"US1INLK0078","SCHERERVILLE 1.4 E, IN US","2020-06-11",,,,,,
"US1INLK0078","SCHERERVILLE 1.4 E, IN US","2020-06-12",,,,,,
"US1INLK0078","SCHERERVILLE 1.4 E, IN US","2020-06-13",,,,,,
"US1INLK0078","SCHERERVILLE 1.4 E, IN US","2020-06-14",,,,,,
"US1INLK0078","SCHERERVILLE 1.4 E, IN US","2020-06-15",,,,,,
"US1INLK0078","SCHERERVILLE 1.4 E, IN US","2020-06-16",,,,,,
"US1INLK0078","SCHERERVILLE 1.4 E, IN US","2020-06-17",,,,,,
"US1INLK0078","SCHERERVILLE 1.4 E, IN US","2020-06-18",,,,,,
"US1INLK0078","SCHERERVILLE 1.4 E, IN US","2020-06-19",,,,,,
"US1INLK0078","SCHERERVILLE 1.4 E, IN US","2020-06-20",,,,,,
"US1INLK0078","SCHERERVILLE 1.4 E, IN US","2020-06-21",,,,,,
"US1INLK0078","SCHERERVILLE 1.4 E, IN US","2020-06-22",,,,,,
"US1INLK0078","SCHERERVILLE 1.4 E, IN US","2020-06-23",,,,,,
"US1INLK0078","SCHERERVILLE 1.4 E, IN US","2020-06-24",,,,,,
"US1INLK0078","SCHERERVILLE 1.4 E, IN US","2020-06-25",,,,,,
"US1INLK0078","SCHERERVILLE 1.4 E, IN US","2020-06-26",,,,,,
"US1INLK0078","SCHERERVILLE 1.4 E, IN US","2020-06-27",,,,,,
"US1INLK0078","SCHERERVILLE 1.4 E, IN US","2020-06-28",,,,,,
"US1INLK0078","SCHERERVILLE 1.4 E, IN US","2020-06-29",,,,,,
"US1INLK0078","SCHERERVILLE 1.4 E, IN US","2020-06-30",,,,,,
"US1INLK0078","SCHERERVILLE 1.4 E, IN US","2020-07-01",,,,,,
"US1INLK0078","SCHERERVILLE 1.4 E, IN US","2020-07-02",,,,,,
"US1INLK0078","SCHERERVILLE 1.4 E, IN US","2020-07-03",,,,,,
"US1INLK0078","SCHERERVILLE 1.4 E, IN US","2020-07-04",,,,,,
"US1INLK0078","SCHERERVILLE 1.4 E, IN US","2020-07-05",,,,,,
"US1INLK0078","SCHERERVILLE 1.4 E, IN US","2020-07-06",,,,,,
"US1INLK0078","SCHERERVILLE 1.4 E, IN US","2020-07-07",,,,,,
"US1INLK0078","SCHERERVILLE 1.4 E, IN US","2020-07-08",,,,,,
"US1INLK0078","SCHERERVILLE 1.4 E, IN US","2020-07-09",,,,,,
"US1INLK0078","SCHERERVILLE 1.4 E, IN US","2020-07-10",,,,,,
"US1INLK0078","SCHERERVILLE 1.4 E, IN US","2020-07-11",,,,,,
"US1INLK0078","SCHERERVILLE 1.4 E, IN US","2020-07-12",,,,,,
"US1INLK0078","SCHERERVILLE 1.4 E, IN US","2020-07-13",,,,,,
"US1INLK0078","SCHERERVILLE 1.4 E, IN US","2020-07-16",,,,,,
"US1INLK0078","SCHERERVILLE 1.4 E, IN US","2020-07-17",,,,,,
"US1INLK0078","SCHERERVILLE 1.4 E, IN US","2020-07-18",,,,,,
"US1INLK0078","SCHERERVILLE 1.4 E, IN US","2020-07-19",,,,,,
"US1INLK0078","SCHERERVILLE 1.4 E, IN US","2020-07-20",,,,,,
"US1INLK0078","SCHERERVILLE 1.4 E, IN US","2020-07-21",,,,,,
"US1INLK0078","SCHERERVILLE 1.4 E, IN US","2020-07-22",,,,,,
"US1INLK0078","SCHERERVILLE 1.4 E, IN US","2020-07-23",,,,,,
"US1INLK0078","SCHERERVILLE 1.4 E, IN US","2020-07-24",,,,,,
"US1INLK0078","SCHERERVILLE 1.4 E, IN US","2020-07-25",,,,,,
"US1INLK0078","SCHERERVILLE 1.4 E, IN US","2020-07-26",,,,,,
"US1INLK0078","SCHERERVILLE 1.4 E, IN US","2020-07-27",,,,,,
"US1INLK0078","SCHERERVILLE 1.4 E, IN US","2020-07-28",,,,,,
"US1INLK0078","SCHERERVILLE 1.4 E, IN US","2020-07-29",,,,,,
"US1INLK0078","SCHERERVILLE 1.4 E, IN US","2020-07-30",,,,,,
"US1INLK0078","SCHERERVILLE 1.4 E, IN US","2020-07-31",,,,,,
"US1INLK0078","SCHERERVILLE 1.4 E, IN US","2020-08-01",,,,,,
"US1INLK0078","SCHERERVILLE 1.4 E, IN US","2020-08-02",,,,,,
"US1INLK0078","SCHERERVILLE 1.4 E, IN US","2020-08-03",,,,,,
"US1INLK0078","SCHERERVILLE 1.4 E, IN US","2020-08-04",,,,,,
"US1INLK0078","SCHERERVILLE 1.4 E, IN US","2020-08-05",,,,,,
"US1INLK0078","SCHERERVILLE 1.4 E, IN US","2020-08-06",,,,,,
"US1INLK0078","SCHERERVILLE 1.4 E, IN US","2020-08-07",,,,,,
"US1INLK0078","SCHERERVILLE 1.4 E, IN US","2020-08-08",,,,,,
"US1INLK0078","SCHERERVILLE 1.4 E, IN US","2020-08-09",,,,,,
"US1INLK0078","SCHERERVILLE 1.4 E, IN US","2020-08-10",,,,,,
"US1INLK0078","SCHERERVILLE 1.4 E, IN US","2020-08-11",,,,,,
"US1INLK0078","SCHERERVILLE 1.4 E, IN US","2020-08-12",,,,,,
"US1INLK0078","SCHERERVILLE 1.4 E, IN US","2020-08-13",,,,,,
"US1INLK0078","SCHERERVILLE 1.4 E, IN US","2020-08-14",,,,,,
"US1INLK0078","SCHERERVILLE 1.4 E, IN US","2020-08-15",,,,,,
"US1INLK0078","SCHERERVILLE 1.4 E, IN US","2020-08-16",,,,,,
"US1INLK0078","SCHERERVILLE 1.4 E, IN US","2020-08-17",,,,,,
"US1INLK0078","SCHERERVILLE 1.4 E, IN US","2020-08-18",,,,,,
"US1INLK0078","SCHERERVILLE 1.4 E, IN US","2020-08-19",,,,,,
"US1INLK0078","SCHERERVILLE 1.4 E, IN US","2020-08-20",,,,,,
"US1INLK0078","SCHERERVILLE 1.4 E, IN US","2020-08-21",,,,,,
"US1INLK0078","SCHERERVILLE 1.4 E, IN US","2020-08-22",,,,,,
"US1INLK0078","SCHERERVILLE 1.4 E, IN US","2020-08-23",,,,,,
"US1INLK0078","SCHERERVILLE 1.4 E, IN US","2020-08-24",,,,,,
"US1INLK0078","SCHERERVILLE 1.4 E, IN US","2020-08-25",,,,,,
"US1INLK0078","SCHERERVILLE 1.4 E, IN US","2020-08-26",,,,,,
"US1INLK0078","SCHERERVILLE 1.4 E, IN US","2020-08-27",,,,,,
"US1INLK0078","SCHERERVILLE 1.4 E, IN US","2020-08-28",,,,,,
"US1INLK0078","SCHERERVILLE 1.4 E, IN US","2020-08-29",,,,,,
"US1INLK0078","SCHERERVILLE 1.4 E, IN US","2020-08-30",,,,,,
"US1INLK0078","SCHERERVILLE 1.4 E, IN US","2020-08-31",,,,,,
"US1INLK0078","SCHERERVILLE 1.4 E, IN US","2020-09-01",,,,,,
"US1INLK0078","SCHERERVILLE 1.4 E, IN US","2020-09-02",,,,,,
"US1INLK0078","SCHERERVILLE 1.4 E, IN US","2020-09-03",,,,,,
"US1INLK0078","SCHERERVILLE 1.4 E, IN US","2020-09-04",,,,,,
"US1INLK0078","SCHERERVILLE 1.4 E, IN US","2020-09-05",,,,,,
"US1INLK0078","SCHERERVILLE 1.4 E, IN US","2020-09-06",,,,,,
"US1INLK0078","SCHERERVILLE 1.4 E, IN US","2020-09-07",,,,,,
"US1INLK0078","SCHERERVILLE 1.4 E, IN US","2020-09-08",,,,,,
"USW00004838","CHICAGO PALWAUKEE AIRPORT, IL US","2019-10-01","6.71"," 2305","   50","   40","18.1","25.1"
"USW00004838","CHICAGO PALWAUKEE AIRPORT, IL US","2019-10-02","8.72"," 0648","   10","   10","19.9","28.0"
"USW00004838","CHICAGO PALWAUKEE AIRPORT, IL US","2019-10-03","9.62"," 1103","  300","  290","21.0","36.0"
"USW00004838","CHICAGO PALWAUKEE AIRPORT, IL US","2019-10-04","8.72"," 0908","   20","   20","19.9","30.0"
"USW00004838","CHICAGO PALWAUKEE AIRPORT, IL US","2019-10-05","8.50"," 1848","  150","  160","16.1","23.0"
"USW00004838","CHICAGO PALWAUKEE AIRPORT, IL US","2019-10-06","7.83"," 1232","  240","  280","16.1","23.0"
"USW00004838","CHICAGO PALWAUKEE AIRPORT, IL US","2019-10-07","4.70"," 1134","  270","  300","16.1","23.0"
"USW00004838","CHICAGO PALWAUKEE AIRPORT, IL US","2019-10-08","2.01"," 1455","  180","  190","10.1","16.1"
"USW00004838","CHICAGO PALWAUKEE AIRPORT, IL US","2019-10-09","4.92"," 1229","  160","  140","15.0","19.9"
"USW00004838","CHICAGO PALWAUKEE AIRPORT, IL US","2019-10-10","5.14"," 0805","  170","  170","14.1","18.1"
"USW00004838","CHICAGO PALWAUKEE AIRPORT, IL US","2019-10-11","12.75"," 1840","  270","  290","21.0","33.1"
"USW00004838","CHICAGO PALWAUKEE AIRPORT, IL US","2019-10-12","13.87"," 1311","  190","  200","29.1","40.9"
"USW00004838","CHICAGO PALWAUKEE AIRPORT, IL US","2019-10-13","9.62"," 1016","  270","  250","21.0","31.1"
"USW00004838","CHICAGO PALWAUKEE AIRPORT, IL US","2019-10-14","4.92"," 1150","  310","  310","14.1","19.0"
"USW00004838","CHICAGO PALWAUKEE AIRPORT, IL US","2019-10-15","9.40"," 1750","  280","  280","23.9","36.0"
"USW00004838","CHICAGO PALWAUKEE AIRPORT, IL US","2019-10-16","13.42"," 0315","  310","  320","25.1","40.0"
"USW00004838","CHICAGO PALWAUKEE AIRPORT, IL US","2019-10-17","4.70"," 1001","  360","  340","12.1","18.1"
"USW00004838","CHICAGO PALWAUKEE AIRPORT, IL US","2019-10-18","5.59"," 1116","  170","  140","15.0","21.0"
"USW00004838","CHICAGO PALWAUKEE AIRPORT, IL US","2019-10-19","6.49"," 1312","  170","  170","18.1","23.0"
"USW00004838","CHICAGO PALWAUKEE AIRPORT, IL US","2019-10-20","6.04"," 0328","  310","  310","13.0","18.1"
"USW00004838","CHICAGO PALWAUKEE AIRPORT, IL US","2019-10-21","14.32"," 1010","  170","  180","31.1","42.9"
"USW00004838","CHICAGO PALWAUKEE AIRPORT, IL US","2019-10-22","16.11"," 0343","  190","  250","25.9","44.1"
"USW00004838","CHICAGO PALWAUKEE AIRPORT, IL US","2019-10-23","7.83"," 2149","  350","  350","16.1","21.9"
"USW00004838","CHICAGO PALWAUKEE AIRPORT, IL US","2019-10-24","4.92"," 0016","  340","  350","13.0","18.1"
"USW00004838","CHICAGO PALWAUKEE AIRPORT, IL US","2019-10-25","2.91"," 1356","  280","  260","8.1","13.0"
"USW00004838","CHICAGO PALWAUKEE AIRPORT, IL US","2019-10-26","8.72"," 1952","   20","   20","23.0","36.0"
"USW00004838","CHICAGO PALWAUKEE AIRPORT, IL US","2019-10-27","7.61"," 0017","  320","  320","21.0","31.1"
"USW00004838","CHICAGO PALWAUKEE AIRPORT, IL US","2019-10-28","2.91"," 2047","   90","   80","10.1","14.1"
"USW00004838","CHICAGO PALWAUKEE AIRPORT, IL US","2019-10-29","6.49"," 0202","  320","  320","23.9","32.0"
"USW00004838","CHICAGO PALWAUKEE AIRPORT, IL US","2019-10-30","8.50"," 2316","  360","   20","18.1","27.1"
"USW00004838","CHICAGO PALWAUKEE AIRPORT, IL US","2019-10-31","13.42"," 1250","  320","  310","25.1","35.1"
"USW00004838","CHICAGO PALWAUKEE AIRPORT, IL US","2019-11-01","8.50"," 1201","  190","  200","19.9","25.9"
"USW00004838","CHICAGO PALWAUKEE AIRPORT, IL US","2019-11-02","10.07"," 1320","  270","  270","18.1","27.1"
"USW00004838","CHICAGO PALWAUKEE AIRPORT, IL US","2019-11-03","6.71"," 1343","  200","  200","23.9","33.1"
"USW00004838","CHICAGO PALWAUKEE AIRPORT, IL US","2019-11-04","9.17"," 0234","  280","  190","18.1","25.9"
"USW00004838","CHICAGO PALWAUKEE AIRPORT, IL US","2019-11-05","7.38"," 1243","  260","  250","17.0","27.1"
"USW00004838","CHICAGO PALWAUKEE AIRPORT, IL US","2019-11-06","9.62"," 1159","  200","  210","19.9","31.1"
"USW00004838","CHICAGO PALWAUKEE AIRPORT, IL US","2019-11-07","10.96"," 1540","  320","  300","18.1","25.9"
"USW00004838","CHICAGO PALWAUKEE AIRPORT, IL US","2019-11-08","7.61"," 2338","  210","  210","13.0","19.0"
"USW00004838","CHICAGO PALWAUKEE AIRPORT, IL US","2019-11-09","8.95"," 0846","  190","  200","16.1","23.9"
"USW00004838","CHICAGO PALWAUKEE AIRPORT, IL US","2019-11-10","6.71"," 2215","   10","   10","14.1","21.0"
"USW00004838","CHICAGO PALWAUKEE AIRPORT, IL US","2019-11-11","14.54"," 1010","  350","  340","23.0","34.0"
"USW00004838","CHICAGO PALWAUKEE AIRPORT, IL US","2019-11-12","9.62"," 0127","  320","  320","19.9","28.0"
"USW00004838","CHICAGO PALWAUKEE AIRPORT, IL US","2019-11-13","11.63"," 1126","  180","  180","23.0","32.0"
"USW00004838","CHICAGO PALWAUKEE AIRPORT, IL US","2019-11-14","6.26"," 1902","  280","  260","15.0","21.0"
"USW00004838","CHICAGO PALWAUKEE AIRPORT, IL US","2019-11-15","3.58"," 0921","  300","  280","10.1","17.0"
"USW00004838","CHICAGO PALWAUKEE AIRPORT, IL US","2019-11-16","3.80"," 0935","  140","  140","13.0","16.1"
"USW00004838","CHICAGO PALWAUKEE AIRPORT, IL US","2019-11-17","5.14"," 1234","  170","  180","12.1","15.0"
"USW00004838","CHICAGO PALWAUKEE AIRPORT, IL US","2019-11-18","4.25"," 0355","  300","  300","10.1","13.0"
"USW00004838","CHICAGO PALWAUKEE AIRPORT, IL US","2019-11-19","2.24"," 1629","  290","  290","6.9","11.0"
"USW00004838","CHICAGO PALWAUKEE AIRPORT, IL US","2019-11-20","6.49"," 2302","  170","  180","17.0","25.1"
"USW00004838","CHICAGO PALWAUKEE AIRPORT, IL US","2019-11-21","15.21"," 1311","  270","  240","28.0","42.1"
"USW00004838","CHICAGO PALWAUKEE AIRPORT, IL US","2019-11-22","5.82"," 0016","  320","  310","17.0","23.9"
"USW00004838","CHICAGO PALWAUKEE AIRPORT, IL US","2019-11-23","4.70"," 1118","  210","  230","13.0","18.1"
"USW00004838","CHICAGO PALWAUKEE AIRPORT, IL US","2019-11-24","6.04"," 1400","  230","  230","14.1","19.9"
"USW00004838","CHICAGO PALWAUKEE AIRPORT, IL US","2019-11-25","5.37"," 1125","  200","  190","13.0","18.1"
"USW00004838","CHICAGO PALWAUKEE AIRPORT, IL US","2019-11-26","6.04"," 1308","   60","   70","15.0","21.9"
"USW00004838","CHICAGO PALWAUKEE AIRPORT, IL US","2019-11-27","19.69"," 1206","  300","  290","33.1","55.0"
"USW00004838","CHICAGO PALWAUKEE AIRPORT, IL US","2019-11-28","7.16"," 0044","  320","  310","19.9","25.9"
"USW00004838","CHICAGO PALWAUKEE AIRPORT, IL US","2019-11-29","5.14"," 2317","  120","  110","14.1","19.0"
"USW00004838","CHICAGO PALWAUKEE AIRPORT, IL US","2019-11-30","11.18"," 1137","  130","  110","21.9","30.0"
"USW00004838","CHICAGO PALWAUKEE AIRPORT, IL US","2019-12-01","7.38"," 2059","  320","  360","18.1","27.1"
"USW00004838","CHICAGO PALWAUKEE AIRPORT, IL US","2019-12-02","9.17"," 0021","  320","  320","18.1","27.1"
"USW00004838","CHICAGO PALWAUKEE AIRPORT, IL US","2019-12-03","10.07"," 1046","  230","  200","16.1","23.9"
"USW00004838","CHICAGO PALWAUKEE AIRPORT, IL US","2019-12-04","10.74"," 1207","  310","  290","25.1","38.0"
"USW00004838","CHICAGO PALWAUKEE AIRPORT, IL US","2019-12-05","5.14"," 1239","  190","  180","15.0","19.9"
"USW00004838","CHICAGO PALWAUKEE AIRPORT, IL US","2019-12-06","6.93"," 0433","  350","  350","23.9","33.1"
"USW00004838","CHICAGO PALWAUKEE AIRPORT, IL US","2019-12-07","8.28"," 1312","  190","  180","15.0","21.0"
"USW00004838","CHICAGO PALWAUKEE AIRPORT, IL US","2019-12-08","9.17"," 0441","  200","  230","18.1","27.1"
"USW00004838","CHICAGO PALWAUKEE AIRPORT, IL US","2019-12-09","10.51"," 1702","  270","  280","25.1","36.9"
"USW00004838","CHICAGO PALWAUKEE AIRPORT, IL US","2019-12-10","11.41"," 0426","  280","  290","19.9","29.1"
"USW00004838","CHICAGO PALWAUKEE AIRPORT, IL US","2019-12-11","6.26"," 1212","  280","  260","17.0","23.9"
"USW00004838","CHICAGO PALWAUKEE AIRPORT, IL US","2019-12-12","12.97"," 1236","  190","  190","29.1","40.0"
"USW00004838","CHICAGO PALWAUKEE AIRPORT, IL US","2019-12-13","3.80"," 0015","  200","  200","13.0","18.1"
"USW00004838","CHICAGO PALWAUKEE AIRPORT, IL US","2019-12-14","9.40"," 2044","  290","  310","18.1","25.1"
"USW00004838","CHICAGO PALWAUKEE AIRPORT, IL US","2019-12-15","5.59"," 0015","  310","  300","16.1","21.9"
"USW00004838","CHICAGO PALWAUKEE AIRPORT, IL US","2019-12-16","5.37"," 2220","  330","  320","8.9","13.0"
"USW00004838","CHICAGO PALWAUKEE AIRPORT, IL US","2019-12-17","8.95"," 1630","  270","  280","18.1","27.1"
"USW00004838","CHICAGO PALWAUKEE AIRPORT, IL US","2019-12-18","9.17"," 0105","  320","  320","18.1","28.0"
"USW00004838","CHICAGO PALWAUKEE AIRPORT, IL US","2019-12-19","7.16"," 0840","  190","  200","18.1","23.9"
"USW00004838","CHICAGO PALWAUKEE AIRPORT, IL US","2019-12-20","4.70"," 2113","  180","  170","12.1","15.0"
"USW00004838","CHICAGO PALWAUKEE AIRPORT, IL US","2019-12-21","6.26"," 1409","  210","  220","13.0","18.1"
"USW00004838","CHICAGO PALWAUKEE AIRPORT, IL US","2019-12-22","8.50"," 1316","  220","  190","16.1","25.1"
"USW00004838","CHICAGO PALWAUKEE AIRPORT, IL US","2019-12-23","4.92"," 1015","  250","  250","14.1","21.0"
"USW00004838","CHICAGO PALWAUKEE AIRPORT, IL US","2019-12-24","6.93"," 2055","  180","  200","15.0","21.0"
"USW00004838","CHICAGO PALWAUKEE AIRPORT, IL US","2019-12-25","6.71"," 1105","  200","  200","17.0","23.0"
"USW00004838","CHICAGO PALWAUKEE AIRPORT, IL US","2019-12-26","9.84"," 1434","  210","  220","16.1","25.1"
"USW00004838","CHICAGO PALWAUKEE AIRPORT, IL US","2019-12-27","7.16"," 0550","  290","  280","17.0","23.9"
"USW00004838","CHICAGO PALWAUKEE AIRPORT, IL US","2019-12-28","5.82"," 1408","  130","   90","13.0","19.9"
"USW00004838","CHICAGO PALWAUKEE AIRPORT, IL US","2019-12-29","9.40"," 2137","  180","  160","21.0","29.1"
"USW00004838","CHICAGO PALWAUKEE AIRPORT, IL US","2019-12-30","15.66"," 2025","  230","  250","28.0","42.9"
"USW00004838","CHICAGO PALWAUKEE AIRPORT, IL US","2019-12-31","11.86"," 0102","  250","  230","23.9","40.0"
"USW00004838","CHICAGO PALWAUKEE AIRPORT, IL US","2020-01-01","10.96"," 2048","  200","  190","21.9","30.0"
"USW00004838","CHICAGO PALWAUKEE AIRPORT, IL US","2020-01-02","10.29"," 0128","  230","  200","19.9","28.0"
"USW00004838","CHICAGO PALWAUKEE AIRPORT, IL US","2020-01-03","4.92"," 0730","  320","  350","12.1","14.1"
"USW00004838","CHICAGO PALWAUKEE AIRPORT, IL US","2020-01-04","8.28"," 1331","  300","  290","17.0","23.0"
"USW00004838","CHICAGO PALWAUKEE AIRPORT, IL US","2020-01-05","13.20"," 1820","  290","  280","25.9","38.9"
"USW00004838","CHICAGO PALWAUKEE AIRPORT, IL US","2020-01-06","6.71"," 1419","  250","  230","16.1","21.9"
"USW00004838","CHICAGO PALWAUKEE AIRPORT, IL US","2020-01-07","8.72"," 1922","  270","  270","19.9","28.0"
"USW00004838","CHICAGO PALWAUKEE AIRPORT, IL US","2020-01-08","10.07"," 0439","  320","  320","23.9","33.1"
"USW00004838","CHICAGO PALWAUKEE AIRPORT, IL US","2020-01-09","16.78"," 1827","  190","  190","25.9","38.9"
"USW00004838","CHICAGO PALWAUKEE AIRPORT, IL US","2020-01-10","8.72"," 2240","   10","   10","21.0","33.1"
"USW00004838","CHICAGO PALWAUKEE AIRPORT, IL US","2020-01-11","19.24"," 0453","   10","  360","33.1","49.0"
"USW00004838","CHICAGO PALWAUKEE AIRPORT, IL US","2020-01-12","4.47"," 0003","  140","  310","15.0","23.0"
"USW00004838","CHICAGO PALWAUKEE AIRPORT, IL US","2020-01-13","7.38"," 0554","  160","  240","14.1","23.0"
"USW00004838","CHICAGO PALWAUKEE AIRPORT, IL US","2020-01-14","7.38"," 1506","  260","  260","21.0","28.0"
"USW00004838","CHICAGO PALWAUKEE AIRPORT, IL US","2020-01-15","6.04"," 2133","  320","  320","23.0","32.0"
"USW00004838","CHICAGO PALWAUKEE AIRPORT, IL US","2020-01-16","10.96"," 0913","  320","  290","21.9","32.0"
"USW00004838","CHICAGO PALWAUKEE AIRPORT, IL US","2020-01-17","8.28"," 2105","  120","  130","21.9","33.1"
"USW00004838","CHICAGO PALWAUKEE AIRPORT, IL US","2020-01-18","14.54"," 2130","  270","  260","28.0","42.1"
"USW00004838","CHICAGO PALWAUKEE AIRPORT, IL US","2020-01-19","12.97"," 0134","  280","  270","25.1","35.1"
"USW00004838","CHICAGO PALWAUKEE AIRPORT, IL US","2020-01-20","6.26"," 0053","  320","  320","12.1","15.0"
"USW00004838","CHICAGO PALWAUKEE AIRPORT, IL US","2020-01-21","6.93"," 2238","  200","  190","16.1","23.0"
"USW00004838","CHICAGO PALWAUKEE AIRPORT, IL US","2020-01-22","12.97"," 0400","  190","  200","19.9","27.1"
"USW00004838","CHICAGO PALWAUKEE AIRPORT, IL US","2020-01-23","7.16"," 0028","  180","  170","15.0","19.9"
"USW00004838","CHICAGO PALWAUKEE AIRPORT, IL US","2020-01-24","4.03"," 0311","   70","   80","10.1","16.1"
"USW00004838","CHICAGO PALWAUKEE AIRPORT, IL US","2020-01-25","6.04"," 1245","  270","  280","12.1","19.0"
"USW00004838","CHICAGO PALWAUKEE AIRPORT, IL US","2020-01-26","7.83"," 1234","  260","  270","13.0","19.0"
"USW00004838","CHICAGO PALWAUKEE AIRPORT, IL US","2020-01-27","5.82"," 1758","  320","  280","10.1","16.1"
"USW00004838","CHICAGO PALWAUKEE AIRPORT, IL US","2020-01-28","4.70"," 0316","  320","  320","13.0","16.1"
"USW00004838","CHICAGO PALWAUKEE AIRPORT, IL US","2020-01-29","2.24"," 0414","  350","   20","8.1","12.1"
"USW00004838","CHICAGO PALWAUKEE AIRPORT, IL US","2020-01-30","3.36"," 1135","  200","  240","10.1","14.1"
"USW00004838","CHICAGO PALWAUKEE AIRPORT, IL US","2020-01-31","5.37"," 2005","  180","  190","10.1","13.0"
"USW00004838","CHICAGO PALWAUKEE AIRPORT, IL US","2020-02-01","9.84"," 1202","  260","  250","17.0","28.0"
"USW00004838","CHICAGO PALWAUKEE AIRPORT, IL US","2020-02-02","10.74"," 0301","  250","  220","21.0","31.1"
"USW00004838","CHICAGO PALWAUKEE AIRPORT, IL US","2020-02-03","7.38"," 2338","   10","   30","17.0","29.1"
"USW00004838","CHICAGO PALWAUKEE AIRPORT, IL US","2020-02-04","16.11"," 0515","   20","   20","23.9","38.9"
"USW00004838","CHICAGO PALWAUKEE AIRPORT, IL US","2020-02-05","8.50"," 1006","   40","   40","15.0","21.9"
"USW00004838","CHICAGO PALWAUKEE AIRPORT, IL US","2020-02-06","8.05"," 1039","   50","   50","16.1","21.0"
"USW00004838","CHICAGO PALWAUKEE AIRPORT, IL US","2020-02-07","7.38"," 1617","  270","  270","16.1","23.9"
"USW00004838","CHICAGO PALWAUKEE AIRPORT, IL US","2020-02-08","5.59"," 1639","  270","  250","13.0","18.1"
"USW00004838","CHICAGO PALWAUKEE AIRPORT, IL US","2020-02-09","10.07"," 1214","  160","  160","19.9","25.9"
"USW00004838","CHICAGO PALWAUKEE AIRPORT, IL US","2020-02-10","5.37"," 0002","  330","  330","19.9","25.1"
"USW00004838","CHICAGO PALWAUKEE AIRPORT, IL US","2020-02-11","8.72"," 1209","  290","  290","23.9","34.0"
"USW00004838","CHICAGO PALWAUKEE AIRPORT, IL US","2020-02-12","6.04"," 1345","  200","  190","15.0","19.9"
"USW00004838","CHICAGO PALWAUKEE AIRPORT, IL US","2020-02-13","11.41"," 0737","  310","  350","19.9","30.0"
"USW00004838","CHICAGO PALWAUKEE AIRPORT, IL US","2020-02-14","8.05"," 1510","  180","  190","15.0","21.9"
"USW00004838","CHICAGO PALWAUKEE AIRPORT, IL US","2020-02-15","11.86"," 1105","  200","  200","23.0","36.0"
"USW00004838","CHICAGO PALWAUKEE AIRPORT, IL US","2020-02-16","2.01"," 0003","  300","  260","8.1","14.1"
"USW00004838","CHICAGO PALWAUKEE AIRPORT, IL US","2020-02-17","7.61"," 1645","  170","  130","17.0","25.1"
"USW00004838","CHICAGO PALWAUKEE AIRPORT, IL US","2020-02-18","13.42"," 0835","  320","  300","25.9","36.9"
"USW00004838","CHICAGO PALWAUKEE AIRPORT, IL US","2020-02-19","8.28"," 0241","  350","  360","15.0","23.0"
"USW00004838","CHICAGO PALWAUKEE AIRPORT, IL US","2020-02-20","8.50"," 1200","  350","  320","16.1","21.9"
"USW00004838","CHICAGO PALWAUKEE AIRPORT, IL US","2020-02-21","10.74"," 1549","  200","  200","21.9","32.0"
"USW00004838","CHICAGO PALWAUKEE AIRPORT, IL US","2020-02-22","11.41"," 1502","  200","  240","18.1","25.9"
"USW00004838","CHICAGO PALWAUKEE AIRPORT, IL US","2020-02-23","8.28"," 1521","  230","  210","15.0","21.0"
"USW00004838","CHICAGO PALWAUKEE AIRPORT, IL US","2020-02-24","8.72"," 1945","   20","   30","17.0","27.1"
"USW00004838","CHICAGO PALWAUKEE AIRPORT, IL US","2020-02-25","16.78"," 1840","   20","   10","28.0","40.9"
"USW00004838","CHICAGO PALWAUKEE AIRPORT, IL US","2020-02-26","13.65"," 1747","  320","  320","21.9","31.1"
"USW00004838","CHICAGO PALWAUKEE AIRPORT, IL US","2020-02-27","9.40"," 1333","  310","  300","18.1","25.9"
"USW00004838","CHICAGO PALWAUKEE AIRPORT, IL US","2020-02-28","9.84"," 1451","  320","  280","19.9","28.0"
"USW00004838","CHICAGO PALWAUKEE AIRPORT, IL US","2020-02-29","7.61"," 1217","  230","  230","14.1","21.9"
"USW00004838","CHICAGO PALWAUKEE AIRPORT, IL US","2020-03-01","12.08",,"  200","  210","25.1","34.0"
"USW00004838","CHICAGO PALWAUKEE AIRPORT, IL US","2020-03-02","5.82",,"  320","  250","14.1","21.0"
"USW00004838","CHICAGO PALWAUKEE AIRPORT, IL US","2020-03-03","9.62",,"  280","  280","23.9","38.0"
"USW00004838","CHICAGO PALWAUKEE AIRPORT, IL US","2020-03-04","7.16",,"  310","  320","17.0","23.9"
"USW00004838","CHICAGO PALWAUKEE AIRPORT, IL US","2020-03-05","14.76",,"  290","  200","28.0","42.9"
"USW00004838","CHICAGO PALWAUKEE AIRPORT, IL US","2020-03-06","11.41",,"  320","  320","25.1","38.9"
"USW00004838","CHICAGO PALWAUKEE AIRPORT, IL US","2020-03-07","10.07",,"  180","  190","21.9","30.0"
"USW00004838","CHICAGO PALWAUKEE AIRPORT, IL US","2020-03-08","17.67",,"  190","  200","25.1","36.9"
"USW00004838","CHICAGO PALWAUKEE AIRPORT, IL US","2020-03-09","14.76",,"  210","  220","23.0","36.0"
"USW00004838","CHICAGO PALWAUKEE AIRPORT, IL US","2020-03-10","6.49",,"  320","  320","17.0","23.0"
"USW00004838","CHICAGO PALWAUKEE AIRPORT, IL US","2020-03-11","6.26",,"  180","  180","13.0","16.1"
"USW00004838","CHICAGO PALWAUKEE AIRPORT, IL US","2020-03-12","10.51",,"  310","  320","25.1","36.9"
"USW00004838","CHICAGO PALWAUKEE AIRPORT, IL US","2020-03-13","13.42",,"  270","  280","21.9","34.0"
"USW00004838","CHICAGO PALWAUKEE AIRPORT, IL US","2020-03-14","8.50",,"   30","   20","18.1","25.9"
"USW00004838","CHICAGO PALWAUKEE AIRPORT, IL US","2020-03-15","6.93",,"   30","   60","16.1","21.0"
"USW00004838","CHICAGO PALWAUKEE AIRPORT, IL US","2020-03-16","4.70",,"  200","  260","10.1","14.1"
"USW00004838","CHICAGO PALWAUKEE AIRPORT, IL US","2020-03-17","6.71",,"  320","  320","18.1","23.9"
"USW00004838","CHICAGO PALWAUKEE AIRPORT, IL US","2020-03-18","4.03",,"  100","  110","10.1","16.1"
"USW00004838","CHICAGO PALWAUKEE AIRPORT, IL US","2020-03-19","6.49",,"  330","  220","18.1","31.1"
"USW00004838","CHICAGO PALWAUKEE AIRPORT, IL US","2020-03-20","12.53",,"  290","  330","23.0","30.0"
"USW00004838","CHICAGO PALWAUKEE AIRPORT, IL US","2020-03-21","7.61",,"   40","   10","18.1","25.1"
"USW00004838","CHICAGO PALWAUKEE AIRPORT, IL US","2020-03-22","4.70",,"  120","  120","16.1","23.0"
"USW00004838","CHICAGO PALWAUKEE AIRPORT, IL US","2020-03-23","2.68",,"  120","  120","8.1","13.0"
"USW00004838","CHICAGO PALWAUKEE AIRPORT, IL US","2020-03-24","4.47",,"  120","  100","15.0","19.0"
"USW00004838","CHICAGO PALWAUKEE AIRPORT, IL US","2020-03-25","7.61",,"  200","  200","17.0","23.0"
"USW00004838","CHICAGO PALWAUKEE AIRPORT, IL US","2020-03-26","7.61",,"   30","  190","15.0","21.9"
"USW00004838","CHICAGO PALWAUKEE AIRPORT, IL US","2020-03-27","7.38",,"  100","   90","14.1","19.9"
"USW00004838","CHICAGO PALWAUKEE AIRPORT, IL US","2020-03-28","7.61",,"  130","  210","21.9","34.0"
"USW00004838","CHICAGO PALWAUKEE AIRPORT, IL US","2020-03-29","18.79",,"  250","  230","31.1","50.1"
"USW00004838","CHICAGO PALWAUKEE AIRPORT, IL US","2020-03-30","10.51",,"  310","  290","21.9","31.1"
"USW00004838","CHICAGO PALWAUKEE AIRPORT, IL US","2020-03-31","8.95",,"   20","   30","16.1","23.0"
"USW00004838","CHICAGO PALWAUKEE AIRPORT, IL US","2020-04-01","5.59",,"   70","   90","12.1","16.1"
"USW00004838","CHICAGO PALWAUKEE AIRPORT, IL US","2020-04-02","3.36",,"   70","   90","12.1","16.1"
"USW00004838","CHICAGO PALWAUKEE AIRPORT, IL US","2020-04-03","4.03",,"  310","  300","16.1","19.9"
"USW00004838","CHICAGO PALWAUKEE AIRPORT, IL US","2020-04-04","7.16",,"  320","  320","16.1","21.9"
"USW00004838","CHICAGO PALWAUKEE AIRPORT, IL US","2020-04-05","5.37",,"   70","   80","14.1","19.9"
"USW00004838","CHICAGO PALWAUKEE AIRPORT, IL US","2020-04-06","3.80",,"  170","  170","16.1","23.0"
"USW00004838","CHICAGO PALWAUKEE AIRPORT, IL US","2020-04-07","6.93",,"  240","  210","19.9","31.1"
"USW00004838","CHICAGO PALWAUKEE AIRPORT, IL US","2020-04-08","5.82",,"  300","  340","18.1","30.0"
"USW00004838","CHICAGO PALWAUKEE AIRPORT, IL US","2020-04-09","16.11",,"  310","  310","30.0","47.0"
"USW00004838","CHICAGO PALWAUKEE AIRPORT, IL US","2020-04-10","9.17",,"  320","  310","17.0","25.1"
"USW00004838","CHICAGO PALWAUKEE AIRPORT, IL US","2020-04-11","7.83",,"  190","  180","17.0","23.0"
"USW00004838","CHICAGO PALWAUKEE AIRPORT, IL US","2020-04-12","8.95",,"  320","  320","19.9","27.1"
"USW00004838","CHICAGO PALWAUKEE AIRPORT, IL US","2020-04-13","16.55",,"  310","  320","29.1","38.9"
"USW00004838","CHICAGO PALWAUKEE AIRPORT, IL US","2020-04-14","11.41",,"  290","  290","23.0","36.9"
"USW00004838","CHICAGO PALWAUKEE AIRPORT, IL US","2020-04-15","6.93",,"  320","  310","16.1","30.0"
"USW00004838","CHICAGO PALWAUKEE AIRPORT, IL US","2020-04-16","8.50",,"  270","  280","17.0","27.1"
"USW00004838","CHICAGO PALWAUKEE AIRPORT, IL US","2020-04-17","4.70",,"   50","   50","12.1","17.0"
"USW00004838","CHICAGO PALWAUKEE AIRPORT, IL US","2020-04-18","13.42",,"  200","  210","25.9","40.9"
"USW00004838","CHICAGO PALWAUKEE AIRPORT, IL US","2020-04-19","8.95",,"   50","   60","19.9","29.1"
"USW00004838","CHICAGO PALWAUKEE AIRPORT, IL US","2020-04-20","10.51",,"  300","  300","25.9","40.0"
"USW00004838","CHICAGO PALWAUKEE AIRPORT, IL US","2020-04-21","12.75",,"  310","  310","25.1","38.9"
"USW00004838","CHICAGO PALWAUKEE AIRPORT, IL US","2020-04-22","5.82",,"   10","   10","16.1","28.0"
"USW00004838","CHICAGO PALWAUKEE AIRPORT, IL US","2020-04-23","6.71",,"   20","   30","15.0","21.0"
"USW00004838","CHICAGO PALWAUKEE AIRPORT, IL US","2020-04-24","6.93",,"   30","   20","13.0","19.0"
"USW00004838","CHICAGO PALWAUKEE AIRPORT, IL US","2020-04-25","8.50",,"   20","   20","17.0","23.9"
"USW00004838","CHICAGO PALWAUKEE AIRPORT, IL US","2020-04-26","8.72",,"   40","   30","18.1","27.1"
"USW00004838","CHICAGO PALWAUKEE AIRPORT, IL US","2020-04-27","6.26",,"  190","  190","23.0","33.1"
"USW00004838","CHICAGO PALWAUKEE AIRPORT, IL US","2020-04-28","3.80",,"  330","  330","16.1","21.9"
"USW00004838","CHICAGO PALWAUKEE AIRPORT, IL US","2020-04-29","10.07",,"  330","  320","23.9","36.9"
"USW00004838","CHICAGO PALWAUKEE AIRPORT, IL US","2020-04-30","10.51",,"  350","  360","25.1","42.9"
"USW00004838","CHICAGO PALWAUKEE AIRPORT, IL US","2020-05-01","4.25",,"  180","  130","13.0","17.0"
"USW00004838","CHICAGO PALWAUKEE AIRPORT, IL US","2020-05-02","9.62",,"  280","  310","18.1","23.9"
"USW00004838","CHICAGO PALWAUKEE AIRPORT, IL US","2020-05-03","10.51",,"   30","   30","25.9","36.0"
"USW00004838","CHICAGO PALWAUKEE AIRPORT, IL US","2020-05-04","12.08",,"   40","   50","21.0","31.1"
"USW00004838","CHICAGO PALWAUKEE AIRPORT, IL US","2020-05-05","7.38",,"   30","   50","14.1","19.0"
"USW00004838","CHICAGO PALWAUKEE AIRPORT, IL US","2020-05-06","7.16",,"  270","   40","13.0","21.0"
"USW00004838","CHICAGO PALWAUKEE AIRPORT, IL US","2020-05-07","9.17",,"  320","  330","23.0","34.0"
"USW00004838","CHICAGO PALWAUKEE AIRPORT, IL US","2020-05-08","10.51",,"   30","   20","23.0","35.1"
"USW00004838","CHICAGO PALWAUKEE AIRPORT, IL US","2020-05-09","8.72",,"  240","  240","19.9","32.0"
"USW00004838","CHICAGO PALWAUKEE AIRPORT, IL US","2020-05-10","8.28",,"  350","  350","21.0","31.1"
"USW00004838","CHICAGO PALWAUKEE AIRPORT, IL US","2020-05-11","5.82",,"  320","  320","16.1","19.9"
"USW00004838","CHICAGO PALWAUKEE AIRPORT, IL US","2020-05-12","5.82",,"  280","  270","16.1","23.9"
"USW00004838","CHICAGO PALWAUKEE AIRPORT, IL US","2020-05-13","9.40",,"  150","  130","18.1","27.1"
"USW00004838","CHICAGO PALWAUKEE AIRPORT, IL US","2020-05-14","7.83",,"  180","  180","16.1","21.0"
"USW00004838","CHICAGO PALWAUKEE AIRPORT, IL US","2020-05-15","6.93",,"   50","   40","14.1","19.9"
"USW00004838","CHICAGO PALWAUKEE AIRPORT, IL US","2020-05-16","8.50",,"   40","   60","18.1","25.9"
"USW00004838","CHICAGO PALWAUKEE AIRPORT, IL US","2020-05-17","7.38",,"  160","  140","15.0","21.9"
"USW00004838","CHICAGO PALWAUKEE AIRPORT, IL US","2020-05-18","6.71",,"   10","   10","15.0","21.9"
"USW00004838","CHICAGO PALWAUKEE AIRPORT, IL US","2020-05-19","10.51",,"   40","   30","18.1","27.1"
"USW00004838","CHICAGO PALWAUKEE AIRPORT, IL US","2020-05-20","8.05",,"   60","   60","17.0","23.9"
"USW00004838","CHICAGO PALWAUKEE AIRPORT, IL US","2020-05-21","5.59",,"   80","   70","14.1","19.0"
"USW00004838","CHICAGO PALWAUKEE AIRPORT, IL US","2020-05-22","2.91",,"   80","   70","10.1","14.1"
"USW00004838","CHICAGO PALWAUKEE AIRPORT, IL US","2020-05-23","5.59",,"  310","  300","21.0","31.1"
"USW00004838","CHICAGO PALWAUKEE AIRPORT, IL US","2020-05-24","4.03",,"  120","  120","14.1","18.1"
"USW00004838","CHICAGO PALWAUKEE AIRPORT, IL US","2020-05-25","8.50",,"  190","  190","17.0","23.9"
"USW00004838","CHICAGO PALWAUKEE AIRPORT, IL US","2020-05-26","6.93",,"  130","  110","21.0","31.1"
"USW00004838","CHICAGO PALWAUKEE AIRPORT, IL US","2020-05-27","5.37",,"  170","   60","15.0","19.9"
"USW00004838","CHICAGO PALWAUKEE AIRPORT, IL US","2020-05-28","8.05",,"  320","  330","19.9","29.1"
"USW00004838","CHICAGO PALWAUKEE AIRPORT, IL US","2020-05-29","8.72",,"  330","  320","19.9","28.0"
"USW00004838","CHICAGO PALWAUKEE AIRPORT, IL US","2020-05-30","6.26",,"  320","  330","16.1","21.9"
"USW00004838","CHICAGO PALWAUKEE AIRPORT, IL US","2020-05-31","5.82",,"   40","   70","14.1","21.0"
"USW00004838","CHICAGO PALWAUKEE AIRPORT, IL US","2020-06-01","10.07",,"  180","  190","23.0","32.0"
"USW00004838","CHICAGO PALWAUKEE AIRPORT, IL US","2020-06-02","11.41",,"  320","  220","19.9","30.0"
"USW00004838","CHICAGO PALWAUKEE AIRPORT, IL US","2020-06-03","5.82",,"  320","  260","17.0","25.9"
"USW00004838","CHICAGO PALWAUKEE AIRPORT, IL US","2020-06-04","4.92",,"   50","   60","14.1","18.1"
"USW00004838","CHICAGO PALWAUKEE AIRPORT, IL US","2020-06-05","4.92",,"  310","  270","13.0","19.9"
"USW00004838","CHICAGO PALWAUKEE AIRPORT, IL US","2020-06-06","8.28",,"   50","   50","15.0","21.9"
"USW00004838","CHICAGO PALWAUKEE AIRPORT, IL US","2020-06-07","6.26",,"   50","   60","13.0","19.9"
"USW00004838","CHICAGO PALWAUKEE AIRPORT, IL US","2020-06-08","7.38",,"  120","  170","15.0","23.0"
"USW00004838","CHICAGO PALWAUKEE AIRPORT, IL US","2020-06-09","12.30",,"  200","  180","31.1","53.9"
"USW00004838","CHICAGO PALWAUKEE AIRPORT, IL US","2020-06-10","11.86",,"  230","  260","23.9","36.9"
"USW00004838","CHICAGO PALWAUKEE AIRPORT, IL US","2020-06-11","9.40",,"  280","  280","23.9","33.1"
"USW00004838","CHICAGO PALWAUKEE AIRPORT, IL US","2020-06-12","6.26",,"   10","   30","16.1","23.0"
"USW00004838","CHICAGO PALWAUKEE AIRPORT, IL US","2020-06-13","11.41",,"   30","   10","18.1","25.1"
"USW00004838","CHICAGO PALWAUKEE AIRPORT, IL US","2020-06-14","7.16",,"   60","   20","14.1","21.0"
"USW00004838","CHICAGO PALWAUKEE AIRPORT, IL US","2020-06-15","4.70",,"   60","   50","14.1","19.0"
"USW00004838","CHICAGO PALWAUKEE AIRPORT, IL US","2020-06-16","3.80",,"   60","   10","14.1","19.9"
"USW00004838","CHICAGO PALWAUKEE AIRPORT, IL US","2020-06-17","3.58",,"   90","   60","14.1","23.0"
"USW00004838","CHICAGO PALWAUKEE AIRPORT, IL US","2020-06-18","3.80",,"  100","  110","14.1","19.9"
"USW00004838","CHICAGO PALWAUKEE AIRPORT, IL US","2020-06-19","3.13",,"  200","  190","16.1","21.0"
"USW00004838","CHICAGO PALWAUKEE AIRPORT, IL US","2020-06-20","7.83",,"  190","  190","19.9","32.0"
"USW00004838","CHICAGO PALWAUKEE AIRPORT, IL US","2020-06-21","6.04",,"  140","  150","14.1","19.9"
"USW00004838","CHICAGO PALWAUKEE AIRPORT, IL US","2020-06-22","6.26",,"   30","  210","14.1","19.9"
"USW00004838","CHICAGO PALWAUKEE AIRPORT, IL US","2020-06-23",,,"  310","  280","19.9","28.0"
"USW00004838","CHICAGO PALWAUKEE AIRPORT, IL US","2020-06-24","6.49",,"  320","  320","23.9","34.0"
"USW00004838","CHICAGO PALWAUKEE AIRPORT, IL US","2020-06-25","5.59",,"  310","  250","16.1","28.0"
"USW00004838","CHICAGO PALWAUKEE AIRPORT, IL US","2020-06-26","5.82",,"  260","  260","21.9","33.1"
"USW00004838","CHICAGO PALWAUKEE AIRPORT, IL US","2020-06-27","4.47",,"  270","  280","12.1","19.0"
"USW00004838","CHICAGO PALWAUKEE AIRPORT, IL US","2020-06-28","4.47",,"   80","   80","15.0","19.9"
"USW00004838","CHICAGO PALWAUKEE AIRPORT, IL US","2020-06-29","6.71",,"  320","  320","25.9","36.9"
"USW00004838","CHICAGO PALWAUKEE AIRPORT, IL US","2020-06-30","3.80",,"   50","   50","15.0","19.9"
"USW00004838","CHICAGO PALWAUKEE AIRPORT, IL US","2020-07-01","5.82",,"   50","   60","14.1","19.0"
"USW00004838","CHICAGO PALWAUKEE AIRPORT, IL US","2020-07-02","4.03",,"   40","   50","13.0","19.0"
"USW00004838","CHICAGO PALWAUKEE AIRPORT, IL US","2020-07-03","3.58",,"   50","   60","10.1","15.0"
"USW00004838","CHICAGO PALWAUKEE AIRPORT, IL US","2020-07-04","4.92",,"   50","   60","13.0","19.9"
"USW00004838","CHICAGO PALWAUKEE AIRPORT, IL US","2020-07-05","2.24",,"   90","  100","10.1","14.1"
"USW00004838","CHICAGO PALWAUKEE AIRPORT, IL US","2020-07-06","3.13",,"  120","  120","13.0","17.0"
"USW00004838","CHICAGO PALWAUKEE AIRPORT, IL US","2020-07-07","5.14",,"  320","  350","23.0","32.0"
"USW00004838","CHICAGO PALWAUKEE AIRPORT, IL US","2020-07-08","3.13",,"  350","  350","10.1","15.0"
"USW00004838","CHICAGO PALWAUKEE AIRPORT, IL US","2020-07-09","7.83",,"  180","  200","21.0","28.0"
"USW00004838","CHICAGO PALWAUKEE AIRPORT, IL US","2020-07-10","10.51",,"  310","  330","21.9","33.1"
"USW00004838","CHICAGO PALWAUKEE AIRPORT, IL US","2020-07-11","6.71",,"  300","  300","18.1","25.9"
"USW00004838","CHICAGO PALWAUKEE AIRPORT, IL US","2020-07-12","8.95",,"   30","   30","18.1","27.1"
"USW00004838","CHICAGO PALWAUKEE AIRPORT, IL US","2020-07-13","3.36",,"  120",,"10.1",
"USW00004838","CHICAGO PALWAUKEE AIRPORT, IL US","2020-07-14","7.38",,"  190","  200","19.9","27.1"
"USW00004838","CHICAGO PALWAUKEE AIRPORT, IL US","2020-07-15","8.28",,"  200","   20","15.0","21.9"
"USW00004838","CHICAGO PALWAUKEE AIRPORT, IL US","2020-07-16","5.59",,"   40","   60","14.1","19.9"
"USW00004838","CHICAGO PALWAUKEE AIRPORT, IL US","2020-07-17","5.14",,"  200","  200","13.0","19.9"
"USW00004838","CHICAGO PALWAUKEE AIRPORT, IL US","2020-07-18","11.41",,"  200","  210","19.9","28.0"
"USW00004838","CHICAGO PALWAUKEE AIRPORT, IL US","2020-07-19","9.62",,"  220","  230","18.1","32.0"
"USW00004838","CHICAGO PALWAUKEE AIRPORT, IL US","2020-07-20","5.59",,"  300","  280","14.1","21.0"
"USW00004838","CHICAGO PALWAUKEE AIRPORT, IL US","2020-07-21","4.92",,"  180","  170","12.1","17.0"
"USW00004838","CHICAGO PALWAUKEE AIRPORT, IL US","2020-07-22","7.83",,"  290","  290","15.0","23.0"
"USW00004838","CHICAGO PALWAUKEE AIRPORT, IL US","2020-07-23","6.71",,"   40","   20","14.1","19.0"
"USW00004838","CHICAGO PALWAUKEE AIRPORT, IL US","2020-07-24","5.37",,"   50","   90","12.1","19.9"
"USW00004838","CHICAGO PALWAUKEE AIRPORT, IL US","2020-07-25","6.04",,"  170","  170","15.0","19.9"
"USW00004838","CHICAGO PALWAUKEE AIRPORT, IL US","2020-07-26","9.84",,"  310","  300","30.0","42.1"
"USW00004838","CHICAGO PALWAUKEE AIRPORT, IL US","2020-07-27","7.61",,"  310","  320","18.1","25.1"
"USW00004838","CHICAGO PALWAUKEE AIRPORT, IL US","2020-07-28","8.05",,"  230","  240","17.0","25.9"
"USW00004838","CHICAGO PALWAUKEE AIRPORT, IL US","2020-07-29","6.04",,"  170","  250","14.1","27.1"
"USW00004838","CHICAGO PALWAUKEE AIRPORT, IL US","2020-07-30","8.72",,"   50","   20","18.1","29.1"
"USW00004838","CHICAGO PALWAUKEE AIRPORT, IL US","2020-07-31","6.93",,"   40","   40","14.1","21.0"
"USW00004838","CHICAGO PALWAUKEE AIRPORT, IL US","2020-08-01","6.04",,"   30","   10","13.0","17.0"
"USW00004838","CHICAGO PALWAUKEE AIRPORT, IL US","2020-08-02","5.82",,"   30","  320","21.0","31.1"
"USW00004838","CHICAGO PALWAUKEE AIRPORT, IL US","2020-08-03","8.95",,"  360","  360","15.0","21.9"
"USW00004838","CHICAGO PALWAUKEE AIRPORT, IL US","2020-08-04","7.16",,"  320","  350","17.0","30.0"
"USW00004838","CHICAGO PALWAUKEE AIRPORT, IL US","2020-08-05","2.91",,"  290","  260","12.1","17.0"
"USW00004838","CHICAGO PALWAUKEE AIRPORT, IL US","2020-08-06","3.80",,"   50","   40","13.0","18.1"
"USW00004838","CHICAGO PALWAUKEE AIRPORT, IL US","2020-08-07","3.80",,"  120","  130","13.0","18.1"
"USW00004838","CHICAGO PALWAUKEE AIRPORT, IL US","2020-08-08","9.62",,"  190","  210","18.1","23.9"
"USW00004838","CHICAGO PALWAUKEE AIRPORT, IL US","2020-08-09","9.40",,"  320","  290","23.0","34.0"
"USW00004838","CHICAGO PALWAUKEE AIRPORT, IL US","2020-08-10","6.71",,"  270","  270","33.1","49.0"
"USW00004838","CHICAGO PALWAUKEE AIRPORT, IL US","2020-08-11","4.03",,"   50","   30","10.1","16.1"
"USW00004838","CHICAGO PALWAUKEE AIRPORT, IL US","2020-08-12","3.36",,"  100","   70","14.1","21.0"
"USW00004838","CHICAGO PALWAUKEE AIRPORT, IL US","2020-08-13","4.03",,"   50","   30","13.0","19.0"
"USW00004838","CHICAGO PALWAUKEE AIRPORT, IL US","2020-08-14","3.80",,"   50","   40","13.0","18.1"
"USW00004838","CHICAGO PALWAUKEE AIRPORT, IL US","2020-08-15","5.14",,"  320","  270","15.0","21.9"
"USW00004838","CHICAGO PALWAUKEE AIRPORT, IL US","2020-08-16","5.59",,"  100","  110","10.1","16.1"
"USW00004838","CHICAGO PALWAUKEE AIRPORT, IL US","2020-08-17","4.03",,"  120","  130","10.1","14.1"
"USW00004838","CHICAGO PALWAUKEE AIRPORT, IL US","2020-08-18","5.82",,"   30","   50","15.0","23.0"
"USW00004838","CHICAGO PALWAUKEE AIRPORT, IL US","2020-08-19","3.36",,"  120","  110","13.0","17.0"
"USW00004838","CHICAGO PALWAUKEE AIRPORT, IL US","2020-08-20","4.47",,"  190","  210","14.1","19.0"
"USW00004838","CHICAGO PALWAUKEE AIRPORT, IL US","2020-08-21","2.91",,"   60","   60","13.0","19.9"
"USW00004838","CHICAGO PALWAUKEE AIRPORT, IL US","2020-08-22","5.59",,"  170","  180","18.1","23.0"
"USW00004838","CHICAGO PALWAUKEE AIRPORT, IL US","2020-08-23","5.14",,"  270","  280","25.1","36.0"
"USW00004838","CHICAGO PALWAUKEE AIRPORT, IL US","2020-08-24","3.58",,"  270","  250","14.1","18.1"
"USW00004838","CHICAGO PALWAUKEE AIRPORT, IL US","2020-08-25","5.59",,"  350","  330","21.0","31.1"
"USW00004838","CHICAGO PALWAUKEE AIRPORT, IL US","2020-08-26","8.28",,"  210","  200","17.0","27.1"
"USW00004838","CHICAGO PALWAUKEE AIRPORT, IL US","2020-08-27","7.83",,"  240","  240","16.1","23.9"
"USW00004838","CHICAGO PALWAUKEE AIRPORT, IL US","2020-08-28","8.72",,"  320","  330","17.0","25.1"
"USW00004838","CHICAGO PALWAUKEE AIRPORT, IL US","2020-08-29","8.95",,"  300","  310","21.0","31.1"
"USW00004838","CHICAGO PALWAUKEE AIRPORT, IL US","2020-08-30","5.14",,"   70","   40","12.1","18.1"
"USW00004838","CHICAGO PALWAUKEE AIRPORT, IL US","2020-08-31","6.93",,"  170","  150","19.9","28.0"
"USW00004838","CHICAGO PALWAUKEE AIRPORT, IL US","2020-09-01","6.26",,"  110","  100","14.1","21.0"
"USW00004838","CHICAGO PALWAUKEE AIRPORT, IL US","2020-09-02","7.38",,"  310","  290","18.1","25.1"
"USW00004838","CHICAGO PALWAUKEE AIRPORT, IL US","2020-09-03","11.18",,"  240","  240","28.0","45.0"
"USW00004838","CHICAGO PALWAUKEE AIRPORT, IL US","2020-09-04","6.93",,"  290","  260","21.9","34.0"
"USW00004838","CHICAGO PALWAUKEE AIRPORT, IL US","2020-09-05","6.71",,"  310","  260","18.1","32.0"
"USW00004838","CHICAGO PALWAUKEE AIRPORT, IL US","2020-09-06","12.08",,"  190","  180","25.1","36.0"
"USW00004838","CHICAGO PALWAUKEE AIRPORT, IL US","2020-09-07","9.17",,"   50","   40","17.0","28.0"
"US1ILCK0074","OAK PARK 1.3 NNE, IL US","2019-10-01",,,,,,
"US1ILCK0074","OAK PARK 1.3 NNE, IL US","2019-10-02",,,,,,
"US1ILCK0074","OAK PARK 1.3 NNE, IL US","2019-10-03",,,,,,
"US1ILCK0074","OAK PARK 1.3 NNE, IL US","2019-10-04",,,,,,
"US1ILCK0074","OAK PARK 1.3 NNE, IL US","2019-10-05",,,,,,
"US1ILCK0074","OAK PARK 1.3 NNE, IL US","2019-10-06",,,,,,
"US1ILCK0074","OAK PARK 1.3 NNE, IL US","2019-10-07",,,,,,
"US1ILCK0074","OAK PARK 1.3 NNE, IL US","2019-10-08",,,,,,
"US1ILCK0074","OAK PARK 1.3 NNE, IL US","2019-10-09",,,,,,
"US1ILCK0074","OAK PARK 1.3 NNE, IL US","2019-10-10",,,,,,
"US1ILCK0074","OAK PARK 1.3 NNE, IL US","2019-10-11",,,,,,
"US1ILCK0074","OAK PARK 1.3 NNE, IL US","2019-10-12",,,,,,
"US1ILCK0074","OAK PARK 1.3 NNE, IL US","2019-10-13",,,,,,
"US1ILCK0074","OAK PARK 1.3 NNE, IL US","2019-10-14",,,,,,
"US1ILCK0074","OAK PARK 1.3 NNE, IL US","2019-10-15",,,,,,
"US1ILCK0074","OAK PARK 1.3 NNE, IL US","2019-10-16",,,,,,
"US1ILCK0074","OAK PARK 1.3 NNE, IL US","2019-10-17",,,,,,
"US1ILCK0074","OAK PARK 1.3 NNE, IL US","2019-10-18",,,,,,
"US1ILCK0074","OAK PARK 1.3 NNE, IL US","2019-10-19",,,,,,
"US1ILCK0074","OAK PARK 1.3 NNE, IL US","2019-10-20",,,,,,
"US1ILCK0074","OAK PARK 1.3 NNE, IL US","2019-10-21",,,,,,
"US1ILCK0074","OAK PARK 1.3 NNE, IL US","2019-10-22",,,,,,
"US1ILCK0074","OAK PARK 1.3 NNE, IL US","2019-10-23",,,,,,
"US1ILCK0074","OAK PARK 1.3 NNE, IL US","2019-10-24",,,,,,
"US1ILCK0074","OAK PARK 1.3 NNE, IL US","2019-10-25",,,,,,
"US1ILCK0074","OAK PARK 1.3 NNE, IL US","2019-10-26",,,,,,
"US1ILCK0074","OAK PARK 1.3 NNE, IL US","2019-10-27",,,,,,
"US1ILCK0074","OAK PARK 1.3 NNE, IL US","2019-10-28",,,,,,
"US1ILCK0074","OAK PARK 1.3 NNE, IL US","2019-10-29",,,,,,
"US1ILCK0074","OAK PARK 1.3 NNE, IL US","2019-10-30",,,,,,
"US1ILCK0074","OAK PARK 1.3 NNE, IL US","2019-10-31",,,,,,
"US1ILCK0074","OAK PARK 1.3 NNE, IL US","2019-11-01",,,,,,
"US1ILCK0074","OAK PARK 1.3 NNE, IL US","2019-11-02",,,,,,
"US1ILCK0074","OAK PARK 1.3 NNE, IL US","2019-11-03",,,,,,
"US1ILCK0074","OAK PARK 1.3 NNE, IL US","2019-11-04",,,,,,
"US1ILCK0074","OAK PARK 1.3 NNE, IL US","2019-11-05",,,,,,
"US1ILCK0074","OAK PARK 1.3 NNE, IL US","2019-11-06",,,,,,
"US1ILCK0074","OAK PARK 1.3 NNE, IL US","2019-11-07",,,,,,
"US1ILCK0074","OAK PARK 1.3 NNE, IL US","2019-11-08",,,,,,
"US1ILCK0074","OAK PARK 1.3 NNE, IL US","2019-11-09",,,,,,
"US1ILCK0074","OAK PARK 1.3 NNE, IL US","2019-11-10",,,,,,
"US1ILCK0074","OAK PARK 1.3 NNE, IL US","2019-11-11",,,,,,
"US1ILCK0074","OAK PARK 1.3 NNE, IL US","2019-11-12",,,,,,
"US1ILCK0074","OAK PARK 1.3 NNE, IL US","2019-11-13",,,,,,
"US1ILCK0074","OAK PARK 1.3 NNE, IL US","2019-11-14",,,,,,
"US1ILCK0074","OAK PARK 1.3 NNE, IL US","2019-11-15",,,,,,
"US1ILCK0074","OAK PARK 1.3 NNE, IL US","2019-11-16",,,,,,
"US1ILCK0074","OAK PARK 1.3 NNE, IL US","2019-11-17",,,,,,
"US1ILCK0074","OAK PARK 1.3 NNE, IL US","2019-11-18",,,,,,
"US1ILCK0074","OAK PARK 1.3 NNE, IL US","2019-11-19",,,,,,
"US1ILCK0074","OAK PARK 1.3 NNE, IL US","2019-11-20",,,,,,
"US1ILCK0074","OAK PARK 1.3 NNE, IL US","2019-11-21",,,,,,
"US1ILCK0074","OAK PARK 1.3 NNE, IL US","2019-11-22",,,,,,
"US1ILCK0074","OAK PARK 1.3 NNE, IL US","2019-11-23",,,,,,
"US1ILCK0074","OAK PARK 1.3 NNE, IL US","2019-11-24",,,,,,
"US1ILCK0074","OAK PARK 1.3 NNE, IL US","2019-11-25",,,,,,
"US1ILCK0074","OAK PARK 1.3 NNE, IL US","2019-11-26",,,,,,
"US1ILCK0074","OAK PARK 1.3 NNE, IL US","2019-11-27",,,,,,
"US1ILCK0074","OAK PARK 1.3 NNE, IL US","2019-11-28",,,,,,
"US1ILCK0074","OAK PARK 1.3 NNE, IL US","2019-11-29",,,,,,
"US1ILCK0074","OAK PARK 1.3 NNE, IL US","2019-11-30",,,,,,
"US1ILCK0074","OAK PARK 1.3 NNE, IL US","2019-12-01",,,,,,
"US1ILCK0074","OAK PARK 1.3 NNE, IL US","2019-12-02",,,,,,
"US1ILCK0074","OAK PARK 1.3 NNE, IL US","2019-12-03",,,,,,
"US1ILCK0074","OAK PARK 1.3 NNE, IL US","2019-12-04",,,,,,
"US1ILCK0074","OAK PARK 1.3 NNE, IL US","2019-12-05",,,,,,
"US1ILCK0074","OAK PARK 1.3 NNE, IL US","2019-12-06",,,,,,
"US1ILCK0074","OAK PARK 1.3 NNE, IL US","2019-12-07",,,,,,
"US1ILCK0074","OAK PARK 1.3 NNE, IL US","2019-12-08",,,,,,
"US1ILCK0074","OAK PARK 1.3 NNE, IL US","2019-12-09",,,,,,
"US1ILCK0074","OAK PARK 1.3 NNE, IL US","2019-12-10",,,,,,
"US1ILCK0074","OAK PARK 1.3 NNE, IL US","2019-12-11",,,,,,
"US1ILCK0074","OAK PARK 1.3 NNE, IL US","2019-12-12",,,,,,
"US1ILCK0074","OAK PARK 1.3 NNE, IL US","2019-12-13",,,,,,
"US1ILCK0074","OAK PARK 1.3 NNE, IL US","2019-12-14",,,,,,
"US1ILCK0074","OAK PARK 1.3 NNE, IL US","2019-12-15",,,,,,
"US1ILCK0074","OAK PARK 1.3 NNE, IL US","2019-12-16",,,,,,
"US1ILCK0074","OAK PARK 1.3 NNE, IL US","2019-12-17",,,,,,
"US1ILCK0074","OAK PARK 1.3 NNE, IL US","2019-12-18",,,,,,
"US1ILCK0074","OAK PARK 1.3 NNE, IL US","2019-12-19",,,,,,
"US1ILCK0074","OAK PARK 1.3 NNE, IL US","2019-12-20",,,,,,
"US1ILCK0074","OAK PARK 1.3 NNE, IL US","2019-12-21",,,,,,
"US1ILCK0074","OAK PARK 1.3 NNE, IL US","2019-12-22",,,,,,
"US1ILCK0074","OAK PARK 1.3 NNE, IL US","2019-12-23",,,,,,
"US1ILCK0074","OAK PARK 1.3 NNE, IL US","2019-12-24",,,,,,
"US1ILCK0074","OAK PARK 1.3 NNE, IL US","2019-12-25",,,,,,
"US1ILCK0074","OAK PARK 1.3 NNE, IL US","2019-12-26",,,,,,
"US1ILCK0074","OAK PARK 1.3 NNE, IL US","2019-12-27",,,,,,
"US1ILCK0074","OAK PARK 1.3 NNE, IL US","2019-12-28",,,,,,
"US1ILCK0074","OAK PARK 1.3 NNE, IL US","2019-12-29",,,,,,
"US1ILCK0074","OAK PARK 1.3 NNE, IL US","2019-12-30",,,,,,
"US1ILCK0074","OAK PARK 1.3 NNE, IL US","2019-12-31",,,,,,
"US1ILCK0074","OAK PARK 1.3 NNE, IL US","2020-01-01",,,,,,
"US1ILCK0074","OAK PARK 1.3 NNE, IL US","2020-01-02",,,,,,
"US1ILCK0074","OAK PARK 1.3 NNE, IL US","2020-01-03",,,,,,
"US1ILCK0074","OAK PARK 1.3 NNE, IL US","2020-01-04",,,,,,
"US1ILCK0074","OAK PARK 1.3 NNE, IL US","2020-01-05",,,,,,
"US1ILCK0074","OAK PARK 1.3 NNE, IL US","2020-01-06",,,,,,
"US1ILCK0074","OAK PARK 1.3 NNE, IL US","2020-01-07",,,,,,
"US1ILCK0074","OAK PARK 1.3 NNE, IL US","2020-01-08",,,,,,
"US1ILCK0074","OAK PARK 1.3 NNE, IL US","2020-01-09",,,,,,
"US1ILCK0074","OAK PARK 1.3 NNE, IL US","2020-01-10",,,,,,
"US1ILCK0074","OAK PARK 1.3 NNE, IL US","2020-01-11",,,,,,
"US1ILCK0074","OAK PARK 1.3 NNE, IL US","2020-01-12",,,,,,
"US1ILCK0074","OAK PARK 1.3 NNE, IL US","2020-01-13",,,,,,
"US1ILCK0074","OAK PARK 1.3 NNE, IL US","2020-01-14",,,,,,
"US1ILCK0074","OAK PARK 1.3 NNE, IL US","2020-01-15",,,,,,
"US1ILCK0074","OAK PARK 1.3 NNE, IL US","2020-01-16",,,,,,
"US1ILCK0074","OAK PARK 1.3 NNE, IL US","2020-01-17",,,,,,
"US1ILCK0074","OAK PARK 1.3 NNE, IL US","2020-01-18",,,,,,
"US1ILCK0074","OAK PARK 1.3 NNE, IL US","2020-01-19",,,,,,
"US1ILCK0074","OAK PARK 1.3 NNE, IL US","2020-01-20",,,,,,
"US1ILCK0074","OAK PARK 1.3 NNE, IL US","2020-01-21",,,,,,
"US1ILCK0074","OAK PARK 1.3 NNE, IL US","2020-01-22",,,,,,
"US1ILCK0074","OAK PARK 1.3 NNE, IL US","2020-01-23",,,,,,
"US1ILCK0074","OAK PARK 1.3 NNE, IL US","2020-01-24",,,,,,
"US1ILCK0074","OAK PARK 1.3 NNE, IL US","2020-01-25",,,,,,
"US1ILCK0074","OAK PARK 1.3 NNE, IL US","2020-01-26",,,,,,
"US1ILCK0074","OAK PARK 1.3 NNE, IL US","2020-01-27",,,,,,
"US1ILCK0074","OAK PARK 1.3 NNE, IL US","2020-01-28",,,,,,
"US1ILCK0074","OAK PARK 1.3 NNE, IL US","2020-01-29",,,,,,
"US1ILCK0074","OAK PARK 1.3 NNE, IL US","2020-01-30",,,,,,
"US1ILCK0074","OAK PARK 1.3 NNE, IL US","2020-01-31",,,,,,
"US1ILCK0074","OAK PARK 1.3 NNE, IL US","2020-02-01",,,,,,
"US1ILCK0074","OAK PARK 1.3 NNE, IL US","2020-02-02",,,,,,
"US1ILCK0074","OAK PARK 1.3 NNE, IL US","2020-02-03",,,,,,
"US1ILCK0074","OAK PARK 1.3 NNE, IL US","2020-02-04",,,,,,
"US1ILCK0074","OAK PARK 1.3 NNE, IL US","2020-02-05",,,,,,
"US1ILCK0074","OAK PARK 1.3 NNE, IL US","2020-02-06",,,,,,
"US1ILCK0074","OAK PARK 1.3 NNE, IL US","2020-02-07",,,,,,
"US1ILCK0074","OAK PARK 1.3 NNE, IL US","2020-02-08",,,,,,
"US1ILCK0074","OAK PARK 1.3 NNE, IL US","2020-02-09",,,,,,
"US1ILCK0074","OAK PARK 1.3 NNE, IL US","2020-02-10",,,,,,
"US1ILCK0074","OAK PARK 1.3 NNE, IL US","2020-02-11",,,,,,
"US1ILCK0074","OAK PARK 1.3 NNE, IL US","2020-02-12",,,,,,
"US1ILCK0074","OAK PARK 1.3 NNE, IL US","2020-02-13",,,,,,
"US1ILCK0074","OAK PARK 1.3 NNE, IL US","2020-02-14",,,,,,
"US1ILCK0074","OAK PARK 1.3 NNE, IL US","2020-02-15",,,,,,
"US1ILCK0074","OAK PARK 1.3 NNE, IL US","2020-02-16",,,,,,
"US1ILCK0074","OAK PARK 1.3 NNE, IL US","2020-02-17",,,,,,
"US1ILCK0074","OAK PARK 1.3 NNE, IL US","2020-02-18",,,,,,
"US1ILCK0074","OAK PARK 1.3 NNE, IL US","2020-02-19",,,,,,
"US1ILCK0074","OAK PARK 1.3 NNE, IL US","2020-02-20",,,,,,
"US1ILCK0074","OAK PARK 1.3 NNE, IL US","2020-02-21",,,,,,
"US1ILCK0074","OAK PARK 1.3 NNE, IL US","2020-02-22",,,,,,
"US1ILCK0074","OAK PARK 1.3 NNE, IL US","2020-02-23",,,,,,
"US1ILCK0074","OAK PARK 1.3 NNE, IL US","2020-02-24",,,,,,
"US1ILCK0074","OAK PARK 1.3 NNE, IL US","2020-02-25",,,,,,
"US1ILCK0074","OAK PARK 1.3 NNE, IL US","2020-02-26",,,,,,
"US1ILCK0074","OAK PARK 1.3 NNE, IL US","2020-02-27",,,,,,
"US1ILCK0074","OAK PARK 1.3 NNE, IL US","2020-02-28",,,,,,
"US1ILCK0074","OAK PARK 1.3 NNE, IL US","2020-02-29",,,,,,
"US1ILCK0074","OAK PARK 1.3 NNE, IL US","2020-03-01",,,,,,
"US1ILCK0074","OAK PARK 1.3 NNE, IL US","2020-03-02",,,,,,
"US1ILCK0074","OAK PARK 1.3 NNE, IL US","2020-03-03",,,,,,
"US1ILCK0074","OAK PARK 1.3 NNE, IL US","2020-03-04",,,,,,
"US1ILCK0074","OAK PARK 1.3 NNE, IL US","2020-03-05",,,,,,
"US1ILCK0074","OAK PARK 1.3 NNE, IL US","2020-03-06",,,,,,
"US1ILCK0074","OAK PARK 1.3 NNE, IL US","2020-03-07",,,,,,
"US1ILCK0074","OAK PARK 1.3 NNE, IL US","2020-03-08",,,,,,
"US1ILCK0074","OAK PARK 1.3 NNE, IL US","2020-03-09",,,,,,
"US1ILCK0074","OAK PARK 1.3 NNE, IL US","2020-03-10",,,,,,
"US1ILCK0074","OAK PARK 1.3 NNE, IL US","2020-03-11",,,,,,
"US1ILCK0074","OAK PARK 1.3 NNE, IL US","2020-03-12",,,,,,
"US1ILCK0074","OAK PARK 1.3 NNE, IL US","2020-03-13",,,,,,
"US1ILCK0074","OAK PARK 1.3 NNE, IL US","2020-03-14",,,,,,
"US1ILCK0074","OAK PARK 1.3 NNE, IL US","2020-03-15",,,,,,
"US1ILCK0074","OAK PARK 1.3 NNE, IL US","2020-03-16",,,,,,
"US1ILCK0074","OAK PARK 1.3 NNE, IL US","2020-03-17",,,,,,
"US1ILCK0074","OAK PARK 1.3 NNE, IL US","2020-03-18",,,,,,
"US1ILCK0074","OAK PARK 1.3 NNE, IL US","2020-03-19",,,,,,
"US1ILCK0074","OAK PARK 1.3 NNE, IL US","2020-03-20",,,,,,
"US1ILCK0074","OAK PARK 1.3 NNE, IL US","2020-03-21",,,,,,
"US1ILCK0074","OAK PARK 1.3 NNE, IL US","2020-03-22",,,,,,
"US1ILCK0074","OAK PARK 1.3 NNE, IL US","2020-03-23",,,,,,
"US1ILCK0074","OAK PARK 1.3 NNE, IL US","2020-03-24",,,,,,
"US1ILCK0074","OAK PARK 1.3 NNE, IL US","2020-03-25",,,,,,
"US1ILCK0074","OAK PARK 1.3 NNE, IL US","2020-03-26",,,,,,
"US1ILCK0074","OAK PARK 1.3 NNE, IL US","2020-03-27",,,,,,
"US1ILCK0074","OAK PARK 1.3 NNE, IL US","2020-03-28",,,,,,
"US1ILCK0074","OAK PARK 1.3 NNE, IL US","2020-03-29",,,,,,
"US1ILCK0074","OAK PARK 1.3 NNE, IL US","2020-03-30",,,,,,
"US1ILCK0074","OAK PARK 1.3 NNE, IL US","2020-03-31",,,,,,
"US1ILCK0074","OAK PARK 1.3 NNE, IL US","2020-04-01",,,,,,
"US1ILCK0074","OAK PARK 1.3 NNE, IL US","2020-04-02",,,,,,
"US1ILCK0074","OAK PARK 1.3 NNE, IL US","2020-04-03",,,,,,
"US1ILCK0074","OAK PARK 1.3 NNE, IL US","2020-04-04",,,,,,
"US1ILCK0074","OAK PARK 1.3 NNE, IL US","2020-04-05",,,,,,
"US1ILCK0074","OAK PARK 1.3 NNE, IL US","2020-04-06",,,,,,
"US1ILCK0074","OAK PARK 1.3 NNE, IL US","2020-04-07",,,,,,
"US1ILCK0074","OAK PARK 1.3 NNE, IL US","2020-04-08",,,,,,
"US1ILCK0074","OAK PARK 1.3 NNE, IL US","2020-04-09",,,,,,
"US1ILCK0074","OAK PARK 1.3 NNE, IL US","2020-04-10",,,,,,
"US1ILCK0074","OAK PARK 1.3 NNE, IL US","2020-04-11",,,,,,
"US1ILCK0074","OAK PARK 1.3 NNE, IL US","2020-04-12",,,,,,
"US1ILCK0074","OAK PARK 1.3 NNE, IL US","2020-04-13",,,,,,
"US1ILCK0074","OAK PARK 1.3 NNE, IL US","2020-04-14",,,,,,
"US1ILCK0074","OAK PARK 1.3 NNE, IL US","2020-04-15",,,,,,
"US1ILCK0074","OAK PARK 1.3 NNE, IL US","2020-04-16",,,,,,
"US1ILCK0074","OAK PARK 1.3 NNE, IL US","2020-04-17",,,,,,
"US1ILCK0074","OAK PARK 1.3 NNE, IL US","2020-04-18",,,,,,
"US1ILCK0074","OAK PARK 1.3 NNE, IL US","2020-04-19",,,,,,
"US1ILCK0074","OAK PARK 1.3 NNE, IL US","2020-04-20",,,,,,
"US1ILCK0074","OAK PARK 1.3 NNE, IL US","2020-04-21",,,,,,
"US1ILCK0074","OAK PARK 1.3 NNE, IL US","2020-04-22",,,,,,
"US1ILCK0074","OAK PARK 1.3 NNE, IL US","2020-04-23",,,,,,
"US1ILCK0074","OAK PARK 1.3 NNE, IL US","2020-04-24",,,,,,
"US1ILCK0074","OAK PARK 1.3 NNE, IL US","2020-04-25",,,,,,
"US1ILCK0074","OAK PARK 1.3 NNE, IL US","2020-04-26",,,,,,
"US1ILCK0074","OAK PARK 1.3 NNE, IL US","2020-04-27",,,,,,
"US1ILCK0074","OAK PARK 1.3 NNE, IL US","2020-04-28",,,,,,
"US1ILCK0074","OAK PARK 1.3 NNE, IL US","2020-04-29",,,,,,
"US1ILCK0074","OAK PARK 1.3 NNE, IL US","2020-04-30",,,,,,
"US1ILCK0074","OAK PARK 1.3 NNE, IL US","2020-05-01",,,,,,
"US1ILCK0074","OAK PARK 1.3 NNE, IL US","2020-05-02",,,,,,
"US1ILCK0074","OAK PARK 1.3 NNE, IL US","2020-05-03",,,,,,
"US1ILCK0074","OAK PARK 1.3 NNE, IL US","2020-05-04",,,,,,
"US1ILCK0074","OAK PARK 1.3 NNE, IL US","2020-05-05",,,,,,
"US1ILCK0074","OAK PARK 1.3 NNE, IL US","2020-05-06",,,,,,
"US1ILCK0074","OAK PARK 1.3 NNE, IL US","2020-05-07",,,,,,
"US1ILCK0074","OAK PARK 1.3 NNE, IL US","2020-05-08",,,,,,
"US1ILCK0074","OAK PARK 1.3 NNE, IL US","2020-05-09",,,,,,
"US1ILCK0074","OAK PARK 1.3 NNE, IL US","2020-05-10",,,,,,
"US1ILCK0074","OAK PARK 1.3 NNE, IL US","2020-05-11",,,,,,
"US1ILCK0074","OAK PARK 1.3 NNE, IL US","2020-05-12",,,,,,
"US1ILCK0074","OAK PARK 1.3 NNE, IL US","2020-05-13",,,,,,
"US1ILCK0074","OAK PARK 1.3 NNE, IL US","2020-05-14",,,,,,
"US1ILCK0074","OAK PARK 1.3 NNE, IL US","2020-05-15",,,,,,
"US1ILCK0074","OAK PARK 1.3 NNE, IL US","2020-05-16",,,,,,
"US1ILCK0074","OAK PARK 1.3 NNE, IL US","2020-05-17",,,,,,
"US1ILCK0074","OAK PARK 1.3 NNE, IL US","2020-05-18",,,,,,
"US1ILCK0074","OAK PARK 1.3 NNE, IL US","2020-05-19",,,,,,
"US1ILCK0074","OAK PARK 1.3 NNE, IL US","2020-05-20",,,,,,
"US1ILCK0074","OAK PARK 1.3 NNE, IL US","2020-05-21",,,,,,
"US1ILCK0074","OAK PARK 1.3 NNE, IL US","2020-05-22",,,,,,
"US1ILCK0074","OAK PARK 1.3 NNE, IL US","2020-05-23",,,,,,
"US1ILCK0074","OAK PARK 1.3 NNE, IL US","2020-05-24",,,,,,
"US1ILCK0074","OAK PARK 1.3 NNE, IL US","2020-05-25",,,,,,
"US1ILCK0074","OAK PARK 1.3 NNE, IL US","2020-05-26",,,,,,
"US1ILCK0074","OAK PARK 1.3 NNE, IL US","2020-05-27",,,,,,
"US1ILCK0074","OAK PARK 1.3 NNE, IL US","2020-05-28",,,,,,
"US1ILCK0074","OAK PARK 1.3 NNE, IL US","2020-05-29",,,,,,
"US1ILCK0074","OAK PARK 1.3 NNE, IL US","2020-05-30",,,,,,
"US1ILCK0074","OAK PARK 1.3 NNE, IL US","2020-05-31",,,,,,
"US1ILCK0074","OAK PARK 1.3 NNE, IL US","2020-06-01",,,,,,
"US1ILCK0074","OAK PARK 1.3 NNE, IL US","2020-06-02",,,,,,
"US1ILCK0074","OAK PARK 1.3 NNE, IL US","2020-06-03",,,,,,
"US1ILCK0074","OAK PARK 1.3 NNE, IL US","2020-06-04",,,,,,
"US1ILCK0074","OAK PARK 1.3 NNE, IL US","2020-06-05",,,,,,
"US1ILCK0074","OAK PARK 1.3 NNE, IL US","2020-06-06",,,,,,
"US1ILCK0074","OAK PARK 1.3 NNE, IL US","2020-06-07",,,,,,
"US1ILCK0074","OAK PARK 1.3 NNE, IL US","2020-06-08",,,,,,
"US1ILCK0074","OAK PARK 1.3 NNE, IL US","2020-06-09",,,,,,
"US1ILCK0074","OAK PARK 1.3 NNE, IL US","2020-06-10",,,,,,
"US1ILCK0074","OAK PARK 1.3 NNE, IL US","2020-06-11",,,,,,
"US1ILCK0074","OAK PARK 1.3 NNE, IL US","2020-06-12",,,,,,
"US1ILCK0074","OAK PARK 1.3 NNE, IL US","2020-06-13",,,,,,
"US1ILCK0074","OAK PARK 1.3 NNE, IL US","2020-06-14",,,,,,
"US1ILCK0074","OAK PARK 1.3 NNE, IL US","2020-06-15",,,,,,
"US1ILCK0074","OAK PARK 1.3 NNE, IL US","2020-06-16",,,,,,
"US1ILCK0074","OAK PARK 1.3 NNE, IL US","2020-06-17",,,,,,
"US1ILCK0074","OAK PARK 1.3 NNE, IL US","2020-06-18",,,,,,
"US1ILCK0074","OAK PARK 1.3 NNE, IL US","2020-06-19",,,,,,
"US1ILCK0074","OAK PARK 1.3 NNE, IL US","2020-06-20",,,,,,
"US1ILCK0074","OAK PARK 1.3 NNE, IL US","2020-06-21",,,,,,
"US1ILCK0074","OAK PARK 1.3 NNE, IL US","2020-06-22",,,,,,
"US1ILCK0074","OAK PARK 1.3 NNE, IL US","2020-06-23",,,,,,
"US1ILCK0074","OAK PARK 1.3 NNE, IL US","2020-06-24",,,,,,
"US1ILCK0074","OAK PARK 1.3 NNE, IL US","2020-06-25",,,,,,
"US1ILCK0074","OAK PARK 1.3 NNE, IL US","2020-06-26",,,,,,
"US1ILCK0074","OAK PARK 1.3 NNE, IL US","2020-06-27",,,,,,
"US1ILCK0074","OAK PARK 1.3 NNE, IL US","2020-06-28",,,,,,
"US1ILCK0074","OAK PARK 1.3 NNE, IL US","2020-06-29",,,,,,
"US1ILCK0074","OAK PARK 1.3 NNE, IL US","2020-06-30",,,,,,
"US1ILCK0074","OAK PARK 1.3 NNE, IL US","2020-07-01",,,,,,
"US1ILCK0074","OAK PARK 1.3 NNE, IL US","2020-07-02",,,,,,
"US1ILCK0074","OAK PARK 1.3 NNE, IL US","2020-07-03",,,,,,
"US1ILCK0074","OAK PARK 1.3 NNE, IL US","2020-07-04",,,,,,
"US1ILCK0074","OAK PARK 1.3 NNE, IL US","2020-07-05",,,,,,
"US1ILCK0074","OAK PARK 1.3 NNE, IL US","2020-07-06",,,,,,
"US1ILCK0074","OAK PARK 1.3 NNE, IL US","2020-07-07",,,,,,
"US1ILCK0074","OAK PARK 1.3 NNE, IL US","2020-07-08",,,,,,
"US1ILCK0074","OAK PARK 1.3 NNE, IL US","2020-07-09",,,,,,
"US1ILCK0074","OAK PARK 1.3 NNE, IL US","2020-07-10",,,,,,
"US1ILCK0074","OAK PARK 1.3 NNE, IL US","2020-07-11",,,,,,
"US1ILCK0074","OAK PARK 1.3 NNE, IL US","2020-07-12",,,,,,
"US1ILCK0074","OAK PARK 1.3 NNE, IL US","2020-07-13",,,,,,
"US1ILCK0074","OAK PARK 1.3 NNE, IL US","2020-07-14",,,,,,
"US1ILCK0074","OAK PARK 1.3 NNE, IL US","2020-07-15",,,,,,
"US1ILCK0074","OAK PARK 1.3 NNE, IL US","2020-07-16",,,,,,
"US1ILCK0074","OAK PARK 1.3 NNE, IL US","2020-07-17",,,,,,
"US1ILCK0074","OAK PARK 1.3 NNE, IL US","2020-07-18",,,,,,
"US1ILCK0074","OAK PARK 1.3 NNE, IL US","2020-07-19",,,,,,
"US1ILCK0074","OAK PARK 1.3 NNE, IL US","2020-07-20",,,,,,
"US1ILCK0074","OAK PARK 1.3 NNE, IL US","2020-07-21",,,,,,
"US1ILCK0074","OAK PARK 1.3 NNE, IL US","2020-07-22",,,,,,
"US1ILCK0074","OAK PARK 1.3 NNE, IL US","2020-07-23",,,,,,
"US1ILCK0074","OAK PARK 1.3 NNE, IL US","2020-07-24",,,,,,
"US1ILCK0074","OAK PARK 1.3 NNE, IL US","2020-07-25",,,,,,
"US1ILCK0074","OAK PARK 1.3 NNE, IL US","2020-07-26",,,,,,
"US1ILCK0074","OAK PARK 1.3 NNE, IL US","2020-07-27",,,,,,
"US1ILCK0074","OAK PARK 1.3 NNE, IL US","2020-07-28",,,,,,
"US1ILCK0074","OAK PARK 1.3 NNE, IL US","2020-07-29",,,,,,
"US1ILCK0074","OAK PARK 1.3 NNE, IL US","2020-07-30",,,,,,
"US1ILCK0074","OAK PARK 1.3 NNE, IL US","2020-07-31",,,,,,
"US1ILCK0074","OAK PARK 1.3 NNE, IL US","2020-08-01",,,,,,
"US1ILCK0074","OAK PARK 1.3 NNE, IL US","2020-08-02",,,,,,
"US1ILCK0074","OAK PARK 1.3 NNE, IL US","2020-08-03",,,,,,
"US1ILCK0074","OAK PARK 1.3 NNE, IL US","2020-08-04",,,,,,
"US1ILCK0074","OAK PARK 1.3 NNE, IL US","2020-08-05",,,,,,
"US1ILCK0074","OAK PARK 1.3 NNE, IL US","2020-08-06",,,,,,
"US1ILCK0074","OAK PARK 1.3 NNE, IL US","2020-08-07",,,,,,
"US1ILCK0074","OAK PARK 1.3 NNE, IL US","2020-08-08",,,,,,
"US1ILCK0074","OAK PARK 1.3 NNE, IL US","2020-08-09",,,,,,
"US1ILCK0074","OAK PARK 1.3 NNE, IL US","2020-08-10",,,,,,
"US1ILCK0074","OAK PARK 1.3 NNE, IL US","2020-08-11",,,,,,
"US1ILCK0074","OAK PARK 1.3 NNE, IL US","2020-08-12",,,,,,
"US1ILCK0074","OAK PARK 1.3 NNE, IL US","2020-08-13",,,,,,
"US1ILCK0074","OAK PARK 1.3 NNE, IL US","2020-08-14",,,,,,
"US1ILCK0074","OAK PARK 1.3 NNE, IL US","2020-08-15",,,,,,
"US1ILCK0074","OAK PARK 1.3 NNE, IL US","2020-08-16",,,,,,
"US1ILCK0074","OAK PARK 1.3 NNE, IL US","2020-08-17",,,,,,
"US1ILCK0074","OAK PARK 1.3 NNE, IL US","2020-08-18",,,,,,
"US1ILCK0074","OAK PARK 1.3 NNE, IL US","2020-08-19",,,,,,
"US1ILCK0074","OAK PARK 1.3 NNE, IL US","2020-08-20",,,,,,
"US1ILCK0074","OAK PARK 1.3 NNE, IL US","2020-08-21",,,,,,
"US1ILCK0074","OAK PARK 1.3 NNE, IL US","2020-08-22",,,,,,
"US1ILCK0074","OAK PARK 1.3 NNE, IL US","2020-08-23",,,,,,
"US1ILCK0074","OAK PARK 1.3 NNE, IL US","2020-08-24",,,,,,
"US1ILCK0074","OAK PARK 1.3 NNE, IL US","2020-08-25",,,,,,
"US1ILCK0074","OAK PARK 1.3 NNE, IL US","2020-08-26",,,,,,
"US1ILCK0074","OAK PARK 1.3 NNE, IL US","2020-08-27",,,,,,
"US1ILCK0074","OAK PARK 1.3 NNE, IL US","2020-08-28",,,,,,
"US1ILCK0074","OAK PARK 1.3 NNE, IL US","2020-08-29",,,,,,
"US1ILCK0074","OAK PARK 1.3 NNE, IL US","2020-08-30",,,,,,
"US1ILCK0074","OAK PARK 1.3 NNE, IL US","2020-08-31",,,,,,
"US1ILCK0074","OAK PARK 1.3 NNE, IL US","2020-09-01",,,,,,
"US1ILCK0074","OAK PARK 1.3 NNE, IL US","2020-09-02",,,,,,
"US1ILCK0074","OAK PARK 1.3 NNE, IL US","2020-09-03",,,,,,
"US1ILCK0074","OAK PARK 1.3 NNE, IL US","2020-09-04",,,,,,
"US1ILCK0074","OAK PARK 1.3 NNE, IL US","2020-09-05",,,,,,
"US1ILCK0074","OAK PARK 1.3 NNE, IL US","2020-09-06",,,,,,
"US1ILCK0074","OAK PARK 1.3 NNE, IL US","2020-09-07",,,,,,
"US1ILCK0074","OAK PARK 1.3 NNE, IL US","2020-09-08",,,,,,
"US1ILCK0075","ELK GROVE VILLAGE 2.2 WSW, IL US","2019-10-01",,,,,,
"US1ILCK0075","ELK GROVE VILLAGE 2.2 WSW, IL US","2019-10-02",,,,,,
"US1ILCK0075","ELK GROVE VILLAGE 2.2 WSW, IL US","2019-10-03",,,,,,
"US1ILCK0075","ELK GROVE VILLAGE 2.2 WSW, IL US","2019-10-04",,,,,,
"US1ILCK0075","ELK GROVE VILLAGE 2.2 WSW, IL US","2019-10-05",,,,,,
"US1ILCK0075","ELK GROVE VILLAGE 2.2 WSW, IL US","2019-10-06",,,,,,
"US1ILCK0075","ELK GROVE VILLAGE 2.2 WSW, IL US","2019-10-07",,,,,,
"US1ILCK0075","ELK GROVE VILLAGE 2.2 WSW, IL US","2019-10-08",,,,,,
"US1ILCK0075","ELK GROVE VILLAGE 2.2 WSW, IL US","2019-10-09",,,,,,
"US1ILCK0075","ELK GROVE VILLAGE 2.2 WSW, IL US","2019-10-10",,,,,,
"US1ILCK0075","ELK GROVE VILLAGE 2.2 WSW, IL US","2019-10-11",,,,,,
"US1ILCK0075","ELK GROVE VILLAGE 2.2 WSW, IL US","2019-10-12",,,,,,
"US1ILCK0075","ELK GROVE VILLAGE 2.2 WSW, IL US","2019-10-13",,,,,,
"US1ILCK0075","ELK GROVE VILLAGE 2.2 WSW, IL US","2019-10-14",,,,,,
"US1ILCK0075","ELK GROVE VILLAGE 2.2 WSW, IL US","2019-10-15",,,,,,
"US1ILCK0075","ELK GROVE VILLAGE 2.2 WSW, IL US","2019-10-16",,,,,,
"US1ILCK0075","ELK GROVE VILLAGE 2.2 WSW, IL US","2019-10-17",,,,,,
"US1ILCK0075","ELK GROVE VILLAGE 2.2 WSW, IL US","2019-10-18",,,,,,
"US1ILCK0075","ELK GROVE VILLAGE 2.2 WSW, IL US","2019-10-19",,,,,,
"US1ILCK0075","ELK GROVE VILLAGE 2.2 WSW, IL US","2019-10-20",,,,,,
"US1ILCK0075","ELK GROVE VILLAGE 2.2 WSW, IL US","2019-10-21",,,,,,
"US1ILCK0075","ELK GROVE VILLAGE 2.2 WSW, IL US","2019-10-22",,,,,,
"US1ILCK0075","ELK GROVE VILLAGE 2.2 WSW, IL US","2019-10-23",,,,,,
"US1ILCK0075","ELK GROVE VILLAGE 2.2 WSW, IL US","2019-10-24",,,,,,
"US1ILCK0075","ELK GROVE VILLAGE 2.2 WSW, IL US","2019-10-25",,,,,,
"US1ILCK0075","ELK GROVE VILLAGE 2.2 WSW, IL US","2019-10-26",,,,,,
"US1ILCK0075","ELK GROVE VILLAGE 2.2 WSW, IL US","2019-10-27",,,,,,
"US1ILCK0075","ELK GROVE VILLAGE 2.2 WSW, IL US","2019-10-28",,,,,,
"US1ILCK0075","ELK GROVE VILLAGE 2.2 WSW, IL US","2019-10-29",,,,,,
"US1ILCK0075","ELK GROVE VILLAGE 2.2 WSW, IL US","2019-10-30",,,,,,
"US1ILCK0075","ELK GROVE VILLAGE 2.2 WSW, IL US","2019-10-31",,,,,,
"US1ILCK0075","ELK GROVE VILLAGE 2.2 WSW, IL US","2019-11-01",,,,,,
"US1ILCK0075","ELK GROVE VILLAGE 2.2 WSW, IL US","2019-11-02",,,,,,
"US1ILCK0075","ELK GROVE VILLAGE 2.2 WSW, IL US","2019-11-03",,,,,,
"US1ILCK0075","ELK GROVE VILLAGE 2.2 WSW, IL US","2019-11-04",,,,,,
"US1ILCK0075","ELK GROVE VILLAGE 2.2 WSW, IL US","2019-11-05",,,,,,
"US1ILCK0075","ELK GROVE VILLAGE 2.2 WSW, IL US","2019-11-06",,,,,,
"US1ILCK0075","ELK GROVE VILLAGE 2.2 WSW, IL US","2019-11-07",,,,,,
"US1ILCK0075","ELK GROVE VILLAGE 2.2 WSW, IL US","2019-11-08",,,,,,
"US1ILCK0075","ELK GROVE VILLAGE 2.2 WSW, IL US","2019-11-09",,,,,,
"US1ILCK0075","ELK GROVE VILLAGE 2.2 WSW, IL US","2019-11-10",,,,,,
"US1ILCK0075","ELK GROVE VILLAGE 2.2 WSW, IL US","2019-11-11",,,,,,
"US1ILCK0075","ELK GROVE VILLAGE 2.2 WSW, IL US","2019-11-12",,,,,,
"US1ILCK0075","ELK GROVE VILLAGE 2.2 WSW, IL US","2019-11-13",,,,,,
"US1ILCK0075","ELK GROVE VILLAGE 2.2 WSW, IL US","2019-11-14",,,,,,
"US1ILCK0075","ELK GROVE VILLAGE 2.2 WSW, IL US","2019-11-15",,,,,,
"US1ILCK0075","ELK GROVE VILLAGE 2.2 WSW, IL US","2019-11-16",,,,,,
"US1ILCK0075","ELK GROVE VILLAGE 2.2 WSW, IL US","2019-11-17",,,,,,
"US1ILCK0075","ELK GROVE VILLAGE 2.2 WSW, IL US","2019-11-18",,,,,,
"US1ILCK0075","ELK GROVE VILLAGE 2.2 WSW, IL US","2019-11-19",,,,,,
"US1ILCK0075","ELK GROVE VILLAGE 2.2 WSW, IL US","2019-11-20",,,,,,
"US1ILCK0075","ELK GROVE VILLAGE 2.2 WSW, IL US","2019-11-21",,,,,,
"US1ILCK0075","ELK GROVE VILLAGE 2.2 WSW, IL US","2019-11-22",,,,,,
"US1ILCK0075","ELK GROVE VILLAGE 2.2 WSW, IL US","2019-11-23",,,,,,
"US1ILCK0075","ELK GROVE VILLAGE 2.2 WSW, IL US","2019-11-24",,,,,,
"US1ILCK0075","ELK GROVE VILLAGE 2.2 WSW, IL US","2019-11-25",,,,,,
"US1ILCK0075","ELK GROVE VILLAGE 2.2 WSW, IL US","2019-11-26",,,,,,
"US1ILCK0075","ELK GROVE VILLAGE 2.2 WSW, IL US","2019-11-27",,,,,,
"US1ILCK0075","ELK GROVE VILLAGE 2.2 WSW, IL US","2019-11-28",,,,,,
"US1ILCK0075","ELK GROVE VILLAGE 2.2 WSW, IL US","2019-11-29",,,,,,
"US1ILCK0075","ELK GROVE VILLAGE 2.2 WSW, IL US","2019-11-30",,,,,,
"US1ILCK0075","ELK GROVE VILLAGE 2.2 WSW, IL US","2019-12-01",,,,,,
"US1ILCK0075","ELK GROVE VILLAGE 2.2 WSW, IL US","2019-12-02",,,,,,
"US1ILCK0075","ELK GROVE VILLAGE 2.2 WSW, IL US","2019-12-03",,,,,,
"US1ILCK0075","ELK GROVE VILLAGE 2.2 WSW, IL US","2019-12-04",,,,,,
"US1ILCK0075","ELK GROVE VILLAGE 2.2 WSW, IL US","2019-12-05",,,,,,
"US1ILCK0075","ELK GROVE VILLAGE 2.2 WSW, IL US","2019-12-06",,,,,,
"US1ILCK0075","ELK GROVE VILLAGE 2.2 WSW, IL US","2019-12-07",,,,,,
"US1ILCK0075","ELK GROVE VILLAGE 2.2 WSW, IL US","2019-12-08",,,,,,
"US1ILCK0075","ELK GROVE VILLAGE 2.2 WSW, IL US","2019-12-09",,,,,,
"US1ILCK0075","ELK GROVE VILLAGE 2.2 WSW, IL US","2019-12-10",,,,,,
"US1ILCK0075","ELK GROVE VILLAGE 2.2 WSW, IL US","2019-12-11",,,,,,
"US1ILCK0075","ELK GROVE VILLAGE 2.2 WSW, IL US","2019-12-12",,,,,,
"US1ILCK0075","ELK GROVE VILLAGE 2.2 WSW, IL US","2019-12-13",,,,,,
"US1ILCK0075","ELK GROVE VILLAGE 2.2 WSW, IL US","2019-12-14",,,,,,
"US1ILCK0075","ELK GROVE VILLAGE 2.2 WSW, IL US","2019-12-15",,,,,,
"US1ILCK0075","ELK GROVE VILLAGE 2.2 WSW, IL US","2019-12-16",,,,,,
"US1ILCK0075","ELK GROVE VILLAGE 2.2 WSW, IL US","2019-12-17",,,,,,
"US1ILCK0075","ELK GROVE VILLAGE 2.2 WSW, IL US","2019-12-18",,,,,,
"US1ILCK0075","ELK GROVE VILLAGE 2.2 WSW, IL US","2019-12-19",,,,,,
"US1ILCK0075","ELK GROVE VILLAGE 2.2 WSW, IL US","2019-12-20",,,,,,
"US1ILCK0075","ELK GROVE VILLAGE 2.2 WSW, IL US","2019-12-21",,,,,,
"US1ILCK0075","ELK GROVE VILLAGE 2.2 WSW, IL US","2019-12-22",,,,,,
"US1ILCK0075","ELK GROVE VILLAGE 2.2 WSW, IL US","2019-12-23",,,,,,
"US1ILCK0075","ELK GROVE VILLAGE 2.2 WSW, IL US","2019-12-24",,,,,,
"US1ILCK0075","ELK GROVE VILLAGE 2.2 WSW, IL US","2019-12-25",,,,,,
"US1ILCK0075","ELK GROVE VILLAGE 2.2 WSW, IL US","2019-12-26",,,,,,
"US1ILCK0075","ELK GROVE VILLAGE 2.2 WSW, IL US","2019-12-27",,,,,,
"US1ILCK0075","ELK GROVE VILLAGE 2.2 WSW, IL US","2019-12-28",,,,,,
"US1ILCK0075","ELK GROVE VILLAGE 2.2 WSW, IL US","2019-12-29",,,,,,
"US1ILCK0075","ELK GROVE VILLAGE 2.2 WSW, IL US","2019-12-30",,,,,,
"US1ILCK0075","ELK GROVE VILLAGE 2.2 WSW, IL US","2019-12-31",,,,,,
"US1ILCK0075","ELK GROVE VILLAGE 2.2 WSW, IL US","2020-01-01",,,,,,
"US1ILCK0075","ELK GROVE VILLAGE 2.2 WSW, IL US","2020-01-02",,,,,,
"US1ILCK0075","ELK GROVE VILLAGE 2.2 WSW, IL US","2020-01-03",,,,,,
"US1ILCK0075","ELK GROVE VILLAGE 2.2 WSW, IL US","2020-01-04",,,,,,
"US1ILCK0075","ELK GROVE VILLAGE 2.2 WSW, IL US","2020-01-05",,,,,,
"US1ILCK0075","ELK GROVE VILLAGE 2.2 WSW, IL US","2020-01-06",,,,,,
"US1ILCK0075","ELK GROVE VILLAGE 2.2 WSW, IL US","2020-01-07",,,,,,
"US1ILCK0075","ELK GROVE VILLAGE 2.2 WSW, IL US","2020-01-08",,,,,,
"US1ILCK0075","ELK GROVE VILLAGE 2.2 WSW, IL US","2020-01-09",,,,,,
"US1ILCK0075","ELK GROVE VILLAGE 2.2 WSW, IL US","2020-01-10",,,,,,
"US1ILCK0075","ELK GROVE VILLAGE 2.2 WSW, IL US","2020-01-11",,,,,,
"US1ILCK0075","ELK GROVE VILLAGE 2.2 WSW, IL US","2020-01-12",,,,,,
"US1ILCK0075","ELK GROVE VILLAGE 2.2 WSW, IL US","2020-01-13",,,,,,
"US1ILCK0075","ELK GROVE VILLAGE 2.2 WSW, IL US","2020-01-14",,,,,,
"US1ILCK0075","ELK GROVE VILLAGE 2.2 WSW, IL US","2020-01-15",,,,,,
"US1ILCK0075","ELK GROVE VILLAGE 2.2 WSW, IL US","2020-01-16",,,,,,
"US1ILCK0075","ELK GROVE VILLAGE 2.2 WSW, IL US","2020-01-17",,,,,,
"US1ILCK0075","ELK GROVE VILLAGE 2.2 WSW, IL US","2020-01-18",,,,,,
"US1ILCK0075","ELK GROVE VILLAGE 2.2 WSW, IL US","2020-01-19",,,,,,
"US1ILCK0075","ELK GROVE VILLAGE 2.2 WSW, IL US","2020-01-20",,,,,,
"US1ILCK0075","ELK GROVE VILLAGE 2.2 WSW, IL US","2020-01-21",,,,,,
"US1ILCK0075","ELK GROVE VILLAGE 2.2 WSW, IL US","2020-01-22",,,,,,
"US1ILCK0075","ELK GROVE VILLAGE 2.2 WSW, IL US","2020-01-23",,,,,,
"US1ILCK0075","ELK GROVE VILLAGE 2.2 WSW, IL US","2020-01-24",,,,,,
"US1ILCK0075","ELK GROVE VILLAGE 2.2 WSW, IL US","2020-01-25",,,,,,
"US1ILCK0075","ELK GROVE VILLAGE 2.2 WSW, IL US","2020-01-26",,,,,,
"US1ILCK0075","ELK GROVE VILLAGE 2.2 WSW, IL US","2020-01-27",,,,,,
"US1ILCK0075","ELK GROVE VILLAGE 2.2 WSW, IL US","2020-01-28",,,,,,
"US1ILCK0075","ELK GROVE VILLAGE 2.2 WSW, IL US","2020-01-29",,,,,,
"US1ILCK0075","ELK GROVE VILLAGE 2.2 WSW, IL US","2020-01-30",,,,,,
"US1ILCK0075","ELK GROVE VILLAGE 2.2 WSW, IL US","2020-01-31",,,,,,
"US1ILCK0075","ELK GROVE VILLAGE 2.2 WSW, IL US","2020-02-01",,,,,,
"US1ILCK0075","ELK GROVE VILLAGE 2.2 WSW, IL US","2020-02-02",,,,,,
"US1ILCK0075","ELK GROVE VILLAGE 2.2 WSW, IL US","2020-02-03",,,,,,
"US1ILCK0075","ELK GROVE VILLAGE 2.2 WSW, IL US","2020-02-04",,,,,,
"US1ILCK0075","ELK GROVE VILLAGE 2.2 WSW, IL US","2020-02-05",,,,,,
"US1ILCK0075","ELK GROVE VILLAGE 2.2 WSW, IL US","2020-02-06",,,,,,
"US1ILCK0075","ELK GROVE VILLAGE 2.2 WSW, IL US","2020-02-07",,,,,,
"US1ILCK0075","ELK GROVE VILLAGE 2.2 WSW, IL US","2020-02-08",,,,,,
"US1ILCK0075","ELK GROVE VILLAGE 2.2 WSW, IL US","2020-02-09",,,,,,
"US1ILCK0075","ELK GROVE VILLAGE 2.2 WSW, IL US","2020-02-10",,,,,,
"US1ILCK0075","ELK GROVE VILLAGE 2.2 WSW, IL US","2020-02-11",,,,,,
"US1ILCK0075","ELK GROVE VILLAGE 2.2 WSW, IL US","2020-02-12",,,,,,
"US1ILCK0075","ELK GROVE VILLAGE 2.2 WSW, IL US","2020-02-13",,,,,,
"US1ILCK0075","ELK GROVE VILLAGE 2.2 WSW, IL US","2020-02-14",,,,,,
"US1ILCK0075","ELK GROVE VILLAGE 2.2 WSW, IL US","2020-02-15",,,,,,
"US1ILCK0075","ELK GROVE VILLAGE 2.2 WSW, IL US","2020-02-16",,,,,,
"US1ILCK0075","ELK GROVE VILLAGE 2.2 WSW, IL US","2020-02-17",,,,,,
"US1ILCK0075","ELK GROVE VILLAGE 2.2 WSW, IL US","2020-02-18",,,,,,
"US1ILCK0075","ELK GROVE VILLAGE 2.2 WSW, IL US","2020-02-19",,,,,,
"US1ILCK0075","ELK GROVE VILLAGE 2.2 WSW, IL US","2020-02-20",,,,,,
"US1ILCK0075","ELK GROVE VILLAGE 2.2 WSW, IL US","2020-02-21",,,,,,
"US1ILCK0075","ELK GROVE VILLAGE 2.2 WSW, IL US","2020-02-22",,,,,,
"US1ILCK0075","ELK GROVE VILLAGE 2.2 WSW, IL US","2020-02-23",,,,,,
"US1ILCK0075","ELK GROVE VILLAGE 2.2 WSW, IL US","2020-02-24",,,,,,
"US1ILCK0075","ELK GROVE VILLAGE 2.2 WSW, IL US","2020-02-25",,,,,,
"US1ILCK0075","ELK GROVE VILLAGE 2.2 WSW, IL US","2020-02-26",,,,,,
"US1ILCK0075","ELK GROVE VILLAGE 2.2 WSW, IL US","2020-02-27",,,,,,
"US1ILCK0075","ELK GROVE VILLAGE 2.2 WSW, IL US","2020-02-28",,,,,,
"US1ILCK0075","ELK GROVE VILLAGE 2.2 WSW, IL US","2020-02-29",,,,,,
"US1ILCK0075","ELK GROVE VILLAGE 2.2 WSW, IL US","2020-03-01",,,,,,
"US1ILCK0075","ELK GROVE VILLAGE 2.2 WSW, IL US","2020-03-02",,,,,,
"US1ILCK0075","ELK GROVE VILLAGE 2.2 WSW, IL US","2020-03-03",,,,,,
"US1ILCK0075","ELK GROVE VILLAGE 2.2 WSW, IL US","2020-03-04",,,,,,
"US1ILCK0075","ELK GROVE VILLAGE 2.2 WSW, IL US","2020-03-05",,,,,,
"US1ILCK0075","ELK GROVE VILLAGE 2.2 WSW, IL US","2020-03-06",,,,,,
"US1ILCK0075","ELK GROVE VILLAGE 2.2 WSW, IL US","2020-03-07",,,,,,
"US1ILCK0075","ELK GROVE VILLAGE 2.2 WSW, IL US","2020-03-08",,,,,,
"US1ILCK0075","ELK GROVE VILLAGE 2.2 WSW, IL US","2020-03-09",,,,,,
"US1ILCK0075","ELK GROVE VILLAGE 2.2 WSW, IL US","2020-03-10",,,,,,
"US1ILCK0075","ELK GROVE VILLAGE 2.2 WSW, IL US","2020-03-11",,,,,,
"US1ILCK0075","ELK GROVE VILLAGE 2.2 WSW, IL US","2020-03-12",,,,,,
"US1ILCK0075","ELK GROVE VILLAGE 2.2 WSW, IL US","2020-03-13",,,,,,
"US1ILCK0075","ELK GROVE VILLAGE 2.2 WSW, IL US","2020-03-14",,,,,,
"US1ILCK0075","ELK GROVE VILLAGE 2.2 WSW, IL US","2020-03-15",,,,,,
"US1ILCK0075","ELK GROVE VILLAGE 2.2 WSW, IL US","2020-03-16",,,,,,
"US1ILCK0075","ELK GROVE VILLAGE 2.2 WSW, IL US","2020-03-17",,,,,,
"US1ILCK0075","ELK GROVE VILLAGE 2.2 WSW, IL US","2020-03-18",,,,,,
"US1ILCK0075","ELK GROVE VILLAGE 2.2 WSW, IL US","2020-03-19",,,,,,
"US1ILCK0075","ELK GROVE VILLAGE 2.2 WSW, IL US","2020-03-20",,,,,,
"US1ILCK0075","ELK GROVE VILLAGE 2.2 WSW, IL US","2020-03-21",,,,,,
"US1ILCK0075","ELK GROVE VILLAGE 2.2 WSW, IL US","2020-03-22",,,,,,
"US1ILCK0075","ELK GROVE VILLAGE 2.2 WSW, IL US","2020-03-23",,,,,,
"US1ILCK0075","ELK GROVE VILLAGE 2.2 WSW, IL US","2020-03-24",,,,,,
"US1ILCK0075","ELK GROVE VILLAGE 2.2 WSW, IL US","2020-03-25",,,,,,
"US1ILCK0075","ELK GROVE VILLAGE 2.2 WSW, IL US","2020-03-26",,,,,,
"US1ILCK0075","ELK GROVE VILLAGE 2.2 WSW, IL US","2020-03-27",,,,,,
"US1ILCK0075","ELK GROVE VILLAGE 2.2 WSW, IL US","2020-03-28",,,,,,
"US1ILCK0075","ELK GROVE VILLAGE 2.2 WSW, IL US","2020-03-29",,,,,,
"US1ILCK0075","ELK GROVE VILLAGE 2.2 WSW, IL US","2020-03-30",,,,,,
"US1ILCK0075","ELK GROVE VILLAGE 2.2 WSW, IL US","2020-03-31",,,,,,
"US1ILCK0075","ELK GROVE VILLAGE 2.2 WSW, IL US","2020-04-01",,,,,,
"US1ILCK0075","ELK GROVE VILLAGE 2.2 WSW, IL US","2020-04-02",,,,,,
"US1ILCK0075","ELK GROVE VILLAGE 2.2 WSW, IL US","2020-04-03",,,,,,
"US1ILCK0075","ELK GROVE VILLAGE 2.2 WSW, IL US","2020-04-04",,,,,,
"US1ILCK0075","ELK GROVE VILLAGE 2.2 WSW, IL US","2020-04-05",,,,,,
"US1ILCK0075","ELK GROVE VILLAGE 2.2 WSW, IL US","2020-04-06",,,,,,
"US1ILCK0075","ELK GROVE VILLAGE 2.2 WSW, IL US","2020-04-07",,,,,,
"US1ILCK0075","ELK GROVE VILLAGE 2.2 WSW, IL US","2020-04-08",,,,,,
"US1ILCK0075","ELK GROVE VILLAGE 2.2 WSW, IL US","2020-04-09",,,,,,
"US1ILCK0075","ELK GROVE VILLAGE 2.2 WSW, IL US","2020-04-10",,,,,,
"US1ILCK0075","ELK GROVE VILLAGE 2.2 WSW, IL US","2020-04-11",,,,,,
"US1ILCK0075","ELK GROVE VILLAGE 2.2 WSW, IL US","2020-04-12",,,,,,
"US1ILCK0075","ELK GROVE VILLAGE 2.2 WSW, IL US","2020-04-13",,,,,,
"US1ILCK0075","ELK GROVE VILLAGE 2.2 WSW, IL US","2020-04-14",,,,,,
"US1ILCK0075","ELK GROVE VILLAGE 2.2 WSW, IL US","2020-04-15",,,,,,
"US1ILCK0075","ELK GROVE VILLAGE 2.2 WSW, IL US","2020-04-16",,,,,,
"US1ILCK0075","ELK GROVE VILLAGE 2.2 WSW, IL US","2020-04-17",,,,,,
"US1ILCK0075","ELK GROVE VILLAGE 2.2 WSW, IL US","2020-04-18",,,,,,
"US1ILCK0075","ELK GROVE VILLAGE 2.2 WSW, IL US","2020-04-19",,,,,,
"US1ILCK0075","ELK GROVE VILLAGE 2.2 WSW, IL US","2020-04-20",,,,,,
"US1ILCK0075","ELK GROVE VILLAGE 2.2 WSW, IL US","2020-04-21",,,,,,
"US1ILCK0075","ELK GROVE VILLAGE 2.2 WSW, IL US","2020-04-22",,,,,,
"US1ILCK0075","ELK GROVE VILLAGE 2.2 WSW, IL US","2020-04-23",,,,,,
"US1ILCK0075","ELK GROVE VILLAGE 2.2 WSW, IL US","2020-04-24",,,,,,
"US1ILCK0075","ELK GROVE VILLAGE 2.2 WSW, IL US","2020-04-25",,,,,,
"US1ILCK0075","ELK GROVE VILLAGE 2.2 WSW, IL US","2020-04-26",,,,,,
"US1ILCK0075","ELK GROVE VILLAGE 2.2 WSW, IL US","2020-04-27",,,,,,
"US1ILCK0075","ELK GROVE VILLAGE 2.2 WSW, IL US","2020-04-28",,,,,,
"US1ILCK0075","ELK GROVE VILLAGE 2.2 WSW, IL US","2020-04-29",,,,,,
"US1ILCK0075","ELK GROVE VILLAGE 2.2 WSW, IL US","2020-04-30",,,,,,
"US1ILCK0075","ELK GROVE VILLAGE 2.2 WSW, IL US","2020-05-01",,,,,,
"US1ILCK0075","ELK GROVE VILLAGE 2.2 WSW, IL US","2020-05-02",,,,,,
"US1ILCK0075","ELK GROVE VILLAGE 2.2 WSW, IL US","2020-05-03",,,,,,
"US1ILCK0075","ELK GROVE VILLAGE 2.2 WSW, IL US","2020-05-04",,,,,,
"US1ILCK0075","ELK GROVE VILLAGE 2.2 WSW, IL US","2020-05-05",,,,,,
"US1ILCK0075","ELK GROVE VILLAGE 2.2 WSW, IL US","2020-05-06",,,,,,
"US1ILCK0075","ELK GROVE VILLAGE 2.2 WSW, IL US","2020-05-07",,,,,,
"US1ILCK0075","ELK GROVE VILLAGE 2.2 WSW, IL US","2020-05-08",,,,,,
"US1ILCK0075","ELK GROVE VILLAGE 2.2 WSW, IL US","2020-05-09",,,,,,
"US1ILCK0075","ELK GROVE VILLAGE 2.2 WSW, IL US","2020-05-10",,,,,,
"US1ILCK0075","ELK GROVE VILLAGE 2.2 WSW, IL US","2020-05-11",,,,,,
"US1ILCK0075","ELK GROVE VILLAGE 2.2 WSW, IL US","2020-05-12",,,,,,
"US1ILCK0075","ELK GROVE VILLAGE 2.2 WSW, IL US","2020-05-13",,,,,,
"US1ILCK0075","ELK GROVE VILLAGE 2.2 WSW, IL US","2020-05-14",,,,,,
"US1ILCK0075","ELK GROVE VILLAGE 2.2 WSW, IL US","2020-05-15",,,,,,
"US1ILCK0075","ELK GROVE VILLAGE 2.2 WSW, IL US","2020-05-16",,,,,,
"US1ILCK0075","ELK GROVE VILLAGE 2.2 WSW, IL US","2020-05-17",,,,,,
"US1ILCK0075","ELK GROVE VILLAGE 2.2 WSW, IL US","2020-05-18",,,,,,
"US1ILCK0075","ELK GROVE VILLAGE 2.2 WSW, IL US","2020-05-19",,,,,,
"US1ILCK0075","ELK GROVE VILLAGE 2.2 WSW, IL US","2020-05-20",,,,,,
"US1ILCK0075","ELK GROVE VILLAGE 2.2 WSW, IL US","2020-05-21",,,,,,
"US1ILCK0075","ELK GROVE VILLAGE 2.2 WSW, IL US","2020-05-22",,,,,,
"US1ILCK0075","ELK GROVE VILLAGE 2.2 WSW, IL US","2020-05-23",,,,,,
"US1ILCK0075","ELK GROVE VILLAGE 2.2 WSW, IL US","2020-05-24",,,,,,
"US1ILCK0075","ELK GROVE VILLAGE 2.2 WSW, IL US","2020-05-25",,,,,,
"US1ILCK0075","ELK GROVE VILLAGE 2.2 WSW, IL US","2020-05-26",,,,,,
"US1ILCK0075","ELK GROVE VILLAGE 2.2 WSW, IL US","2020-05-27",,,,,,
"US1ILCK0075","ELK GROVE VILLAGE 2.2 WSW, IL US","2020-05-28",,,,,,
"US1ILCK0075","ELK GROVE VILLAGE 2.2 WSW, IL US","2020-05-29",,,,,,
"US1ILCK0075","ELK GROVE VILLAGE 2.2 WSW, IL US","2020-05-30",,,,,,
"US1ILCK0075","ELK GROVE VILLAGE 2.2 WSW, IL US","2020-05-31",,,,,,
"US1ILCK0075","ELK GROVE VILLAGE 2.2 WSW, IL US","2020-06-01",,,,,,
"US1ILCK0075","ELK GROVE VILLAGE 2.2 WSW, IL US","2020-06-02",,,,,,
"US1ILCK0075","ELK GROVE VILLAGE 2.2 WSW, IL US","2020-06-03",,,,,,
"US1ILCK0075","ELK GROVE VILLAGE 2.2 WSW, IL US","2020-06-04",,,,,,
"US1ILCK0075","ELK GROVE VILLAGE 2.2 WSW, IL US","2020-06-05",,,,,,
"US1ILCK0075","ELK GROVE VILLAGE 2.2 WSW, IL US","2020-06-06",,,,,,
"US1ILCK0075","ELK GROVE VILLAGE 2.2 WSW, IL US","2020-06-07",,,,,,
"US1ILCK0075","ELK GROVE VILLAGE 2.2 WSW, IL US","2020-06-08",,,,,,
"US1ILCK0075","ELK GROVE VILLAGE 2.2 WSW, IL US","2020-06-09",,,,,,
"US1ILCK0075","ELK GROVE VILLAGE 2.2 WSW, IL US","2020-06-10",,,,,,
"US1ILCK0075","ELK GROVE VILLAGE 2.2 WSW, IL US","2020-06-11",,,,,,
"US1ILCK0075","ELK GROVE VILLAGE 2.2 WSW, IL US","2020-06-12",,,,,,
"US1ILCK0075","ELK GROVE VILLAGE 2.2 WSW, IL US","2020-06-13",,,,,,
"US1ILCK0075","ELK GROVE VILLAGE 2.2 WSW, IL US","2020-06-14",,,,,,
"US1ILCK0075","ELK GROVE VILLAGE 2.2 WSW, IL US","2020-06-15",,,,,,
"US1ILCK0075","ELK GROVE VILLAGE 2.2 WSW, IL US","2020-06-16",,,,,,
"US1ILCK0075","ELK GROVE VILLAGE 2.2 WSW, IL US","2020-06-17",,,,,,
"US1ILCK0075","ELK GROVE VILLAGE 2.2 WSW, IL US","2020-06-18",,,,,,
"US1ILCK0075","ELK GROVE VILLAGE 2.2 WSW, IL US","2020-06-19",,,,,,
"US1ILCK0075","ELK GROVE VILLAGE 2.2 WSW, IL US","2020-06-20",,,,,,
"US1ILCK0075","ELK GROVE VILLAGE 2.2 WSW, IL US","2020-06-21",,,,,,
"US1ILCK0075","ELK GROVE VILLAGE 2.2 WSW, IL US","2020-06-22",,,,,,
"US1ILCK0075","ELK GROVE VILLAGE 2.2 WSW, IL US","2020-06-23",,,,,,
"US1ILCK0075","ELK GROVE VILLAGE 2.2 WSW, IL US","2020-06-24",,,,,,
"US1ILCK0075","ELK GROVE VILLAGE 2.2 WSW, IL US","2020-06-25",,,,,,
"US1ILCK0075","ELK GROVE VILLAGE 2.2 WSW, IL US","2020-06-26",,,,,,
"US1ILCK0075","ELK GROVE VILLAGE 2.2 WSW, IL US","2020-06-27",,,,,,
"US1ILCK0075","ELK GROVE VILLAGE 2.2 WSW, IL US","2020-06-28",,,,,,
"US1ILCK0075","ELK GROVE VILLAGE 2.2 WSW, IL US","2020-06-29",,,,,,
"US1ILCK0075","ELK GROVE VILLAGE 2.2 WSW, IL US","2020-06-30",,,,,,
"US1ILCK0075","ELK GROVE VILLAGE 2.2 WSW, IL US","2020-07-01",,,,,,
"US1ILCK0075","ELK GROVE VILLAGE 2.2 WSW, IL US","2020-07-02",,,,,,
"US1ILCK0075","ELK GROVE VILLAGE 2.2 WSW, IL US","2020-07-03",,,,,,
"US1ILCK0075","ELK GROVE VILLAGE 2.2 WSW, IL US","2020-07-04",,,,,,
"US1ILCK0075","ELK GROVE VILLAGE 2.2 WSW, IL US","2020-07-05",,,,,,
"US1ILCK0075","ELK GROVE VILLAGE 2.2 WSW, IL US","2020-07-06",,,,,,
"US1ILCK0075","ELK GROVE VILLAGE 2.2 WSW, IL US","2020-07-07",,,,,,
"US1ILCK0075","ELK GROVE VILLAGE 2.2 WSW, IL US","2020-07-08",,,,,,
"US1ILCK0075","ELK GROVE VILLAGE 2.2 WSW, IL US","2020-07-09",,,,,,
"US1ILCK0075","ELK GROVE VILLAGE 2.2 WSW, IL US","2020-07-10",,,,,,
"US1ILCK0075","ELK GROVE VILLAGE 2.2 WSW, IL US","2020-07-11",,,,,,
"US1ILCK0075","ELK GROVE VILLAGE 2.2 WSW, IL US","2020-07-12",,,,,,
"US1ILCK0075","ELK GROVE VILLAGE 2.2 WSW, IL US","2020-07-13",,,,,,
"US1ILCK0075","ELK GROVE VILLAGE 2.2 WSW, IL US","2020-07-14",,,,,,
"US1ILCK0075","ELK GROVE VILLAGE 2.2 WSW, IL US","2020-07-15",,,,,,
"US1ILCK0075","ELK GROVE VILLAGE 2.2 WSW, IL US","2020-07-16",,,,,,
"US1ILCK0075","ELK GROVE VILLAGE 2.2 WSW, IL US","2020-07-17",,,,,,
"US1ILCK0075","ELK GROVE VILLAGE 2.2 WSW, IL US","2020-07-18",,,,,,
"US1ILCK0075","ELK GROVE VILLAGE 2.2 WSW, IL US","2020-07-19",,,,,,
"US1ILCK0075","ELK GROVE VILLAGE 2.2 WSW, IL US","2020-07-20",,,,,,
"US1ILCK0075","ELK GROVE VILLAGE 2.2 WSW, IL US","2020-07-21",,,,,,
"US1ILCK0075","ELK GROVE VILLAGE 2.2 WSW, IL US","2020-07-22",,,,,,
"US1ILCK0075","ELK GROVE VILLAGE 2.2 WSW, IL US","2020-07-23",,,,,,
"US1ILCK0075","ELK GROVE VILLAGE 2.2 WSW, IL US","2020-07-24",,,,,,
"US1ILCK0075","ELK GROVE VILLAGE 2.2 WSW, IL US","2020-07-25",,,,,,
"US1ILCK0075","ELK GROVE VILLAGE 2.2 WSW, IL US","2020-07-26",,,,,,
"US1ILCK0075","ELK GROVE VILLAGE 2.2 WSW, IL US","2020-07-27",,,,,,
"US1ILCK0075","ELK GROVE VILLAGE 2.2 WSW, IL US","2020-07-28",,,,,,
"US1ILCK0075","ELK GROVE VILLAGE 2.2 WSW, IL US","2020-07-29",,,,,,
"US1ILCK0075","ELK GROVE VILLAGE 2.2 WSW, IL US","2020-07-30",,,,,,
"US1ILCK0075","ELK GROVE VILLAGE 2.2 WSW, IL US","2020-07-31",,,,,,
"US1ILCK0075","ELK GROVE VILLAGE 2.2 WSW, IL US","2020-08-01",,,,,,
"US1ILCK0075","ELK GROVE VILLAGE 2.2 WSW, IL US","2020-08-02",,,,,,
"US1ILCK0075","ELK GROVE VILLAGE 2.2 WSW, IL US","2020-08-03",,,,,,
"US1ILCK0075","ELK GROVE VILLAGE 2.2 WSW, IL US","2020-08-04",,,,,,
"US1ILCK0075","ELK GROVE VILLAGE 2.2 WSW, IL US","2020-08-05",,,,,,
"US1ILCK0075","ELK GROVE VILLAGE 2.2 WSW, IL US","2020-08-06",,,,,,
"US1ILCK0075","ELK GROVE VILLAGE 2.2 WSW, IL US","2020-08-07",,,,,,
"US1ILCK0075","ELK GROVE VILLAGE 2.2 WSW, IL US","2020-08-08",,,,,,
"US1ILCK0075","ELK GROVE VILLAGE 2.2 WSW, IL US","2020-08-09",,,,,,
"US1ILCK0075","ELK GROVE VILLAGE 2.2 WSW, IL US","2020-08-10",,,,,,
"US1ILCK0075","ELK GROVE VILLAGE 2.2 WSW, IL US","2020-08-11",,,,,,
"US1ILCK0075","ELK GROVE VILLAGE 2.2 WSW, IL US","2020-08-12",,,,,,
"US1ILCK0075","ELK GROVE VILLAGE 2.2 WSW, IL US","2020-08-13",,,,,,
"US1ILCK0075","ELK GROVE VILLAGE 2.2 WSW, IL US","2020-08-14",,,,,,
"US1ILCK0075","ELK GROVE VILLAGE 2.2 WSW, IL US","2020-08-15",,,,,,
"US1ILCK0075","ELK GROVE VILLAGE 2.2 WSW, IL US","2020-08-16",,,,,,
"US1ILCK0075","ELK GROVE VILLAGE 2.2 WSW, IL US","2020-08-17",,,,,,
"US1ILCK0075","ELK GROVE VILLAGE 2.2 WSW, IL US","2020-08-18",,,,,,
"US1ILCK0075","ELK GROVE VILLAGE 2.2 WSW, IL US","2020-08-19",,,,,,
"US1ILCK0075","ELK GROVE VILLAGE 2.2 WSW, IL US","2020-08-20",,,,,,
"US1ILCK0075","ELK GROVE VILLAGE 2.2 WSW, IL US","2020-08-21",,,,,,
"US1ILCK0075","ELK GROVE VILLAGE 2.2 WSW, IL US","2020-08-22",,,,,,
"US1ILCK0075","ELK GROVE VILLAGE 2.2 WSW, IL US","2020-08-23",,,,,,
"US1ILCK0075","ELK GROVE VILLAGE 2.2 WSW, IL US","2020-08-24",,,,,,
"US1ILCK0075","ELK GROVE VILLAGE 2.2 WSW, IL US","2020-08-25",,,,,,
"US1ILCK0075","ELK GROVE VILLAGE 2.2 WSW, IL US","2020-08-26",,,,,,
"US1ILCK0075","ELK GROVE VILLAGE 2.2 WSW, IL US","2020-08-27",,,,,,
"US1ILCK0075","ELK GROVE VILLAGE 2.2 WSW, IL US","2020-08-28",,,,,,
"US1ILCK0075","ELK GROVE VILLAGE 2.2 WSW, IL US","2020-08-29",,,,,,
"US1ILCK0075","ELK GROVE VILLAGE 2.2 WSW, IL US","2020-08-30",,,,,,
"US1ILCK0075","ELK GROVE VILLAGE 2.2 WSW, IL US","2020-08-31",,,,,,
"US1ILCK0075","ELK GROVE VILLAGE 2.2 WSW, IL US","2020-09-01",,,,,,
"US1ILCK0075","ELK GROVE VILLAGE 2.2 WSW, IL US","2020-09-02",,,,,,
"US1ILCK0075","ELK GROVE VILLAGE 2.2 WSW, IL US","2020-09-03",,,,,,
"US1ILCK0075","ELK GROVE VILLAGE 2.2 WSW, IL US","2020-09-04",,,,,,
"US1ILCK0075","ELK GROVE VILLAGE 2.2 WSW, IL US","2020-09-05",,,,,,
"US1ILCK0075","ELK GROVE VILLAGE 2.2 WSW, IL US","2020-09-06",,,,,,
"US1ILCK0075","ELK GROVE VILLAGE 2.2 WSW, IL US","2020-09-07",,,,,,
"US1ILCK0075","ELK GROVE VILLAGE 2.2 WSW, IL US","2020-09-08",,,,,,
"USC00115314","MANHATTAN 5 NE, IL US","2019-10-01",,,,,,
"USC00115314","MANHATTAN 5 NE, IL US","2019-10-02",,,,,,
"USC00115314","MANHATTAN 5 NE, IL US","2019-10-03",,,,,,
"USC00115314","MANHATTAN 5 NE, IL US","2019-10-04",,,,,,
"USC00115314","MANHATTAN 5 NE, IL US","2019-10-05",,,,,,
"USC00115314","MANHATTAN 5 NE, IL US","2019-10-06",,,,,,
"USC00115314","MANHATTAN 5 NE, IL US","2019-10-07",,,,,,
"USC00115314","MANHATTAN 5 NE, IL US","2019-10-08",,,,,,
"USC00115314","MANHATTAN 5 NE, IL US","2019-10-09",,,,,,
"USC00115314","MANHATTAN 5 NE, IL US","2019-10-10",,,,,,
"USC00115314","MANHATTAN 5 NE, IL US","2019-10-11",,,,,,
"USC00115314","MANHATTAN 5 NE, IL US","2019-10-12",,,,,,
"USC00115314","MANHATTAN 5 NE, IL US","2019-10-13",,,,,,
"USC00115314","MANHATTAN 5 NE, IL US","2019-10-14",,,,,,
"USC00115314","MANHATTAN 5 NE, IL US","2019-10-15",,,,,,
"USC00115314","MANHATTAN 5 NE, IL US","2019-10-16",,,,,,
"USC00115314","MANHATTAN 5 NE, IL US","2019-10-17",,,,,,
"USC00115314","MANHATTAN 5 NE, IL US","2019-10-18",,,,,,
"USC00115314","MANHATTAN 5 NE, IL US","2019-10-19",,,,,,
"USC00115314","MANHATTAN 5 NE, IL US","2019-10-20",,,,,,
"USC00115314","MANHATTAN 5 NE, IL US","2019-10-21",,,,,,
"USC00115314","MANHATTAN 5 NE, IL US","2019-10-22",,,,,,
"USC00115314","MANHATTAN 5 NE, IL US","2019-10-23",,,,,,
"USC00115314","MANHATTAN 5 NE, IL US","2019-10-24",,,,,,
"USC00115314","MANHATTAN 5 NE, IL US","2019-10-25",,,,,,
"USC00115314","MANHATTAN 5 NE, IL US","2019-10-26",,,,,,
"USC00115314","MANHATTAN 5 NE, IL US","2019-10-27",,,,,,
"USC00115314","MANHATTAN 5 NE, IL US","2019-10-28",,,,,,
"USC00115314","MANHATTAN 5 NE, IL US","2019-10-29",,,,,,
"USC00115314","MANHATTAN 5 NE, IL US","2019-10-30",,,,,,
"USC00115314","MANHATTAN 5 NE, IL US","2019-10-31",,,,,,
"USC00115314","MANHATTAN 5 NE, IL US","2019-11-01",,,,,,
"USC00115314","MANHATTAN 5 NE, IL US","2019-11-02",,,,,,
"USC00115314","MANHATTAN 5 NE, IL US","2019-11-03",,,,,,
"USC00115314","MANHATTAN 5 NE, IL US","2019-11-04",,,,,,
"USC00115314","MANHATTAN 5 NE, IL US","2019-11-05",,,,,,
"USC00115314","MANHATTAN 5 NE, IL US","2019-11-06",,,,,,
"USC00115314","MANHATTAN 5 NE, IL US","2019-11-07",,,,,,
"USC00115314","MANHATTAN 5 NE, IL US","2019-11-08",,,,,,
"USC00115314","MANHATTAN 5 NE, IL US","2019-11-09",,,,,,
"USC00115314","MANHATTAN 5 NE, IL US","2019-11-10",,,,,,
"USC00115314","MANHATTAN 5 NE, IL US","2019-11-11",,,,,,
"USC00115314","MANHATTAN 5 NE, IL US","2019-11-12",,,,,,
"USC00115314","MANHATTAN 5 NE, IL US","2019-11-13",,,,,,
"USC00115314","MANHATTAN 5 NE, IL US","2019-11-14",,,,,,
"USC00115314","MANHATTAN 5 NE, IL US","2019-11-15",,,,,,
"USC00115314","MANHATTAN 5 NE, IL US","2019-11-16",,,,,,
"USC00115314","MANHATTAN 5 NE, IL US","2019-11-17",,,,,,
"USC00115314","MANHATTAN 5 NE, IL US","2019-11-18",,,,,,
"USC00115314","MANHATTAN 5 NE, IL US","2019-11-19",,,,,,
"USC00115314","MANHATTAN 5 NE, IL US","2019-11-20",,,,,,
"USC00115314","MANHATTAN 5 NE, IL US","2019-11-21",,,,,,
"USC00115314","MANHATTAN 5 NE, IL US","2019-11-22",,,,,,
"USC00115314","MANHATTAN 5 NE, IL US","2019-11-23",,,,,,
"USC00115314","MANHATTAN 5 NE, IL US","2019-11-24",,,,,,
"USC00115314","MANHATTAN 5 NE, IL US","2019-11-25",,,,,,
"USC00115314","MANHATTAN 5 NE, IL US","2019-11-26",,,,,,
"USC00115314","MANHATTAN 5 NE, IL US","2019-11-27",,,,,,
"USC00115314","MANHATTAN 5 NE, IL US","2019-11-28",,,,,,
"USC00115314","MANHATTAN 5 NE, IL US","2019-11-29",,,,,,
"USC00115314","MANHATTAN 5 NE, IL US","2019-11-30",,,,,,
"USC00115314","MANHATTAN 5 NE, IL US","2019-12-01",,,,,,
"USC00115314","MANHATTAN 5 NE, IL US","2019-12-02",,,,,,
"USC00115314","MANHATTAN 5 NE, IL US","2019-12-03",,,,,,
"USC00115314","MANHATTAN 5 NE, IL US","2019-12-04",,,,,,
"USC00115314","MANHATTAN 5 NE, IL US","2019-12-05",,,,,,
"USC00115314","MANHATTAN 5 NE, IL US","2019-12-06",,,,,,
"USC00115314","MANHATTAN 5 NE, IL US","2019-12-07",,,,,,
"USC00115314","MANHATTAN 5 NE, IL US","2019-12-08",,,,,,
"USC00115314","MANHATTAN 5 NE, IL US","2019-12-09",,,,,,
"USC00115314","MANHATTAN 5 NE, IL US","2019-12-10",,,,,,
"USC00115314","MANHATTAN 5 NE, IL US","2019-12-11",,,,,,
"USC00115314","MANHATTAN 5 NE, IL US","2019-12-12",,,,,,
"USC00115314","MANHATTAN 5 NE, IL US","2019-12-13",,,,,,
"USC00115314","MANHATTAN 5 NE, IL US","2019-12-14",,,,,,
"USC00115314","MANHATTAN 5 NE, IL US","2019-12-15",,,,,,
"USC00115314","MANHATTAN 5 NE, IL US","2019-12-16",,,,,,
"USC00115314","MANHATTAN 5 NE, IL US","2019-12-17",,,,,,
"USC00115314","MANHATTAN 5 NE, IL US","2019-12-18",,,,,,
"USC00115314","MANHATTAN 5 NE, IL US","2019-12-19",,,,,,
"USC00115314","MANHATTAN 5 NE, IL US","2019-12-20",,,,,,
"USC00115314","MANHATTAN 5 NE, IL US","2019-12-21",,,,,,
"USC00115314","MANHATTAN 5 NE, IL US","2019-12-22",,,,,,
"USC00115314","MANHATTAN 5 NE, IL US","2019-12-23",,,,,,
"USC00115314","MANHATTAN 5 NE, IL US","2019-12-24",,,,,,
"USC00115314","MANHATTAN 5 NE, IL US","2019-12-25",,,,,,
"USC00115314","MANHATTAN 5 NE, IL US","2019-12-26",,,,,,
"USC00115314","MANHATTAN 5 NE, IL US","2019-12-27",,,,,,
"USC00115314","MANHATTAN 5 NE, IL US","2019-12-28",,,,,,
"USC00115314","MANHATTAN 5 NE, IL US","2019-12-29",,,,,,
"USC00115314","MANHATTAN 5 NE, IL US","2019-12-30",,,,,,
"USC00115314","MANHATTAN 5 NE, IL US","2019-12-31",,,,,,
"USC00115314","MANHATTAN 5 NE, IL US","2020-01-01",,,,,,
"USC00115314","MANHATTAN 5 NE, IL US","2020-01-02",,,,,,
"USC00115314","MANHATTAN 5 NE, IL US","2020-01-03",,,,,,
"USC00115314","MANHATTAN 5 NE, IL US","2020-01-04",,,,,,
"USC00115314","MANHATTAN 5 NE, IL US","2020-01-05",,,,,,
"USC00115314","MANHATTAN 5 NE, IL US","2020-01-06",,,,,,
"USC00115314","MANHATTAN 5 NE, IL US","2020-01-07",,,,,,
"USC00115314","MANHATTAN 5 NE, IL US","2020-01-08",,,,,,
"USC00115314","MANHATTAN 5 NE, IL US","2020-01-09",,,,,,
"USC00115314","MANHATTAN 5 NE, IL US","2020-01-10",,,,,,
"USC00115314","MANHATTAN 5 NE, IL US","2020-01-11",,,,,,
"USC00115314","MANHATTAN 5 NE, IL US","2020-01-12",,,,,,
"USC00115314","MANHATTAN 5 NE, IL US","2020-01-13",,,,,,
"USC00115314","MANHATTAN 5 NE, IL US","2020-01-14",,,,,,
"USC00115314","MANHATTAN 5 NE, IL US","2020-01-15",,,,,,
"USC00115314","MANHATTAN 5 NE, IL US","2020-01-16",,,,,,
"USC00115314","MANHATTAN 5 NE, IL US","2020-01-17",,,,,,
"USC00115314","MANHATTAN 5 NE, IL US","2020-01-18",,,,,,
"USC00115314","MANHATTAN 5 NE, IL US","2020-01-19",,,,,,
"USC00115314","MANHATTAN 5 NE, IL US","2020-01-20",,,,,,
"USC00115314","MANHATTAN 5 NE, IL US","2020-01-21",,,,,,
"USC00115314","MANHATTAN 5 NE, IL US","2020-01-22",,,,,,
"USC00115314","MANHATTAN 5 NE, IL US","2020-01-23",,,,,,
"USC00115314","MANHATTAN 5 NE, IL US","2020-01-24",,,,,,
"USC00115314","MANHATTAN 5 NE, IL US","2020-01-25",,,,,,
"USC00115314","MANHATTAN 5 NE, IL US","2020-01-26",,,,,,
"USC00115314","MANHATTAN 5 NE, IL US","2020-01-27",,,,,,
"USC00115314","MANHATTAN 5 NE, IL US","2020-01-28",,,,,,
"USC00115314","MANHATTAN 5 NE, IL US","2020-01-29",,,,,,
"USC00115314","MANHATTAN 5 NE, IL US","2020-01-30",,,,,,
"USC00115314","MANHATTAN 5 NE, IL US","2020-01-31",,,,,,
"USC00115314","MANHATTAN 5 NE, IL US","2020-02-01",,,,,,
"USC00115314","MANHATTAN 5 NE, IL US","2020-02-02",,,,,,
"USC00115314","MANHATTAN 5 NE, IL US","2020-02-03",,,,,,
"USC00115314","MANHATTAN 5 NE, IL US","2020-02-04",,,,,,
"USC00115314","MANHATTAN 5 NE, IL US","2020-02-05",,,,,,
"USC00115314","MANHATTAN 5 NE, IL US","2020-02-06",,,,,,
"USC00115314","MANHATTAN 5 NE, IL US","2020-02-07",,,,,,
"USC00115314","MANHATTAN 5 NE, IL US","2020-02-08",,,,,,
"USC00115314","MANHATTAN 5 NE, IL US","2020-02-09",,,,,,
"USC00115314","MANHATTAN 5 NE, IL US","2020-02-10",,,,,,
"USC00115314","MANHATTAN 5 NE, IL US","2020-02-11",,,,,,
"USC00115314","MANHATTAN 5 NE, IL US","2020-02-12",,,,,,
"USC00115314","MANHATTAN 5 NE, IL US","2020-02-13",,,,,,
"USC00115314","MANHATTAN 5 NE, IL US","2020-02-14",,,,,,
"USC00115314","MANHATTAN 5 NE, IL US","2020-02-15",,,,,,
"USC00115314","MANHATTAN 5 NE, IL US","2020-02-16",,,,,,
"USC00115314","MANHATTAN 5 NE, IL US","2020-02-17",,,,,,
"USC00115314","MANHATTAN 5 NE, IL US","2020-02-18",,,,,,
"USC00115314","MANHATTAN 5 NE, IL US","2020-02-19",,,,,,
"USC00115314","MANHATTAN 5 NE, IL US","2020-02-20",,,,,,
"USC00115314","MANHATTAN 5 NE, IL US","2020-02-21",,,,,,
"USC00115314","MANHATTAN 5 NE, IL US","2020-02-22",,,,,,
"USC00115314","MANHATTAN 5 NE, IL US","2020-02-23",,,,,,
"USC00115314","MANHATTAN 5 NE, IL US","2020-02-24",,,,,,
"USC00115314","MANHATTAN 5 NE, IL US","2020-02-25",,,,,,
"USC00115314","MANHATTAN 5 NE, IL US","2020-02-26",,,,,,
"USC00115314","MANHATTAN 5 NE, IL US","2020-02-27",,,,,,
"USC00115314","MANHATTAN 5 NE, IL US","2020-02-28",,,,,,
"USC00115314","MANHATTAN 5 NE, IL US","2020-02-29",,,,,,
"USC00115314","MANHATTAN 5 NE, IL US","2020-03-01",,,,,,
"USC00115314","MANHATTAN 5 NE, IL US","2020-03-02",,,,,,
"USC00115314","MANHATTAN 5 NE, IL US","2020-03-03",,,,,,
"USC00115314","MANHATTAN 5 NE, IL US","2020-03-04",,,,,,
"USC00115314","MANHATTAN 5 NE, IL US","2020-03-05",,,,,,
"USC00115314","MANHATTAN 5 NE, IL US","2020-03-06",,,,,,
"USC00115314","MANHATTAN 5 NE, IL US","2020-03-07",,,,,,
"USC00115314","MANHATTAN 5 NE, IL US","2020-03-08",,,,,,
"USC00115314","MANHATTAN 5 NE, IL US","2020-03-09",,,,,,
"USC00115314","MANHATTAN 5 NE, IL US","2020-03-10",,,,,,
"USC00115314","MANHATTAN 5 NE, IL US","2020-03-11",,,,,,
"USC00115314","MANHATTAN 5 NE, IL US","2020-03-12",,,,,,
"USC00115314","MANHATTAN 5 NE, IL US","2020-03-13",,,,,,
"USC00115314","MANHATTAN 5 NE, IL US","2020-03-14",,,,,,
"USC00115314","MANHATTAN 5 NE, IL US","2020-03-15",,,,,,
"USC00115314","MANHATTAN 5 NE, IL US","2020-03-16",,,,,,
"USC00115314","MANHATTAN 5 NE, IL US","2020-03-17",,,,,,
"USC00115314","MANHATTAN 5 NE, IL US","2020-03-18",,,,,,
"USC00115314","MANHATTAN 5 NE, IL US","2020-03-19",,,,,,
"USC00115314","MANHATTAN 5 NE, IL US","2020-03-20",,,,,,
"USC00115314","MANHATTAN 5 NE, IL US","2020-03-21",,,,,,
"USC00115314","MANHATTAN 5 NE, IL US","2020-03-22",,,,,,
"USC00115314","MANHATTAN 5 NE, IL US","2020-03-23",,,,,,
"USC00115314","MANHATTAN 5 NE, IL US","2020-03-24",,,,,,
"USC00115314","MANHATTAN 5 NE, IL US","2020-03-25",,,,,,
"USC00115314","MANHATTAN 5 NE, IL US","2020-03-26",,,,,,
"USC00115314","MANHATTAN 5 NE, IL US","2020-03-27",,,,,,
"USC00115314","MANHATTAN 5 NE, IL US","2020-03-28",,,,,,
"USC00115314","MANHATTAN 5 NE, IL US","2020-03-29",,,,,,
"USC00115314","MANHATTAN 5 NE, IL US","2020-03-30",,,,,,
"USC00115314","MANHATTAN 5 NE, IL US","2020-03-31",,,,,,
"USC00115314","MANHATTAN 5 NE, IL US","2020-04-01",,,,,,
"USC00115314","MANHATTAN 5 NE, IL US","2020-04-02",,,,,,
"USC00115314","MANHATTAN 5 NE, IL US","2020-04-03",,,,,,
"USC00115314","MANHATTAN 5 NE, IL US","2020-04-04",,,,,,
"USC00115314","MANHATTAN 5 NE, IL US","2020-04-05",,,,,,
"USC00115314","MANHATTAN 5 NE, IL US","2020-04-06",,,,,,
"USC00115314","MANHATTAN 5 NE, IL US","2020-04-07",,,,,,
"USC00115314","MANHATTAN 5 NE, IL US","2020-04-08",,,,,,
"USC00115314","MANHATTAN 5 NE, IL US","2020-04-09",,,,,,
"USC00115314","MANHATTAN 5 NE, IL US","2020-04-10",,,,,,
"USC00115314","MANHATTAN 5 NE, IL US","2020-04-11",,,,,,
"USC00115314","MANHATTAN 5 NE, IL US","2020-04-12",,,,,,
"USC00115314","MANHATTAN 5 NE, IL US","2020-04-13",,,,,,
"USC00115314","MANHATTAN 5 NE, IL US","2020-04-14",,,,,,
"USC00115314","MANHATTAN 5 NE, IL US","2020-04-15",,,,,,
"USC00115314","MANHATTAN 5 NE, IL US","2020-04-16",,,,,,
"USC00115314","MANHATTAN 5 NE, IL US","2020-04-17",,,,,,
"USC00115314","MANHATTAN 5 NE, IL US","2020-04-18",,,,,,
"USC00115314","MANHATTAN 5 NE, IL US","2020-04-19",,,,,,
"USC00115314","MANHATTAN 5 NE, IL US","2020-04-20",,,,,,
"USC00115314","MANHATTAN 5 NE, IL US","2020-04-21",,,,,,
"USC00115314","MANHATTAN 5 NE, IL US","2020-04-22",,,,,,
"USC00115314","MANHATTAN 5 NE, IL US","2020-04-23",,,,,,
"USC00115314","MANHATTAN 5 NE, IL US","2020-04-24",,,,,,
"USC00115314","MANHATTAN 5 NE, IL US","2020-04-25",,,,,,
"USC00115314","MANHATTAN 5 NE, IL US","2020-04-26",,,,,,
"USC00115314","MANHATTAN 5 NE, IL US","2020-04-27",,,,,,
"USC00115314","MANHATTAN 5 NE, IL US","2020-04-28",,,,,,
"USC00115314","MANHATTAN 5 NE, IL US","2020-04-29",,,,,,
"USC00115314","MANHATTAN 5 NE, IL US","2020-04-30",,,,,,
"USC00115314","MANHATTAN 5 NE, IL US","2020-05-01",,,,,,
"USC00115314","MANHATTAN 5 NE, IL US","2020-05-02",,,,,,
"USC00115314","MANHATTAN 5 NE, IL US","2020-05-03",,,,,,
"USC00115314","MANHATTAN 5 NE, IL US","2020-05-04",,,,,,
"USC00115314","MANHATTAN 5 NE, IL US","2020-05-05",,,,,,
"USC00115314","MANHATTAN 5 NE, IL US","2020-05-06",,,,,,
"USC00115314","MANHATTAN 5 NE, IL US","2020-05-07",,,,,,
"USC00115314","MANHATTAN 5 NE, IL US","2020-05-08",,,,,,
"USC00115314","MANHATTAN 5 NE, IL US","2020-05-09",,,,,,
"USC00115314","MANHATTAN 5 NE, IL US","2020-05-10",,,,,,
"USC00115314","MANHATTAN 5 NE, IL US","2020-05-11",,,,,,
"USC00115314","MANHATTAN 5 NE, IL US","2020-05-12",,,,,,
"USC00115314","MANHATTAN 5 NE, IL US","2020-05-13",,,,,,
"USC00115314","MANHATTAN 5 NE, IL US","2020-05-14",,,,,,
"USC00115314","MANHATTAN 5 NE, IL US","2020-05-15",,,,,,
"USC00115314","MANHATTAN 5 NE, IL US","2020-05-16",,,,,,
"USC00115314","MANHATTAN 5 NE, IL US","2020-05-17",,,,,,
"USC00115314","MANHATTAN 5 NE, IL US","2020-05-18",,,,,,
"USC00115314","MANHATTAN 5 NE, IL US","2020-05-19",,,,,,
"USC00115314","MANHATTAN 5 NE, IL US","2020-05-20",,,,,,
"USC00115314","MANHATTAN 5 NE, IL US","2020-05-21",,,,,,
"USC00115314","MANHATTAN 5 NE, IL US","2020-05-22",,,,,,
"USC00115314","MANHATTAN 5 NE, IL US","2020-05-23",,,,,,
"USC00115314","MANHATTAN 5 NE, IL US","2020-05-24",,,,,,
"USC00115314","MANHATTAN 5 NE, IL US","2020-05-25",,,,,,
"USC00115314","MANHATTAN 5 NE, IL US","2020-05-26",,,,,,
"USC00115314","MANHATTAN 5 NE, IL US","2020-05-27",,,,,,
"USC00115314","MANHATTAN 5 NE, IL US","2020-05-28",,,,,,
"USC00115314","MANHATTAN 5 NE, IL US","2020-05-29",,,,,,
"USC00115314","MANHATTAN 5 NE, IL US","2020-05-30",,,,,,
"USC00115314","MANHATTAN 5 NE, IL US","2020-05-31",,,,,,
"USC00115314","MANHATTAN 5 NE, IL US","2020-06-01",,,,,,
"USC00115314","MANHATTAN 5 NE, IL US","2020-06-02",,,,,,
"USC00115314","MANHATTAN 5 NE, IL US","2020-06-03",,,,,,
"USC00115314","MANHATTAN 5 NE, IL US","2020-06-04",,,,,,
"USC00115314","MANHATTAN 5 NE, IL US","2020-06-05",,,,,,
"USC00115314","MANHATTAN 5 NE, IL US","2020-06-06",,,,,,
"USC00115314","MANHATTAN 5 NE, IL US","2020-06-07",,,,,,
"USC00115314","MANHATTAN 5 NE, IL US","2020-06-08",,,,,,
"USC00115314","MANHATTAN 5 NE, IL US","2020-06-09",,,,,,
"USC00115314","MANHATTAN 5 NE, IL US","2020-06-10",,,,,,
"USC00115314","MANHATTAN 5 NE, IL US","2020-06-11",,,,,,
"USC00115314","MANHATTAN 5 NE, IL US","2020-06-12",,,,,,
"USC00115314","MANHATTAN 5 NE, IL US","2020-06-13",,,,,,
"USC00115314","MANHATTAN 5 NE, IL US","2020-06-14",,,,,,
"USC00115314","MANHATTAN 5 NE, IL US","2020-06-15",,,,,,
"USC00115314","MANHATTAN 5 NE, IL US","2020-06-16",,,,,,
"USC00115314","MANHATTAN 5 NE, IL US","2020-06-17",,,,,,
"USC00115314","MANHATTAN 5 NE, IL US","2020-06-18",,,,,,
"USC00115314","MANHATTAN 5 NE, IL US","2020-06-19",,,,,,
"USC00115314","MANHATTAN 5 NE, IL US","2020-06-20",,,,,,
"USC00115314","MANHATTAN 5 NE, IL US","2020-06-21",,,,,,
"USC00115314","MANHATTAN 5 NE, IL US","2020-06-22",,,,,,
"USC00115314","MANHATTAN 5 NE, IL US","2020-06-23",,,,,,
"USC00115314","MANHATTAN 5 NE, IL US","2020-06-24",,,,,,
"USC00115314","MANHATTAN 5 NE, IL US","2020-06-25",,,,,,
"USC00115314","MANHATTAN 5 NE, IL US","2020-06-26",,,,,,
"USC00115314","MANHATTAN 5 NE, IL US","2020-06-27",,,,,,
"USC00115314","MANHATTAN 5 NE, IL US","2020-06-28",,,,,,
"USC00115314","MANHATTAN 5 NE, IL US","2020-06-29",,,,,,
"USC00115314","MANHATTAN 5 NE, IL US","2020-06-30",,,,,,
"USC00115314","MANHATTAN 5 NE, IL US","2020-07-01",,,,,,
"USC00115314","MANHATTAN 5 NE, IL US","2020-07-02",,,,,,
"USC00115314","MANHATTAN 5 NE, IL US","2020-07-03",,,,,,
"USC00115314","MANHATTAN 5 NE, IL US","2020-07-04",,,,,,
"USC00115314","MANHATTAN 5 NE, IL US","2020-07-05",,,,,,
"USC00115314","MANHATTAN 5 NE, IL US","2020-07-06",,,,,,
"USC00115314","MANHATTAN 5 NE, IL US","2020-07-07",,,,,,
"USC00115314","MANHATTAN 5 NE, IL US","2020-07-08",,,,,,
"USC00115314","MANHATTAN 5 NE, IL US","2020-07-09",,,,,,
"USC00115314","MANHATTAN 5 NE, IL US","2020-07-10",,,,,,
"USC00115314","MANHATTAN 5 NE, IL US","2020-07-11",,,,,,
"USC00115314","MANHATTAN 5 NE, IL US","2020-07-12",,,,,,
"USC00115314","MANHATTAN 5 NE, IL US","2020-07-13",,,,,,
"USC00115314","MANHATTAN 5 NE, IL US","2020-07-14",,,,,,
"USC00115314","MANHATTAN 5 NE, IL US","2020-07-15",,,,,,
"USC00115314","MANHATTAN 5 NE, IL US","2020-07-16",,,,,,
"USC00115314","MANHATTAN 5 NE, IL US","2020-07-17",,,,,,
"USC00115314","MANHATTAN 5 NE, IL US","2020-07-18",,,,,,
"USC00115314","MANHATTAN 5 NE, IL US","2020-07-19",,,,,,
"USC00115314","MANHATTAN 5 NE, IL US","2020-07-20",,,,,,
"USC00115314","MANHATTAN 5 NE, IL US","2020-07-21",,,,,,
"USC00115314","MANHATTAN 5 NE, IL US","2020-07-22",,,,,,
"USC00115314","MANHATTAN 5 NE, IL US","2020-07-23",,,,,,
"USC00115314","MANHATTAN 5 NE, IL US","2020-07-24",,,,,,
"USC00115314","MANHATTAN 5 NE, IL US","2020-07-25",,,,,,
"USC00115314","MANHATTAN 5 NE, IL US","2020-07-26",,,,,,
"USC00115314","MANHATTAN 5 NE, IL US","2020-07-27",,,,,,
"USC00115314","MANHATTAN 5 NE, IL US","2020-08-01",,,,,,
"USC00115314","MANHATTAN 5 NE, IL US","2020-08-02",,,,,,
"USC00115314","MANHATTAN 5 NE, IL US","2020-08-03",,,,,,
"USC00115314","MANHATTAN 5 NE, IL US","2020-08-04",,,,,,
"USC00115314","MANHATTAN 5 NE, IL US","2020-08-05",,,,,,
"USC00115314","MANHATTAN 5 NE, IL US","2020-08-06",,,,,,
"USC00115314","MANHATTAN 5 NE, IL US","2020-08-07",,,,,,
"USC00115314","MANHATTAN 5 NE, IL US","2020-08-08",,,,,,
"USC00115314","MANHATTAN 5 NE, IL US","2020-08-09",,,,,,
"US1ILCK0214","ROGERS PARK 1.5 SW, IL US","2019-10-01",,,,,,
"US1ILCK0214","ROGERS PARK 1.5 SW, IL US","2019-10-02",,,,,,
"US1ILCK0214","ROGERS PARK 1.5 SW, IL US","2019-10-03",,,,,,
"US1ILCK0214","ROGERS PARK 1.5 SW, IL US","2019-10-04",,,,,,
"US1ILCK0214","ROGERS PARK 1.5 SW, IL US","2019-10-05",,,,,,
"US1ILCK0214","ROGERS PARK 1.5 SW, IL US","2019-10-06",,,,,,
"US1ILCK0214","ROGERS PARK 1.5 SW, IL US","2019-10-07",,,,,,
"US1ILCK0214","ROGERS PARK 1.5 SW, IL US","2019-10-08",,,,,,
"US1ILCK0214","ROGERS PARK 1.5 SW, IL US","2019-10-09",,,,,,
"US1ILCK0214","ROGERS PARK 1.5 SW, IL US","2019-10-10",,,,,,
"US1ILCK0214","ROGERS PARK 1.5 SW, IL US","2019-10-11",,,,,,
"US1ILCK0214","ROGERS PARK 1.5 SW, IL US","2019-10-12",,,,,,
"US1ILCK0214","ROGERS PARK 1.5 SW, IL US","2019-10-13",,,,,,
"US1ILCK0214","ROGERS PARK 1.5 SW, IL US","2019-10-14",,,,,,
"US1ILCK0214","ROGERS PARK 1.5 SW, IL US","2019-10-15",,,,,,
"US1ILCK0214","ROGERS PARK 1.5 SW, IL US","2019-10-16",,,,,,
"US1ILCK0214","ROGERS PARK 1.5 SW, IL US","2019-10-17",,,,,,
"US1ILCK0214","ROGERS PARK 1.5 SW, IL US","2019-10-18",,,,,,
"US1ILCK0214","ROGERS PARK 1.5 SW, IL US","2019-10-19",,,,,,
"US1ILCK0214","ROGERS PARK 1.5 SW, IL US","2019-10-20",,,,,,
"US1ILCK0214","ROGERS PARK 1.5 SW, IL US","2019-10-21",,,,,,
"US1ILCK0214","ROGERS PARK 1.5 SW, IL US","2019-10-22",,,,,,
"US1ILCK0214","ROGERS PARK 1.5 SW, IL US","2019-10-23",,,,,,
"US1ILCK0214","ROGERS PARK 1.5 SW, IL US","2019-10-24",,,,,,
"US1ILCK0214","ROGERS PARK 1.5 SW, IL US","2019-10-25",,,,,,
"US1ILCK0214","ROGERS PARK 1.5 SW, IL US","2019-10-26",,,,,,
"US1ILCK0214","ROGERS PARK 1.5 SW, IL US","2019-10-27",,,,,,
"US1ILCK0214","ROGERS PARK 1.5 SW, IL US","2019-10-28",,,,,,
"US1ILCK0214","ROGERS PARK 1.5 SW, IL US","2019-10-29",,,,,,
"US1ILCK0214","ROGERS PARK 1.5 SW, IL US","2019-10-30",,,,,,
"US1ILCK0214","ROGERS PARK 1.5 SW, IL US","2019-10-31",,,,,,
"US1ILCK0214","ROGERS PARK 1.5 SW, IL US","2019-11-01",,,,,,
"US1ILCK0214","ROGERS PARK 1.5 SW, IL US","2019-11-02",,,,,,
"US1ILCK0214","ROGERS PARK 1.5 SW, IL US","2019-11-03",,,,,,
"US1ILCK0214","ROGERS PARK 1.5 SW, IL US","2019-11-04",,,,,,
"US1ILCK0214","ROGERS PARK 1.5 SW, IL US","2019-11-05",,,,,,
"US1ILCK0214","ROGERS PARK 1.5 SW, IL US","2019-11-06",,,,,,
"US1ILCK0214","ROGERS PARK 1.5 SW, IL US","2019-11-07",,,,,,
"US1ILCK0214","ROGERS PARK 1.5 SW, IL US","2019-11-08",,,,,,
"US1ILCK0214","ROGERS PARK 1.5 SW, IL US","2019-11-09",,,,,,
"US1ILCK0214","ROGERS PARK 1.5 SW, IL US","2019-11-10",,,,,,
"US1ILCK0214","ROGERS PARK 1.5 SW, IL US","2019-11-11",,,,,,
"US1ILCK0214","ROGERS PARK 1.5 SW, IL US","2019-11-12",,,,,,
"US1ILCK0214","ROGERS PARK 1.5 SW, IL US","2019-11-13",,,,,,
"US1ILCK0214","ROGERS PARK 1.5 SW, IL US","2019-11-14",,,,,,
"US1ILCK0214","ROGERS PARK 1.5 SW, IL US","2019-11-15",,,,,,
"US1ILCK0214","ROGERS PARK 1.5 SW, IL US","2019-11-16",,,,,,
"US1ILCK0214","ROGERS PARK 1.5 SW, IL US","2019-11-17",,,,,,
"US1ILCK0214","ROGERS PARK 1.5 SW, IL US","2019-11-18",,,,,,
"US1ILCK0214","ROGERS PARK 1.5 SW, IL US","2019-11-19",,,,,,
"US1ILCK0214","ROGERS PARK 1.5 SW, IL US","2019-11-20",,,,,,
"US1ILCK0214","ROGERS PARK 1.5 SW, IL US","2019-11-21",,,,,,
"US1ILCK0214","ROGERS PARK 1.5 SW, IL US","2019-11-22",,,,,,
"US1ILCK0214","ROGERS PARK 1.5 SW, IL US","2019-11-23",,,,,,
"US1ILCK0214","ROGERS PARK 1.5 SW, IL US","2019-11-24",,,,,,
"US1ILCK0214","ROGERS PARK 1.5 SW, IL US","2019-11-25",,,,,,
"US1ILCK0214","ROGERS PARK 1.5 SW, IL US","2019-11-26",,,,,,
"US1ILCK0214","ROGERS PARK 1.5 SW, IL US","2019-11-27",,,,,,
"US1ILCK0214","ROGERS PARK 1.5 SW, IL US","2019-11-28",,,,,,
"US1ILCK0214","ROGERS PARK 1.5 SW, IL US","2019-11-29",,,,,,
"US1ILCK0214","ROGERS PARK 1.5 SW, IL US","2019-11-30",,,,,,
"US1ILCK0214","ROGERS PARK 1.5 SW, IL US","2019-12-01",,,,,,
"US1ILCK0214","ROGERS PARK 1.5 SW, IL US","2019-12-02",,,,,,
"US1ILCK0214","ROGERS PARK 1.5 SW, IL US","2019-12-03",,,,,,
"US1ILCK0214","ROGERS PARK 1.5 SW, IL US","2019-12-04",,,,,,
"US1ILCK0214","ROGERS PARK 1.5 SW, IL US","2019-12-05",,,,,,
"US1ILCK0214","ROGERS PARK 1.5 SW, IL US","2019-12-06",,,,,,
"US1ILCK0214","ROGERS PARK 1.5 SW, IL US","2019-12-07",,,,,,
"US1ILCK0214","ROGERS PARK 1.5 SW, IL US","2019-12-08",,,,,,
"US1ILCK0214","ROGERS PARK 1.5 SW, IL US","2019-12-09",,,,,,
"US1ILCK0214","ROGERS PARK 1.5 SW, IL US","2019-12-10",,,,,,
"US1ILCK0214","ROGERS PARK 1.5 SW, IL US","2019-12-11",,,,,,
"US1ILCK0214","ROGERS PARK 1.5 SW, IL US","2019-12-12",,,,,,
"US1ILCK0214","ROGERS PARK 1.5 SW, IL US","2019-12-13",,,,,,
"US1ILCK0214","ROGERS PARK 1.5 SW, IL US","2019-12-14",,,,,,
"US1ILCK0214","ROGERS PARK 1.5 SW, IL US","2019-12-15",,,,,,
"US1ILCK0214","ROGERS PARK 1.5 SW, IL US","2019-12-16",,,,,,
"US1ILCK0214","ROGERS PARK 1.5 SW, IL US","2019-12-17",,,,,,
"US1ILCK0214","ROGERS PARK 1.5 SW, IL US","2019-12-18",,,,,,
"US1ILCK0214","ROGERS PARK 1.5 SW, IL US","2019-12-19",,,,,,
"US1ILCK0214","ROGERS PARK 1.5 SW, IL US","2019-12-20",,,,,,
"US1ILCK0214","ROGERS PARK 1.5 SW, IL US","2019-12-21",,,,,,
"US1ILCK0214","ROGERS PARK 1.5 SW, IL US","2019-12-22",,,,,,
"US1ILCK0214","ROGERS PARK 1.5 SW, IL US","2019-12-23",,,,,,
"US1ILCK0214","ROGERS PARK 1.5 SW, IL US","2019-12-24",,,,,,
"US1ILCK0214","ROGERS PARK 1.5 SW, IL US","2019-12-25",,,,,,
"US1ILCK0214","ROGERS PARK 1.5 SW, IL US","2019-12-26",,,,,,
"US1ILCK0214","ROGERS PARK 1.5 SW, IL US","2019-12-27",,,,,,
"US1ILCK0214","ROGERS PARK 1.5 SW, IL US","2019-12-28",,,,,,
"US1ILCK0214","ROGERS PARK 1.5 SW, IL US","2019-12-29",,,,,,
"US1ILCK0214","ROGERS PARK 1.5 SW, IL US","2019-12-30",,,,,,
"US1ILCK0214","ROGERS PARK 1.5 SW, IL US","2019-12-31",,,,,,
"US1ILCK0214","ROGERS PARK 1.5 SW, IL US","2020-01-01",,,,,,
"US1ILCK0214","ROGERS PARK 1.5 SW, IL US","2020-01-02",,,,,,
"US1ILCK0214","ROGERS PARK 1.5 SW, IL US","2020-01-03",,,,,,
"US1ILCK0214","ROGERS PARK 1.5 SW, IL US","2020-01-04",,,,,,
"US1ILCK0214","ROGERS PARK 1.5 SW, IL US","2020-01-05",,,,,,
"US1ILCK0214","ROGERS PARK 1.5 SW, IL US","2020-01-06",,,,,,
"US1ILCK0214","ROGERS PARK 1.5 SW, IL US","2020-01-07",,,,,,
"US1ILCK0214","ROGERS PARK 1.5 SW, IL US","2020-01-08",,,,,,
"US1ILCK0214","ROGERS PARK 1.5 SW, IL US","2020-01-09",,,,,,
"US1ILCK0214","ROGERS PARK 1.5 SW, IL US","2020-01-10",,,,,,
"US1ILCK0214","ROGERS PARK 1.5 SW, IL US","2020-01-11",,,,,,
"US1ILCK0214","ROGERS PARK 1.5 SW, IL US","2020-01-12",,,,,,
"US1ILCK0214","ROGERS PARK 1.5 SW, IL US","2020-01-13",,,,,,
"US1ILCK0214","ROGERS PARK 1.5 SW, IL US","2020-01-14",,,,,,
"US1ILCK0214","ROGERS PARK 1.5 SW, IL US","2020-01-15",,,,,,
"US1ILCK0214","ROGERS PARK 1.5 SW, IL US","2020-01-16",,,,,,
"US1ILCK0214","ROGERS PARK 1.5 SW, IL US","2020-01-18",,,,,,
"US1ILCK0214","ROGERS PARK 1.5 SW, IL US","2020-01-19",,,,,,
"US1ILCK0214","ROGERS PARK 1.5 SW, IL US","2020-01-22",,,,,,
"US1ILCK0214","ROGERS PARK 1.5 SW, IL US","2020-01-23",,,,,,
"US1ILCK0214","ROGERS PARK 1.5 SW, IL US","2020-01-24",,,,,,
"US1ILCK0214","ROGERS PARK 1.5 SW, IL US","2020-01-25",,,,,,
"US1ILCK0214","ROGERS PARK 1.5 SW, IL US","2020-01-26",,,,,,
"US1ILCK0214","ROGERS PARK 1.5 SW, IL US","2020-01-27",,,,,,
"US1ILCK0214","ROGERS PARK 1.5 SW, IL US","2020-01-28",,,,,,
"US1ILCK0214","ROGERS PARK 1.5 SW, IL US","2020-01-29",,,,,,
"US1ILCK0214","ROGERS PARK 1.5 SW, IL US","2020-01-30",,,,,,
"US1ILCK0214","ROGERS PARK 1.5 SW, IL US","2020-01-31",,,,,,
"US1ILCK0214","ROGERS PARK 1.5 SW, IL US","2020-02-01",,,,,,
"US1ILCK0214","ROGERS PARK 1.5 SW, IL US","2020-02-02",,,,,,
"US1ILCK0214","ROGERS PARK 1.5 SW, IL US","2020-02-03",,,,,,
"US1ILCK0214","ROGERS PARK 1.5 SW, IL US","2020-02-04",,,,,,
"US1ILCK0214","ROGERS PARK 1.5 SW, IL US","2020-02-05",,,,,,
"US1ILCK0214","ROGERS PARK 1.5 SW, IL US","2020-02-06",,,,,,
"US1ILCK0214","ROGERS PARK 1.5 SW, IL US","2020-02-07",,,,,,
"US1ILCK0214","ROGERS PARK 1.5 SW, IL US","2020-02-08",,,,,,
"US1ILCK0214","ROGERS PARK 1.5 SW, IL US","2020-02-09",,,,,,
"US1ILCK0214","ROGERS PARK 1.5 SW, IL US","2020-02-10",,,,,,
"US1ILCK0214","ROGERS PARK 1.5 SW, IL US","2020-02-11",,,,,,
"US1ILCK0214","ROGERS PARK 1.5 SW, IL US","2020-02-12",,,,,,
"US1ILCK0214","ROGERS PARK 1.5 SW, IL US","2020-02-13",,,,,,
"US1ILCK0214","ROGERS PARK 1.5 SW, IL US","2020-02-14",,,,,,
"US1ILCK0214","ROGERS PARK 1.5 SW, IL US","2020-02-15",,,,,,
"US1ILCK0214","ROGERS PARK 1.5 SW, IL US","2020-02-16",,,,,,
"US1ILCK0214","ROGERS PARK 1.5 SW, IL US","2020-02-17",,,,,,
"US1ILCK0214","ROGERS PARK 1.5 SW, IL US","2020-02-18",,,,,,
"US1ILCK0214","ROGERS PARK 1.5 SW, IL US","2020-02-19",,,,,,
"US1ILCK0214","ROGERS PARK 1.5 SW, IL US","2020-02-20",,,,,,
"US1ILCK0214","ROGERS PARK 1.5 SW, IL US","2020-02-21",,,,,,
"US1ILCK0214","ROGERS PARK 1.5 SW, IL US","2020-02-22",,,,,,
"US1ILCK0214","ROGERS PARK 1.5 SW, IL US","2020-02-23",,,,,,
"US1ILCK0214","ROGERS PARK 1.5 SW, IL US","2020-02-24",,,,,,
"US1ILCK0214","ROGERS PARK 1.5 SW, IL US","2020-02-25",,,,,,
"US1ILCK0214","ROGERS PARK 1.5 SW, IL US","2020-02-26",,,,,,
"US1ILCK0214","ROGERS PARK 1.5 SW, IL US","2020-02-27",,,,,,
"US1ILCK0214","ROGERS PARK 1.5 SW, IL US","2020-02-28",,,,,,
"US1ILCK0214","ROGERS PARK 1.5 SW, IL US","2020-02-29",,,,,,
"US1ILCK0214","ROGERS PARK 1.5 SW, IL US","2020-03-01",,,,,,
"US1ILCK0214","ROGERS PARK 1.5 SW, IL US","2020-03-02",,,,,,
"US1ILCK0214","ROGERS PARK 1.5 SW, IL US","2020-03-03",,,,,,
"US1ILCK0214","ROGERS PARK 1.5 SW, IL US","2020-03-04",,,,,,
"US1ILCK0214","ROGERS PARK 1.5 SW, IL US","2020-03-05",,,,,,
"US1ILCK0214","ROGERS PARK 1.5 SW, IL US","2020-03-06",,,,,,
"US1ILCK0214","ROGERS PARK 1.5 SW, IL US","2020-03-07",,,,,,
"US1ILCK0214","ROGERS PARK 1.5 SW, IL US","2020-03-08",,,,,,
"US1ILCK0214","ROGERS PARK 1.5 SW, IL US","2020-03-09",,,,,,
"US1ILCK0214","ROGERS PARK 1.5 SW, IL US","2020-03-10",,,,,,
"US1ILCK0214","ROGERS PARK 1.5 SW, IL US","2020-03-11",,,,,,
"US1ILCK0214","ROGERS PARK 1.5 SW, IL US","2020-03-12",,,,,,
"US1ILCK0214","ROGERS PARK 1.5 SW, IL US","2020-03-13",,,,,,
"US1ILCK0214","ROGERS PARK 1.5 SW, IL US","2020-03-14",,,,,,
"US1ILCK0214","ROGERS PARK 1.5 SW, IL US","2020-03-15",,,,,,
"US1ILCK0214","ROGERS PARK 1.5 SW, IL US","2020-03-16",,,,,,
"US1ILCK0214","ROGERS PARK 1.5 SW, IL US","2020-03-17",,,,,,
"US1ILCK0214","ROGERS PARK 1.5 SW, IL US","2020-03-18",,,,,,
"US1ILCK0214","ROGERS PARK 1.5 SW, IL US","2020-03-19",,,,,,
"US1ILCK0214","ROGERS PARK 1.5 SW, IL US","2020-03-20",,,,,,
"US1ILCK0214","ROGERS PARK 1.5 SW, IL US","2020-03-21",,,,,,
"US1ILCK0214","ROGERS PARK 1.5 SW, IL US","2020-03-22",,,,,,
"US1ILCK0214","ROGERS PARK 1.5 SW, IL US","2020-03-23",,,,,,
"US1ILCK0214","ROGERS PARK 1.5 SW, IL US","2020-03-24",,,,,,
"US1ILCK0214","ROGERS PARK 1.5 SW, IL US","2020-03-25",,,,,,
"US1ILCK0214","ROGERS PARK 1.5 SW, IL US","2020-03-26",,,,,,
"US1ILCK0214","ROGERS PARK 1.5 SW, IL US","2020-03-27",,,,,,
"US1ILCK0214","ROGERS PARK 1.5 SW, IL US","2020-03-28",,,,,,
"US1ILCK0214","ROGERS PARK 1.5 SW, IL US","2020-03-29",,,,,,
"US1ILCK0214","ROGERS PARK 1.5 SW, IL US","2020-03-30",,,,,,
"US1ILCK0214","ROGERS PARK 1.5 SW, IL US","2020-03-31",,,,,,
"US1ILCK0214","ROGERS PARK 1.5 SW, IL US","2020-04-01",,,,,,
"US1ILCK0214","ROGERS PARK 1.5 SW, IL US","2020-04-02",,,,,,
"US1ILCK0214","ROGERS PARK 1.5 SW, IL US","2020-04-03",,,,,,
"US1ILCK0214","ROGERS PARK 1.5 SW, IL US","2020-04-04",,,,,,
"US1ILCK0214","ROGERS PARK 1.5 SW, IL US","2020-04-05",,,,,,
"US1ILCK0214","ROGERS PARK 1.5 SW, IL US","2020-04-06",,,,,,
"US1ILCK0214","ROGERS PARK 1.5 SW, IL US","2020-04-07",,,,,,
"US1ILCK0214","ROGERS PARK 1.5 SW, IL US","2020-04-08",,,,,,
"US1ILCK0214","ROGERS PARK 1.5 SW, IL US","2020-04-09",,,,,,
"US1ILCK0214","ROGERS PARK 1.5 SW, IL US","2020-04-10",,,,,,
"US1ILCK0214","ROGERS PARK 1.5 SW, IL US","2020-04-11",,,,,,
"US1ILCK0214","ROGERS PARK 1.5 SW, IL US","2020-04-12",,,,,,
"US1ILCK0214","ROGERS PARK 1.5 SW, IL US","2020-04-13",,,,,,
"US1ILCK0214","ROGERS PARK 1.5 SW, IL US","2020-04-14",,,,,,
"US1ILCK0214","ROGERS PARK 1.5 SW, IL US","2020-04-15",,,,,,
"US1ILCK0214","ROGERS PARK 1.5 SW, IL US","2020-04-16",,,,,,
"US1ILCK0214","ROGERS PARK 1.5 SW, IL US","2020-04-17",,,,,,
"US1ILCK0214","ROGERS PARK 1.5 SW, IL US","2020-04-18",,,,,,
"US1ILCK0214","ROGERS PARK 1.5 SW, IL US","2020-04-19",,,,,,
"US1ILCK0214","ROGERS PARK 1.5 SW, IL US","2020-04-20",,,,,,
"US1ILCK0214","ROGERS PARK 1.5 SW, IL US","2020-04-21",,,,,,
"US1ILCK0214","ROGERS PARK 1.5 SW, IL US","2020-04-22",,,,,,
"US1ILCK0214","ROGERS PARK 1.5 SW, IL US","2020-04-23",,,,,,
"US1ILCK0214","ROGERS PARK 1.5 SW, IL US","2020-04-24",,,,,,
"US1ILCK0214","ROGERS PARK 1.5 SW, IL US","2020-04-26",,,,,,
"US1ILCK0214","ROGERS PARK 1.5 SW, IL US","2020-04-27",,,,,,
"US1ILCK0214","ROGERS PARK 1.5 SW, IL US","2020-04-28",,,,,,
"US1ILCK0214","ROGERS PARK 1.5 SW, IL US","2020-04-29",,,,,,
"US1ILCK0214","ROGERS PARK 1.5 SW, IL US","2020-04-30",,,,,,
"US1ILCK0214","ROGERS PARK 1.5 SW, IL US","2020-05-01",,,,,,
"US1ILCK0214","ROGERS PARK 1.5 SW, IL US","2020-05-02",,,,,,
"US1ILCK0214","ROGERS PARK 1.5 SW, IL US","2020-05-03",,,,,,
"US1ILCK0214","ROGERS PARK 1.5 SW, IL US","2020-05-04",,,,,,
"US1ILCK0214","ROGERS PARK 1.5 SW, IL US","2020-05-05",,,,,,
"US1ILCK0214","ROGERS PARK 1.5 SW, IL US","2020-05-06",,,,,,
"US1ILCK0214","ROGERS PARK 1.5 SW, IL US","2020-05-07",,,,,,
"US1ILCK0214","ROGERS PARK 1.5 SW, IL US","2020-05-08",,,,,,
"US1ILCK0214","ROGERS PARK 1.5 SW, IL US","2020-05-09",,,,,,
"US1ILCK0214","ROGERS PARK 1.5 SW, IL US","2020-05-10",,,,,,
"US1ILCK0214","ROGERS PARK 1.5 SW, IL US","2020-05-11",,,,,,
"US1ILCK0214","ROGERS PARK 1.5 SW, IL US","2020-05-12",,,,,,
"US1ILCK0214","ROGERS PARK 1.5 SW, IL US","2020-05-14",,,,,,
"US1ILCK0214","ROGERS PARK 1.5 SW, IL US","2020-05-15",,,,,,
"US1ILCK0214","ROGERS PARK 1.5 SW, IL US","2020-05-16",,,,,,
"US1ILCK0214","ROGERS PARK 1.5 SW, IL US","2020-05-17",,,,,,
"US1ILCK0214","ROGERS PARK 1.5 SW, IL US","2020-05-18",,,,,,
"US1ILCK0214","ROGERS PARK 1.5 SW, IL US","2020-05-19",,,,,,
"US1ILCK0214","ROGERS PARK 1.5 SW, IL US","2020-05-20",,,,,,
"US1ILCK0214","ROGERS PARK 1.5 SW, IL US","2020-05-21",,,,,,
"US1ILCK0214","ROGERS PARK 1.5 SW, IL US","2020-05-22",,,,,,
"US1ILCK0214","ROGERS PARK 1.5 SW, IL US","2020-05-23",,,,,,
"US1ILCK0214","ROGERS PARK 1.5 SW, IL US","2020-05-24",,,,,,
"US1ILCK0214","ROGERS PARK 1.5 SW, IL US","2020-05-25",,,,,,
"US1ILCK0214","ROGERS PARK 1.5 SW, IL US","2020-05-26",,,,,,
"US1ILCK0214","ROGERS PARK 1.5 SW, IL US","2020-05-27",,,,,,
"US1ILCK0214","ROGERS PARK 1.5 SW, IL US","2020-05-28",,,,,,
"US1ILCK0214","ROGERS PARK 1.5 SW, IL US","2020-05-29",,,,,,
"US1ILCK0214","ROGERS PARK 1.5 SW, IL US","2020-05-30",,,,,,
"US1ILCK0214","ROGERS PARK 1.5 SW, IL US","2020-05-31",,,,,,
"US1ILCK0214","ROGERS PARK 1.5 SW, IL US","2020-06-01",,,,,,
"US1ILCK0214","ROGERS PARK 1.5 SW, IL US","2020-06-02",,,,,,
"US1ILCK0214","ROGERS PARK 1.5 SW, IL US","2020-06-03",,,,,,
"US1ILCK0214","ROGERS PARK 1.5 SW, IL US","2020-06-04",,,,,,
"US1ILCK0214","ROGERS PARK 1.5 SW, IL US","2020-06-05",,,,,,
"US1ILCK0214","ROGERS PARK 1.5 SW, IL US","2020-06-06",,,,,,
"US1ILCK0214","ROGERS PARK 1.5 SW, IL US","2020-06-07",,,,,,
"US1ILCK0214","ROGERS PARK 1.5 SW, IL US","2020-06-08",,,,,,
"US1ILCK0214","ROGERS PARK 1.5 SW, IL US","2020-06-09",,,,,,
"US1ILCK0214","ROGERS PARK 1.5 SW, IL US","2020-06-10",,,,,,
"US1ILCK0214","ROGERS PARK 1.5 SW, IL US","2020-06-11",,,,,,
"US1ILCK0214","ROGERS PARK 1.5 SW, IL US","2020-06-12",,,,,,
"US1ILCK0214","ROGERS PARK 1.5 SW, IL US","2020-06-13",,,,,,
"US1ILCK0214","ROGERS PARK 1.5 SW, IL US","2020-06-14",,,,,,
"US1ILCK0214","ROGERS PARK 1.5 SW, IL US","2020-06-15",,,,,,
"US1ILCK0214","ROGERS PARK 1.5 SW, IL US","2020-06-16",,,,,,
"US1ILCK0214","ROGERS PARK 1.5 SW, IL US","2020-06-17",,,,,,
"US1ILCK0214","ROGERS PARK 1.5 SW, IL US","2020-06-18",,,,,,
"US1ILCK0214","ROGERS PARK 1.5 SW, IL US","2020-06-19",,,,,,
"US1ILCK0214","ROGERS PARK 1.5 SW, IL US","2020-06-20",,,,,,
"US1ILCK0214","ROGERS PARK 1.5 SW, IL US","2020-06-21",,,,,,
"US1ILCK0214","ROGERS PARK 1.5 SW, IL US","2020-06-22",,,,,,
"US1ILCK0214","ROGERS PARK 1.5 SW, IL US","2020-06-23",,,,,,
"US1ILCK0214","ROGERS PARK 1.5 SW, IL US","2020-06-24",,,,,,
"US1ILCK0214","ROGERS PARK 1.5 SW, IL US","2020-06-25",,,,,,
"US1ILCK0214","ROGERS PARK 1.5 SW, IL US","2020-06-26",,,,,,
"US1ILCK0214","ROGERS PARK 1.5 SW, IL US","2020-06-27",,,,,,
"US1ILCK0214","ROGERS PARK 1.5 SW, IL US","2020-06-28",,,,,,
"US1ILCK0214","ROGERS PARK 1.5 SW, IL US","2020-06-29",,,,,,
"US1ILCK0214","ROGERS PARK 1.5 SW, IL US","2020-06-30",,,,,,
"US1ILCK0214","ROGERS PARK 1.5 SW, IL US","2020-07-01",,,,,,
"US1ILCK0214","ROGERS PARK 1.5 SW, IL US","2020-07-02",,,,,,
"US1ILCK0214","ROGERS PARK 1.5 SW, IL US","2020-07-03",,,,,,
"US1ILCK0214","ROGERS PARK 1.5 SW, IL US","2020-07-04",,,,,,
"US1ILCK0214","ROGERS PARK 1.5 SW, IL US","2020-07-05",,,,,,
"US1ILCK0214","ROGERS PARK 1.5 SW, IL US","2020-07-06",,,,,,
"US1ILCK0214","ROGERS PARK 1.5 SW, IL US","2020-07-07",,,,,,
"US1ILCK0214","ROGERS PARK 1.5 SW, IL US","2020-07-08",,,,,,
"US1ILCK0214","ROGERS PARK 1.5 SW, IL US","2020-07-09",,,,,,
"US1ILCK0214","ROGERS PARK 1.5 SW, IL US","2020-07-10",,,,,,
"US1ILCK0214","ROGERS PARK 1.5 SW, IL US","2020-07-11",,,,,,
"US1ILCK0214","ROGERS PARK 1.5 SW, IL US","2020-07-12",,,,,,
"US1ILCK0214","ROGERS PARK 1.5 SW, IL US","2020-07-13",,,,,,
"US1ILCK0214","ROGERS PARK 1.5 SW, IL US","2020-07-14",,,,,,
"US1ILCK0214","ROGERS PARK 1.5 SW, IL US","2020-07-15",,,,,,
"US1ILCK0214","ROGERS PARK 1.5 SW, IL US","2020-07-16",,,,,,
"US1ILCK0214","ROGERS PARK 1.5 SW, IL US","2020-07-17",,,,,,
"US1ILCK0214","ROGERS PARK 1.5 SW, IL US","2020-07-18",,,,,,
"US1ILCK0214","ROGERS PARK 1.5 SW, IL US","2020-07-19",,,,,,
"US1ILCK0214","ROGERS PARK 1.5 SW, IL US","2020-07-20",,,,,,
"US1ILCK0214","ROGERS PARK 1.5 SW, IL US","2020-07-21",,,,,,
"US1ILCK0214","ROGERS PARK 1.5 SW, IL US","2020-07-22",,,,,,
"US1ILCK0214","ROGERS PARK 1.5 SW, IL US","2020-07-23",,,,,,
"US1ILCK0214","ROGERS PARK 1.5 SW, IL US","2020-07-24",,,,,,
"US1ILCK0214","ROGERS PARK 1.5 SW, IL US","2020-07-25",,,,,,
"US1ILCK0214","ROGERS PARK 1.5 SW, IL US","2020-07-26",,,,,,
"US1ILCK0214","ROGERS PARK 1.5 SW, IL US","2020-07-27",,,,,,
"US1ILCK0214","ROGERS PARK 1.5 SW, IL US","2020-07-28",,,,,,
"US1ILCK0214","ROGERS PARK 1.5 SW, IL US","2020-07-29",,,,,,
"US1ILCK0214","ROGERS PARK 1.5 SW, IL US","2020-07-30",,,,,,
"US1ILCK0214","ROGERS PARK 1.5 SW, IL US","2020-07-31",,,,,,
"US1ILCK0214","ROGERS PARK 1.5 SW, IL US","2020-08-01",,,,,,
"US1ILCK0214","ROGERS PARK 1.5 SW, IL US","2020-08-02",,,,,,
"US1ILCK0214","ROGERS PARK 1.5 SW, IL US","2020-08-03",,,,,,
"US1ILCK0214","ROGERS PARK 1.5 SW, IL US","2020-08-04",,,,,,
"US1ILCK0214","ROGERS PARK 1.5 SW, IL US","2020-08-05",,,,,,
"US1ILCK0214","ROGERS PARK 1.5 SW, IL US","2020-08-06",,,,,,
"US1ILCK0214","ROGERS PARK 1.5 SW, IL US","2020-08-07",,,,,,
"US1ILCK0214","ROGERS PARK 1.5 SW, IL US","2020-08-08",,,,,,
"US1ILCK0214","ROGERS PARK 1.5 SW, IL US","2020-08-09",,,,,,
"US1ILCK0214","ROGERS PARK 1.5 SW, IL US","2020-08-10",,,,,,
"US1ILCK0214","ROGERS PARK 1.5 SW, IL US","2020-08-11",,,,,,
"US1ILCK0214","ROGERS PARK 1.5 SW, IL US","2020-08-12",,,,,,
"US1ILCK0214","ROGERS PARK 1.5 SW, IL US","2020-08-13",,,,,,
"US1ILCK0214","ROGERS PARK 1.5 SW, IL US","2020-08-14",,,,,,
"US1ILCK0214","ROGERS PARK 1.5 SW, IL US","2020-08-15",,,,,,
"US1ILCK0214","ROGERS PARK 1.5 SW, IL US","2020-08-16",,,,,,
"US1ILCK0214","ROGERS PARK 1.5 SW, IL US","2020-08-17",,,,,,
"US1ILCK0214","ROGERS PARK 1.5 SW, IL US","2020-08-18",,,,,,
"US1ILCK0214","ROGERS PARK 1.5 SW, IL US","2020-08-19",,,,,,
"US1ILCK0214","ROGERS PARK 1.5 SW, IL US","2020-08-20",,,,,,
"US1ILCK0214","ROGERS PARK 1.5 SW, IL US","2020-08-21",,,,,,
"US1ILCK0214","ROGERS PARK 1.5 SW, IL US","2020-08-22",,,,,,
"US1ILCK0214","ROGERS PARK 1.5 SW, IL US","2020-08-23",,,,,,
"US1ILCK0214","ROGERS PARK 1.5 SW, IL US","2020-08-24",,,,,,
"US1ILCK0214","ROGERS PARK 1.5 SW, IL US","2020-08-25",,,,,,
"US1ILCK0214","ROGERS PARK 1.5 SW, IL US","2020-08-26",,,,,,
"US1ILCK0214","ROGERS PARK 1.5 SW, IL US","2020-08-27",,,,,,
"US1ILCK0214","ROGERS PARK 1.5 SW, IL US","2020-08-28",,,,,,
"US1ILCK0214","ROGERS PARK 1.5 SW, IL US","2020-08-29",,,,,,
"US1ILCK0214","ROGERS PARK 1.5 SW, IL US","2020-08-30",,,,,,
"US1ILCK0214","ROGERS PARK 1.5 SW, IL US","2020-08-31",,,,,,
"US1ILCK0214","ROGERS PARK 1.5 SW, IL US","2020-09-01",,,,,,
"US1ILCK0214","ROGERS PARK 1.5 SW, IL US","2020-09-02",,,,,,
"US1ILCK0214","ROGERS PARK 1.5 SW, IL US","2020-09-03",,,,,,
"US1ILCK0214","ROGERS PARK 1.5 SW, IL US","2020-09-04",,,,,,
"US1ILCK0214","ROGERS PARK 1.5 SW, IL US","2020-09-05",,,,,,
"US1ILCK0214","ROGERS PARK 1.5 SW, IL US","2020-09-06",,,,,,
"US1ILCK0214","ROGERS PARK 1.5 SW, IL US","2020-09-07",,,,,,
"US1ILCK0214","ROGERS PARK 1.5 SW, IL US","2020-09-08",,,,,,
"US1ILLK0039","RIVERWOODS 0.4 ENE, IL US","2019-10-05",,,,,,
"US1ILLK0039","RIVERWOODS 0.4 ENE, IL US","2019-10-06",,,,,,
"US1ILLK0039","RIVERWOODS 0.4 ENE, IL US","2019-10-07",,,,,,
"US1ILLK0039","RIVERWOODS 0.4 ENE, IL US","2019-10-08",,,,,,
"US1ILLK0039","RIVERWOODS 0.4 ENE, IL US","2019-10-09",,,,,,
"US1ILLK0039","RIVERWOODS 0.4 ENE, IL US","2019-10-10",,,,,,
"US1ILLK0039","RIVERWOODS 0.4 ENE, IL US","2019-10-11",,,,,,
"US1ILLK0039","RIVERWOODS 0.4 ENE, IL US","2019-10-14",,,,,,
"US1ILLK0039","RIVERWOODS 0.4 ENE, IL US","2019-10-15",,,,,,
"US1ILLK0039","RIVERWOODS 0.4 ENE, IL US","2019-10-16",,,,,,
"US1ILLK0039","RIVERWOODS 0.4 ENE, IL US","2019-10-17",,,,,,
"US1ILLK0039","RIVERWOODS 0.4 ENE, IL US","2019-10-18",,,,,,
"US1ILLK0039","RIVERWOODS 0.4 ENE, IL US","2019-10-19",,,,,,
"US1ILLK0039","RIVERWOODS 0.4 ENE, IL US","2019-10-20",,,,,,
"US1ILLK0039","RIVERWOODS 0.4 ENE, IL US","2019-10-21",,,,,,
"US1ILLK0039","RIVERWOODS 0.4 ENE, IL US","2019-10-22",,,,,,
"US1ILLK0039","RIVERWOODS 0.4 ENE, IL US","2019-10-23",,,,,,
"US1ILLK0039","RIVERWOODS 0.4 ENE, IL US","2019-10-24",,,,,,
"US1ILLK0039","RIVERWOODS 0.4 ENE, IL US","2019-10-25",,,,,,
"US1ILLK0039","RIVERWOODS 0.4 ENE, IL US","2019-10-26",,,,,,
"US1ILLK0039","RIVERWOODS 0.4 ENE, IL US","2019-10-27",,,,,,
"US1ILLK0039","RIVERWOODS 0.4 ENE, IL US","2019-10-28",,,,,,
"US1ILLK0039","RIVERWOODS 0.4 ENE, IL US","2019-10-30",,,,,,
"US1ILLK0039","RIVERWOODS 0.4 ENE, IL US","2019-10-31",,,,,,
"US1ILLK0039","RIVERWOODS 0.4 ENE, IL US","2019-11-01",,,,,,
"US1ILLK0039","RIVERWOODS 0.4 ENE, IL US","2019-11-02",,,,,,
"US1ILLK0039","RIVERWOODS 0.4 ENE, IL US","2019-11-03",,,,,,
"US1ILLK0039","RIVERWOODS 0.4 ENE, IL US","2019-11-04",,,,,,
"US1ILLK0039","RIVERWOODS 0.4 ENE, IL US","2019-11-05",,,,,,
"US1ILLK0039","RIVERWOODS 0.4 ENE, IL US","2019-11-06",,,,,,
"US1ILLK0039","RIVERWOODS 0.4 ENE, IL US","2019-11-07",,,,,,
"US1ILLK0039","RIVERWOODS 0.4 ENE, IL US","2019-11-08",,,,,,
"US1ILLK0039","RIVERWOODS 0.4 ENE, IL US","2019-11-09",,,,,,
"US1ILLK0039","RIVERWOODS 0.4 ENE, IL US","2019-11-10",,,,,,
"US1ILLK0039","RIVERWOODS 0.4 ENE, IL US","2019-11-11",,,,,,
"US1ILLK0039","RIVERWOODS 0.4 ENE, IL US","2019-11-12",,,,,,
"US1ILLK0039","RIVERWOODS 0.4 ENE, IL US","2019-11-13",,,,,,
"US1ILLK0039","RIVERWOODS 0.4 ENE, IL US","2019-11-14",,,,,,
"US1ILLK0039","RIVERWOODS 0.4 ENE, IL US","2019-11-15",,,,,,
"US1ILLK0039","RIVERWOODS 0.4 ENE, IL US","2019-11-16",,,,,,
"US1ILLK0039","RIVERWOODS 0.4 ENE, IL US","2019-11-17",,,,,,
"US1ILLK0039","RIVERWOODS 0.4 ENE, IL US","2019-11-18",,,,,,
"US1ILLK0039","RIVERWOODS 0.4 ENE, IL US","2019-11-19",,,,,,
"US1ILLK0039","RIVERWOODS 0.4 ENE, IL US","2019-11-20",,,,,,
"US1ILLK0039","RIVERWOODS 0.4 ENE, IL US","2019-11-21",,,,,,
"US1ILLK0039","RIVERWOODS 0.4 ENE, IL US","2019-11-22",,,,,,
"US1ILLK0039","RIVERWOODS 0.4 ENE, IL US","2019-11-23",,,,,,
"US1ILLK0039","RIVERWOODS 0.4 ENE, IL US","2019-11-24",,,,,,
"US1ILLK0039","RIVERWOODS 0.4 ENE, IL US","2019-11-25",,,,,,
"US1ILLK0039","RIVERWOODS 0.4 ENE, IL US","2019-11-26",,,,,,
"US1ILLK0039","RIVERWOODS 0.4 ENE, IL US","2019-11-27",,,,,,
"US1ILLK0039","RIVERWOODS 0.4 ENE, IL US","2019-11-28",,,,,,
"US1ILLK0039","RIVERWOODS 0.4 ENE, IL US","2019-11-29",,,,,,
"US1ILLK0039","RIVERWOODS 0.4 ENE, IL US","2019-11-30",,,,,,
"US1ILLK0039","RIVERWOODS 0.4 ENE, IL US","2019-12-01",,,,,,
"US1ILLK0039","RIVERWOODS 0.4 ENE, IL US","2019-12-02",,,,,,
"US1ILLK0039","RIVERWOODS 0.4 ENE, IL US","2019-12-03",,,,,,
"US1ILLK0039","RIVERWOODS 0.4 ENE, IL US","2019-12-04",,,,,,
"US1ILLK0039","RIVERWOODS 0.4 ENE, IL US","2019-12-05",,,,,,
"US1ILLK0039","RIVERWOODS 0.4 ENE, IL US","2019-12-06",,,,,,
"US1ILLK0039","RIVERWOODS 0.4 ENE, IL US","2019-12-07",,,,,,
"US1ILLK0039","RIVERWOODS 0.4 ENE, IL US","2019-12-08",,,,,,
"US1ILLK0039","RIVERWOODS 0.4 ENE, IL US","2019-12-09",,,,,,
"US1ILLK0039","RIVERWOODS 0.4 ENE, IL US","2019-12-10",,,,,,
"US1ILLK0039","RIVERWOODS 0.4 ENE, IL US","2019-12-11",,,,,,
"US1ILLK0039","RIVERWOODS 0.4 ENE, IL US","2019-12-12",,,,,,
"US1ILLK0039","RIVERWOODS 0.4 ENE, IL US","2019-12-13",,,,,,
"US1ILLK0039","RIVERWOODS 0.4 ENE, IL US","2019-12-14",,,,,,
"US1ILLK0039","RIVERWOODS 0.4 ENE, IL US","2019-12-15",,,,,,
"US1ILLK0039","RIVERWOODS 0.4 ENE, IL US","2019-12-16",,,,,,
"US1ILLK0039","RIVERWOODS 0.4 ENE, IL US","2019-12-17",,,,,,
"US1ILLK0039","RIVERWOODS 0.4 ENE, IL US","2019-12-18",,,,,,
"US1ILLK0039","RIVERWOODS 0.4 ENE, IL US","2019-12-19",,,,,,
"US1ILLK0039","RIVERWOODS 0.4 ENE, IL US","2019-12-20",,,,,,
"US1ILLK0039","RIVERWOODS 0.4 ENE, IL US","2019-12-21",,,,,,
"US1ILLK0039","RIVERWOODS 0.4 ENE, IL US","2019-12-22",,,,,,
"US1ILLK0039","RIVERWOODS 0.4 ENE, IL US","2019-12-23",,,,,,
"US1ILLK0039","RIVERWOODS 0.4 ENE, IL US","2019-12-24",,,,,,
"US1ILLK0039","RIVERWOODS 0.4 ENE, IL US","2019-12-25",,,,,,
"US1ILLK0039","RIVERWOODS 0.4 ENE, IL US","2019-12-26",,,,,,
"US1ILLK0039","RIVERWOODS 0.4 ENE, IL US","2019-12-27",,,,,,
"US1ILLK0039","RIVERWOODS 0.4 ENE, IL US","2019-12-28",,,,,,
"US1ILLK0039","RIVERWOODS 0.4 ENE, IL US","2019-12-29",,,,,,
"US1ILLK0039","RIVERWOODS 0.4 ENE, IL US","2019-12-30",,,,,,
"US1ILLK0039","RIVERWOODS 0.4 ENE, IL US","2019-12-31",,,,,,
"US1ILLK0039","RIVERWOODS 0.4 ENE, IL US","2020-01-01",,,,,,
"US1ILLK0039","RIVERWOODS 0.4 ENE, IL US","2020-01-02",,,,,,
"US1ILLK0039","RIVERWOODS 0.4 ENE, IL US","2020-01-03",,,,,,
"US1ILLK0039","RIVERWOODS 0.4 ENE, IL US","2020-01-04",,,,,,
"US1ILLK0039","RIVERWOODS 0.4 ENE, IL US","2020-01-05",,,,,,
"US1ILLK0039","RIVERWOODS 0.4 ENE, IL US","2020-01-06",,,,,,
"US1ILLK0039","RIVERWOODS 0.4 ENE, IL US","2020-01-07",,,,,,
"US1ILLK0039","RIVERWOODS 0.4 ENE, IL US","2020-01-08",,,,,,
"US1ILLK0039","RIVERWOODS 0.4 ENE, IL US","2020-01-09",,,,,,
"US1ILLK0039","RIVERWOODS 0.4 ENE, IL US","2020-01-10",,,,,,
"US1ILLK0039","RIVERWOODS 0.4 ENE, IL US","2020-01-11",,,,,,
"US1ILLK0039","RIVERWOODS 0.4 ENE, IL US","2020-01-12",,,,,,
"US1ILLK0039","RIVERWOODS 0.4 ENE, IL US","2020-01-13",,,,,,
"US1ILLK0039","RIVERWOODS 0.4 ENE, IL US","2020-01-14",,,,,,
"US1ILLK0039","RIVERWOODS 0.4 ENE, IL US","2020-01-15",,,,,,
"US1ILLK0039","RIVERWOODS 0.4 ENE, IL US","2020-01-16",,,,,,
"US1ILLK0039","RIVERWOODS 0.4 ENE, IL US","2020-01-17",,,,,,
"US1ILLK0039","RIVERWOODS 0.4 ENE, IL US","2020-01-18",,,,,,
"US1ILLK0039","RIVERWOODS 0.4 ENE, IL US","2020-01-19",,,,,,
"US1ILLK0039","RIVERWOODS 0.4 ENE, IL US","2020-01-20",,,,,,
"US1ILLK0039","RIVERWOODS 0.4 ENE, IL US","2020-01-21",,,,,,
"US1ILLK0039","RIVERWOODS 0.4 ENE, IL US","2020-01-22",,,,,,
"US1ILLK0039","RIVERWOODS 0.4 ENE, IL US","2020-01-23",,,,,,
"US1ILLK0039","RIVERWOODS 0.4 ENE, IL US","2020-01-24",,,,,,
"US1ILLK0039","RIVERWOODS 0.4 ENE, IL US","2020-01-25",,,,,,
"US1ILLK0039","RIVERWOODS 0.4 ENE, IL US","2020-01-26",,,,,,
"US1ILLK0039","RIVERWOODS 0.4 ENE, IL US","2020-01-27",,,,,,
"US1ILLK0039","RIVERWOODS 0.4 ENE, IL US","2020-01-28",,,,,,
"US1ILLK0039","RIVERWOODS 0.4 ENE, IL US","2020-01-29",,,,,,
"US1ILLK0039","RIVERWOODS 0.4 ENE, IL US","2020-01-30",,,,,,
"US1ILLK0039","RIVERWOODS 0.4 ENE, IL US","2020-01-31",,,,,,
"US1ILLK0039","RIVERWOODS 0.4 ENE, IL US","2020-02-01",,,,,,
"US1ILLK0039","RIVERWOODS 0.4 ENE, IL US","2020-02-02",,,,,,
"US1ILLK0039","RIVERWOODS 0.4 ENE, IL US","2020-02-03",,,,,,
"US1ILLK0039","RIVERWOODS 0.4 ENE, IL US","2020-02-04",,,,,,
"US1ILLK0039","RIVERWOODS 0.4 ENE, IL US","2020-02-05",,,,,,
"US1ILLK0039","RIVERWOODS 0.4 ENE, IL US","2020-02-06",,,,,,
"US1ILLK0039","RIVERWOODS 0.4 ENE, IL US","2020-02-07",,,,,,
"US1ILLK0039","RIVERWOODS 0.4 ENE, IL US","2020-02-08",,,,,,
"US1ILLK0039","RIVERWOODS 0.4 ENE, IL US","2020-02-09",,,,,,
"US1ILLK0039","RIVERWOODS 0.4 ENE, IL US","2020-02-10",,,,,,
"US1ILLK0039","RIVERWOODS 0.4 ENE, IL US","2020-02-11",,,,,,
"US1ILLK0039","RIVERWOODS 0.4 ENE, IL US","2020-02-12",,,,,,
"US1ILLK0039","RIVERWOODS 0.4 ENE, IL US","2020-02-13",,,,,,
"US1ILLK0039","RIVERWOODS 0.4 ENE, IL US","2020-02-14",,,,,,
"US1ILLK0039","RIVERWOODS 0.4 ENE, IL US","2020-02-15",,,,,,
"US1ILLK0039","RIVERWOODS 0.4 ENE, IL US","2020-02-16",,,,,,
"US1ILLK0039","RIVERWOODS 0.4 ENE, IL US","2020-02-17",,,,,,
"US1ILLK0039","RIVERWOODS 0.4 ENE, IL US","2020-02-18",,,,,,
"US1ILLK0039","RIVERWOODS 0.4 ENE, IL US","2020-02-19",,,,,,
"US1ILLK0039","RIVERWOODS 0.4 ENE, IL US","2020-02-20",,,,,,
"US1ILLK0039","RIVERWOODS 0.4 ENE, IL US","2020-02-21",,,,,,
"US1ILLK0039","RIVERWOODS 0.4 ENE, IL US","2020-02-22",,,,,,
"US1ILLK0039","RIVERWOODS 0.4 ENE, IL US","2020-02-23",,,,,,
"US1ILLK0039","RIVERWOODS 0.4 ENE, IL US","2020-02-24",,,,,,
"US1ILLK0039","RIVERWOODS 0.4 ENE, IL US","2020-02-25",,,,,,
"US1ILLK0039","RIVERWOODS 0.4 ENE, IL US","2020-02-26",,,,,,
"US1ILLK0039","RIVERWOODS 0.4 ENE, IL US","2020-02-27",,,,,,
"US1ILLK0039","RIVERWOODS 0.4 ENE, IL US","2020-02-28",,,,,,
"US1ILLK0039","RIVERWOODS 0.4 ENE, IL US","2020-02-29",,,,,,
"US1ILLK0039","RIVERWOODS 0.4 ENE, IL US","2020-03-01",,,,,,
"US1ILLK0039","RIVERWOODS 0.4 ENE, IL US","2020-03-02",,,,,,
"US1ILLK0039","RIVERWOODS 0.4 ENE, IL US","2020-03-03",,,,,,
"US1ILLK0039","RIVERWOODS 0.4 ENE, IL US","2020-03-04",,,,,,
"US1ILLK0039","RIVERWOODS 0.4 ENE, IL US","2020-03-05",,,,,,
"US1ILLK0039","RIVERWOODS 0.4 ENE, IL US","2020-03-06",,,,,,
"US1ILLK0039","RIVERWOODS 0.4 ENE, IL US","2020-03-07",,,,,,
"US1ILLK0039","RIVERWOODS 0.4 ENE, IL US","2020-03-08",,,,,,
"US1ILLK0039","RIVERWOODS 0.4 ENE, IL US","2020-03-09",,,,,,
"US1ILLK0039","RIVERWOODS 0.4 ENE, IL US","2020-03-10",,,,,,
"US1ILLK0039","RIVERWOODS 0.4 ENE, IL US","2020-03-11",,,,,,
"US1ILLK0039","RIVERWOODS 0.4 ENE, IL US","2020-03-12",,,,,,
"US1ILLK0039","RIVERWOODS 0.4 ENE, IL US","2020-03-13",,,,,,
"US1ILLK0039","RIVERWOODS 0.4 ENE, IL US","2020-03-14",,,,,,
"US1ILLK0039","RIVERWOODS 0.4 ENE, IL US","2020-03-15",,,,,,
"US1ILLK0039","RIVERWOODS 0.4 ENE, IL US","2020-03-16",,,,,,
"US1ILLK0039","RIVERWOODS 0.4 ENE, IL US","2020-03-17",,,,,,
"US1ILLK0039","RIVERWOODS 0.4 ENE, IL US","2020-03-18",,,,,,
"US1ILLK0039","RIVERWOODS 0.4 ENE, IL US","2020-03-19",,,,,,
"US1ILLK0039","RIVERWOODS 0.4 ENE, IL US","2020-03-20",,,,,,
"US1ILLK0039","RIVERWOODS 0.4 ENE, IL US","2020-03-21",,,,,,
"US1ILLK0039","RIVERWOODS 0.4 ENE, IL US","2020-03-22",,,,,,
"US1ILLK0039","RIVERWOODS 0.4 ENE, IL US","2020-03-23",,,,,,
"US1ILLK0039","RIVERWOODS 0.4 ENE, IL US","2020-03-24",,,,,,
"US1ILLK0039","RIVERWOODS 0.4 ENE, IL US","2020-03-25",,,,,,
"US1ILLK0039","RIVERWOODS 0.4 ENE, IL US","2020-03-26",,,,,,
"US1ILLK0039","RIVERWOODS 0.4 ENE, IL US","2020-03-27",,,,,,
"US1ILLK0039","RIVERWOODS 0.4 ENE, IL US","2020-03-28",,,,,,
"US1ILLK0039","RIVERWOODS 0.4 ENE, IL US","2020-03-29",,,,,,
"US1ILLK0039","RIVERWOODS 0.4 ENE, IL US","2020-03-30",,,,,,
"US1ILLK0039","RIVERWOODS 0.4 ENE, IL US","2020-03-31",,,,,,
"US1ILLK0039","RIVERWOODS 0.4 ENE, IL US","2020-04-01",,,,,,
"US1ILLK0039","RIVERWOODS 0.4 ENE, IL US","2020-04-02",,,,,,
"US1ILLK0039","RIVERWOODS 0.4 ENE, IL US","2020-04-03",,,,,,
"US1ILLK0039","RIVERWOODS 0.4 ENE, IL US","2020-04-04",,,,,,
"US1ILLK0039","RIVERWOODS 0.4 ENE, IL US","2020-04-05",,,,,,
"US1ILLK0039","RIVERWOODS 0.4 ENE, IL US","2020-04-06",,,,,,
"US1ILLK0039","RIVERWOODS 0.4 ENE, IL US","2020-04-07",,,,,,
"US1ILLK0039","RIVERWOODS 0.4 ENE, IL US","2020-04-08",,,,,,
"US1ILLK0039","RIVERWOODS 0.4 ENE, IL US","2020-04-09",,,,,,
"US1ILLK0039","RIVERWOODS 0.4 ENE, IL US","2020-04-10",,,,,,
"US1ILLK0039","RIVERWOODS 0.4 ENE, IL US","2020-04-11",,,,,,
"US1ILLK0039","RIVERWOODS 0.4 ENE, IL US","2020-04-12",,,,,,
"US1ILLK0039","RIVERWOODS 0.4 ENE, IL US","2020-04-13",,,,,,
"US1ILLK0039","RIVERWOODS 0.4 ENE, IL US","2020-04-15",,,,,,
"US1ILLK0039","RIVERWOODS 0.4 ENE, IL US","2020-04-17",,,,,,
"US1ILLK0039","RIVERWOODS 0.4 ENE, IL US","2020-04-18",,,,,,
"US1ILLK0039","RIVERWOODS 0.4 ENE, IL US","2020-04-19",,,,,,
"US1ILLK0039","RIVERWOODS 0.4 ENE, IL US","2020-04-20",,,,,,
"US1ILLK0039","RIVERWOODS 0.4 ENE, IL US","2020-04-21",,,,,,
"US1ILLK0039","RIVERWOODS 0.4 ENE, IL US","2020-04-22",,,,,,
"US1ILLK0039","RIVERWOODS 0.4 ENE, IL US","2020-04-23",,,,,,
"US1ILLK0039","RIVERWOODS 0.4 ENE, IL US","2020-04-25",,,,,,
"US1ILLK0039","RIVERWOODS 0.4 ENE, IL US","2020-04-26",,,,,,
"US1ILLK0039","RIVERWOODS 0.4 ENE, IL US","2020-04-27",,,,,,
"US1ILLK0039","RIVERWOODS 0.4 ENE, IL US","2020-04-28",,,,,,
"US1ILLK0039","RIVERWOODS 0.4 ENE, IL US","2020-04-29",,,,,,
"US1ILLK0039","RIVERWOODS 0.4 ENE, IL US","2020-04-30",,,,,,
"US1ILLK0039","RIVERWOODS 0.4 ENE, IL US","2020-05-01",,,,,,
"US1ILLK0039","RIVERWOODS 0.4 ENE, IL US","2020-05-02",,,,,,
"US1ILLK0039","RIVERWOODS 0.4 ENE, IL US","2020-05-03",,,,,,
"US1ILLK0039","RIVERWOODS 0.4 ENE, IL US","2020-05-04",,,,,,
"US1ILLK0039","RIVERWOODS 0.4 ENE, IL US","2020-05-05",,,,,,
"US1ILLK0039","RIVERWOODS 0.4 ENE, IL US","2020-05-06",,,,,,
"US1ILLK0039","RIVERWOODS 0.4 ENE, IL US","2020-05-07",,,,,,
"US1ILLK0039","RIVERWOODS 0.4 ENE, IL US","2020-05-08",,,,,,
"US1ILLK0039","RIVERWOODS 0.4 ENE, IL US","2020-05-09",,,,,,
"US1ILLK0039","RIVERWOODS 0.4 ENE, IL US","2020-05-10",,,,,,
"US1ILLK0039","RIVERWOODS 0.4 ENE, IL US","2020-05-11",,,,,,
"US1ILLK0039","RIVERWOODS 0.4 ENE, IL US","2020-05-12",,,,,,
"US1ILLK0039","RIVERWOODS 0.4 ENE, IL US","2020-05-13",,,,,,
"US1ILLK0039","RIVERWOODS 0.4 ENE, IL US","2020-05-14",,,,,,
"US1ILLK0039","RIVERWOODS 0.4 ENE, IL US","2020-05-15",,,,,,
"US1ILLK0039","RIVERWOODS 0.4 ENE, IL US","2020-05-16",,,,,,
"US1ILLK0039","RIVERWOODS 0.4 ENE, IL US","2020-05-17",,,,,,
"US1ILLK0039","RIVERWOODS 0.4 ENE, IL US","2020-05-18",,,,,,
"US1ILLK0039","RIVERWOODS 0.4 ENE, IL US","2020-05-19",,,,,,
"US1ILLK0039","RIVERWOODS 0.4 ENE, IL US","2020-05-20",,,,,,
"US1ILLK0039","RIVERWOODS 0.4 ENE, IL US","2020-05-22",,,,,,
"US1ILLK0039","RIVERWOODS 0.4 ENE, IL US","2020-05-23",,,,,,
"US1ILLK0039","RIVERWOODS 0.4 ENE, IL US","2020-05-24",,,,,,
"US1ILLK0039","RIVERWOODS 0.4 ENE, IL US","2020-05-25",,,,,,
"US1ILLK0039","RIVERWOODS 0.4 ENE, IL US","2020-05-26",,,,,,
"US1ILLK0039","RIVERWOODS 0.4 ENE, IL US","2020-05-27",,,,,,
"US1ILLK0039","RIVERWOODS 0.4 ENE, IL US","2020-05-28",,,,,,
"US1ILLK0039","RIVERWOODS 0.4 ENE, IL US","2020-05-29",,,,,,
"US1ILLK0039","RIVERWOODS 0.4 ENE, IL US","2020-05-31",,,,,,
"US1ILLK0039","RIVERWOODS 0.4 ENE, IL US","2020-06-01",,,,,,
"US1ILLK0039","RIVERWOODS 0.4 ENE, IL US","2020-06-03",,,,,,
"US1ILLK0039","RIVERWOODS 0.4 ENE, IL US","2020-06-04",,,,,,
"US1ILLK0039","RIVERWOODS 0.4 ENE, IL US","2020-06-05",,,,,,
"US1ILLK0039","RIVERWOODS 0.4 ENE, IL US","2020-06-06",,,,,,
"US1ILLK0039","RIVERWOODS 0.4 ENE, IL US","2020-06-08",,,,,,
"US1ILLK0039","RIVERWOODS 0.4 ENE, IL US","2020-06-09",,,,,,
"US1ILLK0039","RIVERWOODS 0.4 ENE, IL US","2020-06-10",,,,,,
"US1ILLK0039","RIVERWOODS 0.4 ENE, IL US","2020-06-11",,,,,,
"US1ILLK0039","RIVERWOODS 0.4 ENE, IL US","2020-06-12",,,,,,
"US1ILLK0039","RIVERWOODS 0.4 ENE, IL US","2020-06-13",,,,,,
"US1ILLK0039","RIVERWOODS 0.4 ENE, IL US","2020-06-14",,,,,,
"US1ILLK0039","RIVERWOODS 0.4 ENE, IL US","2020-06-15",,,,,,
"US1ILLK0039","RIVERWOODS 0.4 ENE, IL US","2020-06-16",,,,,,
"US1ILLK0039","RIVERWOODS 0.4 ENE, IL US","2020-06-17",,,,,,
"US1ILLK0039","RIVERWOODS 0.4 ENE, IL US","2020-06-20",,,,,,
"US1ILLK0039","RIVERWOODS 0.4 ENE, IL US","2020-06-21",,,,,,
"US1ILLK0039","RIVERWOODS 0.4 ENE, IL US","2020-06-22",,,,,,
"US1ILLK0039","RIVERWOODS 0.4 ENE, IL US","2020-06-23",,,,,,
"US1ILLK0039","RIVERWOODS 0.4 ENE, IL US","2020-06-24",,,,,,
"US1ILLK0039","RIVERWOODS 0.4 ENE, IL US","2020-06-25",,,,,,
"US1ILLK0039","RIVERWOODS 0.4 ENE, IL US","2020-06-26",,,,,,
"US1ILLK0039","RIVERWOODS 0.4 ENE, IL US","2020-06-27",,,,,,
"US1ILLK0039","RIVERWOODS 0.4 ENE, IL US","2020-06-28",,,,,,
"US1ILLK0039","RIVERWOODS 0.4 ENE, IL US","2020-06-29",,,,,,
"US1ILLK0039","RIVERWOODS 0.4 ENE, IL US","2020-06-30",,,,,,
"US1ILLK0039","RIVERWOODS 0.4 ENE, IL US","2020-07-01",,,,,,
"US1ILLK0039","RIVERWOODS 0.4 ENE, IL US","2020-07-02",,,,,,
"US1ILLK0039","RIVERWOODS 0.4 ENE, IL US","2020-07-03",,,,,,
"US1ILLK0039","RIVERWOODS 0.4 ENE, IL US","2020-07-04",,,,,,
"US1ILLK0039","RIVERWOODS 0.4 ENE, IL US","2020-07-05",,,,,,
"US1ILLK0039","RIVERWOODS 0.4 ENE, IL US","2020-07-06",,,,,,
"US1ILLK0039","RIVERWOODS 0.4 ENE, IL US","2020-07-07",,,,,,
"US1ILLK0039","RIVERWOODS 0.4 ENE, IL US","2020-07-08",,,,,,
"US1ILLK0039","RIVERWOODS 0.4 ENE, IL US","2020-07-09",,,,,,
"US1ILLK0039","RIVERWOODS 0.4 ENE, IL US","2020-07-10",,,,,,
"US1ILLK0039","RIVERWOODS 0.4 ENE, IL US","2020-07-11",,,,,,
"US1ILLK0039","RIVERWOODS 0.4 ENE, IL US","2020-07-12",,,,,,
"US1ILLK0039","RIVERWOODS 0.4 ENE, IL US","2020-07-13",,,,,,
"US1ILLK0039","RIVERWOODS 0.4 ENE, IL US","2020-07-14",,,,,,
"US1ILLK0039","RIVERWOODS 0.4 ENE, IL US","2020-07-15",,,,,,
"US1ILLK0039","RIVERWOODS 0.4 ENE, IL US","2020-07-16",,,,,,
"US1ILLK0039","RIVERWOODS 0.4 ENE, IL US","2020-07-17",,,,,,
"US1ILLK0039","RIVERWOODS 0.4 ENE, IL US","2020-07-18",,,,,,
"US1ILLK0039","RIVERWOODS 0.4 ENE, IL US","2020-07-19",,,,,,
"US1ILLK0039","RIVERWOODS 0.4 ENE, IL US","2020-07-20",,,,,,
"US1ILLK0039","RIVERWOODS 0.4 ENE, IL US","2020-07-21",,,,,,
"US1ILLK0039","RIVERWOODS 0.4 ENE, IL US","2020-07-22",,,,,,
"US1ILLK0039","RIVERWOODS 0.4 ENE, IL US","2020-07-23",,,,,,
"US1ILLK0039","RIVERWOODS 0.4 ENE, IL US","2020-07-24",,,,,,
"US1ILLK0039","RIVERWOODS 0.4 ENE, IL US","2020-07-25",,,,,,
"US1ILLK0039","RIVERWOODS 0.4 ENE, IL US","2020-07-26",,,,,,
"US1ILLK0039","RIVERWOODS 0.4 ENE, IL US","2020-07-27",,,,,,
"US1ILLK0039","RIVERWOODS 0.4 ENE, IL US","2020-07-28",,,,,,
"US1ILLK0039","RIVERWOODS 0.4 ENE, IL US","2020-07-29",,,,,,
"US1ILLK0039","RIVERWOODS 0.4 ENE, IL US","2020-07-30",,,,,,
"US1ILLK0039","RIVERWOODS 0.4 ENE, IL US","2020-07-31",,,,,,
"US1ILLK0039","RIVERWOODS 0.4 ENE, IL US","2020-08-01",,,,,,
"US1ILLK0039","RIVERWOODS 0.4 ENE, IL US","2020-08-02",,,,,,
"US1ILLK0039","RIVERWOODS 0.4 ENE, IL US","2020-08-03",,,,,,
"US1ILLK0039","RIVERWOODS 0.4 ENE, IL US","2020-08-04",,,,,,
"US1ILLK0039","RIVERWOODS 0.4 ENE, IL US","2020-08-05",,,,,,
"US1ILLK0039","RIVERWOODS 0.4 ENE, IL US","2020-08-06",,,,,,
"US1ILLK0039","RIVERWOODS 0.4 ENE, IL US","2020-08-07",,,,,,
"US1ILLK0039","RIVERWOODS 0.4 ENE, IL US","2020-08-08",,,,,,
"US1ILLK0039","RIVERWOODS 0.4 ENE, IL US","2020-08-09",,,,,,
"US1ILLK0039","RIVERWOODS 0.4 ENE, IL US","2020-08-10",,,,,,
"US1ILLK0039","RIVERWOODS 0.4 ENE, IL US","2020-08-11",,,,,,
"US1ILLK0039","RIVERWOODS 0.4 ENE, IL US","2020-08-12",,,,,,
"US1ILLK0039","RIVERWOODS 0.4 ENE, IL US","2020-08-13",,,,,,
"US1ILLK0039","RIVERWOODS 0.4 ENE, IL US","2020-08-14",,,,,,
"US1ILLK0039","RIVERWOODS 0.4 ENE, IL US","2020-08-15",,,,,,
"US1ILLK0039","RIVERWOODS 0.4 ENE, IL US","2020-08-16",,,,,,
"US1ILLK0039","RIVERWOODS 0.4 ENE, IL US","2020-08-17",,,,,,
"US1ILLK0039","RIVERWOODS 0.4 ENE, IL US","2020-08-18",,,,,,
"US1ILLK0039","RIVERWOODS 0.4 ENE, IL US","2020-08-19",,,,,,
"US1ILLK0039","RIVERWOODS 0.4 ENE, IL US","2020-08-20",,,,,,
"US1ILLK0039","RIVERWOODS 0.4 ENE, IL US","2020-08-21",,,,,,
"US1ILLK0039","RIVERWOODS 0.4 ENE, IL US","2020-08-22",,,,,,
"US1ILLK0039","RIVERWOODS 0.4 ENE, IL US","2020-08-23",,,,,,
"US1ILLK0039","RIVERWOODS 0.4 ENE, IL US","2020-08-24",,,,,,
"US1ILLK0039","RIVERWOODS 0.4 ENE, IL US","2020-08-25",,,,,,
"US1ILLK0039","RIVERWOODS 0.4 ENE, IL US","2020-08-26",,,,,,
"US1ILLK0039","RIVERWOODS 0.4 ENE, IL US","2020-08-27",,,,,,
"US1ILLK0039","RIVERWOODS 0.4 ENE, IL US","2020-08-28",,,,,,
"US1ILLK0039","RIVERWOODS 0.4 ENE, IL US","2020-08-29",,,,,,
"US1ILLK0039","RIVERWOODS 0.4 ENE, IL US","2020-08-30",,,,,,
"US1ILLK0039","RIVERWOODS 0.4 ENE, IL US","2020-08-31",,,,,,
"US1ILLK0039","RIVERWOODS 0.4 ENE, IL US","2020-09-01",,,,,,
"US1ILLK0039","RIVERWOODS 0.4 ENE, IL US","2020-09-02",,,,,,
"US1ILLK0039","RIVERWOODS 0.4 ENE, IL US","2020-09-03",,,,,,
"US1ILLK0039","RIVERWOODS 0.4 ENE, IL US","2020-09-04",,,,,,
"US1ILLK0039","RIVERWOODS 0.4 ENE, IL US","2020-09-05",,,,,,
"US1ILLK0039","RIVERWOODS 0.4 ENE, IL US","2020-09-06",,,,,,
"US1ILLK0039","RIVERWOODS 0.4 ENE, IL US","2020-09-07",,,,,,
"US1ILLK0039","RIVERWOODS 0.4 ENE, IL US","2020-09-08",,,,,,
"USC00117457","ROMEOVILLE WEATHER FORECAST OFFICE, IL US","2019-10-01",,,,,,
"USC00117457","ROMEOVILLE WEATHER FORECAST OFFICE, IL US","2019-10-02",,,,,,
"USC00117457","ROMEOVILLE WEATHER FORECAST OFFICE, IL US","2019-10-03",,,,,,
"USC00117457","ROMEOVILLE WEATHER FORECAST OFFICE, IL US","2019-10-04",,,,,,
"USC00117457","ROMEOVILLE WEATHER FORECAST OFFICE, IL US","2019-10-05",,,,,,
"USC00117457","ROMEOVILLE WEATHER FORECAST OFFICE, IL US","2019-10-06",,,,,,
"USC00117457","ROMEOVILLE WEATHER FORECAST OFFICE, IL US","2019-10-07",,,,,,
"USC00117457","ROMEOVILLE WEATHER FORECAST OFFICE, IL US","2019-10-08",,,,,,
"USC00117457","ROMEOVILLE WEATHER FORECAST OFFICE, IL US","2019-10-09",,,,,,
"USC00117457","ROMEOVILLE WEATHER FORECAST OFFICE, IL US","2019-10-10",,,,,,
"USC00117457","ROMEOVILLE WEATHER FORECAST OFFICE, IL US","2019-10-11",,,,,,
"USC00117457","ROMEOVILLE WEATHER FORECAST OFFICE, IL US","2019-10-12",,,,,,
"USC00117457","ROMEOVILLE WEATHER FORECAST OFFICE, IL US","2019-10-13",,,,,,
"USC00117457","ROMEOVILLE WEATHER FORECAST OFFICE, IL US","2019-10-14",,,,,,
"USC00117457","ROMEOVILLE WEATHER FORECAST OFFICE, IL US","2019-10-15",,,,,,
"USC00117457","ROMEOVILLE WEATHER FORECAST OFFICE, IL US","2019-10-16",,,,,,
"USC00117457","ROMEOVILLE WEATHER FORECAST OFFICE, IL US","2019-10-17",,,,,,
"USC00117457","ROMEOVILLE WEATHER FORECAST OFFICE, IL US","2019-10-18",,,,,,
"USC00117457","ROMEOVILLE WEATHER FORECAST OFFICE, IL US","2019-10-19",,,,,,
"USC00117457","ROMEOVILLE WEATHER FORECAST OFFICE, IL US","2019-10-20",,,,,,
"USC00117457","ROMEOVILLE WEATHER FORECAST OFFICE, IL US","2019-10-21",,,,,,
"USC00117457","ROMEOVILLE WEATHER FORECAST OFFICE, IL US","2019-10-22",,,,,,
"USC00117457","ROMEOVILLE WEATHER FORECAST OFFICE, IL US","2019-10-23",,,,,,
"USC00117457","ROMEOVILLE WEATHER FORECAST OFFICE, IL US","2019-10-24",,,,,,
"USC00117457","ROMEOVILLE WEATHER FORECAST OFFICE, IL US","2019-10-25",,,,,,
"USC00117457","ROMEOVILLE WEATHER FORECAST OFFICE, IL US","2019-10-26",,,,,,
"USC00117457","ROMEOVILLE WEATHER FORECAST OFFICE, IL US","2019-10-27",,,,,,
"USC00117457","ROMEOVILLE WEATHER FORECAST OFFICE, IL US","2019-10-28",,,,,,
"USC00117457","ROMEOVILLE WEATHER FORECAST OFFICE, IL US","2019-10-29",,,,,,
"USC00117457","ROMEOVILLE WEATHER FORECAST OFFICE, IL US","2019-10-30",,,,,,
"USC00117457","ROMEOVILLE WEATHER FORECAST OFFICE, IL US","2019-10-31",,,,,,
"USC00117457","ROMEOVILLE WEATHER FORECAST OFFICE, IL US","2019-11-01",,,,,,
"USC00117457","ROMEOVILLE WEATHER FORECAST OFFICE, IL US","2019-11-02",,,,,,
"USC00117457","ROMEOVILLE WEATHER FORECAST OFFICE, IL US","2019-11-03",,,,,,
"USC00117457","ROMEOVILLE WEATHER FORECAST OFFICE, IL US","2019-11-04",,,,,,
"USC00117457","ROMEOVILLE WEATHER FORECAST OFFICE, IL US","2019-11-05",,,,,,
"USC00117457","ROMEOVILLE WEATHER FORECAST OFFICE, IL US","2019-11-06",,,,,,
"USC00117457","ROMEOVILLE WEATHER FORECAST OFFICE, IL US","2019-11-07",,,,,,
"USC00117457","ROMEOVILLE WEATHER FORECAST OFFICE, IL US","2019-11-08",,,,,,
"USC00117457","ROMEOVILLE WEATHER FORECAST OFFICE, IL US","2019-11-09",,,,,,
"USC00117457","ROMEOVILLE WEATHER FORECAST OFFICE, IL US","2019-11-10",,,,,,
"USC00117457","ROMEOVILLE WEATHER FORECAST OFFICE, IL US","2019-11-11",,,,,,
"USC00117457","ROMEOVILLE WEATHER FORECAST OFFICE, IL US","2019-11-12",,,,,,
"USC00117457","ROMEOVILLE WEATHER FORECAST OFFICE, IL US","2019-11-13",,,,,,
"USC00117457","ROMEOVILLE WEATHER FORECAST OFFICE, IL US","2019-11-14",,,,,,
"USC00117457","ROMEOVILLE WEATHER FORECAST OFFICE, IL US","2019-11-15",,,,,,
"USC00117457","ROMEOVILLE WEATHER FORECAST OFFICE, IL US","2019-11-16",,,,,,
"USC00117457","ROMEOVILLE WEATHER FORECAST OFFICE, IL US","2019-11-17",,,,,,
"USC00117457","ROMEOVILLE WEATHER FORECAST OFFICE, IL US","2019-11-18",,,,,,
"USC00117457","ROMEOVILLE WEATHER FORECAST OFFICE, IL US","2019-11-19",,,,,,
"USC00117457","ROMEOVILLE WEATHER FORECAST OFFICE, IL US","2019-11-20",,,,,,
"USC00117457","ROMEOVILLE WEATHER FORECAST OFFICE, IL US","2019-11-21",,,,,,
"USC00117457","ROMEOVILLE WEATHER FORECAST OFFICE, IL US","2019-11-22",,,,,,
"USC00117457","ROMEOVILLE WEATHER FORECAST OFFICE, IL US","2019-11-23",,,,,,
"USC00117457","ROMEOVILLE WEATHER FORECAST OFFICE, IL US","2019-11-24",,,,,,
"USC00117457","ROMEOVILLE WEATHER FORECAST OFFICE, IL US","2019-11-25",,,,,,
"USC00117457","ROMEOVILLE WEATHER FORECAST OFFICE, IL US","2019-11-26",,,,,,
"USC00117457","ROMEOVILLE WEATHER FORECAST OFFICE, IL US","2019-11-27",,,,,,
"USC00117457","ROMEOVILLE WEATHER FORECAST OFFICE, IL US","2019-11-28",,,,,,
"USC00117457","ROMEOVILLE WEATHER FORECAST OFFICE, IL US","2019-11-29",,,,,,
"USC00117457","ROMEOVILLE WEATHER FORECAST OFFICE, IL US","2019-11-30",,,,,,
"USC00117457","ROMEOVILLE WEATHER FORECAST OFFICE, IL US","2019-12-01",,,,,,
"USC00117457","ROMEOVILLE WEATHER FORECAST OFFICE, IL US","2019-12-02",,,,,,
"USC00117457","ROMEOVILLE WEATHER FORECAST OFFICE, IL US","2019-12-03",,,,,,
"USC00117457","ROMEOVILLE WEATHER FORECAST OFFICE, IL US","2019-12-04",,,,,,
"USC00117457","ROMEOVILLE WEATHER FORECAST OFFICE, IL US","2019-12-05",,,,,,
"USC00117457","ROMEOVILLE WEATHER FORECAST OFFICE, IL US","2019-12-06",,,,,,
"USC00117457","ROMEOVILLE WEATHER FORECAST OFFICE, IL US","2019-12-07",,,,,,
"USC00117457","ROMEOVILLE WEATHER FORECAST OFFICE, IL US","2019-12-08",,,,,,
"USC00117457","ROMEOVILLE WEATHER FORECAST OFFICE, IL US","2019-12-09",,,,,,
"USC00117457","ROMEOVILLE WEATHER FORECAST OFFICE, IL US","2019-12-10",,,,,,
"USC00117457","ROMEOVILLE WEATHER FORECAST OFFICE, IL US","2019-12-11",,,,,,
"USC00117457","ROMEOVILLE WEATHER FORECAST OFFICE, IL US","2019-12-12",,,,,,
"USC00117457","ROMEOVILLE WEATHER FORECAST OFFICE, IL US","2019-12-13",,,,,,
"USC00117457","ROMEOVILLE WEATHER FORECAST OFFICE, IL US","2019-12-14",,,,,,
"USC00117457","ROMEOVILLE WEATHER FORECAST OFFICE, IL US","2019-12-15",,,,,,
"USC00117457","ROMEOVILLE WEATHER FORECAST OFFICE, IL US","2019-12-16",,,,,,
"USC00117457","ROMEOVILLE WEATHER FORECAST OFFICE, IL US","2019-12-17",,,,,,
"USC00117457","ROMEOVILLE WEATHER FORECAST OFFICE, IL US","2019-12-18",,,,,,
"USC00117457","ROMEOVILLE WEATHER FORECAST OFFICE, IL US","2019-12-19",,,,,,
"USC00117457","ROMEOVILLE WEATHER FORECAST OFFICE, IL US","2019-12-20",,,,,,
"USC00117457","ROMEOVILLE WEATHER FORECAST OFFICE, IL US","2019-12-21",,,,,,
"USC00117457","ROMEOVILLE WEATHER FORECAST OFFICE, IL US","2019-12-22",,,,,,
"USC00117457","ROMEOVILLE WEATHER FORECAST OFFICE, IL US","2019-12-23",,,,,,
"USC00117457","ROMEOVILLE WEATHER FORECAST OFFICE, IL US","2019-12-24",,,,,,
"USC00117457","ROMEOVILLE WEATHER FORECAST OFFICE, IL US","2019-12-25",,,,,,
"USC00117457","ROMEOVILLE WEATHER FORECAST OFFICE, IL US","2019-12-26",,,,,,
"USC00117457","ROMEOVILLE WEATHER FORECAST OFFICE, IL US","2019-12-27",,,,,,
"USC00117457","ROMEOVILLE WEATHER FORECAST OFFICE, IL US","2019-12-28",,,,,,
"USC00117457","ROMEOVILLE WEATHER FORECAST OFFICE, IL US","2019-12-29",,,,,,
"USC00117457","ROMEOVILLE WEATHER FORECAST OFFICE, IL US","2019-12-30",,,,,,
"USC00117457","ROMEOVILLE WEATHER FORECAST OFFICE, IL US","2019-12-31",,,,,,
"USC00117457","ROMEOVILLE WEATHER FORECAST OFFICE, IL US","2020-01-01",,,,,,
"USC00117457","ROMEOVILLE WEATHER FORECAST OFFICE, IL US","2020-01-02",,,,,,
"USC00117457","ROMEOVILLE WEATHER FORECAST OFFICE, IL US","2020-01-03",,,,,,
"USC00117457","ROMEOVILLE WEATHER FORECAST OFFICE, IL US","2020-01-04",,,,,,
"USC00117457","ROMEOVILLE WEATHER FORECAST OFFICE, IL US","2020-01-05",,,,,,
"USC00117457","ROMEOVILLE WEATHER FORECAST OFFICE, IL US","2020-01-06",,,,,,
"USC00117457","ROMEOVILLE WEATHER FORECAST OFFICE, IL US","2020-01-07",,,,,,
"USC00117457","ROMEOVILLE WEATHER FORECAST OFFICE, IL US","2020-01-08",,,,,,
"USC00117457","ROMEOVILLE WEATHER FORECAST OFFICE, IL US","2020-01-09",,,,,,
"USC00117457","ROMEOVILLE WEATHER FORECAST OFFICE, IL US","2020-01-10",,,,,,
"USC00117457","ROMEOVILLE WEATHER FORECAST OFFICE, IL US","2020-01-11",,,,,,
"USC00117457","ROMEOVILLE WEATHER FORECAST OFFICE, IL US","2020-01-12",,,,,,
"USC00117457","ROMEOVILLE WEATHER FORECAST OFFICE, IL US","2020-01-13",,,,,,
"USC00117457","ROMEOVILLE WEATHER FORECAST OFFICE, IL US","2020-01-14",,,,,,
"USC00117457","ROMEOVILLE WEATHER FORECAST OFFICE, IL US","2020-01-15",,,,,,
"USC00117457","ROMEOVILLE WEATHER FORECAST OFFICE, IL US","2020-01-16",,,,,,
"USC00117457","ROMEOVILLE WEATHER FORECAST OFFICE, IL US","2020-01-17",,,,,,
"USC00117457","ROMEOVILLE WEATHER FORECAST OFFICE, IL US","2020-01-18",,,,,,
"USC00117457","ROMEOVILLE WEATHER FORECAST OFFICE, IL US","2020-01-19",,,,,,
"USC00117457","ROMEOVILLE WEATHER FORECAST OFFICE, IL US","2020-01-20",,,,,,
"USC00117457","ROMEOVILLE WEATHER FORECAST OFFICE, IL US","2020-01-21",,,,,,
"USC00117457","ROMEOVILLE WEATHER FORECAST OFFICE, IL US","2020-01-22",,,,,,
"USC00117457","ROMEOVILLE WEATHER FORECAST OFFICE, IL US","2020-01-23",,,,,,
"USC00117457","ROMEOVILLE WEATHER FORECAST OFFICE, IL US","2020-01-24",,,,,,
"USC00117457","ROMEOVILLE WEATHER FORECAST OFFICE, IL US","2020-01-25",,,,,,
"USC00117457","ROMEOVILLE WEATHER FORECAST OFFICE, IL US","2020-01-26",,,,,,
"USC00117457","ROMEOVILLE WEATHER FORECAST OFFICE, IL US","2020-01-27",,,,,,
"USC00117457","ROMEOVILLE WEATHER FORECAST OFFICE, IL US","2020-01-28",,,,,,
"USC00117457","ROMEOVILLE WEATHER FORECAST OFFICE, IL US","2020-01-29",,,,,,
"USC00117457","ROMEOVILLE WEATHER FORECAST OFFICE, IL US","2020-01-30",,,,,,
"USC00117457","ROMEOVILLE WEATHER FORECAST OFFICE, IL US","2020-01-31",,,,,,
"USC00117457","ROMEOVILLE WEATHER FORECAST OFFICE, IL US","2020-02-01",,,,,,
"USC00117457","ROMEOVILLE WEATHER FORECAST OFFICE, IL US","2020-02-02",,,,,,
"USC00117457","ROMEOVILLE WEATHER FORECAST OFFICE, IL US","2020-02-03",,,,,,
"USC00117457","ROMEOVILLE WEATHER FORECAST OFFICE, IL US","2020-02-04",,,,,,
"USC00117457","ROMEOVILLE WEATHER FORECAST OFFICE, IL US","2020-02-05",,,,,,
"USC00117457","ROMEOVILLE WEATHER FORECAST OFFICE, IL US","2020-02-06",,,,,,
"USC00117457","ROMEOVILLE WEATHER FORECAST OFFICE, IL US","2020-02-07",,,,,,
"USC00117457","ROMEOVILLE WEATHER FORECAST OFFICE, IL US","2020-02-08",,,,,,
"USC00117457","ROMEOVILLE WEATHER FORECAST OFFICE, IL US","2020-02-09",,,,,,
"USC00117457","ROMEOVILLE WEATHER FORECAST OFFICE, IL US","2020-02-10",,,,,,
"USC00117457","ROMEOVILLE WEATHER FORECAST OFFICE, IL US","2020-02-11",,,,,,
"USC00117457","ROMEOVILLE WEATHER FORECAST OFFICE, IL US","2020-02-12",,,,,,
"USC00117457","ROMEOVILLE WEATHER FORECAST OFFICE, IL US","2020-02-13",,,,,,
"USC00117457","ROMEOVILLE WEATHER FORECAST OFFICE, IL US","2020-02-14",,,,,,
"USC00117457","ROMEOVILLE WEATHER FORECAST OFFICE, IL US","2020-02-15",,,,,,
"USC00117457","ROMEOVILLE WEATHER FORECAST OFFICE, IL US","2020-02-16",,,,,,
"USC00117457","ROMEOVILLE WEATHER FORECAST OFFICE, IL US","2020-02-17",,,,,,
"USC00117457","ROMEOVILLE WEATHER FORECAST OFFICE, IL US","2020-02-18",,,,,,
"USC00117457","ROMEOVILLE WEATHER FORECAST OFFICE, IL US","2020-02-19",,,,,,
"USC00117457","ROMEOVILLE WEATHER FORECAST OFFICE, IL US","2020-02-20",,,,,,
"USC00117457","ROMEOVILLE WEATHER FORECAST OFFICE, IL US","2020-02-21",,,,,,
"USC00117457","ROMEOVILLE WEATHER FORECAST OFFICE, IL US","2020-02-22",,,,,,
"USC00117457","ROMEOVILLE WEATHER FORECAST OFFICE, IL US","2020-02-23",,,,,,
"USC00117457","ROMEOVILLE WEATHER FORECAST OFFICE, IL US","2020-02-24",,,,,,
"USC00117457","ROMEOVILLE WEATHER FORECAST OFFICE, IL US","2020-02-25",,,,,,
"USC00117457","ROMEOVILLE WEATHER FORECAST OFFICE, IL US","2020-02-26",,,,,,
"USC00117457","ROMEOVILLE WEATHER FORECAST OFFICE, IL US","2020-02-27",,,,,,
"USC00117457","ROMEOVILLE WEATHER FORECAST OFFICE, IL US","2020-02-28",,,,,,
"USC00117457","ROMEOVILLE WEATHER FORECAST OFFICE, IL US","2020-02-29",,,,,,
"USC00117457","ROMEOVILLE WEATHER FORECAST OFFICE, IL US","2020-03-01",,,,,,
"USC00117457","ROMEOVILLE WEATHER FORECAST OFFICE, IL US","2020-03-02",,,,,,
"USC00117457","ROMEOVILLE WEATHER FORECAST OFFICE, IL US","2020-03-03",,,,,,
"USC00117457","ROMEOVILLE WEATHER FORECAST OFFICE, IL US","2020-03-04",,,,,,
"USC00117457","ROMEOVILLE WEATHER FORECAST OFFICE, IL US","2020-03-05",,,,,,
"USC00117457","ROMEOVILLE WEATHER FORECAST OFFICE, IL US","2020-03-06",,,,,,
"USC00117457","ROMEOVILLE WEATHER FORECAST OFFICE, IL US","2020-03-07",,,,,,
"USC00117457","ROMEOVILLE WEATHER FORECAST OFFICE, IL US","2020-03-08",,,,,,
"USC00117457","ROMEOVILLE WEATHER FORECAST OFFICE, IL US","2020-03-09",,,,,,
"USC00117457","ROMEOVILLE WEATHER FORECAST OFFICE, IL US","2020-03-10",,,,,,
"USC00117457","ROMEOVILLE WEATHER FORECAST OFFICE, IL US","2020-03-11",,,,,,
"USC00117457","ROMEOVILLE WEATHER FORECAST OFFICE, IL US","2020-03-12",,,,,,
"USC00117457","ROMEOVILLE WEATHER FORECAST OFFICE, IL US","2020-03-13",,,,,,
"USC00117457","ROMEOVILLE WEATHER FORECAST OFFICE, IL US","2020-03-14",,,,,,
"USC00117457","ROMEOVILLE WEATHER FORECAST OFFICE, IL US","2020-03-15",,,,,,
"USC00117457","ROMEOVILLE WEATHER FORECAST OFFICE, IL US","2020-03-16",,,,,,
"USC00117457","ROMEOVILLE WEATHER FORECAST OFFICE, IL US","2020-03-17",,,,,,
"USC00117457","ROMEOVILLE WEATHER FORECAST OFFICE, IL US","2020-03-18",,,,,,
"USC00117457","ROMEOVILLE WEATHER FORECAST OFFICE, IL US","2020-03-19",,,,,,
"USC00117457","ROMEOVILLE WEATHER FORECAST OFFICE, IL US","2020-03-20",,,,,,
"USC00117457","ROMEOVILLE WEATHER FORECAST OFFICE, IL US","2020-03-21",,,,,,
"USC00117457","ROMEOVILLE WEATHER FORECAST OFFICE, IL US","2020-03-22",,,,,,
"USC00117457","ROMEOVILLE WEATHER FORECAST OFFICE, IL US","2020-03-23",,,,,,
"USC00117457","ROMEOVILLE WEATHER FORECAST OFFICE, IL US","2020-03-24",,,,,,
"USC00117457","ROMEOVILLE WEATHER FORECAST OFFICE, IL US","2020-03-25",,,,,,
"USC00117457","ROMEOVILLE WEATHER FORECAST OFFICE, IL US","2020-03-26",,,,,,
"USC00117457","ROMEOVILLE WEATHER FORECAST OFFICE, IL US","2020-03-27",,,,,,
"USC00117457","ROMEOVILLE WEATHER FORECAST OFFICE, IL US","2020-03-28",,,,,,
"USC00117457","ROMEOVILLE WEATHER FORECAST OFFICE, IL US","2020-03-29",,,,,,
"USC00117457","ROMEOVILLE WEATHER FORECAST OFFICE, IL US","2020-03-30",,,,,,
"USC00117457","ROMEOVILLE WEATHER FORECAST OFFICE, IL US","2020-03-31",,,,,,
"USC00117457","ROMEOVILLE WEATHER FORECAST OFFICE, IL US","2020-04-01",,,,,,
"USC00117457","ROMEOVILLE WEATHER FORECAST OFFICE, IL US","2020-04-02",,,,,,
"USC00117457","ROMEOVILLE WEATHER FORECAST OFFICE, IL US","2020-04-03",,,,,,
"USC00117457","ROMEOVILLE WEATHER FORECAST OFFICE, IL US","2020-04-04",,,,,,
"USC00117457","ROMEOVILLE WEATHER FORECAST OFFICE, IL US","2020-04-05",,,,,,
"USC00117457","ROMEOVILLE WEATHER FORECAST OFFICE, IL US","2020-04-06",,,,,,
"USC00117457","ROMEOVILLE WEATHER FORECAST OFFICE, IL US","2020-04-07",,,,,,
"USC00117457","ROMEOVILLE WEATHER FORECAST OFFICE, IL US","2020-04-08",,,,,,
"USC00117457","ROMEOVILLE WEATHER FORECAST OFFICE, IL US","2020-04-09",,,,,,
"USC00117457","ROMEOVILLE WEATHER FORECAST OFFICE, IL US","2020-04-10",,,,,,
"USC00117457","ROMEOVILLE WEATHER FORECAST OFFICE, IL US","2020-04-11",,,,,,
"USC00117457","ROMEOVILLE WEATHER FORECAST OFFICE, IL US","2020-04-12",,,,,,
"USC00117457","ROMEOVILLE WEATHER FORECAST OFFICE, IL US","2020-04-13",,,,,,
"USC00117457","ROMEOVILLE WEATHER FORECAST OFFICE, IL US","2020-04-14",,,,,,
"USC00117457","ROMEOVILLE WEATHER FORECAST OFFICE, IL US","2020-04-15",,,,,,
"USC00117457","ROMEOVILLE WEATHER FORECAST OFFICE, IL US","2020-04-16",,,,,,
"USC00117457","ROMEOVILLE WEATHER FORECAST OFFICE, IL US","2020-04-17",,,,,,
"USC00117457","ROMEOVILLE WEATHER FORECAST OFFICE, IL US","2020-04-18",,,,,,
"USC00117457","ROMEOVILLE WEATHER FORECAST OFFICE, IL US","2020-04-19",,,,,,
"USC00117457","ROMEOVILLE WEATHER FORECAST OFFICE, IL US","2020-04-20",,,,,,
"USC00117457","ROMEOVILLE WEATHER FORECAST OFFICE, IL US","2020-04-21",,,,,,
"USC00117457","ROMEOVILLE WEATHER FORECAST OFFICE, IL US","2020-04-22",,,,,,
"USC00117457","ROMEOVILLE WEATHER FORECAST OFFICE, IL US","2020-04-23",,,,,,
"USC00117457","ROMEOVILLE WEATHER FORECAST OFFICE, IL US","2020-04-24",,,,,,
"USC00117457","ROMEOVILLE WEATHER FORECAST OFFICE, IL US","2020-04-25",,,,,,
"USC00117457","ROMEOVILLE WEATHER FORECAST OFFICE, IL US","2020-04-26",,,,,,
"USC00117457","ROMEOVILLE WEATHER FORECAST OFFICE, IL US","2020-04-27",,,,,,
"USC00117457","ROMEOVILLE WEATHER FORECAST OFFICE, IL US","2020-04-28",,,,,,
"USC00117457","ROMEOVILLE WEATHER FORECAST OFFICE, IL US","2020-04-29",,,,,,
"USC00117457","ROMEOVILLE WEATHER FORECAST OFFICE, IL US","2020-04-30",,,,,,
"USC00117457","ROMEOVILLE WEATHER FORECAST OFFICE, IL US","2020-05-01",,,,,,
"USC00117457","ROMEOVILLE WEATHER FORECAST OFFICE, IL US","2020-05-02",,,,,,
"USC00117457","ROMEOVILLE WEATHER FORECAST OFFICE, IL US","2020-05-03",,,,,,
"USC00117457","ROMEOVILLE WEATHER FORECAST OFFICE, IL US","2020-05-04",,,,,,
"USC00117457","ROMEOVILLE WEATHER FORECAST OFFICE, IL US","2020-05-05",,,,,,
"USC00117457","ROMEOVILLE WEATHER FORECAST OFFICE, IL US","2020-05-06",,,,,,
"USC00117457","ROMEOVILLE WEATHER FORECAST OFFICE, IL US","2020-05-07",,,,,,
"USC00117457","ROMEOVILLE WEATHER FORECAST OFFICE, IL US","2020-05-08",,,,,,
"USC00117457","ROMEOVILLE WEATHER FORECAST OFFICE, IL US","2020-05-09",,,,,,
"USC00117457","ROMEOVILLE WEATHER FORECAST OFFICE, IL US","2020-05-10",,,,,,
"USC00117457","ROMEOVILLE WEATHER FORECAST OFFICE, IL US","2020-05-11",,,,,,
"USC00117457","ROMEOVILLE WEATHER FORECAST OFFICE, IL US","2020-05-12",,,,,,
"USC00117457","ROMEOVILLE WEATHER FORECAST OFFICE, IL US","2020-05-13",,,,,,
"USC00117457","ROMEOVILLE WEATHER FORECAST OFFICE, IL US","2020-05-14",,,,,,
"USC00117457","ROMEOVILLE WEATHER FORECAST OFFICE, IL US","2020-05-15",,,,,,
"USC00117457","ROMEOVILLE WEATHER FORECAST OFFICE, IL US","2020-05-16",,,,,,
"USC00117457","ROMEOVILLE WEATHER FORECAST OFFICE, IL US","2020-05-17",,,,,,
"USC00117457","ROMEOVILLE WEATHER FORECAST OFFICE, IL US","2020-05-18",,,,,,
"USC00117457","ROMEOVILLE WEATHER FORECAST OFFICE, IL US","2020-05-19",,,,,,
"USC00117457","ROMEOVILLE WEATHER FORECAST OFFICE, IL US","2020-05-20",,,,,,
"USC00117457","ROMEOVILLE WEATHER FORECAST OFFICE, IL US","2020-05-21",,,,,,
"USC00117457","ROMEOVILLE WEATHER FORECAST OFFICE, IL US","2020-05-22",,,,,,
"USC00117457","ROMEOVILLE WEATHER FORECAST OFFICE, IL US","2020-05-23",,,,,,
"USC00117457","ROMEOVILLE WEATHER FORECAST OFFICE, IL US","2020-05-24",,,,,,
"USC00117457","ROMEOVILLE WEATHER FORECAST OFFICE, IL US","2020-05-25",,,,,,
"USC00117457","ROMEOVILLE WEATHER FORECAST OFFICE, IL US","2020-05-26",,,,,,
"USC00117457","ROMEOVILLE WEATHER FORECAST OFFICE, IL US","2020-05-27",,,,,,
"USC00117457","ROMEOVILLE WEATHER FORECAST OFFICE, IL US","2020-05-28",,,,,,
"USC00117457","ROMEOVILLE WEATHER FORECAST OFFICE, IL US","2020-05-29",,,,,,
"USC00117457","ROMEOVILLE WEATHER FORECAST OFFICE, IL US","2020-05-30",,,,,,
"USC00117457","ROMEOVILLE WEATHER FORECAST OFFICE, IL US","2020-05-31",,,,,,
"USC00117457","ROMEOVILLE WEATHER FORECAST OFFICE, IL US","2020-06-01",,,,,,
"USC00117457","ROMEOVILLE WEATHER FORECAST OFFICE, IL US","2020-06-02",,,,,,
"USC00117457","ROMEOVILLE WEATHER FORECAST OFFICE, IL US","2020-06-03",,,,,,
"USC00117457","ROMEOVILLE WEATHER FORECAST OFFICE, IL US","2020-06-04",,,,,,
"USC00117457","ROMEOVILLE WEATHER FORECAST OFFICE, IL US","2020-06-05",,,,,,
"USC00117457","ROMEOVILLE WEATHER FORECAST OFFICE, IL US","2020-06-06",,,,,,
"USC00117457","ROMEOVILLE WEATHER FORECAST OFFICE, IL US","2020-06-07",,,,,,
"USC00117457","ROMEOVILLE WEATHER FORECAST OFFICE, IL US","2020-06-08",,,,,,
"USC00117457","ROMEOVILLE WEATHER FORECAST OFFICE, IL US","2020-06-09",,,,,,
"USC00117457","ROMEOVILLE WEATHER FORECAST OFFICE, IL US","2020-06-10",,,,,,
"USC00117457","ROMEOVILLE WEATHER FORECAST OFFICE, IL US","2020-06-11",,,,,,
"USC00117457","ROMEOVILLE WEATHER FORECAST OFFICE, IL US","2020-06-12",,,,,,
"USC00117457","ROMEOVILLE WEATHER FORECAST OFFICE, IL US","2020-06-13",,,,,,
"USC00117457","ROMEOVILLE WEATHER FORECAST OFFICE, IL US","2020-06-14",,,,,,
"USC00117457","ROMEOVILLE WEATHER FORECAST OFFICE, IL US","2020-06-15",,,,,,
"USC00117457","ROMEOVILLE WEATHER FORECAST OFFICE, IL US","2020-06-16",,,,,,
"USC00117457","ROMEOVILLE WEATHER FORECAST OFFICE, IL US","2020-06-17",,,,,,
"USC00117457","ROMEOVILLE WEATHER FORECAST OFFICE, IL US","2020-06-18",,,,,,
"USC00117457","ROMEOVILLE WEATHER FORECAST OFFICE, IL US","2020-06-19",,,,,,
"USC00117457","ROMEOVILLE WEATHER FORECAST OFFICE, IL US","2020-06-20",,,,,,
"USC00117457","ROMEOVILLE WEATHER FORECAST OFFICE, IL US","2020-06-21",,,,,,
"USC00117457","ROMEOVILLE WEATHER FORECAST OFFICE, IL US","2020-06-22",,,,,,
"USC00117457","ROMEOVILLE WEATHER FORECAST OFFICE, IL US","2020-06-23",,,,,,
"USC00117457","ROMEOVILLE WEATHER FORECAST OFFICE, IL US","2020-06-24",,,,,,
"USC00117457","ROMEOVILLE WEATHER FORECAST OFFICE, IL US","2020-06-25",,,,,,
"USC00117457","ROMEOVILLE WEATHER FORECAST OFFICE, IL US","2020-06-26",,,,,,
"USC00117457","ROMEOVILLE WEATHER FORECAST OFFICE, IL US","2020-06-27",,,,,,
"USC00117457","ROMEOVILLE WEATHER FORECAST OFFICE, IL US","2020-06-28",,,,,,
"USC00117457","ROMEOVILLE WEATHER FORECAST OFFICE, IL US","2020-06-29",,,,,,
"USC00117457","ROMEOVILLE WEATHER FORECAST OFFICE, IL US","2020-06-30",,,,,,
"USC00117457","ROMEOVILLE WEATHER FORECAST OFFICE, IL US","2020-07-01",,,,,,
"USC00117457","ROMEOVILLE WEATHER FORECAST OFFICE, IL US","2020-07-02",,,,,,
"USC00117457","ROMEOVILLE WEATHER FORECAST OFFICE, IL US","2020-07-03",,,,,,
"USC00117457","ROMEOVILLE WEATHER FORECAST OFFICE, IL US","2020-07-04",,,,,,
"USC00117457","ROMEOVILLE WEATHER FORECAST OFFICE, IL US","2020-07-05",,,,,,
"USC00117457","ROMEOVILLE WEATHER FORECAST OFFICE, IL US","2020-07-06",,,,,,
"USC00117457","ROMEOVILLE WEATHER FORECAST OFFICE, IL US","2020-07-07",,,,,,
"USC00117457","ROMEOVILLE WEATHER FORECAST OFFICE, IL US","2020-07-08",,,,,,
"USC00117457","ROMEOVILLE WEATHER FORECAST OFFICE, IL US","2020-07-09",,,,,,
"USC00117457","ROMEOVILLE WEATHER FORECAST OFFICE, IL US","2020-07-10",,,,,,
"USC00117457","ROMEOVILLE WEATHER FORECAST OFFICE, IL US","2020-07-11",,,,,,
"USC00117457","ROMEOVILLE WEATHER FORECAST OFFICE, IL US","2020-07-12",,,,,,
"USC00117457","ROMEOVILLE WEATHER FORECAST OFFICE, IL US","2020-07-13",,,,,,
"USC00117457","ROMEOVILLE WEATHER FORECAST OFFICE, IL US","2020-07-14",,,,,,
"USC00117457","ROMEOVILLE WEATHER FORECAST OFFICE, IL US","2020-07-15",,,,,,
"USC00117457","ROMEOVILLE WEATHER FORECAST OFFICE, IL US","2020-07-16",,,,,,
"USC00117457","ROMEOVILLE WEATHER FORECAST OFFICE, IL US","2020-07-17",,,,,,
"USC00117457","ROMEOVILLE WEATHER FORECAST OFFICE, IL US","2020-07-18",,,,,,
"USC00117457","ROMEOVILLE WEATHER FORECAST OFFICE, IL US","2020-07-19",,,,,,
"USC00117457","ROMEOVILLE WEATHER FORECAST OFFICE, IL US","2020-07-20",,,,,,
"USC00117457","ROMEOVILLE WEATHER FORECAST OFFICE, IL US","2020-07-21",,,,,,
"USC00117457","ROMEOVILLE WEATHER FORECAST OFFICE, IL US","2020-07-22",,,,,,
"USC00117457","ROMEOVILLE WEATHER FORECAST OFFICE, IL US","2020-07-23",,,,,,
"USC00117457","ROMEOVILLE WEATHER FORECAST OFFICE, IL US","2020-07-24",,,,,,
"USC00117457","ROMEOVILLE WEATHER FORECAST OFFICE, IL US","2020-07-25",,,,,,
"USC00117457","ROMEOVILLE WEATHER FORECAST OFFICE, IL US","2020-07-26",,,,,,
"USC00117457","ROMEOVILLE WEATHER FORECAST OFFICE, IL US","2020-07-27",,,,,,
"USC00117457","ROMEOVILLE WEATHER FORECAST OFFICE, IL US","2020-07-28",,,,,,
"USC00117457","ROMEOVILLE WEATHER FORECAST OFFICE, IL US","2020-07-29",,,,,,
"USC00117457","ROMEOVILLE WEATHER FORECAST OFFICE, IL US","2020-07-30",,,,,,
"USC00117457","ROMEOVILLE WEATHER FORECAST OFFICE, IL US","2020-07-31",,,,,,
"USC00117457","ROMEOVILLE WEATHER FORECAST OFFICE, IL US","2020-08-01",,,,,,
"USC00117457","ROMEOVILLE WEATHER FORECAST OFFICE, IL US","2020-08-02",,,,,,
"USC00117457","ROMEOVILLE WEATHER FORECAST OFFICE, IL US","2020-08-03",,,,,,
"USC00117457","ROMEOVILLE WEATHER FORECAST OFFICE, IL US","2020-08-04",,,,,,
"USC00117457","ROMEOVILLE WEATHER FORECAST OFFICE, IL US","2020-08-05",,,,,,
"USC00117457","ROMEOVILLE WEATHER FORECAST OFFICE, IL US","2020-08-06",,,,,,
"USC00117457","ROMEOVILLE WEATHER FORECAST OFFICE, IL US","2020-08-07",,,,,,
"USC00117457","ROMEOVILLE WEATHER FORECAST OFFICE, IL US","2020-08-08",,,,,,
"USC00117457","ROMEOVILLE WEATHER FORECAST OFFICE, IL US","2020-08-09",,,,,,
"USC00117457","ROMEOVILLE WEATHER FORECAST OFFICE, IL US","2020-08-10",,,,,,
"USC00117457","ROMEOVILLE WEATHER FORECAST OFFICE, IL US","2020-08-11",,,,,,
"USC00117457","ROMEOVILLE WEATHER FORECAST OFFICE, IL US","2020-08-12",,,,,,
"USC00117457","ROMEOVILLE WEATHER FORECAST OFFICE, IL US","2020-08-13",,,,,,
"USC00117457","ROMEOVILLE WEATHER FORECAST OFFICE, IL US","2020-08-14",,,,,,
"USC00117457","ROMEOVILLE WEATHER FORECAST OFFICE, IL US","2020-08-15",,,,,,
"USC00117457","ROMEOVILLE WEATHER FORECAST OFFICE, IL US","2020-08-16",,,,,,
"USC00117457","ROMEOVILLE WEATHER FORECAST OFFICE, IL US","2020-08-17",,,,,,
"USC00117457","ROMEOVILLE WEATHER FORECAST OFFICE, IL US","2020-08-18",,,,,,
"USC00117457","ROMEOVILLE WEATHER FORECAST OFFICE, IL US","2020-08-19",,,,,,
"USC00117457","ROMEOVILLE WEATHER FORECAST OFFICE, IL US","2020-08-20",,,,,,
"USC00117457","ROMEOVILLE WEATHER FORECAST OFFICE, IL US","2020-08-21",,,,,,
"USC00117457","ROMEOVILLE WEATHER FORECAST OFFICE, IL US","2020-08-22",,,,,,
"USC00117457","ROMEOVILLE WEATHER FORECAST OFFICE, IL US","2020-08-23",,,,,,
"USC00117457","ROMEOVILLE WEATHER FORECAST OFFICE, IL US","2020-08-24",,,,,,
"USC00117457","ROMEOVILLE WEATHER FORECAST OFFICE, IL US","2020-08-25",,,,,,
"USC00117457","ROMEOVILLE WEATHER FORECAST OFFICE, IL US","2020-08-26",,,,,,
"USC00117457","ROMEOVILLE WEATHER FORECAST OFFICE, IL US","2020-08-27",,,,,,
"USC00117457","ROMEOVILLE WEATHER FORECAST OFFICE, IL US","2020-08-28",,,,,,
"USC00117457","ROMEOVILLE WEATHER FORECAST OFFICE, IL US","2020-08-29",,,,,,
"USC00117457","ROMEOVILLE WEATHER FORECAST OFFICE, IL US","2020-08-30",,,,,,
"USC00117457","ROMEOVILLE WEATHER FORECAST OFFICE, IL US","2020-08-31",,,,,,
"USC00117457","ROMEOVILLE WEATHER FORECAST OFFICE, IL US","2020-09-01",,,,,,
"USC00117457","ROMEOVILLE WEATHER FORECAST OFFICE, IL US","2020-09-02",,,,,,
"USC00117457","ROMEOVILLE WEATHER FORECAST OFFICE, IL US","2020-09-03",,,,,,
"USC00117457","ROMEOVILLE WEATHER FORECAST OFFICE, IL US","2020-09-04",,,,,,
"USC00117457","ROMEOVILLE WEATHER FORECAST OFFICE, IL US","2020-09-05",,,,,,
"USC00117457","ROMEOVILLE WEATHER FORECAST OFFICE, IL US","2020-09-06",,,,,,
"USC00117457","ROMEOVILLE WEATHER FORECAST OFFICE, IL US","2020-09-07",,,,,,
"USC00117457","ROMEOVILLE WEATHER FORECAST OFFICE, IL US","2020-09-08",,,,,,
"USW00014819","CHICAGO MIDWAY AIRPORT, IL US","2019-10-01","10.29"," 2105","  210","  210","17.0","25.9"
"USW00014819","CHICAGO MIDWAY AIRPORT, IL US","2019-10-02","8.72"," 0017","   20","   10","21.0","27.1"
"USW00014819","CHICAGO MIDWAY AIRPORT, IL US","2019-10-03","10.51"," 1209","  290","  280","21.9","29.1"
"USW00014819","CHICAGO MIDWAY AIRPORT, IL US","2019-10-04","10.96"," 2205","  120","  100","16.1","23.0"
"USW00014819","CHICAGO MIDWAY AIRPORT, IL US","2019-10-05","10.07"," 1210","  130","  160","17.0","31.1"
"USW00014819","CHICAGO MIDWAY AIRPORT, IL US","2019-10-06","9.62"," 1245","  300","  290","18.1","23.0"
"USW00014819","CHICAGO MIDWAY AIRPORT, IL US","2019-10-07","6.04"," 1248","  310","  280","17.0","23.0"
"USW00014819","CHICAGO MIDWAY AIRPORT, IL US","2019-10-08","5.14"," 1256","  110","  220","12.1","19.9"
"USW00014819","CHICAGO MIDWAY AIRPORT, IL US","2019-10-09","8.72"," 1216","  130","  130","16.1","25.1"
"USW00014819","CHICAGO MIDWAY AIRPORT, IL US","2019-10-10","8.72"," 2231","  150","  160","16.1","23.9"
"USW00014819","CHICAGO MIDWAY AIRPORT, IL US","2019-10-11","13.87"," 2139","  260","  250","23.9","35.1"
"USW00014819","CHICAGO MIDWAY AIRPORT, IL US","2019-10-12","16.78"," 1431","  230","  210","28.0","40.0"
"USW00014819","CHICAGO MIDWAY AIRPORT, IL US","2019-10-13","12.30"," 0959","  260","  270","23.9","36.0"
"USW00014819","CHICAGO MIDWAY AIRPORT, IL US","2019-10-14","7.38"," 1220","  270","  260","15.0","19.9"
"USW00014819","CHICAGO MIDWAY AIRPORT, IL US","2019-10-15","11.86"," 1906","  300","  310","25.9","36.9"
"USW00014819","CHICAGO MIDWAY AIRPORT, IL US","2019-10-16","13.42"," 0938","  320","  330","25.9","35.1"
"USW00014819","CHICAGO MIDWAY AIRPORT, IL US","2019-10-17","5.14"," 0902","  330","  310","13.0","17.0"
"USW00014819","CHICAGO MIDWAY AIRPORT, IL US","2019-10-18","6.71"," 1402","  170","  160","15.0","23.0"
"USW00014819","CHICAGO MIDWAY AIRPORT, IL US","2019-10-19","8.50"," 1311","  170","  170","18.1","32.0"
"USW00014819","CHICAGO MIDWAY AIRPORT, IL US","2019-10-20","7.38"," 0359","  310","  300","14.1","18.1"
"USW00014819","CHICAGO MIDWAY AIRPORT, IL US","2019-10-21","16.33"," 1018","  160","  170","30.0","47.0"
"USW00014819","CHICAGO MIDWAY AIRPORT, IL US","2019-10-22","17.45"," 0557","  240","  230","29.1","47.0"
"USW00014819","CHICAGO MIDWAY AIRPORT, IL US","2019-10-23","8.95"," 2231","   10","   30","18.1","28.0"
"USW00014819","CHICAGO MIDWAY AIRPORT, IL US","2019-10-24","5.82"," 0044","   20","   10","15.0","19.9"
"USW00014819","CHICAGO MIDWAY AIRPORT, IL US","2019-10-25","4.03"," 1237","  320","  290","10.1","14.1"
"USW00014819","CHICAGO MIDWAY AIRPORT, IL US","2019-10-26","12.75"," 1640","   50","   50","28.0","36.0"
"USW00014819","CHICAGO MIDWAY AIRPORT, IL US","2019-10-27","10.51"," 0214","  290","  290","25.1","36.0"
"USW00014819","CHICAGO MIDWAY AIRPORT, IL US","2019-10-28","4.25"," 2019","   90","   90","12.1","16.1"
"USW00014819","CHICAGO MIDWAY AIRPORT, IL US","2019-10-29","8.50"," 0224","  330","  350","21.9","29.1"
"USW00014819","CHICAGO MIDWAY AIRPORT, IL US","2019-10-30","12.08"," 2354","  360","   10","23.0","31.1"
"USW00014819","CHICAGO MIDWAY AIRPORT, IL US","2019-10-31","15.66"," 1429","  320","  330","25.1","35.1"
"USW00014819","CHICAGO MIDWAY AIRPORT, IL US","2019-11-01","10.51"," 1522","  210","  210","21.9","30.0"
"USW00014819","CHICAGO MIDWAY AIRPORT, IL US","2019-11-02","11.18"," 1325","  290","  280","23.9","36.0"
"USW00014819","CHICAGO MIDWAY AIRPORT, IL US","2019-11-03","10.07"," 1427","  220","  170","23.9","36.0"
"USW00014819","CHICAGO MIDWAY AIRPORT, IL US","2019-11-04","10.51"," 1644","  260","  270","21.0","27.1"
"USW00014819","CHICAGO MIDWAY AIRPORT, IL US","2019-11-05","9.62"," 1008","  260","  270","23.0","29.1"
"USW00014819","CHICAGO MIDWAY AIRPORT, IL US","2019-11-06","12.53"," 1320","  230","  170","23.0","34.0"
"USW00014819","CHICAGO MIDWAY AIRPORT, IL US","2019-11-07","12.75"," 0446","  340","  340","19.9","27.1"
"USW00014819","CHICAGO MIDWAY AIRPORT, IL US","2019-11-08","8.05"," 2339","  220","  230","14.1","19.0"
"USW00014819","CHICAGO MIDWAY AIRPORT, IL US","2019-11-09","10.74"," 1030","  220","  190","19.9","32.0"
"USW00014819","CHICAGO MIDWAY AIRPORT, IL US","2019-11-10","8.95"," 2209","  350","  360","15.0","19.9"
"USW00014819","CHICAGO MIDWAY AIRPORT, IL US","2019-11-11","17.00"," 1214","  340","  350","25.1","35.1"
"USW00014819","CHICAGO MIDWAY AIRPORT, IL US","2019-11-12","10.74"," 0252","  320","  340","21.9","34.0"
"USW00014819","CHICAGO MIDWAY AIRPORT, IL US","2019-11-13","12.75"," 1331","  210","  170","21.9","40.9"
"USW00014819","CHICAGO MIDWAY AIRPORT, IL US","2019-11-14","8.05"," 2009","  260","  240","16.1","21.9"
"USW00014819","CHICAGO MIDWAY AIRPORT, IL US","2019-11-15","5.14"," 0106","  270","  260","13.0","18.1"
"USW00014819","CHICAGO MIDWAY AIRPORT, IL US","2019-11-16","7.16"," 2103","  130","  140","14.1","19.9"
"USW00014819","CHICAGO MIDWAY AIRPORT, IL US","2019-11-17","6.49"," 0847","  170","  140","13.0","25.1"
"USW00014819","CHICAGO MIDWAY AIRPORT, IL US","2019-11-18","6.93"," 2236","  250","  200","10.1","15.0"
"USW00014819","CHICAGO MIDWAY AIRPORT, IL US","2019-11-19","3.80"," 0940","  230","  120","8.1","12.1"
"USW00014819","CHICAGO MIDWAY AIRPORT, IL US","2019-11-20","6.71"," 2052","  170","  170","17.0","32.0"
"USW00014819","CHICAGO MIDWAY AIRPORT, IL US","2019-11-21","17.00"," 1413","  260","  270","32.0","47.0"
"USW00014819","CHICAGO MIDWAY AIRPORT, IL US","2019-11-22","7.16"," 0152","  330","  310","18.1","23.0"
"USW00014819","CHICAGO MIDWAY AIRPORT, IL US","2019-11-23","6.93"," 2036","  240","  230","14.1","19.9"
"USW00014819","CHICAGO MIDWAY AIRPORT, IL US","2019-11-24","10.29"," 1858","  230","  210","17.0","27.1"
"USW00014819","CHICAGO MIDWAY AIRPORT, IL US","2019-11-25","7.38"," 1216","  210","  180","15.0","21.9"
"USW00014819","CHICAGO MIDWAY AIRPORT, IL US","2019-11-26","7.16"," 2359","  170","  170","17.0","25.9"
"USW00014819","CHICAGO MIDWAY AIRPORT, IL US","2019-11-27","23.04"," 0827","  280","  250","38.9","55.9"
"USW00014819","CHICAGO MIDWAY AIRPORT, IL US","2019-11-28","8.28"," 0221","  340","  350","21.9","29.1"
"USW00014819","CHICAGO MIDWAY AIRPORT, IL US","2019-11-29","5.82"," 2333","  130","  130","17.0","21.9"
"USW00014819","CHICAGO MIDWAY AIRPORT, IL US","2019-11-30","13.20"," 1707","  110","  120","25.1","35.1"
"USW00014819","CHICAGO MIDWAY AIRPORT, IL US","2019-12-01","12.08"," 2029","  330","  330","21.0","29.1"
"USW00014819","CHICAGO MIDWAY AIRPORT, IL US","2019-12-02","10.96"," 0003","  330","  330","21.9","30.0"
"USW00014819","CHICAGO MIDWAY AIRPORT, IL US","2019-12-03","12.53"," 0745","  230","  200","21.0","28.0"
"USW00014819","CHICAGO MIDWAY AIRPORT, IL US","2019-12-04","12.08"," 1256","  290","  300","25.1","34.0"
"USW00014819","CHICAGO MIDWAY AIRPORT, IL US","2019-12-05","6.26"," 1413","  200","  170","14.1","25.9"
"USW00014819","CHICAGO MIDWAY AIRPORT, IL US","2019-12-06","10.07"," 0658","  350","   20","23.9","35.1"
"USW00014819","CHICAGO MIDWAY AIRPORT, IL US","2019-12-07","8.05"," 1208","  200","  240","16.1","23.0"
"USW00014819","CHICAGO MIDWAY AIRPORT, IL US","2019-12-08","10.74"," 0652","  220","  170","21.9","36.0"
"USW00014819","CHICAGO MIDWAY AIRPORT, IL US","2019-12-09","13.65"," 1721","  270","  260","28.0","40.0"
"USW00014819","CHICAGO MIDWAY AIRPORT, IL US","2019-12-10","14.09"," 0214","  280","  270","21.0","32.0"
"USW00014819","CHICAGO MIDWAY AIRPORT, IL US","2019-12-11","8.50"," 0222","  260","  260","21.9","32.0"
"USW00014819","CHICAGO MIDWAY AIRPORT, IL US","2019-12-12","12.97"," 1345","  200","  190","23.9","38.0"
"USW00014819","CHICAGO MIDWAY AIRPORT, IL US","2019-12-13","5.14"," 1129","  220","  170","10.1","17.0"
"USW00014819","CHICAGO MIDWAY AIRPORT, IL US","2019-12-14","8.95"," 1652","  300","  300","18.1","25.1"
"USW00014819","CHICAGO MIDWAY AIRPORT, IL US","2019-12-15","6.49"," 0035","  300","  330","16.1","21.9"
"USW00014819","CHICAGO MIDWAY AIRPORT, IL US","2019-12-16","8.28"," 1846","  340","  360","14.1","18.1"
"USW00014819","CHICAGO MIDWAY AIRPORT, IL US","2019-12-17","12.53"," 1639","  280","  250","21.9","29.1"
"USW00014819","CHICAGO MIDWAY AIRPORT, IL US","2019-12-18","9.84"," 0603","  340","  340","21.9","28.0"
"USW00014819","CHICAGO MIDWAY AIRPORT, IL US","2019-12-19","9.40"," 0744","  240","  210","18.1","28.0"
"USW00014819","CHICAGO MIDWAY AIRPORT, IL US","2019-12-20","5.37"," 1829","  210","  150","10.1","19.0"
"USW00014819","CHICAGO MIDWAY AIRPORT, IL US","2019-12-21","8.72"," 0604","  210","  200","15.0","21.9"
"USW00014819","CHICAGO MIDWAY AIRPORT, IL US","2019-12-22","9.17"," 2234","  230","  210","17.0","29.1"
"USW00014819","CHICAGO MIDWAY AIRPORT, IL US","2019-12-23","7.61"," 1022","  250","  230","17.0","23.0"
"USW00014819","CHICAGO MIDWAY AIRPORT, IL US","2019-12-24","6.71"," 1721","  190","  170","16.1","29.1"
"USW00014819","CHICAGO MIDWAY AIRPORT, IL US","2019-12-25","9.84"," 2242","  210","  200","17.0","27.1"
"USW00014819","CHICAGO MIDWAY AIRPORT, IL US","2019-12-26","10.96"," 0757","  230","  190","17.0","25.9"
"USW00014819","CHICAGO MIDWAY AIRPORT, IL US","2019-12-27","8.28"," 0623","  280","  280","19.9","27.1"
"USW00014819","CHICAGO MIDWAY AIRPORT, IL US","2019-12-28","8.50"," 2105","  130","  140","16.1","23.9"
"USW00014819","CHICAGO MIDWAY AIRPORT, IL US","2019-12-29","11.63"," 0516","  150","  160","23.9","34.0"
"USW00014819","CHICAGO MIDWAY AIRPORT, IL US","2019-12-30","19.46"," 2009","  250","  260","35.1","49.0"
"USW00014819","CHICAGO MIDWAY AIRPORT, IL US","2019-12-31","16.78"," 0127","  260","  270","31.1","51.0"
"USW00014819","CHICAGO MIDWAY AIRPORT, IL US","2020-01-01","12.53"," 2120","  200","  190","21.9","35.1"
"USW00014819","CHICAGO MIDWAY AIRPORT, IL US","2020-01-02","12.53"," 0030","  230","  200","21.9","30.0"
"USW00014819","CHICAGO MIDWAY AIRPORT, IL US","2020-01-03","6.49"," 0717","  330","  330","13.0","15.0"
"USW00014819","CHICAGO MIDWAY AIRPORT, IL US","2020-01-04","10.51"," 1356","  310","  330","17.0","23.9"
"USW00014819","CHICAGO MIDWAY AIRPORT, IL US","2020-01-05","14.99"," 1331","  280","  240","28.0","42.1"
"USW00014819","CHICAGO MIDWAY AIRPORT, IL US","2020-01-06","8.95"," 0027","  290","  290","18.1","25.1"
"USW00014819","CHICAGO MIDWAY AIRPORT, IL US","2020-01-07","11.18"," 2255","  280","  260","21.0","33.1"
"USW00014819","CHICAGO MIDWAY AIRPORT, IL US","2020-01-08","10.96"," 0126","  290","  290","25.1","36.9"
"USW00014819","CHICAGO MIDWAY AIRPORT, IL US","2020-01-09","18.34"," 1145","  200","  190","30.0","45.0"
"USW00014819","CHICAGO MIDWAY AIRPORT, IL US","2020-01-10","9.40"," 0033","   10","  210","19.9","29.1"
"USW00014819","CHICAGO MIDWAY AIRPORT, IL US","2020-01-11","19.69"," 0935","   30","   10","32.0","51.0"
"USW00014819","CHICAGO MIDWAY AIRPORT, IL US","2020-01-12","6.49"," 1847","  320","  160","17.0","21.9"
"USW00014819","CHICAGO MIDWAY AIRPORT, IL US","2020-01-13","8.95"," 0556","  260","  260","17.0","23.9"
"USW00014819","CHICAGO MIDWAY AIRPORT, IL US","2020-01-14","9.17"," 1108","  250","  250","21.0","27.1"
"USW00014819","CHICAGO MIDWAY AIRPORT, IL US","2020-01-15","9.40"," 2135","  300","  310","21.0","28.0"
"USW00014819","CHICAGO MIDWAY AIRPORT, IL US","2020-01-16","12.53"," 0342","  300","  300","21.0","28.0"
"USW00014819","CHICAGO MIDWAY AIRPORT, IL US","2020-01-17","12.08"," 2005","  120","  120","28.0","35.1"
"USW00014819","CHICAGO MIDWAY AIRPORT, IL US","2020-01-18","18.34"," 1739","  260","  270","35.1","49.0"
"USW00014819","CHICAGO MIDWAY AIRPORT, IL US","2020-01-19","13.87"," 0108","  270","  280","25.9","36.9"
"USW00014819","CHICAGO MIDWAY AIRPORT, IL US","2020-01-20","6.04"," 1233","  340","  340","12.1","15.0"
"USW00014819","CHICAGO MIDWAY AIRPORT, IL US","2020-01-21","8.50"," 2136","  200","  210","16.1","25.9"
"USW00014819","CHICAGO MIDWAY AIRPORT, IL US","2020-01-22","11.86"," 1639","  170","  170","17.0","29.1"
"USW00014819","CHICAGO MIDWAY AIRPORT, IL US","2020-01-23","8.50"," 0104","  200","  210","17.0","23.9"
"USW00014819","CHICAGO MIDWAY AIRPORT, IL US","2020-01-24","6.04"," 0302","   80","   90","14.1","19.9"
"USW00014819","CHICAGO MIDWAY AIRPORT, IL US","2020-01-25","10.07"," 1346","  270","  290","16.1","21.9"
"USW00014819","CHICAGO MIDWAY AIRPORT, IL US","2020-01-26","10.51"," 0030","  260","  260","17.0","23.0"
"USW00014819","CHICAGO MIDWAY AIRPORT, IL US","2020-01-27","6.26"," 0018","  290","  290","10.1","13.0"
"USW00014819","CHICAGO MIDWAY AIRPORT, IL US","2020-01-28","5.14"," 0547","  310","  290","10.1","15.0"
"USW00014819","CHICAGO MIDWAY AIRPORT, IL US","2020-01-29","2.68"," 0907","   70","   80","10.1","14.1"
"USW00014819","CHICAGO MIDWAY AIRPORT, IL US","2020-01-30","4.70"," 1340","  180","  170","10.1","19.9"
"USW00014819","CHICAGO MIDWAY AIRPORT, IL US","2020-01-31","5.82"," 1541","  170","  160","12.1","18.1"
"USW00014819","CHICAGO MIDWAY AIRPORT, IL US","2020-02-01","11.63"," 1604","  270","  260","23.9","33.1"
"USW00014819","CHICAGO MIDWAY AIRPORT, IL US","2020-02-02","14.99"," 1432","  270","  250","29.1","40.9"
"USW00014819","CHICAGO MIDWAY AIRPORT, IL US","2020-02-03","8.72"," 2218","   20","  360","18.1","23.9"
"USW00014819","CHICAGO MIDWAY AIRPORT, IL US","2020-02-04","20.36"," 1113","   40","   40","30.0","40.0"
"USW00014819","CHICAGO MIDWAY AIRPORT, IL US","2020-02-05","13.65"," 0932","   60","   50","19.9","27.1"
"USW00014819","CHICAGO MIDWAY AIRPORT, IL US","2020-02-06","12.30"," 0418","   40","   30","23.0","30.0"
"USW00014819","CHICAGO MIDWAY AIRPORT, IL US","2020-02-07","8.28"," 1416","  270","  300","16.1","21.0"
"USW00014819","CHICAGO MIDWAY AIRPORT, IL US","2020-02-08","7.38"," 1648","  270","  280","15.0","19.0"
"USW00014819","CHICAGO MIDWAY AIRPORT, IL US","2020-02-09","10.74"," 1300","  160","  170","21.9","32.0"
"USW00014819","CHICAGO MIDWAY AIRPORT, IL US","2020-02-10","7.38"," 0109","  330","  340","21.0","25.1"
"USW00014819","CHICAGO MIDWAY AIRPORT, IL US","2020-02-11","10.96"," 1430","  270","  270","23.9","33.1"
"USW00014819","CHICAGO MIDWAY AIRPORT, IL US","2020-02-12","6.49"," 1338","  190","  170","14.1","23.0"
"USW00014819","CHICAGO MIDWAY AIRPORT, IL US","2020-02-13","12.53"," 0604","  340","  360","23.0","30.0"
"USW00014819","CHICAGO MIDWAY AIRPORT, IL US","2020-02-14","8.28"," 2039","  180","  160","13.0","25.9"
"USW00014819","CHICAGO MIDWAY AIRPORT, IL US","2020-02-15","14.09"," 1106","  240","  210","21.9","36.0"
"USW00014819","CHICAGO MIDWAY AIRPORT, IL US","2020-02-16","4.47"," 0140","  270","  260","12.1","15.0"
"USW00014819","CHICAGO MIDWAY AIRPORT, IL US","2020-02-17","10.07"," 1115","  120","  150","18.1","33.1"
"USW00014819","CHICAGO MIDWAY AIRPORT, IL US","2020-02-18","12.97"," 0853","  300","  290","23.0","32.0"
"USW00014819","CHICAGO MIDWAY AIRPORT, IL US","2020-02-19","8.95"," 0340","  330","  350","16.1","19.9"
"USW00014819","CHICAGO MIDWAY AIRPORT, IL US","2020-02-20","10.07"," 0155","  330","  350","16.1","19.9"
"USW00014819","CHICAGO MIDWAY AIRPORT, IL US","2020-02-21","12.53"," 1608","  220","  200","23.0","33.1"
"USW00014819","CHICAGO MIDWAY AIRPORT, IL US","2020-02-22","12.08"," 1840","  230","  210","21.9","28.0"
"USW00014819","CHICAGO MIDWAY AIRPORT, IL US","2020-02-23","10.51"," 0806","  240","  210","17.0","23.9"
"USW00014819","CHICAGO MIDWAY AIRPORT, IL US","2020-02-24","10.96"," 2029","   30","   30","18.1","23.9"
"USW00014819","CHICAGO MIDWAY AIRPORT, IL US","2020-02-25","19.46"," 0853","   40","   30","29.1","36.9"
"USW00014819","CHICAGO MIDWAY AIRPORT, IL US","2020-02-26","16.33"," 1259","  340","  350","23.9","40.0"
"USW00014819","CHICAGO MIDWAY AIRPORT, IL US","2020-02-27","11.18"," 1120","  300","  300","23.9","33.1"
"USW00014819","CHICAGO MIDWAY AIRPORT, IL US","2020-02-28","9.40"," 1648","  330","  330","18.1","23.9"
"USW00014819","CHICAGO MIDWAY AIRPORT, IL US","2020-02-29","9.17"," 1227","  260","  250","16.1","21.9"
"USW00014819","CHICAGO MIDWAY AIRPORT, IL US","2020-03-01","12.75",,"  200","  180","23.0","34.0"
"USW00014819","CHICAGO MIDWAY AIRPORT, IL US","2020-03-02","6.49",,"  340","  360","14.1","17.0"
"USW00014819","CHICAGO MIDWAY AIRPORT, IL US","2020-03-03","12.53",,"  270","  260","29.1","40.0"
"USW00014819","CHICAGO MIDWAY AIRPORT, IL US","2020-03-04","6.93",,"  250","  310","18.1","23.0"
"USW00014819","CHICAGO MIDWAY AIRPORT, IL US","2020-03-05","16.11",,"  280","  280","32.0","45.0"
"USW00014819","CHICAGO MIDWAY AIRPORT, IL US","2020-03-06","15.43",,"  330","  330","30.0","40.0"
"USW00014819","CHICAGO MIDWAY AIRPORT, IL US","2020-03-07","10.51",,"  200","  160","19.9","35.1"
"USW00014819","CHICAGO MIDWAY AIRPORT, IL US","2020-03-08","17.67",,"  190","  180","25.9","38.0"
"USW00014819","CHICAGO MIDWAY AIRPORT, IL US","2020-03-09","16.33",,"  240","  180","28.0","42.9"
"USW00014819","CHICAGO MIDWAY AIRPORT, IL US","2020-03-10","8.72",,"  350","  320","17.0","21.9"
"USW00014819","CHICAGO MIDWAY AIRPORT, IL US","2020-03-11","6.49",,"  240","  130","12.1","23.0"
"USW00014819","CHICAGO MIDWAY AIRPORT, IL US","2020-03-12","10.51",,"  320","  320","25.9","38.0"
"USW00014819","CHICAGO MIDWAY AIRPORT, IL US","2020-03-13","15.88",,"  300","  300","25.1","35.1"
"USW00014819","CHICAGO MIDWAY AIRPORT, IL US","2020-03-14","11.63",,"   40","   30","21.0","25.9"
"USW00014819","CHICAGO MIDWAY AIRPORT, IL US","2020-03-15","10.07",,"   30","   40","18.1","25.9"
"USW00014819","CHICAGO MIDWAY AIRPORT, IL US","2020-03-16","6.26",,"  270","  140","12.1","21.9"
"USW00014819","CHICAGO MIDWAY AIRPORT, IL US","2020-03-17","8.72",,"  320","  320","17.0","23.0"
"USW00014819","CHICAGO MIDWAY AIRPORT, IL US","2020-03-18","8.05",,"   80","   80","14.1","18.1"
"USW00014819","CHICAGO MIDWAY AIRPORT, IL US","2020-03-19","10.51",,"  220","  210","19.9","28.0"
"USW00014819","CHICAGO MIDWAY AIRPORT, IL US","2020-03-20","14.76",,"  340","  340","23.9","31.1"
"USW00014819","CHICAGO MIDWAY AIRPORT, IL US","2020-03-21","10.07",,"   30","   10","21.0","27.1"
"USW00014819","CHICAGO MIDWAY AIRPORT, IL US","2020-03-22","7.38",,"  120","  110","18.1","23.0"
"USW00014819","CHICAGO MIDWAY AIRPORT, IL US","2020-03-23","4.03",,"  270","  210","10.1","12.1"
"USW00014819","CHICAGO MIDWAY AIRPORT, IL US","2020-03-24","6.04",,"  110","   80","17.0","23.9"
"USW00014819","CHICAGO MIDWAY AIRPORT, IL US","2020-03-25","7.61",,"  210","  210","19.9","27.1"
"USW00014819","CHICAGO MIDWAY AIRPORT, IL US","2020-03-26","9.62",,"   30","   30","17.0","23.0"
"USW00014819","CHICAGO MIDWAY AIRPORT, IL US","2020-03-27","10.07",,"   80","  110","16.1","21.0"
"USW00014819","CHICAGO MIDWAY AIRPORT, IL US","2020-03-28","8.50",,"  200","  210","29.1","50.1"
"USW00014819","CHICAGO MIDWAY AIRPORT, IL US","2020-03-29","21.47",,"  270","  270","38.0","53.9"
"USW00014819","CHICAGO MIDWAY AIRPORT, IL US","2020-03-30","12.97",,"  280","  280","23.9","35.1"
"USW00014819","CHICAGO MIDWAY AIRPORT, IL US","2020-03-31","11.63",,"   20","   30","17.0","21.0"
"USW00014819","CHICAGO MIDWAY AIRPORT, IL US","2020-04-01","7.38",,"   40","   30","14.1","21.0"
"USW00014819","CHICAGO MIDWAY AIRPORT, IL US","2020-04-02","4.92",,"   90","  100","13.0","19.0"
"USW00014819","CHICAGO MIDWAY AIRPORT, IL US","2020-04-03","7.61",,"  110","  160","15.0","21.9"
"USW00014819","CHICAGO MIDWAY AIRPORT, IL US","2020-04-04","8.72",,"  320","  300","17.0","19.9"
"USW00014819","CHICAGO MIDWAY AIRPORT, IL US","2020-04-05","9.40",,"   70","   50","18.1","23.9"
"USW00014819","CHICAGO MIDWAY AIRPORT, IL US","2020-04-06","6.49",,"  210","  170","15.0","25.1"
"USW00014819","CHICAGO MIDWAY AIRPORT, IL US","2020-04-07","9.84",,"  300","  280","25.1","36.9"
"USW00014819","CHICAGO MIDWAY AIRPORT, IL US","2020-04-08","8.05",,"  340","  350","23.9","35.1"
"USW00014819","CHICAGO MIDWAY AIRPORT, IL US","2020-04-09","18.34",,"  300","  300","36.0","51.0"
"USW00014819","CHICAGO MIDWAY AIRPORT, IL US","2020-04-10","9.84",,"  330","  280","19.9","25.1"
"USW00014819","CHICAGO MIDWAY AIRPORT, IL US","2020-04-11","9.40",,"  210","  210","23.9","33.1"
"USW00014819","CHICAGO MIDWAY AIRPORT, IL US","2020-04-12","10.29",,"  170","  160","18.1","33.1"
"USW00014819","CHICAGO MIDWAY AIRPORT, IL US","2020-04-13","17.90",,"  320","  300","30.0","42.9"
"USW00014819","CHICAGO MIDWAY AIRPORT, IL US","2020-04-14","13.65",,"  270","  240","25.9","35.1"
"USW00014819","CHICAGO MIDWAY AIRPORT, IL US","2020-04-15","8.95",,"  310","  270","18.1","25.1"
"USW00014819","CHICAGO MIDWAY AIRPORT, IL US","2020-04-16","8.95",,"  260","  270","18.1","27.1"
"USW00014819","CHICAGO MIDWAY AIRPORT, IL US","2020-04-17","8.28",,"   70","   60","16.1","21.0"
"USW00014819","CHICAGO MIDWAY AIRPORT, IL US","2020-04-18","15.21",,"  230","  200","28.0","40.0"
"USW00014819","CHICAGO MIDWAY AIRPORT, IL US","2020-04-19","10.29",,"   80","  330","19.9","29.1"
"USW00014819","CHICAGO MIDWAY AIRPORT, IL US","2020-04-20","12.30",,"  260","  260","33.1","45.0"
"USW00014819","CHICAGO MIDWAY AIRPORT, IL US","2020-04-21","14.54",,"  320","  290","25.9","36.9"
"USW00014819","CHICAGO MIDWAY AIRPORT, IL US","2020-04-22","6.93",,"  180","  170","17.0","23.9"
"USW00014819","CHICAGO MIDWAY AIRPORT, IL US","2020-04-23","6.71",,"   10","   20","15.0","19.9"
"USW00014819","CHICAGO MIDWAY AIRPORT, IL US","2020-04-24","8.95",,"   50","   60","14.1","17.0"
"USW00014819","CHICAGO MIDWAY AIRPORT, IL US","2020-04-25","11.63",,"   30","   30","23.9","32.0"
"USW00014819","CHICAGO MIDWAY AIRPORT, IL US","2020-04-26","10.74",,"   20","   10","23.0","35.1"
"USW00014819","CHICAGO MIDWAY AIRPORT, IL US","2020-04-27","9.62",,"  200","  230","23.9","35.1"
"USW00014819","CHICAGO MIDWAY AIRPORT, IL US","2020-04-28","9.17",,"  180","  310","21.9","31.1"
"USW00014819","CHICAGO MIDWAY AIRPORT, IL US","2020-04-29","13.20",,"  330","  330","25.9","34.0"
"USW00014819","CHICAGO MIDWAY AIRPORT, IL US","2020-04-30","12.97",,"  340","  340","29.1","38.0"
"USW00014819","CHICAGO MIDWAY AIRPORT, IL US","2020-05-01","4.70",,"  110","  110","14.1","19.0"
"USW00014819","CHICAGO MIDWAY AIRPORT, IL US","2020-05-02","12.08",,"  260","  260","21.0","28.0"
"USW00014819","CHICAGO MIDWAY AIRPORT, IL US","2020-05-03","10.51",,"   20","  360","23.9","34.0"
"USW00014819","CHICAGO MIDWAY AIRPORT, IL US","2020-05-04","14.32",,"   50","   20","23.0","30.0"
"USW00014819","CHICAGO MIDWAY AIRPORT, IL US","2020-05-05","9.17",,"  100","  100","17.0","23.9"
"USW00014819","CHICAGO MIDWAY AIRPORT, IL US","2020-05-06","7.61",,"  360","   10","15.0","19.9"
"USW00014819","CHICAGO MIDWAY AIRPORT, IL US","2020-05-07","10.74",,"  320","  320","25.9","34.0"
"USW00014819","CHICAGO MIDWAY AIRPORT, IL US","2020-05-08","14.32",,"   30","   20","28.0","36.9"
"USW00014819","CHICAGO MIDWAY AIRPORT, IL US","2020-05-09","10.29",,"  260","  280","21.9","31.1"
"USW00014819","CHICAGO MIDWAY AIRPORT, IL US","2020-05-10","10.07",,"  350","  350","23.9","32.0"
"USW00014819","CHICAGO MIDWAY AIRPORT, IL US","2020-05-11","8.05",,"  330","  330","16.1","21.0"
"USW00014819","CHICAGO MIDWAY AIRPORT, IL US","2020-05-12","9.17",,"  290","  310","18.1","25.9"
"USW00014819","CHICAGO MIDWAY AIRPORT, IL US","2020-05-13","12.08",,"  140","  170","21.0","34.0"
"USW00014819","CHICAGO MIDWAY AIRPORT, IL US","2020-05-14","8.50",,"  290","  300","21.0","34.0"
"USW00014819","CHICAGO MIDWAY AIRPORT, IL US","2020-05-15","7.83",,"  360","  350","18.1","25.9"
"USW00014819","CHICAGO MIDWAY AIRPORT, IL US","2020-05-16","9.84",,"   30","   40","19.9","25.1"
"USW00014819","CHICAGO MIDWAY AIRPORT, IL US","2020-05-17","8.72",,"  150","  200","18.1","33.1"
"USW00014819","CHICAGO MIDWAY AIRPORT, IL US","2020-05-18","8.50",,"   60","   10","16.1","21.0"
"USW00014819","CHICAGO MIDWAY AIRPORT, IL US","2020-05-19","12.97",,"   40","   40","21.0","27.1"
"USW00014819","CHICAGO MIDWAY AIRPORT, IL US","2020-05-20","12.53",,"   60","   50","21.9","30.0"
"USW00014819","CHICAGO MIDWAY AIRPORT, IL US","2020-05-21","5.82",,"  100","   70","13.0","17.0"
"USW00014819","CHICAGO MIDWAY AIRPORT, IL US","2020-05-22","5.14",,"   70","  100","13.0","16.1"
"USW00014819","CHICAGO MIDWAY AIRPORT, IL US","2020-05-23","8.28",,"  130","  120","21.0","28.0"
"USW00014819","CHICAGO MIDWAY AIRPORT, IL US","2020-05-24","6.71",,"  170","  160","17.0","23.9"
"USW00014819","CHICAGO MIDWAY AIRPORT, IL US","2020-05-25","8.05",,"  210","  200","19.9","25.9"
"USW00014819","CHICAGO MIDWAY AIRPORT, IL US","2020-05-26","8.72",,"  120","  130","21.0","27.1"
"USW00014819","CHICAGO MIDWAY AIRPORT, IL US","2020-05-27","6.49",,"  100","  100","16.1","21.9"
"USW00014819","CHICAGO MIDWAY AIRPORT, IL US","2020-05-28","9.17",,"  250","  260","21.0","32.0"
"USW00014819","CHICAGO MIDWAY AIRPORT, IL US","2020-05-29","10.74",,"  340","  340","21.9","28.0"
"USW00014819","CHICAGO MIDWAY AIRPORT, IL US","2020-05-30","8.28",,"   80","  280","16.1","21.9"
"USW00014819","CHICAGO MIDWAY AIRPORT, IL US","2020-05-31","9.17",,"   80","   90","14.1","18.1"
"USW00014819","CHICAGO MIDWAY AIRPORT, IL US","2020-06-01","11.18",,"  210","  210","23.0","36.9"
"USW00014819","CHICAGO MIDWAY AIRPORT, IL US","2020-06-02","15.21",,"  240","  240","25.1","36.0"
"USW00014819","CHICAGO MIDWAY AIRPORT, IL US","2020-06-03","7.61",,"  290","  290","21.9","28.0"
"USW00014819","CHICAGO MIDWAY AIRPORT, IL US","2020-06-04","7.16",,"   30","   30","23.0","29.1"
"USW00014819","CHICAGO MIDWAY AIRPORT, IL US","2020-06-05","7.83",,"  240","  230","17.0","29.1"
"USW00014819","CHICAGO MIDWAY AIRPORT, IL US","2020-06-06","10.51",,"   40","   50","18.1","23.9"
"USW00014819","CHICAGO MIDWAY AIRPORT, IL US","2020-06-07","7.83",,"   40","   80","15.0","19.9"
"USW00014819","CHICAGO MIDWAY AIRPORT, IL US","2020-06-08","9.40",,"   90","  120","17.0","23.0"
"USW00014819","CHICAGO MIDWAY AIRPORT, IL US","2020-06-09","15.66",,"  160","  160","42.9","62.0"
"USW00014819","CHICAGO MIDWAY AIRPORT, IL US","2020-06-10","16.11",,"  230","  220","31.1","45.0"
"USW00014819","CHICAGO MIDWAY AIRPORT, IL US","2020-06-11","12.75",,"  290","  300","25.9","38.9"
"USW00014819","CHICAGO MIDWAY AIRPORT, IL US","2020-06-12","7.83",,"   30","   20","17.0","23.9"
"USW00014819","CHICAGO MIDWAY AIRPORT, IL US","2020-06-13","13.20",,"   30","   60","21.9","27.1"
"USW00014819","CHICAGO MIDWAY AIRPORT, IL US","2020-06-14","10.51",,"   60","   70","17.0","25.9"
"USW00014819","CHICAGO MIDWAY AIRPORT, IL US","2020-06-15","7.83",,"   60","   50","18.1","23.9"
"USW00014819","CHICAGO MIDWAY AIRPORT, IL US","2020-06-16","6.71",,"   80","   70","17.0","23.0"
"USW00014819","CHICAGO MIDWAY AIRPORT, IL US","2020-06-17","6.49",,"   80","   60","17.0","23.0"
"USW00014819","CHICAGO MIDWAY AIRPORT, IL US","2020-06-18","5.82",,"   90","   70","17.0","23.9"
"USW00014819","CHICAGO MIDWAY AIRPORT, IL US","2020-06-19","4.25",,"  250","  300","14.1","21.9"
"USW00014819","CHICAGO MIDWAY AIRPORT, IL US","2020-06-20","10.29",,"  210","  150","25.1","35.1"
"USW00014819","CHICAGO MIDWAY AIRPORT, IL US","2020-06-21","7.16",,"  100","   80","16.1","23.0"
"USW00014819","CHICAGO MIDWAY AIRPORT, IL US","2020-06-22","7.61",,"  190","  190","15.0","25.1"
"USW00014819","CHICAGO MIDWAY AIRPORT, IL US","2020-06-23","11.41",,"  290","  360","18.1","31.1"
"USW00014819","CHICAGO MIDWAY AIRPORT, IL US","2020-06-24","7.61",,"  340","  350","29.1","38.0"
"USW00014819","CHICAGO MIDWAY AIRPORT, IL US","2020-06-25","6.71",,"  310","  330","16.1","21.9"
"USW00014819","CHICAGO MIDWAY AIRPORT, IL US","2020-06-26","8.95",,"  340","  260","32.0","48.1"
"USW00014819","CHICAGO MIDWAY AIRPORT, IL US","2020-06-27","7.61",,"  240","  210","18.1","25.9"
"USW00014819","CHICAGO MIDWAY AIRPORT, IL US","2020-06-28","5.82",,"   90","   80","16.1","21.0"
"USW00014819","CHICAGO MIDWAY AIRPORT, IL US","2020-06-29","6.49",,"   10","  210","23.0","31.1"
"USW00014819","CHICAGO MIDWAY AIRPORT, IL US","2020-06-30","6.71",,"   80","   90","16.1","21.9"
"USW00014819","CHICAGO MIDWAY AIRPORT, IL US","2020-07-01","8.50",,"  110","   90","17.0","23.9"
"USW00014819","CHICAGO MIDWAY AIRPORT, IL US","2020-07-02","6.71",,"   70","   80","15.0","21.0"
"USW00014819","CHICAGO MIDWAY AIRPORT, IL US","2020-07-03","4.92",,"   80","   80","14.1","21.9"
"USW00014819","CHICAGO MIDWAY AIRPORT, IL US","2020-07-04","6.26",,"   80","   40","15.0","19.9"
"USW00014819","CHICAGO MIDWAY AIRPORT, IL US","2020-07-05","5.59",,"   90","   60","14.1","23.0"
"USW00014819","CHICAGO MIDWAY AIRPORT, IL US","2020-07-06","4.25",,"   80","   80","16.1","19.9"
"USW00014819","CHICAGO MIDWAY AIRPORT, IL US","2020-07-07","7.38",,"  330","  310","33.1","45.0"
"USW00014819","CHICAGO MIDWAY AIRPORT, IL US","2020-07-08","4.03",,"   70","   80","14.1","21.0"
"USW00014819","CHICAGO MIDWAY AIRPORT, IL US","2020-07-09","10.29",,"  240","  320","23.0","35.1"
"USW00014819","CHICAGO MIDWAY AIRPORT, IL US","2020-07-10","11.86",,"  320","  290","23.0","30.0"
"USW00014819","CHICAGO MIDWAY AIRPORT, IL US","2020-07-11","8.05",,"  300","  290","25.9","34.0"
"USW00014819","CHICAGO MIDWAY AIRPORT, IL US","2020-07-12","9.62",,"   40","   20","21.9","29.1"
"USW00014819","CHICAGO MIDWAY AIRPORT, IL US","2020-07-13","6.26",,"  100",,"13.0",
"USW00014819","CHICAGO MIDWAY AIRPORT, IL US","2020-07-14","8.05",,"  210","  210","18.1","28.0"
"USW00014819","CHICAGO MIDWAY AIRPORT, IL US","2020-07-15","9.84",,"   40","   40","21.9","28.0"
"USW00014819","CHICAGO MIDWAY AIRPORT, IL US","2020-07-16","8.28",,"   50","   60","21.0","29.1"
"USW00014819","CHICAGO MIDWAY AIRPORT, IL US","2020-07-17","7.38",,"  220","  200","16.1","23.0"
"USW00014819","CHICAGO MIDWAY AIRPORT, IL US","2020-07-18","12.75",,"  210","  210","21.9","33.1"
"USW00014819","CHICAGO MIDWAY AIRPORT, IL US","2020-07-19","11.18",,"  230","  240","35.1","55.0"
"USW00014819","CHICAGO MIDWAY AIRPORT, IL US","2020-07-20","7.16",,"   90","  320","14.1","25.9"
"USW00014819","CHICAGO MIDWAY AIRPORT, IL US","2020-07-21","7.38",,"  170","  150","15.0","25.9"
"USW00014819","CHICAGO MIDWAY AIRPORT, IL US","2020-07-22","8.95",,"  270","  250","16.1","21.9"
"USW00014819","CHICAGO MIDWAY AIRPORT, IL US","2020-07-23","6.49",,"   60","   50","18.1","21.9"
"USW00014819","CHICAGO MIDWAY AIRPORT, IL US","2020-07-24","6.04",,"   80","   90","14.1","19.9"
"USW00014819","CHICAGO MIDWAY AIRPORT, IL US","2020-07-25","6.26",,"  230","  170","14.1","23.0"
"USW00014819","CHICAGO MIDWAY AIRPORT, IL US","2020-07-26","11.86",,"  300","  300","30.0","46.1"
"USW00014819","CHICAGO MIDWAY AIRPORT, IL US","2020-07-27","8.28",,"  330","  300","18.1","23.0"
"USW00014819","CHICAGO MIDWAY AIRPORT, IL US","2020-07-28","9.40",,"  240","  260","19.9","28.0"
"USW00014819","CHICAGO MIDWAY AIRPORT, IL US","2020-07-29","10.74",,"  250","  240","18.1","25.1"
"USW00014819","CHICAGO MIDWAY AIRPORT, IL US","2020-07-30","13.42",,"   40","   60","21.9","33.1"
"USW00014819","CHICAGO MIDWAY AIRPORT, IL US","2020-07-31","10.07",,"   80","   80","17.0","21.9"
"USW00014819","CHICAGO MIDWAY AIRPORT, IL US","2020-08-01","6.71",,"   40","   70","13.0","16.1"
"USW00014819","CHICAGO MIDWAY AIRPORT, IL US","2020-08-02","7.38",,"   50","   40","18.1","27.1"
"USW00014819","CHICAGO MIDWAY AIRPORT, IL US","2020-08-03","11.86",,"  360","  360","21.0","27.1"
"USW00014819","CHICAGO MIDWAY AIRPORT, IL US","2020-08-04","9.40",,"  350","   10","19.9","25.1"
"USW00014819","CHICAGO MIDWAY AIRPORT, IL US","2020-08-05","7.16",,"  250","  260","14.1","18.1"
"USW00014819","CHICAGO MIDWAY AIRPORT, IL US","2020-08-06","5.14",,"  130","  110","13.0","18.1"
"USW00014819","CHICAGO MIDWAY AIRPORT, IL US","2020-08-07","5.37",,"  180","  170","15.0","21.9"
"USW00014819","CHICAGO MIDWAY AIRPORT, IL US","2020-08-08","10.07",,"  170","  170","17.0","30.0"
"USW00014819","CHICAGO MIDWAY AIRPORT, IL US","2020-08-09","10.96",,"  200","  160","19.9","34.0"
"USW00014819","CHICAGO MIDWAY AIRPORT, IL US","2020-08-10","10.51",,"  300","  290","48.1","72.0"
"USW00014819","CHICAGO MIDWAY AIRPORT, IL US","2020-08-11","7.16",,"  100","   60","14.1","21.0"
"USW00014819","CHICAGO MIDWAY AIRPORT, IL US","2020-08-12","6.04",,"  110","   70","15.0","19.9"
"USW00014819","CHICAGO MIDWAY AIRPORT, IL US","2020-08-13","6.49",,"   60","   70","15.0","19.9"
"USW00014819","CHICAGO MIDWAY AIRPORT, IL US","2020-08-14","7.61",,"   60","   20","16.1","21.0"
"USW00014819","CHICAGO MIDWAY AIRPORT, IL US","2020-08-15","6.93",,"  340","  340","17.0","21.9"
"USW00014819","CHICAGO MIDWAY AIRPORT, IL US","2020-08-16","7.61",,"   90","  340","15.0","21.9"
"USW00014819","CHICAGO MIDWAY AIRPORT, IL US","2020-08-17","4.92",,"  130","  120","13.0","19.0"
"USW00014819","CHICAGO MIDWAY AIRPORT, IL US","2020-08-18","11.18",,"   40","   60","19.9","27.1"
"USW00014819","CHICAGO MIDWAY AIRPORT, IL US","2020-08-19","5.59",,"   90","   80","15.0","19.9"
"USW00014819","CHICAGO MIDWAY AIRPORT, IL US","2020-08-20","5.82",,"  210","  140","14.1","21.0"
"USW00014819","CHICAGO MIDWAY AIRPORT, IL US","2020-08-21","5.14",,"  210","  210","12.1","18.1"
"USW00014819","CHICAGO MIDWAY AIRPORT, IL US","2020-08-22","7.61",,"  220","  190","17.0","25.9"
"USW00014819","CHICAGO MIDWAY AIRPORT, IL US","2020-08-23","8.05",,"  210","  220","17.0","23.9"
"USW00014819","CHICAGO MIDWAY AIRPORT, IL US","2020-08-24","7.83",,"  270","  250","17.0","23.0"
"USW00014819","CHICAGO MIDWAY AIRPORT, IL US","2020-08-25","8.28",,"  330","  340","28.0","36.0"
"USW00014819","CHICAGO MIDWAY AIRPORT, IL US","2020-08-26","10.74",,"  230","  210","21.0","30.0"
"USW00014819","CHICAGO MIDWAY AIRPORT, IL US","2020-08-27","11.63",,"  250","  220","19.9","27.1"
"USW00014819","CHICAGO MIDWAY AIRPORT, IL US","2020-08-28","9.84",,"  340","  230","19.9","30.0"
"USW00014819","CHICAGO MIDWAY AIRPORT, IL US","2020-08-29","11.18",,"  340","   10","23.0","32.0"
"USW00014819","CHICAGO MIDWAY AIRPORT, IL US","2020-08-30","8.50",,"   90","   80","15.0","19.9"
"USW00014819","CHICAGO MIDWAY AIRPORT, IL US","2020-08-31","9.40",,"  210","  170","17.0","27.1"
"USW00014819","CHICAGO MIDWAY AIRPORT, IL US","2020-09-01","7.16",,"  100","  100","17.0","21.9"
"USW00014819","CHICAGO MIDWAY AIRPORT, IL US","2020-09-02","10.51",,"  270","  260","21.9","30.0"
"USW00014819","CHICAGO MIDWAY AIRPORT, IL US","2020-09-03","14.09",,"  250","  230","28.0","40.0"
"USW00014819","CHICAGO MIDWAY AIRPORT, IL US","2020-09-04","8.72",,"  280","  270","23.9","34.0"
"USW00014819","CHICAGO MIDWAY AIRPORT, IL US","2020-09-05","11.41",,"  240","  230","23.9","33.1"
"USW00014819","CHICAGO MIDWAY AIRPORT, IL US","2020-09-06","13.42",,"  170","  210","25.1","36.9"
"USW00014819","CHICAGO MIDWAY AIRPORT, IL US","2020-09-07","12.75",,"  230","  230","21.9","32.0"
"US1ILCK0180","PARK RIDGE 0.5 SSW, IL US","2019-10-01",,,,,,
"US1ILCK0180","PARK RIDGE 0.5 SSW, IL US","2019-10-02",,,,,,
"US1ILCK0180","PARK RIDGE 0.5 SSW, IL US","2019-10-03",,,,,,
"US1ILCK0180","PARK RIDGE 0.5 SSW, IL US","2019-10-04",,,,,,
"US1ILCK0180","PARK RIDGE 0.5 SSW, IL US","2019-10-05",,,,,,
"US1ILCK0180","PARK RIDGE 0.5 SSW, IL US","2019-10-06",,,,,,
"US1ILCK0180","PARK RIDGE 0.5 SSW, IL US","2019-10-07",,,,,,
"US1ILCK0180","PARK RIDGE 0.5 SSW, IL US","2019-10-08",,,,,,
"US1ILCK0180","PARK RIDGE 0.5 SSW, IL US","2019-10-09",,,,,,
"US1ILCK0180","PARK RIDGE 0.5 SSW, IL US","2019-10-10",,,,,,
"US1ILCK0180","PARK RIDGE 0.5 SSW, IL US","2019-10-11",,,,,,
"US1ILCK0180","PARK RIDGE 0.5 SSW, IL US","2019-10-12",,,,,,
"US1ILCK0180","PARK RIDGE 0.5 SSW, IL US","2019-10-13",,,,,,
"US1ILCK0180","PARK RIDGE 0.5 SSW, IL US","2019-10-14",,,,,,
"US1ILCK0180","PARK RIDGE 0.5 SSW, IL US","2019-10-15",,,,,,
"US1ILCK0180","PARK RIDGE 0.5 SSW, IL US","2019-10-16",,,,,,
"US1ILCK0180","PARK RIDGE 0.5 SSW, IL US","2019-10-17",,,,,,
"US1ILCK0180","PARK RIDGE 0.5 SSW, IL US","2019-10-18",,,,,,
"US1ILCK0180","PARK RIDGE 0.5 SSW, IL US","2019-10-19",,,,,,
"US1ILCK0180","PARK RIDGE 0.5 SSW, IL US","2019-10-20",,,,,,
"US1ILCK0180","PARK RIDGE 0.5 SSW, IL US","2019-10-21",,,,,,
"US1ILCK0180","PARK RIDGE 0.5 SSW, IL US","2019-10-22",,,,,,
"US1ILCK0180","PARK RIDGE 0.5 SSW, IL US","2019-10-23",,,,,,
"US1ILCK0180","PARK RIDGE 0.5 SSW, IL US","2019-10-24",,,,,,
"US1ILCK0180","PARK RIDGE 0.5 SSW, IL US","2019-10-25",,,,,,
"US1ILCK0180","PARK RIDGE 0.5 SSW, IL US","2019-10-26",,,,,,
"US1ILCK0180","PARK RIDGE 0.5 SSW, IL US","2019-10-27",,,,,,
"US1ILCK0180","PARK RIDGE 0.5 SSW, IL US","2019-10-28",,,,,,
"US1ILCK0180","PARK RIDGE 0.5 SSW, IL US","2019-10-29",,,,,,
"US1ILCK0180","PARK RIDGE 0.5 SSW, IL US","2019-10-30",,,,,,
"US1ILCK0180","PARK RIDGE 0.5 SSW, IL US","2019-10-31",,,,,,
"US1ILCK0180","PARK RIDGE 0.5 SSW, IL US","2019-11-01",,,,,,
"US1ILCK0180","PARK RIDGE 0.5 SSW, IL US","2019-11-02",,,,,,
"US1ILCK0180","PARK RIDGE 0.5 SSW, IL US","2019-11-03",,,,,,
"US1ILCK0180","PARK RIDGE 0.5 SSW, IL US","2019-11-04",,,,,,
"US1ILCK0180","PARK RIDGE 0.5 SSW, IL US","2019-11-05",,,,,,
"US1ILCK0180","PARK RIDGE 0.5 SSW, IL US","2019-11-06",,,,,,
"US1ILCK0180","PARK RIDGE 0.5 SSW, IL US","2019-11-07",,,,,,
"US1ILCK0180","PARK RIDGE 0.5 SSW, IL US","2019-11-08",,,,,,
"US1ILCK0180","PARK RIDGE 0.5 SSW, IL US","2019-11-09",,,,,,
"US1ILCK0180","PARK RIDGE 0.5 SSW, IL US","2019-11-10",,,,,,
"US1ILCK0180","PARK RIDGE 0.5 SSW, IL US","2019-11-11",,,,,,
"US1ILCK0180","PARK RIDGE 0.5 SSW, IL US","2019-11-12",,,,,,
"US1ILCK0180","PARK RIDGE 0.5 SSW, IL US","2019-11-13",,,,,,
"US1ILCK0180","PARK RIDGE 0.5 SSW, IL US","2019-11-14",,,,,,
"US1ILCK0180","PARK RIDGE 0.5 SSW, IL US","2019-11-15",,,,,,
"US1ILCK0180","PARK RIDGE 0.5 SSW, IL US","2019-11-16",,,,,,
"US1ILCK0180","PARK RIDGE 0.5 SSW, IL US","2019-11-17",,,,,,
"US1ILCK0180","PARK RIDGE 0.5 SSW, IL US","2019-11-18",,,,,,
"US1ILCK0180","PARK RIDGE 0.5 SSW, IL US","2019-11-19",,,,,,
"US1ILCK0180","PARK RIDGE 0.5 SSW, IL US","2019-11-20",,,,,,
"US1ILCK0180","PARK RIDGE 0.5 SSW, IL US","2019-11-21",,,,,,
"US1ILCK0180","PARK RIDGE 0.5 SSW, IL US","2019-11-22",,,,,,
"US1ILCK0180","PARK RIDGE 0.5 SSW, IL US","2019-11-23",,,,,,
"US1ILCK0180","PARK RIDGE 0.5 SSW, IL US","2019-11-24",,,,,,
"US1ILCK0180","PARK RIDGE 0.5 SSW, IL US","2019-11-25",,,,,,
"US1ILCK0180","PARK RIDGE 0.5 SSW, IL US","2019-11-26",,,,,,
"US1ILCK0180","PARK RIDGE 0.5 SSW, IL US","2019-11-27",,,,,,
"US1ILCK0180","PARK RIDGE 0.5 SSW, IL US","2019-11-28",,,,,,
"US1ILCK0180","PARK RIDGE 0.5 SSW, IL US","2019-11-29",,,,,,
"US1ILCK0180","PARK RIDGE 0.5 SSW, IL US","2019-11-30",,,,,,
"US1ILCK0180","PARK RIDGE 0.5 SSW, IL US","2019-12-01",,,,,,
"US1ILCK0180","PARK RIDGE 0.5 SSW, IL US","2019-12-02",,,,,,
"US1ILCK0180","PARK RIDGE 0.5 SSW, IL US","2019-12-03",,,,,,
"US1ILCK0180","PARK RIDGE 0.5 SSW, IL US","2019-12-04",,,,,,
"US1ILCK0180","PARK RIDGE 0.5 SSW, IL US","2019-12-05",,,,,,
"US1ILCK0180","PARK RIDGE 0.5 SSW, IL US","2019-12-06",,,,,,
"US1ILCK0180","PARK RIDGE 0.5 SSW, IL US","2019-12-07",,,,,,
"US1ILCK0180","PARK RIDGE 0.5 SSW, IL US","2019-12-08",,,,,,
"US1ILCK0180","PARK RIDGE 0.5 SSW, IL US","2019-12-09",,,,,,
"US1ILCK0180","PARK RIDGE 0.5 SSW, IL US","2019-12-10",,,,,,
"US1ILCK0180","PARK RIDGE 0.5 SSW, IL US","2019-12-11",,,,,,
"US1ILCK0180","PARK RIDGE 0.5 SSW, IL US","2019-12-12",,,,,,
"US1ILCK0180","PARK RIDGE 0.5 SSW, IL US","2019-12-13",,,,,,
"US1ILCK0180","PARK RIDGE 0.5 SSW, IL US","2019-12-14",,,,,,
"US1ILCK0180","PARK RIDGE 0.5 SSW, IL US","2019-12-15",,,,,,
"US1ILCK0180","PARK RIDGE 0.5 SSW, IL US","2019-12-16",,,,,,
"US1ILCK0180","PARK RIDGE 0.5 SSW, IL US","2019-12-17",,,,,,
"US1ILCK0180","PARK RIDGE 0.5 SSW, IL US","2019-12-18",,,,,,
"US1ILCK0180","PARK RIDGE 0.5 SSW, IL US","2019-12-19",,,,,,
"US1ILCK0180","PARK RIDGE 0.5 SSW, IL US","2019-12-20",,,,,,
"US1ILCK0180","PARK RIDGE 0.5 SSW, IL US","2019-12-21",,,,,,
"US1ILCK0180","PARK RIDGE 0.5 SSW, IL US","2019-12-22",,,,,,
"US1ILCK0180","PARK RIDGE 0.5 SSW, IL US","2019-12-23",,,,,,
"US1ILCK0180","PARK RIDGE 0.5 SSW, IL US","2019-12-24",,,,,,
"US1ILCK0180","PARK RIDGE 0.5 SSW, IL US","2019-12-25",,,,,,
"US1ILCK0180","PARK RIDGE 0.5 SSW, IL US","2019-12-26",,,,,,
"US1ILCK0180","PARK RIDGE 0.5 SSW, IL US","2019-12-27",,,,,,
"US1ILCK0180","PARK RIDGE 0.5 SSW, IL US","2019-12-28",,,,,,
"US1ILCK0180","PARK RIDGE 0.5 SSW, IL US","2019-12-29",,,,,,
"US1ILCK0180","PARK RIDGE 0.5 SSW, IL US","2019-12-30",,,,,,
"US1ILCK0180","PARK RIDGE 0.5 SSW, IL US","2019-12-31",,,,,,
"US1ILCK0180","PARK RIDGE 0.5 SSW, IL US","2020-01-01",,,,,,
"US1ILCK0180","PARK RIDGE 0.5 SSW, IL US","2020-01-02",,,,,,
"US1ILCK0180","PARK RIDGE 0.5 SSW, IL US","2020-01-03",,,,,,
"US1ILCK0180","PARK RIDGE 0.5 SSW, IL US","2020-01-04",,,,,,
"US1ILCK0180","PARK RIDGE 0.5 SSW, IL US","2020-01-05",,,,,,
"US1ILCK0180","PARK RIDGE 0.5 SSW, IL US","2020-01-06",,,,,,
"US1ILCK0180","PARK RIDGE 0.5 SSW, IL US","2020-01-07",,,,,,
"US1ILCK0180","PARK RIDGE 0.5 SSW, IL US","2020-01-08",,,,,,
"US1ILCK0180","PARK RIDGE 0.5 SSW, IL US","2020-01-09",,,,,,
"US1ILCK0180","PARK RIDGE 0.5 SSW, IL US","2020-01-10",,,,,,
"US1ILCK0180","PARK RIDGE 0.5 SSW, IL US","2020-01-11",,,,,,
"US1ILCK0180","PARK RIDGE 0.5 SSW, IL US","2020-01-12",,,,,,
"US1ILCK0180","PARK RIDGE 0.5 SSW, IL US","2020-01-13",,,,,,
"US1ILCK0180","PARK RIDGE 0.5 SSW, IL US","2020-01-14",,,,,,
"US1ILCK0180","PARK RIDGE 0.5 SSW, IL US","2020-01-15",,,,,,
"US1ILCK0180","PARK RIDGE 0.5 SSW, IL US","2020-01-16",,,,,,
"US1ILCK0180","PARK RIDGE 0.5 SSW, IL US","2020-01-17",,,,,,
"US1ILCK0180","PARK RIDGE 0.5 SSW, IL US","2020-01-18",,,,,,
"US1ILCK0180","PARK RIDGE 0.5 SSW, IL US","2020-01-19",,,,,,
"US1ILCK0180","PARK RIDGE 0.5 SSW, IL US","2020-01-20",,,,,,
"US1ILCK0180","PARK RIDGE 0.5 SSW, IL US","2020-01-21",,,,,,
"US1ILCK0180","PARK RIDGE 0.5 SSW, IL US","2020-01-22",,,,,,
"US1ILCK0180","PARK RIDGE 0.5 SSW, IL US","2020-01-23",,,,,,
"US1ILCK0180","PARK RIDGE 0.5 SSW, IL US","2020-01-24",,,,,,
"US1ILCK0180","PARK RIDGE 0.5 SSW, IL US","2020-01-25",,,,,,
"US1ILCK0180","PARK RIDGE 0.5 SSW, IL US","2020-01-26",,,,,,
"US1ILCK0180","PARK RIDGE 0.5 SSW, IL US","2020-01-27",,,,,,
"US1ILCK0180","PARK RIDGE 0.5 SSW, IL US","2020-01-28",,,,,,
"US1ILCK0180","PARK RIDGE 0.5 SSW, IL US","2020-01-29",,,,,,
"US1ILCK0180","PARK RIDGE 0.5 SSW, IL US","2020-01-30",,,,,,
"US1ILCK0180","PARK RIDGE 0.5 SSW, IL US","2020-01-31",,,,,,
"US1ILCK0180","PARK RIDGE 0.5 SSW, IL US","2020-02-01",,,,,,
"US1ILCK0180","PARK RIDGE 0.5 SSW, IL US","2020-02-02",,,,,,
"US1ILCK0180","PARK RIDGE 0.5 SSW, IL US","2020-02-03",,,,,,
"US1ILCK0180","PARK RIDGE 0.5 SSW, IL US","2020-02-04",,,,,,
"US1ILCK0180","PARK RIDGE 0.5 SSW, IL US","2020-02-05",,,,,,
"US1ILCK0180","PARK RIDGE 0.5 SSW, IL US","2020-02-06",,,,,,
"US1ILCK0180","PARK RIDGE 0.5 SSW, IL US","2020-02-07",,,,,,
"US1ILCK0180","PARK RIDGE 0.5 SSW, IL US","2020-02-08",,,,,,
"US1ILCK0180","PARK RIDGE 0.5 SSW, IL US","2020-02-09",,,,,,
"US1ILCK0180","PARK RIDGE 0.5 SSW, IL US","2020-02-10",,,,,,
"US1ILCK0180","PARK RIDGE 0.5 SSW, IL US","2020-02-11",,,,,,
"US1ILCK0180","PARK RIDGE 0.5 SSW, IL US","2020-02-12",,,,,,
"US1ILCK0180","PARK RIDGE 0.5 SSW, IL US","2020-02-13",,,,,,
"US1ILCK0180","PARK RIDGE 0.5 SSW, IL US","2020-02-14",,,,,,
"US1ILCK0180","PARK RIDGE 0.5 SSW, IL US","2020-02-15",,,,,,
"US1ILCK0180","PARK RIDGE 0.5 SSW, IL US","2020-02-16",,,,,,
"US1ILCK0180","PARK RIDGE 0.5 SSW, IL US","2020-02-17",,,,,,
"US1ILCK0180","PARK RIDGE 0.5 SSW, IL US","2020-02-18",,,,,,
"US1ILCK0180","PARK RIDGE 0.5 SSW, IL US","2020-02-19",,,,,,
"US1ILCK0180","PARK RIDGE 0.5 SSW, IL US","2020-02-20",,,,,,
"US1ILCK0180","PARK RIDGE 0.5 SSW, IL US","2020-02-21",,,,,,
"US1ILCK0180","PARK RIDGE 0.5 SSW, IL US","2020-02-22",,,,,,
"US1ILCK0180","PARK RIDGE 0.5 SSW, IL US","2020-02-23",,,,,,
"US1ILCK0180","PARK RIDGE 0.5 SSW, IL US","2020-02-24",,,,,,
"US1ILCK0180","PARK RIDGE 0.5 SSW, IL US","2020-02-25",,,,,,
"US1ILCK0180","PARK RIDGE 0.5 SSW, IL US","2020-02-26",,,,,,
"US1ILCK0180","PARK RIDGE 0.5 SSW, IL US","2020-02-27",,,,,,
"US1ILCK0180","PARK RIDGE 0.5 SSW, IL US","2020-02-28",,,,,,
"US1ILCK0180","PARK RIDGE 0.5 SSW, IL US","2020-02-29",,,,,,
"US1ILCK0180","PARK RIDGE 0.5 SSW, IL US","2020-03-01",,,,,,
"US1ILCK0180","PARK RIDGE 0.5 SSW, IL US","2020-03-02",,,,,,
"US1ILCK0180","PARK RIDGE 0.5 SSW, IL US","2020-03-03",,,,,,
"US1ILCK0180","PARK RIDGE 0.5 SSW, IL US","2020-03-04",,,,,,
"US1ILCK0180","PARK RIDGE 0.5 SSW, IL US","2020-03-05",,,,,,
"US1ILCK0180","PARK RIDGE 0.5 SSW, IL US","2020-03-06",,,,,,
"US1ILCK0180","PARK RIDGE 0.5 SSW, IL US","2020-03-07",,,,,,
"US1ILCK0180","PARK RIDGE 0.5 SSW, IL US","2020-03-08",,,,,,
"US1ILCK0180","PARK RIDGE 0.5 SSW, IL US","2020-03-09",,,,,,
"US1ILCK0180","PARK RIDGE 0.5 SSW, IL US","2020-03-10",,,,,,
"US1ILCK0180","PARK RIDGE 0.5 SSW, IL US","2020-03-11",,,,,,
"US1ILCK0180","PARK RIDGE 0.5 SSW, IL US","2020-03-12",,,,,,
"US1ILCK0180","PARK RIDGE 0.5 SSW, IL US","2020-03-13",,,,,,
"US1ILCK0180","PARK RIDGE 0.5 SSW, IL US","2020-03-14",,,,,,
"US1ILCK0180","PARK RIDGE 0.5 SSW, IL US","2020-03-15",,,,,,
"US1ILCK0180","PARK RIDGE 0.5 SSW, IL US","2020-03-16",,,,,,
"US1ILCK0180","PARK RIDGE 0.5 SSW, IL US","2020-03-17",,,,,,
"US1ILCK0180","PARK RIDGE 0.5 SSW, IL US","2020-03-18",,,,,,
"US1ILCK0180","PARK RIDGE 0.5 SSW, IL US","2020-03-19",,,,,,
"US1ILCK0180","PARK RIDGE 0.5 SSW, IL US","2020-03-20",,,,,,
"US1ILCK0180","PARK RIDGE 0.5 SSW, IL US","2020-03-21",,,,,,
"US1ILCK0180","PARK RIDGE 0.5 SSW, IL US","2020-03-22",,,,,,
"US1ILCK0180","PARK RIDGE 0.5 SSW, IL US","2020-03-23",,,,,,
"US1ILCK0180","PARK RIDGE 0.5 SSW, IL US","2020-03-24",,,,,,
"US1ILCK0180","PARK RIDGE 0.5 SSW, IL US","2020-03-25",,,,,,
"US1ILCK0180","PARK RIDGE 0.5 SSW, IL US","2020-03-26",,,,,,
"US1ILCK0180","PARK RIDGE 0.5 SSW, IL US","2020-03-27",,,,,,
"US1ILCK0180","PARK RIDGE 0.5 SSW, IL US","2020-03-28",,,,,,
"US1ILCK0180","PARK RIDGE 0.5 SSW, IL US","2020-03-29",,,,,,
"US1ILCK0180","PARK RIDGE 0.5 SSW, IL US","2020-03-30",,,,,,
"US1ILCK0180","PARK RIDGE 0.5 SSW, IL US","2020-03-31",,,,,,
"US1ILCK0180","PARK RIDGE 0.5 SSW, IL US","2020-04-01",,,,,,
"US1ILCK0180","PARK RIDGE 0.5 SSW, IL US","2020-04-02",,,,,,
"US1ILCK0180","PARK RIDGE 0.5 SSW, IL US","2020-04-03",,,,,,
"US1ILCK0180","PARK RIDGE 0.5 SSW, IL US","2020-04-04",,,,,,
"US1ILCK0180","PARK RIDGE 0.5 SSW, IL US","2020-04-05",,,,,,
"US1ILCK0180","PARK RIDGE 0.5 SSW, IL US","2020-04-06",,,,,,
"US1ILCK0180","PARK RIDGE 0.5 SSW, IL US","2020-04-07",,,,,,
"US1ILCK0180","PARK RIDGE 0.5 SSW, IL US","2020-04-08",,,,,,
"US1ILCK0180","PARK RIDGE 0.5 SSW, IL US","2020-04-09",,,,,,
"US1ILCK0180","PARK RIDGE 0.5 SSW, IL US","2020-04-10",,,,,,
"US1ILCK0180","PARK RIDGE 0.5 SSW, IL US","2020-04-11",,,,,,
"US1ILCK0180","PARK RIDGE 0.5 SSW, IL US","2020-04-12",,,,,,
"US1ILCK0180","PARK RIDGE 0.5 SSW, IL US","2020-04-13",,,,,,
"US1ILCK0180","PARK RIDGE 0.5 SSW, IL US","2020-04-14",,,,,,
"US1ILCK0180","PARK RIDGE 0.5 SSW, IL US","2020-04-15",,,,,,
"US1ILCK0180","PARK RIDGE 0.5 SSW, IL US","2020-04-16",,,,,,
"US1ILCK0180","PARK RIDGE 0.5 SSW, IL US","2020-04-17",,,,,,
"US1ILCK0180","PARK RIDGE 0.5 SSW, IL US","2020-04-18",,,,,,
"US1ILCK0180","PARK RIDGE 0.5 SSW, IL US","2020-04-19",,,,,,
"US1ILCK0180","PARK RIDGE 0.5 SSW, IL US","2020-04-20",,,,,,
"US1ILCK0180","PARK RIDGE 0.5 SSW, IL US","2020-04-21",,,,,,
"US1ILCK0180","PARK RIDGE 0.5 SSW, IL US","2020-04-22",,,,,,
"US1ILCK0180","PARK RIDGE 0.5 SSW, IL US","2020-04-23",,,,,,
"US1ILCK0180","PARK RIDGE 0.5 SSW, IL US","2020-04-24",,,,,,
"US1ILCK0180","PARK RIDGE 0.5 SSW, IL US","2020-04-25",,,,,,
"US1ILCK0180","PARK RIDGE 0.5 SSW, IL US","2020-04-26",,,,,,
"US1ILCK0180","PARK RIDGE 0.5 SSW, IL US","2020-04-27",,,,,,
"US1ILCK0180","PARK RIDGE 0.5 SSW, IL US","2020-04-28",,,,,,
"US1ILCK0180","PARK RIDGE 0.5 SSW, IL US","2020-04-29",,,,,,
"US1ILCK0180","PARK RIDGE 0.5 SSW, IL US","2020-04-30",,,,,,
"US1ILCK0180","PARK RIDGE 0.5 SSW, IL US","2020-05-01",,,,,,
"US1ILCK0180","PARK RIDGE 0.5 SSW, IL US","2020-05-02",,,,,,
"US1ILCK0180","PARK RIDGE 0.5 SSW, IL US","2020-05-03",,,,,,
"US1ILCK0180","PARK RIDGE 0.5 SSW, IL US","2020-05-04",,,,,,
"US1ILCK0180","PARK RIDGE 0.5 SSW, IL US","2020-05-05",,,,,,
"US1ILCK0180","PARK RIDGE 0.5 SSW, IL US","2020-05-06",,,,,,
"US1ILCK0180","PARK RIDGE 0.5 SSW, IL US","2020-05-07",,,,,,
"US1ILCK0180","PARK RIDGE 0.5 SSW, IL US","2020-05-08",,,,,,
"US1ILCK0180","PARK RIDGE 0.5 SSW, IL US","2020-05-09",,,,,,
"US1ILCK0180","PARK RIDGE 0.5 SSW, IL US","2020-05-10",,,,,,
"US1ILCK0180","PARK RIDGE 0.5 SSW, IL US","2020-05-11",,,,,,
"US1ILCK0180","PARK RIDGE 0.5 SSW, IL US","2020-05-12",,,,,,
"US1ILCK0180","PARK RIDGE 0.5 SSW, IL US","2020-05-13",,,,,,
"US1ILCK0180","PARK RIDGE 0.5 SSW, IL US","2020-05-14",,,,,,
"US1ILCK0180","PARK RIDGE 0.5 SSW, IL US","2020-05-15",,,,,,
"US1ILCK0180","PARK RIDGE 0.5 SSW, IL US","2020-05-16",,,,,,
"US1ILCK0180","PARK RIDGE 0.5 SSW, IL US","2020-05-17",,,,,,
"US1ILCK0180","PARK RIDGE 0.5 SSW, IL US","2020-05-18",,,,,,
"US1ILCK0180","PARK RIDGE 0.5 SSW, IL US","2020-05-19",,,,,,
"US1ILCK0180","PARK RIDGE 0.5 SSW, IL US","2020-05-20",,,,,,
"US1ILCK0180","PARK RIDGE 0.5 SSW, IL US","2020-05-21",,,,,,
"US1ILCK0180","PARK RIDGE 0.5 SSW, IL US","2020-05-22",,,,,,
"US1ILCK0180","PARK RIDGE 0.5 SSW, IL US","2020-05-23",,,,,,
"US1ILCK0180","PARK RIDGE 0.5 SSW, IL US","2020-05-24",,,,,,
"US1ILCK0180","PARK RIDGE 0.5 SSW, IL US","2020-05-25",,,,,,
"US1ILCK0180","PARK RIDGE 0.5 SSW, IL US","2020-05-26",,,,,,
"US1ILCK0180","PARK RIDGE 0.5 SSW, IL US","2020-05-27",,,,,,
"US1ILCK0180","PARK RIDGE 0.5 SSW, IL US","2020-05-28",,,,,,
"US1ILCK0180","PARK RIDGE 0.5 SSW, IL US","2020-05-29",,,,,,
"US1ILCK0180","PARK RIDGE 0.5 SSW, IL US","2020-05-30",,,,,,
"US1ILCK0180","PARK RIDGE 0.5 SSW, IL US","2020-05-31",,,,,,
"US1ILCK0180","PARK RIDGE 0.5 SSW, IL US","2020-06-01",,,,,,
"US1ILCK0180","PARK RIDGE 0.5 SSW, IL US","2020-06-02",,,,,,
"US1ILCK0180","PARK RIDGE 0.5 SSW, IL US","2020-06-03",,,,,,
"US1ILCK0180","PARK RIDGE 0.5 SSW, IL US","2020-06-04",,,,,,
"US1ILCK0180","PARK RIDGE 0.5 SSW, IL US","2020-06-05",,,,,,
"US1ILCK0180","PARK RIDGE 0.5 SSW, IL US","2020-06-06",,,,,,
"US1ILCK0180","PARK RIDGE 0.5 SSW, IL US","2020-06-07",,,,,,
"US1ILCK0180","PARK RIDGE 0.5 SSW, IL US","2020-06-08",,,,,,
"US1ILCK0180","PARK RIDGE 0.5 SSW, IL US","2020-06-09",,,,,,
"US1ILCK0180","PARK RIDGE 0.5 SSW, IL US","2020-06-10",,,,,,
"US1ILCK0180","PARK RIDGE 0.5 SSW, IL US","2020-06-11",,,,,,
"US1ILCK0180","PARK RIDGE 0.5 SSW, IL US","2020-06-12",,,,,,
"US1ILCK0180","PARK RIDGE 0.5 SSW, IL US","2020-06-13",,,,,,
"US1ILCK0180","PARK RIDGE 0.5 SSW, IL US","2020-06-14",,,,,,
"US1ILCK0180","PARK RIDGE 0.5 SSW, IL US","2020-06-15",,,,,,
"US1ILCK0180","PARK RIDGE 0.5 SSW, IL US","2020-06-16",,,,,,
"US1ILCK0180","PARK RIDGE 0.5 SSW, IL US","2020-06-17",,,,,,
"US1ILCK0180","PARK RIDGE 0.5 SSW, IL US","2020-06-18",,,,,,
"US1ILCK0180","PARK RIDGE 0.5 SSW, IL US","2020-06-19",,,,,,
"US1ILCK0180","PARK RIDGE 0.5 SSW, IL US","2020-06-20",,,,,,
"US1ILCK0180","PARK RIDGE 0.5 SSW, IL US","2020-06-21",,,,,,
"US1ILCK0180","PARK RIDGE 0.5 SSW, IL US","2020-06-22",,,,,,
"US1ILCK0180","PARK RIDGE 0.5 SSW, IL US","2020-06-23",,,,,,
"US1ILCK0180","PARK RIDGE 0.5 SSW, IL US","2020-06-24",,,,,,
"US1ILCK0180","PARK RIDGE 0.5 SSW, IL US","2020-06-25",,,,,,
"US1ILCK0180","PARK RIDGE 0.5 SSW, IL US","2020-06-26",,,,,,
"US1ILCK0180","PARK RIDGE 0.5 SSW, IL US","2020-06-27",,,,,,
"US1ILCK0180","PARK RIDGE 0.5 SSW, IL US","2020-06-28",,,,,,
"US1ILCK0180","PARK RIDGE 0.5 SSW, IL US","2020-06-30",,,,,,
"US1ILCK0180","PARK RIDGE 0.5 SSW, IL US","2020-07-01",,,,,,
"US1ILCK0180","PARK RIDGE 0.5 SSW, IL US","2020-07-02",,,,,,
"US1ILCK0180","PARK RIDGE 0.5 SSW, IL US","2020-07-03",,,,,,
"US1ILCK0180","PARK RIDGE 0.5 SSW, IL US","2020-07-04",,,,,,
"US1ILCK0180","PARK RIDGE 0.5 SSW, IL US","2020-07-05",,,,,,
"US1ILCK0180","PARK RIDGE 0.5 SSW, IL US","2020-07-07",,,,,,
"US1ILCK0180","PARK RIDGE 0.5 SSW, IL US","2020-07-08",,,,,,
"US1ILCK0180","PARK RIDGE 0.5 SSW, IL US","2020-07-09",,,,,,
"US1ILCK0180","PARK RIDGE 0.5 SSW, IL US","2020-07-11",,,,,,
"US1ILCK0180","PARK RIDGE 0.5 SSW, IL US","2020-07-12",,,,,,
"US1ILCK0180","PARK RIDGE 0.5 SSW, IL US","2020-07-13",,,,,,
"US1ILCK0180","PARK RIDGE 0.5 SSW, IL US","2020-07-14",,,,,,
"US1ILCK0180","PARK RIDGE 0.5 SSW, IL US","2020-07-15",,,,,,
"US1ILCK0180","PARK RIDGE 0.5 SSW, IL US","2020-07-16",,,,,,
"US1ILCK0180","PARK RIDGE 0.5 SSW, IL US","2020-07-17",,,,,,
"US1ILCK0180","PARK RIDGE 0.5 SSW, IL US","2020-07-18",,,,,,
"US1ILCK0180","PARK RIDGE 0.5 SSW, IL US","2020-07-19",,,,,,
"US1ILCK0180","PARK RIDGE 0.5 SSW, IL US","2020-07-20",,,,,,
"US1ILCK0180","PARK RIDGE 0.5 SSW, IL US","2020-07-21",,,,,,
"US1ILCK0180","PARK RIDGE 0.5 SSW, IL US","2020-07-22",,,,,,
"US1ILCK0180","PARK RIDGE 0.5 SSW, IL US","2020-07-23",,,,,,
"US1ILCK0180","PARK RIDGE 0.5 SSW, IL US","2020-07-24",,,,,,
"US1ILCK0180","PARK RIDGE 0.5 SSW, IL US","2020-07-25",,,,,,
"US1ILCK0180","PARK RIDGE 0.5 SSW, IL US","2020-07-26",,,,,,
"US1ILCK0180","PARK RIDGE 0.5 SSW, IL US","2020-07-27",,,,,,
"US1ILCK0180","PARK RIDGE 0.5 SSW, IL US","2020-07-28",,,,,,
"US1ILCK0180","PARK RIDGE 0.5 SSW, IL US","2020-07-29",,,,,,
"US1ILCK0180","PARK RIDGE 0.5 SSW, IL US","2020-07-30",,,,,,
"US1ILCK0180","PARK RIDGE 0.5 SSW, IL US","2020-07-31",,,,,,
"US1ILCK0180","PARK RIDGE 0.5 SSW, IL US","2020-08-02",,,,,,
"US1ILCK0180","PARK RIDGE 0.5 SSW, IL US","2020-08-03",,,,,,
"US1ILCK0180","PARK RIDGE 0.5 SSW, IL US","2020-08-04",,,,,,
"US1ILCK0180","PARK RIDGE 0.5 SSW, IL US","2020-08-05",,,,,,
"US1ILCK0180","PARK RIDGE 0.5 SSW, IL US","2020-08-06",,,,,,
"US1ILCK0180","PARK RIDGE 0.5 SSW, IL US","2020-08-07",,,,,,
"US1ILCK0180","PARK RIDGE 0.5 SSW, IL US","2020-08-08",,,,,,
"US1ILCK0180","PARK RIDGE 0.5 SSW, IL US","2020-08-09",,,,,,
"US1ILCK0180","PARK RIDGE 0.5 SSW, IL US","2020-08-10",,,,,,
"US1ILCK0180","PARK RIDGE 0.5 SSW, IL US","2020-08-11",,,,,,
"US1ILCK0180","PARK RIDGE 0.5 SSW, IL US","2020-08-12",,,,,,
"US1ILCK0180","PARK RIDGE 0.5 SSW, IL US","2020-08-13",,,,,,
"US1ILCK0180","PARK RIDGE 0.5 SSW, IL US","2020-08-14",,,,,,
"US1ILCK0180","PARK RIDGE 0.5 SSW, IL US","2020-08-15",,,,,,
"US1ILCK0180","PARK RIDGE 0.5 SSW, IL US","2020-08-16",,,,,,
"US1ILCK0180","PARK RIDGE 0.5 SSW, IL US","2020-08-17",,,,,,
"US1ILCK0180","PARK RIDGE 0.5 SSW, IL US","2020-08-18",,,,,,
"US1ILCK0180","PARK RIDGE 0.5 SSW, IL US","2020-08-19",,,,,,
"US1ILCK0180","PARK RIDGE 0.5 SSW, IL US","2020-08-20",,,,,,
"US1ILCK0180","PARK RIDGE 0.5 SSW, IL US","2020-08-21",,,,,,
"US1ILCK0180","PARK RIDGE 0.5 SSW, IL US","2020-08-22",,,,,,
"US1ILCK0180","PARK RIDGE 0.5 SSW, IL US","2020-08-23",,,,,,
"US1ILCK0180","PARK RIDGE 0.5 SSW, IL US","2020-08-24",,,,,,
"US1ILCK0180","PARK RIDGE 0.5 SSW, IL US","2020-08-25",,,,,,
"US1ILCK0180","PARK RIDGE 0.5 SSW, IL US","2020-08-26",,,,,,
"US1ILCK0180","PARK RIDGE 0.5 SSW, IL US","2020-08-27",,,,,,
"US1ILCK0180","PARK RIDGE 0.5 SSW, IL US","2020-08-28",,,,,,
"US1ILCK0180","PARK RIDGE 0.5 SSW, IL US","2020-08-29",,,,,,
"US1ILCK0180","PARK RIDGE 0.5 SSW, IL US","2020-08-30",,,,,,
"US1ILCK0180","PARK RIDGE 0.5 SSW, IL US","2020-08-31",,,,,,
"US1ILCK0180","PARK RIDGE 0.5 SSW, IL US","2020-09-01",,,,,,
"US1ILCK0180","PARK RIDGE 0.5 SSW, IL US","2020-09-02",,,,,,
"US1ILCK0180","PARK RIDGE 0.5 SSW, IL US","2020-09-03",,,,,,
"US1ILCK0180","PARK RIDGE 0.5 SSW, IL US","2020-09-04",,,,,,
"US1ILCK0180","PARK RIDGE 0.5 SSW, IL US","2020-09-05",,,,,,
"US1ILCK0180","PARK RIDGE 0.5 SSW, IL US","2020-09-06",,,,,,
"US1ILCK0180","PARK RIDGE 0.5 SSW, IL US","2020-09-07",,,,,,
"US1ILCK0180","PARK RIDGE 0.5 SSW, IL US","2020-09-08",,,,,,
"US1ILWL0092","NAPERVILLE 4.0 SSW, IL US","2019-10-01",,,,,,
"US1ILWL0092","NAPERVILLE 4.0 SSW, IL US","2019-10-02",,,,,,
"US1ILWL0092","NAPERVILLE 4.0 SSW, IL US","2019-10-03",,,,,,
"US1ILWL0092","NAPERVILLE 4.0 SSW, IL US","2019-10-04",,,,,,
"US1ILWL0092","NAPERVILLE 4.0 SSW, IL US","2019-10-05",,,,,,
"US1ILWL0092","NAPERVILLE 4.0 SSW, IL US","2019-10-06",,,,,,
"US1ILWL0092","NAPERVILLE 4.0 SSW, IL US","2019-10-07",,,,,,
"US1ILWL0092","NAPERVILLE 4.0 SSW, IL US","2019-10-08",,,,,,
"US1ILWL0092","NAPERVILLE 4.0 SSW, IL US","2019-10-09",,,,,,
"US1ILWL0092","NAPERVILLE 4.0 SSW, IL US","2019-10-10",,,,,,
"US1ILWL0092","NAPERVILLE 4.0 SSW, IL US","2019-10-11",,,,,,
"US1ILWL0092","NAPERVILLE 4.0 SSW, IL US","2019-10-12",,,,,,
"US1ILWL0092","NAPERVILLE 4.0 SSW, IL US","2019-10-13",,,,,,
"US1ILWL0092","NAPERVILLE 4.0 SSW, IL US","2019-10-14",,,,,,
"US1ILWL0092","NAPERVILLE 4.0 SSW, IL US","2019-10-15",,,,,,
"US1ILWL0092","NAPERVILLE 4.0 SSW, IL US","2019-10-16",,,,,,
"US1ILWL0092","NAPERVILLE 4.0 SSW, IL US","2019-10-17",,,,,,
"US1ILWL0092","NAPERVILLE 4.0 SSW, IL US","2019-10-18",,,,,,
"US1ILWL0092","NAPERVILLE 4.0 SSW, IL US","2019-10-19",,,,,,
"US1ILWL0092","NAPERVILLE 4.0 SSW, IL US","2019-10-20",,,,,,
"US1ILWL0092","NAPERVILLE 4.0 SSW, IL US","2019-10-21",,,,,,
"US1ILWL0092","NAPERVILLE 4.0 SSW, IL US","2019-10-22",,,,,,
"US1ILWL0092","NAPERVILLE 4.0 SSW, IL US","2019-10-23",,,,,,
"US1ILWL0092","NAPERVILLE 4.0 SSW, IL US","2019-10-24",,,,,,
"US1ILWL0092","NAPERVILLE 4.0 SSW, IL US","2019-10-25",,,,,,
"US1ILWL0092","NAPERVILLE 4.0 SSW, IL US","2019-10-26",,,,,,
"US1ILWL0092","NAPERVILLE 4.0 SSW, IL US","2019-10-27",,,,,,
"US1ILWL0092","NAPERVILLE 4.0 SSW, IL US","2019-10-28",,,,,,
"US1ILWL0092","NAPERVILLE 4.0 SSW, IL US","2019-10-29",,,,,,
"US1ILWL0092","NAPERVILLE 4.0 SSW, IL US","2019-10-30",,,,,,
"US1ILWL0092","NAPERVILLE 4.0 SSW, IL US","2019-10-31",,,,,,
"US1ILWL0092","NAPERVILLE 4.0 SSW, IL US","2019-11-01",,,,,,
"US1ILWL0092","NAPERVILLE 4.0 SSW, IL US","2019-11-02",,,,,,
"US1ILWL0092","NAPERVILLE 4.0 SSW, IL US","2019-11-03",,,,,,
"US1ILWL0092","NAPERVILLE 4.0 SSW, IL US","2019-11-04",,,,,,
"US1ILWL0092","NAPERVILLE 4.0 SSW, IL US","2019-11-05",,,,,,
"US1ILWL0092","NAPERVILLE 4.0 SSW, IL US","2019-11-06",,,,,,
"US1ILWL0092","NAPERVILLE 4.0 SSW, IL US","2019-11-07",,,,,,
"US1ILWL0092","NAPERVILLE 4.0 SSW, IL US","2019-11-08",,,,,,
"US1ILWL0092","NAPERVILLE 4.0 SSW, IL US","2019-11-09",,,,,,
"US1ILWL0092","NAPERVILLE 4.0 SSW, IL US","2019-11-10",,,,,,
"US1ILWL0092","NAPERVILLE 4.0 SSW, IL US","2019-11-11",,,,,,
"US1ILWL0092","NAPERVILLE 4.0 SSW, IL US","2019-11-12",,,,,,
"US1ILWL0092","NAPERVILLE 4.0 SSW, IL US","2019-11-13",,,,,,
"US1ILWL0092","NAPERVILLE 4.0 SSW, IL US","2019-11-14",,,,,,
"US1ILWL0092","NAPERVILLE 4.0 SSW, IL US","2019-11-15",,,,,,
"US1ILWL0092","NAPERVILLE 4.0 SSW, IL US","2019-11-16",,,,,,
"US1ILWL0092","NAPERVILLE 4.0 SSW, IL US","2019-11-17",,,,,,
"US1ILWL0092","NAPERVILLE 4.0 SSW, IL US","2019-11-18",,,,,,
"US1ILWL0092","NAPERVILLE 4.0 SSW, IL US","2019-11-19",,,,,,
"US1ILWL0092","NAPERVILLE 4.0 SSW, IL US","2019-11-20",,,,,,
"US1ILWL0092","NAPERVILLE 4.0 SSW, IL US","2019-11-24",,,,,,
"US1ILWL0092","NAPERVILLE 4.0 SSW, IL US","2019-11-25",,,,,,
"US1ILWL0092","NAPERVILLE 4.0 SSW, IL US","2019-11-26",,,,,,
"US1ILWL0092","NAPERVILLE 4.0 SSW, IL US","2019-11-27",,,,,,
"US1ILWL0092","NAPERVILLE 4.0 SSW, IL US","2019-11-28",,,,,,
"US1ILWL0092","NAPERVILLE 4.0 SSW, IL US","2019-11-29",,,,,,
"US1ILWL0092","NAPERVILLE 4.0 SSW, IL US","2019-11-30",,,,,,
"US1ILWL0092","NAPERVILLE 4.0 SSW, IL US","2019-12-01",,,,,,
"US1ILWL0092","NAPERVILLE 4.0 SSW, IL US","2019-12-02",,,,,,
"US1ILWL0092","NAPERVILLE 4.0 SSW, IL US","2019-12-03",,,,,,
"US1ILWL0092","NAPERVILLE 4.0 SSW, IL US","2019-12-04",,,,,,
"US1ILWL0092","NAPERVILLE 4.0 SSW, IL US","2019-12-05",,,,,,
"US1ILWL0092","NAPERVILLE 4.0 SSW, IL US","2019-12-06",,,,,,
"US1ILWL0092","NAPERVILLE 4.0 SSW, IL US","2019-12-07",,,,,,
"US1ILWL0092","NAPERVILLE 4.0 SSW, IL US","2019-12-08",,,,,,
"US1ILWL0092","NAPERVILLE 4.0 SSW, IL US","2019-12-09",,,,,,
"US1ILWL0092","NAPERVILLE 4.0 SSW, IL US","2019-12-10",,,,,,
"US1ILWL0092","NAPERVILLE 4.0 SSW, IL US","2019-12-11",,,,,,
"US1ILWL0092","NAPERVILLE 4.0 SSW, IL US","2019-12-12",,,,,,
"US1ILWL0092","NAPERVILLE 4.0 SSW, IL US","2019-12-13",,,,,,
"US1ILWL0092","NAPERVILLE 4.0 SSW, IL US","2019-12-14",,,,,,
"US1ILWL0092","NAPERVILLE 4.0 SSW, IL US","2019-12-15",,,,,,
"US1ILWL0092","NAPERVILLE 4.0 SSW, IL US","2019-12-16",,,,,,
"US1ILWL0092","NAPERVILLE 4.0 SSW, IL US","2019-12-17",,,,,,
"US1ILWL0092","NAPERVILLE 4.0 SSW, IL US","2019-12-18",,,,,,
"US1ILWL0092","NAPERVILLE 4.0 SSW, IL US","2019-12-19",,,,,,
"US1ILWL0092","NAPERVILLE 4.0 SSW, IL US","2019-12-20",,,,,,
"US1ILWL0092","NAPERVILLE 4.0 SSW, IL US","2019-12-21",,,,,,
"US1ILWL0092","NAPERVILLE 4.0 SSW, IL US","2019-12-22",,,,,,
"US1ILWL0092","NAPERVILLE 4.0 SSW, IL US","2019-12-23",,,,,,
"US1ILWL0092","NAPERVILLE 4.0 SSW, IL US","2019-12-24",,,,,,
"US1ILWL0092","NAPERVILLE 4.0 SSW, IL US","2019-12-25",,,,,,
"US1ILWL0092","NAPERVILLE 4.0 SSW, IL US","2019-12-26",,,,,,
"US1ILWL0092","NAPERVILLE 4.0 SSW, IL US","2019-12-27",,,,,,
"US1ILWL0092","NAPERVILLE 4.0 SSW, IL US","2019-12-28",,,,,,
"US1ILWL0092","NAPERVILLE 4.0 SSW, IL US","2019-12-29",,,,,,
"US1ILWL0092","NAPERVILLE 4.0 SSW, IL US","2019-12-30",,,,,,
"US1ILWL0092","NAPERVILLE 4.0 SSW, IL US","2019-12-31",,,,,,
"US1ILWL0092","NAPERVILLE 4.0 SSW, IL US","2020-01-01",,,,,,
"US1ILWL0092","NAPERVILLE 4.0 SSW, IL US","2020-01-02",,,,,,
"US1ILWL0092","NAPERVILLE 4.0 SSW, IL US","2020-01-03",,,,,,
"US1ILWL0092","NAPERVILLE 4.0 SSW, IL US","2020-01-04",,,,,,
"US1ILWL0092","NAPERVILLE 4.0 SSW, IL US","2020-01-05",,,,,,
"US1ILWL0092","NAPERVILLE 4.0 SSW, IL US","2020-01-06",,,,,,
"US1ILWL0092","NAPERVILLE 4.0 SSW, IL US","2020-01-07",,,,,,
"US1ILWL0092","NAPERVILLE 4.0 SSW, IL US","2020-01-08",,,,,,
"US1ILWL0092","NAPERVILLE 4.0 SSW, IL US","2020-01-09",,,,,,
"US1ILWL0092","NAPERVILLE 4.0 SSW, IL US","2020-01-10",,,,,,
"US1ILWL0092","NAPERVILLE 4.0 SSW, IL US","2020-01-11",,,,,,
"US1ILWL0092","NAPERVILLE 4.0 SSW, IL US","2020-01-12",,,,,,
"US1ILWL0092","NAPERVILLE 4.0 SSW, IL US","2020-01-13",,,,,,
"US1ILWL0092","NAPERVILLE 4.0 SSW, IL US","2020-01-14",,,,,,
"US1ILWL0092","NAPERVILLE 4.0 SSW, IL US","2020-01-15",,,,,,
"US1ILWL0092","NAPERVILLE 4.0 SSW, IL US","2020-01-16",,,,,,
"US1ILWL0092","NAPERVILLE 4.0 SSW, IL US","2020-01-17",,,,,,
"US1ILWL0092","NAPERVILLE 4.0 SSW, IL US","2020-01-18",,,,,,
"US1ILWL0092","NAPERVILLE 4.0 SSW, IL US","2020-01-19",,,,,,
"US1ILWL0092","NAPERVILLE 4.0 SSW, IL US","2020-01-20",,,,,,
"US1ILWL0092","NAPERVILLE 4.0 SSW, IL US","2020-01-21",,,,,,
"US1ILWL0092","NAPERVILLE 4.0 SSW, IL US","2020-01-22",,,,,,
"US1ILWL0092","NAPERVILLE 4.0 SSW, IL US","2020-01-23",,,,,,
"US1ILWL0092","NAPERVILLE 4.0 SSW, IL US","2020-01-24",,,,,,
"US1ILWL0092","NAPERVILLE 4.0 SSW, IL US","2020-01-25",,,,,,
"US1ILWL0092","NAPERVILLE 4.0 SSW, IL US","2020-01-26",,,,,,
"US1ILWL0092","NAPERVILLE 4.0 SSW, IL US","2020-01-27",,,,,,
"US1ILWL0092","NAPERVILLE 4.0 SSW, IL US","2020-01-28",,,,,,
"US1ILWL0092","NAPERVILLE 4.0 SSW, IL US","2020-01-29",,,,,,
"US1ILWL0092","NAPERVILLE 4.0 SSW, IL US","2020-01-30",,,,,,
"US1ILWL0092","NAPERVILLE 4.0 SSW, IL US","2020-01-31",,,,,,
"US1ILWL0092","NAPERVILLE 4.0 SSW, IL US","2020-02-01",,,,,,
"US1ILWL0092","NAPERVILLE 4.0 SSW, IL US","2020-02-02",,,,,,
"US1ILWL0092","NAPERVILLE 4.0 SSW, IL US","2020-02-03",,,,,,
"US1ILWL0092","NAPERVILLE 4.0 SSW, IL US","2020-02-04",,,,,,
"US1ILWL0092","NAPERVILLE 4.0 SSW, IL US","2020-02-05",,,,,,
"US1ILWL0092","NAPERVILLE 4.0 SSW, IL US","2020-02-06",,,,,,
"US1ILWL0092","NAPERVILLE 4.0 SSW, IL US","2020-02-07",,,,,,
"US1ILWL0092","NAPERVILLE 4.0 SSW, IL US","2020-02-08",,,,,,
"US1ILWL0092","NAPERVILLE 4.0 SSW, IL US","2020-02-09",,,,,,
"US1ILWL0092","NAPERVILLE 4.0 SSW, IL US","2020-02-10",,,,,,
"US1ILWL0092","NAPERVILLE 4.0 SSW, IL US","2020-02-11",,,,,,
"US1ILWL0092","NAPERVILLE 4.0 SSW, IL US","2020-02-12",,,,,,
"US1ILWL0092","NAPERVILLE 4.0 SSW, IL US","2020-02-13",,,,,,
"US1ILWL0092","NAPERVILLE 4.0 SSW, IL US","2020-02-14",,,,,,
"US1ILWL0092","NAPERVILLE 4.0 SSW, IL US","2020-02-15",,,,,,
"US1ILWL0092","NAPERVILLE 4.0 SSW, IL US","2020-02-16",,,,,,
"US1ILWL0092","NAPERVILLE 4.0 SSW, IL US","2020-02-17",,,,,,
"US1ILWL0092","NAPERVILLE 4.0 SSW, IL US","2020-02-18",,,,,,
"US1ILWL0092","NAPERVILLE 4.0 SSW, IL US","2020-02-19",,,,,,
"US1ILWL0092","NAPERVILLE 4.0 SSW, IL US","2020-02-20",,,,,,
"US1ILWL0092","NAPERVILLE 4.0 SSW, IL US","2020-02-21",,,,,,
"US1ILWL0092","NAPERVILLE 4.0 SSW, IL US","2020-02-22",,,,,,
"US1ILWL0092","NAPERVILLE 4.0 SSW, IL US","2020-02-23",,,,,,
"US1ILWL0092","NAPERVILLE 4.0 SSW, IL US","2020-02-24",,,,,,
"US1ILWL0092","NAPERVILLE 4.0 SSW, IL US","2020-02-25",,,,,,
"US1ILWL0092","NAPERVILLE 4.0 SSW, IL US","2020-02-26",,,,,,
"US1ILWL0092","NAPERVILLE 4.0 SSW, IL US","2020-02-27",,,,,,
"US1ILWL0092","NAPERVILLE 4.0 SSW, IL US","2020-02-28",,,,,,
"US1ILWL0092","NAPERVILLE 4.0 SSW, IL US","2020-02-29",,,,,,
"US1ILWL0092","NAPERVILLE 4.0 SSW, IL US","2020-03-01",,,,,,
"US1ILWL0092","NAPERVILLE 4.0 SSW, IL US","2020-03-02",,,,,,
"US1ILWL0092","NAPERVILLE 4.0 SSW, IL US","2020-03-03",,,,,,
"US1ILWL0092","NAPERVILLE 4.0 SSW, IL US","2020-03-04",,,,,,
"US1ILWL0092","NAPERVILLE 4.0 SSW, IL US","2020-03-05",,,,,,
"US1ILWL0092","NAPERVILLE 4.0 SSW, IL US","2020-03-06",,,,,,
"US1ILWL0092","NAPERVILLE 4.0 SSW, IL US","2020-03-07",,,,,,
"US1ILWL0092","NAPERVILLE 4.0 SSW, IL US","2020-03-08",,,,,,
"US1ILWL0092","NAPERVILLE 4.0 SSW, IL US","2020-03-09",,,,,,
"US1ILWL0092","NAPERVILLE 4.0 SSW, IL US","2020-03-10",,,,,,
"US1ILWL0092","NAPERVILLE 4.0 SSW, IL US","2020-03-11",,,,,,
"US1ILWL0092","NAPERVILLE 4.0 SSW, IL US","2020-03-12",,,,,,
"US1ILWL0092","NAPERVILLE 4.0 SSW, IL US","2020-03-13",,,,,,
"US1ILWL0092","NAPERVILLE 4.0 SSW, IL US","2020-03-14",,,,,,
"US1ILWL0092","NAPERVILLE 4.0 SSW, IL US","2020-03-15",,,,,,
"US1ILWL0092","NAPERVILLE 4.0 SSW, IL US","2020-03-16",,,,,,
"US1ILWL0092","NAPERVILLE 4.0 SSW, IL US","2020-03-17",,,,,,
"US1ILWL0092","NAPERVILLE 4.0 SSW, IL US","2020-03-18",,,,,,
"US1ILWL0092","NAPERVILLE 4.0 SSW, IL US","2020-03-19",,,,,,
"US1ILWL0092","NAPERVILLE 4.0 SSW, IL US","2020-03-20",,,,,,
"US1ILWL0092","NAPERVILLE 4.0 SSW, IL US","2020-03-21",,,,,,
"US1ILWL0092","NAPERVILLE 4.0 SSW, IL US","2020-03-22",,,,,,
"US1ILWL0092","NAPERVILLE 4.0 SSW, IL US","2020-03-23",,,,,,
"US1ILWL0092","NAPERVILLE 4.0 SSW, IL US","2020-03-24",,,,,,
"US1ILWL0092","NAPERVILLE 4.0 SSW, IL US","2020-03-25",,,,,,
"US1ILWL0092","NAPERVILLE 4.0 SSW, IL US","2020-03-26",,,,,,
"US1ILWL0092","NAPERVILLE 4.0 SSW, IL US","2020-03-27",,,,,,
"US1ILWL0092","NAPERVILLE 4.0 SSW, IL US","2020-03-28",,,,,,
"US1ILWL0092","NAPERVILLE 4.0 SSW, IL US","2020-03-29",,,,,,
"US1ILWL0092","NAPERVILLE 4.0 SSW, IL US","2020-03-30",,,,,,
"US1ILWL0092","NAPERVILLE 4.0 SSW, IL US","2020-03-31",,,,,,
"US1ILWL0092","NAPERVILLE 4.0 SSW, IL US","2020-04-01",,,,,,
"US1ILWL0092","NAPERVILLE 4.0 SSW, IL US","2020-04-02",,,,,,
"US1ILWL0092","NAPERVILLE 4.0 SSW, IL US","2020-04-03",,,,,,
"US1ILWL0092","NAPERVILLE 4.0 SSW, IL US","2020-04-04",,,,,,
"US1ILWL0092","NAPERVILLE 4.0 SSW, IL US","2020-04-05",,,,,,
"US1ILWL0092","NAPERVILLE 4.0 SSW, IL US","2020-04-06",,,,,,
"US1ILWL0092","NAPERVILLE 4.0 SSW, IL US","2020-04-07",,,,,,
"US1ILWL0092","NAPERVILLE 4.0 SSW, IL US","2020-04-08",,,,,,
"US1ILWL0092","NAPERVILLE 4.0 SSW, IL US","2020-04-09",,,,,,
"US1ILWL0092","NAPERVILLE 4.0 SSW, IL US","2020-04-10",,,,,,
"US1ILWL0092","NAPERVILLE 4.0 SSW, IL US","2020-04-11",,,,,,
"US1ILWL0092","NAPERVILLE 4.0 SSW, IL US","2020-04-12",,,,,,
"US1ILWL0092","NAPERVILLE 4.0 SSW, IL US","2020-04-13",,,,,,
"US1ILWL0092","NAPERVILLE 4.0 SSW, IL US","2020-04-14",,,,,,
"US1ILWL0092","NAPERVILLE 4.0 SSW, IL US","2020-04-15",,,,,,
"US1ILWL0092","NAPERVILLE 4.0 SSW, IL US","2020-04-16",,,,,,
"US1ILWL0092","NAPERVILLE 4.0 SSW, IL US","2020-04-17",,,,,,
"US1ILWL0092","NAPERVILLE 4.0 SSW, IL US","2020-04-18",,,,,,
"US1ILWL0092","NAPERVILLE 4.0 SSW, IL US","2020-04-19",,,,,,
"US1ILWL0092","NAPERVILLE 4.0 SSW, IL US","2020-04-20",,,,,,
"US1ILWL0092","NAPERVILLE 4.0 SSW, IL US","2020-04-21",,,,,,
"US1ILWL0092","NAPERVILLE 4.0 SSW, IL US","2020-04-22",,,,,,
"US1ILWL0092","NAPERVILLE 4.0 SSW, IL US","2020-04-23",,,,,,
"US1ILWL0092","NAPERVILLE 4.0 SSW, IL US","2020-04-24",,,,,,
"US1ILWL0092","NAPERVILLE 4.0 SSW, IL US","2020-04-25",,,,,,
"US1ILWL0092","NAPERVILLE 4.0 SSW, IL US","2020-04-26",,,,,,
"US1ILWL0092","NAPERVILLE 4.0 SSW, IL US","2020-04-27",,,,,,
"US1ILWL0092","NAPERVILLE 4.0 SSW, IL US","2020-04-28",,,,,,
"US1ILWL0092","NAPERVILLE 4.0 SSW, IL US","2020-04-29",,,,,,
"US1ILWL0092","NAPERVILLE 4.0 SSW, IL US","2020-04-30",,,,,,
"US1ILWL0092","NAPERVILLE 4.0 SSW, IL US","2020-05-01",,,,,,
"US1ILWL0092","NAPERVILLE 4.0 SSW, IL US","2020-05-02",,,,,,
"US1ILWL0092","NAPERVILLE 4.0 SSW, IL US","2020-05-03",,,,,,
"US1ILWL0092","NAPERVILLE 4.0 SSW, IL US","2020-05-04",,,,,,
"US1ILWL0092","NAPERVILLE 4.0 SSW, IL US","2020-05-05",,,,,,
"US1ILWL0092","NAPERVILLE 4.0 SSW, IL US","2020-05-06",,,,,,
"US1ILWL0092","NAPERVILLE 4.0 SSW, IL US","2020-05-07",,,,,,
"US1ILWL0092","NAPERVILLE 4.0 SSW, IL US","2020-05-08",,,,,,
"US1ILWL0092","NAPERVILLE 4.0 SSW, IL US","2020-05-09",,,,,,
"US1ILWL0092","NAPERVILLE 4.0 SSW, IL US","2020-05-10",,,,,,
"US1ILWL0092","NAPERVILLE 4.0 SSW, IL US","2020-05-11",,,,,,
"US1ILWL0092","NAPERVILLE 4.0 SSW, IL US","2020-05-12",,,,,,
"US1ILWL0092","NAPERVILLE 4.0 SSW, IL US","2020-05-13",,,,,,
"US1ILWL0092","NAPERVILLE 4.0 SSW, IL US","2020-05-14",,,,,,
"US1ILWL0092","NAPERVILLE 4.0 SSW, IL US","2020-05-15",,,,,,
"US1ILWL0092","NAPERVILLE 4.0 SSW, IL US","2020-05-16",,,,,,
"US1ILWL0092","NAPERVILLE 4.0 SSW, IL US","2020-05-17",,,,,,
"US1ILWL0092","NAPERVILLE 4.0 SSW, IL US","2020-05-18",,,,,,
"US1ILWL0092","NAPERVILLE 4.0 SSW, IL US","2020-05-19",,,,,,
"US1ILWL0092","NAPERVILLE 4.0 SSW, IL US","2020-05-20",,,,,,
"US1ILWL0092","NAPERVILLE 4.0 SSW, IL US","2020-05-21",,,,,,
"US1ILWL0092","NAPERVILLE 4.0 SSW, IL US","2020-05-22",,,,,,
"US1ILWL0092","NAPERVILLE 4.0 SSW, IL US","2020-05-23",,,,,,
"US1ILWL0092","NAPERVILLE 4.0 SSW, IL US","2020-05-24",,,,,,
"US1ILWL0092","NAPERVILLE 4.0 SSW, IL US","2020-05-25",,,,,,
"US1ILWL0092","NAPERVILLE 4.0 SSW, IL US","2020-05-26",,,,,,
"US1ILWL0092","NAPERVILLE 4.0 SSW, IL US","2020-05-27",,,,,,
"US1ILWL0092","NAPERVILLE 4.0 SSW, IL US","2020-05-28",,,,,,
"US1ILWL0092","NAPERVILLE 4.0 SSW, IL US","2020-05-29",,,,,,
"US1ILWL0092","NAPERVILLE 4.0 SSW, IL US","2020-05-30",,,,,,
"US1ILWL0092","NAPERVILLE 4.0 SSW, IL US","2020-05-31",,,,,,
"US1ILWL0092","NAPERVILLE 4.0 SSW, IL US","2020-06-01",,,,,,
"US1ILWL0092","NAPERVILLE 4.0 SSW, IL US","2020-06-02",,,,,,
"US1ILWL0092","NAPERVILLE 4.0 SSW, IL US","2020-06-03",,,,,,
"US1ILWL0092","NAPERVILLE 4.0 SSW, IL US","2020-06-04",,,,,,
"US1ILWL0092","NAPERVILLE 4.0 SSW, IL US","2020-06-05",,,,,,
"US1ILWL0092","NAPERVILLE 4.0 SSW, IL US","2020-06-06",,,,,,
"US1ILWL0092","NAPERVILLE 4.0 SSW, IL US","2020-06-07",,,,,,
"US1ILWL0092","NAPERVILLE 4.0 SSW, IL US","2020-06-08",,,,,,
"US1ILWL0092","NAPERVILLE 4.0 SSW, IL US","2020-06-09",,,,,,
"US1ILWL0092","NAPERVILLE 4.0 SSW, IL US","2020-06-10",,,,,,
"US1ILWL0092","NAPERVILLE 4.0 SSW, IL US","2020-06-11",,,,,,
"US1ILWL0092","NAPERVILLE 4.0 SSW, IL US","2020-06-12",,,,,,
"US1ILWL0092","NAPERVILLE 4.0 SSW, IL US","2020-06-13",,,,,,
"US1ILWL0092","NAPERVILLE 4.0 SSW, IL US","2020-06-14",,,,,,
"US1ILWL0092","NAPERVILLE 4.0 SSW, IL US","2020-06-15",,,,,,
"US1ILWL0092","NAPERVILLE 4.0 SSW, IL US","2020-06-16",,,,,,
"US1ILWL0092","NAPERVILLE 4.0 SSW, IL US","2020-06-17",,,,,,
"US1ILWL0092","NAPERVILLE 4.0 SSW, IL US","2020-06-18",,,,,,
"US1ILWL0092","NAPERVILLE 4.0 SSW, IL US","2020-06-19",,,,,,
"US1ILWL0092","NAPERVILLE 4.0 SSW, IL US","2020-06-20",,,,,,
"US1ILWL0092","NAPERVILLE 4.0 SSW, IL US","2020-06-21",,,,,,
"US1ILWL0092","NAPERVILLE 4.0 SSW, IL US","2020-06-22",,,,,,
"US1ILWL0092","NAPERVILLE 4.0 SSW, IL US","2020-06-23",,,,,,
"US1ILWL0092","NAPERVILLE 4.0 SSW, IL US","2020-06-24",,,,,,
"US1ILWL0092","NAPERVILLE 4.0 SSW, IL US","2020-06-25",,,,,,
"US1ILWL0092","NAPERVILLE 4.0 SSW, IL US","2020-06-26",,,,,,
"US1ILWL0092","NAPERVILLE 4.0 SSW, IL US","2020-06-27",,,,,,
"US1ILWL0092","NAPERVILLE 4.0 SSW, IL US","2020-06-28",,,,,,
"US1ILWL0092","NAPERVILLE 4.0 SSW, IL US","2020-06-29",,,,,,
"US1ILWL0092","NAPERVILLE 4.0 SSW, IL US","2020-06-30",,,,,,
"US1ILWL0092","NAPERVILLE 4.0 SSW, IL US","2020-07-01",,,,,,
"US1ILWL0092","NAPERVILLE 4.0 SSW, IL US","2020-07-02",,,,,,
"US1ILWL0092","NAPERVILLE 4.0 SSW, IL US","2020-07-03",,,,,,
"US1ILWL0092","NAPERVILLE 4.0 SSW, IL US","2020-07-04",,,,,,
"US1ILWL0092","NAPERVILLE 4.0 SSW, IL US","2020-07-05",,,,,,
"US1ILWL0092","NAPERVILLE 4.0 SSW, IL US","2020-07-06",,,,,,
"US1ILWL0092","NAPERVILLE 4.0 SSW, IL US","2020-07-07",,,,,,
"US1ILWL0092","NAPERVILLE 4.0 SSW, IL US","2020-07-08",,,,,,
"US1ILWL0092","NAPERVILLE 4.0 SSW, IL US","2020-07-09",,,,,,
"US1ILWL0092","NAPERVILLE 4.0 SSW, IL US","2020-07-10",,,,,,
"US1ILWL0092","NAPERVILLE 4.0 SSW, IL US","2020-07-11",,,,,,
"US1ILWL0092","NAPERVILLE 4.0 SSW, IL US","2020-07-12",,,,,,
"US1ILWL0092","NAPERVILLE 4.0 SSW, IL US","2020-07-13",,,,,,
"US1ILWL0092","NAPERVILLE 4.0 SSW, IL US","2020-07-14",,,,,,
"US1ILWL0092","NAPERVILLE 4.0 SSW, IL US","2020-07-15",,,,,,
"US1ILWL0092","NAPERVILLE 4.0 SSW, IL US","2020-07-16",,,,,,
"US1ILWL0092","NAPERVILLE 4.0 SSW, IL US","2020-07-17",,,,,,
"US1ILWL0092","NAPERVILLE 4.0 SSW, IL US","2020-07-18",,,,,,
"US1ILWL0092","NAPERVILLE 4.0 SSW, IL US","2020-07-19",,,,,,
"US1ILWL0092","NAPERVILLE 4.0 SSW, IL US","2020-07-20",,,,,,
"US1ILWL0092","NAPERVILLE 4.0 SSW, IL US","2020-07-21",,,,,,
"US1ILWL0092","NAPERVILLE 4.0 SSW, IL US","2020-07-22",,,,,,
"US1ILWL0092","NAPERVILLE 4.0 SSW, IL US","2020-07-23",,,,,,
"US1ILWL0092","NAPERVILLE 4.0 SSW, IL US","2020-07-24",,,,,,
"US1ILWL0092","NAPERVILLE 4.0 SSW, IL US","2020-07-25",,,,,,
"US1ILWL0092","NAPERVILLE 4.0 SSW, IL US","2020-07-26",,,,,,
"US1ILWL0092","NAPERVILLE 4.0 SSW, IL US","2020-07-27",,,,,,
"US1ILWL0092","NAPERVILLE 4.0 SSW, IL US","2020-07-28",,,,,,
"US1ILWL0092","NAPERVILLE 4.0 SSW, IL US","2020-07-29",,,,,,
"US1ILWL0092","NAPERVILLE 4.0 SSW, IL US","2020-07-30",,,,,,
"US1ILWL0092","NAPERVILLE 4.0 SSW, IL US","2020-07-31",,,,,,
"US1ILWL0092","NAPERVILLE 4.0 SSW, IL US","2020-08-01",,,,,,
"US1ILWL0092","NAPERVILLE 4.0 SSW, IL US","2020-08-02",,,,,,
"US1ILWL0092","NAPERVILLE 4.0 SSW, IL US","2020-08-03",,,,,,
"US1ILWL0092","NAPERVILLE 4.0 SSW, IL US","2020-08-07",,,,,,
"US1ILWL0092","NAPERVILLE 4.0 SSW, IL US","2020-08-08",,,,,,
"US1ILWL0092","NAPERVILLE 4.0 SSW, IL US","2020-08-09",,,,,,
"US1ILWL0092","NAPERVILLE 4.0 SSW, IL US","2020-08-10",,,,,,
"US1ILWL0092","NAPERVILLE 4.0 SSW, IL US","2020-08-11",,,,,,
"US1ILWL0092","NAPERVILLE 4.0 SSW, IL US","2020-08-12",,,,,,
"US1ILWL0092","NAPERVILLE 4.0 SSW, IL US","2020-08-13",,,,,,
"US1ILWL0092","NAPERVILLE 4.0 SSW, IL US","2020-08-14",,,,,,
"US1ILWL0092","NAPERVILLE 4.0 SSW, IL US","2020-08-15",,,,,,
"US1ILWL0092","NAPERVILLE 4.0 SSW, IL US","2020-08-16",,,,,,
"US1ILWL0092","NAPERVILLE 4.0 SSW, IL US","2020-08-17",,,,,,
"US1ILWL0092","NAPERVILLE 4.0 SSW, IL US","2020-08-18",,,,,,
"US1ILWL0092","NAPERVILLE 4.0 SSW, IL US","2020-08-19",,,,,,
"US1ILWL0092","NAPERVILLE 4.0 SSW, IL US","2020-08-20",,,,,,
"US1ILWL0092","NAPERVILLE 4.0 SSW, IL US","2020-08-21",,,,,,
"US1ILWL0092","NAPERVILLE 4.0 SSW, IL US","2020-08-22",,,,,,
"US1ILWL0092","NAPERVILLE 4.0 SSW, IL US","2020-08-23",,,,,,
"US1ILWL0092","NAPERVILLE 4.0 SSW, IL US","2020-08-24",,,,,,
"US1ILWL0092","NAPERVILLE 4.0 SSW, IL US","2020-08-25",,,,,,
"US1ILWL0092","NAPERVILLE 4.0 SSW, IL US","2020-08-26",,,,,,
"US1ILWL0092","NAPERVILLE 4.0 SSW, IL US","2020-08-27",,,,,,
"US1ILWL0092","NAPERVILLE 4.0 SSW, IL US","2020-08-28",,,,,,
"US1ILWL0092","NAPERVILLE 4.0 SSW, IL US","2020-08-29",,,,,,
"US1ILWL0092","NAPERVILLE 4.0 SSW, IL US","2020-08-30",,,,,,
"US1ILWL0092","NAPERVILLE 4.0 SSW, IL US","2020-08-31",,,,,,
"US1ILWL0092","NAPERVILLE 4.0 SSW, IL US","2020-09-01",,,,,,
"US1ILWL0092","NAPERVILLE 4.0 SSW, IL US","2020-09-02",,,,,,
"US1ILWL0092","NAPERVILLE 4.0 SSW, IL US","2020-09-03",,,,,,
"US1ILWL0092","NAPERVILLE 4.0 SSW, IL US","2020-09-04",,,,,,
"US1ILWL0092","NAPERVILLE 4.0 SSW, IL US","2020-09-05",,,,,,
"US1ILWL0092","NAPERVILLE 4.0 SSW, IL US","2020-09-06",,,,,,
"US1ILWL0092","NAPERVILLE 4.0 SSW, IL US","2020-09-07",,,,,,
"US1ILWL0092","NAPERVILLE 4.0 SSW, IL US","2020-09-08",,,,,,
"US1ILCK0061","OAK PARK 1.0 SW, IL US","2019-10-01",,,,,,
"US1ILCK0061","OAK PARK 1.0 SW, IL US","2019-10-02",,,,,,
"US1ILCK0061","OAK PARK 1.0 SW, IL US","2019-10-03",,,,,,
"US1ILCK0061","OAK PARK 1.0 SW, IL US","2019-10-04",,,,,,
"US1ILCK0061","OAK PARK 1.0 SW, IL US","2019-10-05",,,,,,
"US1ILCK0061","OAK PARK 1.0 SW, IL US","2019-10-06",,,,,,
"US1ILCK0061","OAK PARK 1.0 SW, IL US","2019-10-07",,,,,,
"US1ILCK0061","OAK PARK 1.0 SW, IL US","2019-10-08",,,,,,
"US1ILCK0061","OAK PARK 1.0 SW, IL US","2019-10-09",,,,,,
"US1ILCK0061","OAK PARK 1.0 SW, IL US","2019-10-10",,,,,,
"US1ILCK0061","OAK PARK 1.0 SW, IL US","2019-10-11",,,,,,
"US1ILCK0061","OAK PARK 1.0 SW, IL US","2019-10-12",,,,,,
"US1ILCK0061","OAK PARK 1.0 SW, IL US","2019-10-13",,,,,,
"US1ILCK0061","OAK PARK 1.0 SW, IL US","2019-10-14",,,,,,
"US1ILCK0061","OAK PARK 1.0 SW, IL US","2019-10-15",,,,,,
"US1ILCK0061","OAK PARK 1.0 SW, IL US","2019-10-16",,,,,,
"US1ILCK0061","OAK PARK 1.0 SW, IL US","2019-10-17",,,,,,
"US1ILCK0061","OAK PARK 1.0 SW, IL US","2019-10-18",,,,,,
"US1ILCK0061","OAK PARK 1.0 SW, IL US","2019-10-19",,,,,,
"US1ILCK0061","OAK PARK 1.0 SW, IL US","2019-10-20",,,,,,
"US1ILCK0061","OAK PARK 1.0 SW, IL US","2019-10-21",,,,,,
"US1ILCK0061","OAK PARK 1.0 SW, IL US","2019-10-22",,,,,,
"US1ILCK0061","OAK PARK 1.0 SW, IL US","2019-10-23",,,,,,
"US1ILCK0061","OAK PARK 1.0 SW, IL US","2019-10-24",,,,,,
"US1ILCK0061","OAK PARK 1.0 SW, IL US","2019-10-25",,,,,,
"US1ILCK0061","OAK PARK 1.0 SW, IL US","2019-10-27",,,,,,
"US1ILCK0061","OAK PARK 1.0 SW, IL US","2019-10-28",,,,,,
"US1ILCK0061","OAK PARK 1.0 SW, IL US","2019-10-29",,,,,,
"US1ILCK0061","OAK PARK 1.0 SW, IL US","2019-10-31",,,,,,
"US1ILCK0061","OAK PARK 1.0 SW, IL US","2019-11-03",,,,,,
"US1ILCK0061","OAK PARK 1.0 SW, IL US","2019-11-04",,,,,,
"US1ILCK0061","OAK PARK 1.0 SW, IL US","2019-11-05",,,,,,
"US1ILCK0061","OAK PARK 1.0 SW, IL US","2019-11-06",,,,,,
"US1ILCK0061","OAK PARK 1.0 SW, IL US","2019-11-18",,,,,,
"US1ILCK0061","OAK PARK 1.0 SW, IL US","2019-11-19",,,,,,
"US1ILCK0061","OAK PARK 1.0 SW, IL US","2019-11-20",,,,,,
"US1ILCK0061","OAK PARK 1.0 SW, IL US","2019-11-21",,,,,,
"US1ILCK0061","OAK PARK 1.0 SW, IL US","2019-11-22",,,,,,
"US1ILCK0061","OAK PARK 1.0 SW, IL US","2019-11-23",,,,,,
"US1ILCK0061","OAK PARK 1.0 SW, IL US","2019-11-24",,,,,,
"US1ILCK0061","OAK PARK 1.0 SW, IL US","2019-11-25",,,,,,
"US1ILCK0061","OAK PARK 1.0 SW, IL US","2019-11-26",,,,,,
"US1ILCK0061","OAK PARK 1.0 SW, IL US","2019-11-27",,,,,,
"US1ILCK0061","OAK PARK 1.0 SW, IL US","2019-12-01",,,,,,
"US1ILCK0061","OAK PARK 1.0 SW, IL US","2019-12-02",,,,,,
"US1ILCK0061","OAK PARK 1.0 SW, IL US","2019-12-03",,,,,,
"US1ILCK0061","OAK PARK 1.0 SW, IL US","2019-12-04",,,,,,
"US1ILCK0061","OAK PARK 1.0 SW, IL US","2019-12-05",,,,,,
"US1ILCK0061","OAK PARK 1.0 SW, IL US","2019-12-06",,,,,,
"US1ILCK0061","OAK PARK 1.0 SW, IL US","2019-12-07",,,,,,
"US1ILCK0061","OAK PARK 1.0 SW, IL US","2019-12-08",,,,,,
"US1ILCK0061","OAK PARK 1.0 SW, IL US","2019-12-09",,,,,,
"US1ILCK0061","OAK PARK 1.0 SW, IL US","2019-12-10",,,,,,
"US1ILCK0061","OAK PARK 1.0 SW, IL US","2019-12-11",,,,,,
"US1ILCK0061","OAK PARK 1.0 SW, IL US","2019-12-12",,,,,,
"US1ILCK0061","OAK PARK 1.0 SW, IL US","2019-12-13",,,,,,
"US1ILCK0061","OAK PARK 1.0 SW, IL US","2019-12-14",,,,,,
"US1ILCK0061","OAK PARK 1.0 SW, IL US","2019-12-15",,,,,,
"US1ILCK0061","OAK PARK 1.0 SW, IL US","2019-12-16",,,,,,
"US1ILCK0061","OAK PARK 1.0 SW, IL US","2019-12-17",,,,,,
"US1ILCK0061","OAK PARK 1.0 SW, IL US","2019-12-18",,,,,,
"US1ILCK0061","OAK PARK 1.0 SW, IL US","2019-12-19",,,,,,
"US1ILCK0061","OAK PARK 1.0 SW, IL US","2019-12-20",,,,,,
"US1ILCK0061","OAK PARK 1.0 SW, IL US","2019-12-21",,,,,,
"US1ILCK0061","OAK PARK 1.0 SW, IL US","2019-12-22",,,,,,
"US1ILCK0061","OAK PARK 1.0 SW, IL US","2019-12-23",,,,,,
"US1ILCK0061","OAK PARK 1.0 SW, IL US","2019-12-24",,,,,,
"US1ILCK0061","OAK PARK 1.0 SW, IL US","2019-12-25",,,,,,
"US1ILCK0061","OAK PARK 1.0 SW, IL US","2019-12-26",,,,,,
"US1ILCK0061","OAK PARK 1.0 SW, IL US","2019-12-27",,,,,,
"US1ILCK0061","OAK PARK 1.0 SW, IL US","2019-12-28",,,,,,
"US1ILCK0061","OAK PARK 1.0 SW, IL US","2019-12-29",,,,,,
"US1ILCK0061","OAK PARK 1.0 SW, IL US","2019-12-30",,,,,,
"US1ILCK0061","OAK PARK 1.0 SW, IL US","2019-12-31",,,,,,
"US1ILCK0061","OAK PARK 1.0 SW, IL US","2020-01-01",,,,,,
"US1ILCK0061","OAK PARK 1.0 SW, IL US","2020-01-02",,,,,,
"US1ILCK0061","OAK PARK 1.0 SW, IL US","2020-01-03",,,,,,
"US1ILCK0061","OAK PARK 1.0 SW, IL US","2020-01-05",,,,,,
"US1ILCK0061","OAK PARK 1.0 SW, IL US","2020-01-06",,,,,,
"US1ILCK0061","OAK PARK 1.0 SW, IL US","2020-01-07",,,,,,
"US1ILCK0061","OAK PARK 1.0 SW, IL US","2020-01-08",,,,,,
"US1ILCK0061","OAK PARK 1.0 SW, IL US","2020-01-11",,,,,,
"US1ILCK0061","OAK PARK 1.0 SW, IL US","2020-01-12",,,,,,
"US1ILCK0061","OAK PARK 1.0 SW, IL US","2020-01-13",,,,,,
"US1ILCK0061","OAK PARK 1.0 SW, IL US","2020-01-14",,,,,,
"US1ILCK0061","OAK PARK 1.0 SW, IL US","2020-01-15",,,,,,
"US1ILCK0061","OAK PARK 1.0 SW, IL US","2020-01-16",,,,,,
"US1ILCK0061","OAK PARK 1.0 SW, IL US","2020-01-17",,,,,,
"US1ILCK0061","OAK PARK 1.0 SW, IL US","2020-01-18",,,,,,
"US1ILCK0061","OAK PARK 1.0 SW, IL US","2020-01-19",,,,,,
"US1ILCK0061","OAK PARK 1.0 SW, IL US","2020-01-20",,,,,,
"US1ILCK0061","OAK PARK 1.0 SW, IL US","2020-01-21",,,,,,
"US1ILCK0061","OAK PARK 1.0 SW, IL US","2020-01-22",,,,,,
"US1ILCK0061","OAK PARK 1.0 SW, IL US","2020-01-23",,,,,,
"US1ILCK0061","OAK PARK 1.0 SW, IL US","2020-01-24",,,,,,
"US1ILCK0061","OAK PARK 1.0 SW, IL US","2020-01-25",,,,,,
"US1ILCK0061","OAK PARK 1.0 SW, IL US","2020-01-26",,,,,,
"US1ILCK0061","OAK PARK 1.0 SW, IL US","2020-01-27",,,,,,
"US1ILCK0061","OAK PARK 1.0 SW, IL US","2020-01-28",,,,,,
"US1ILCK0061","OAK PARK 1.0 SW, IL US","2020-01-29",,,,,,
"US1ILCK0061","OAK PARK 1.0 SW, IL US","2020-01-30",,,,,,
"US1ILCK0061","OAK PARK 1.0 SW, IL US","2020-01-31",,,,,,
"US1ILCK0061","OAK PARK 1.0 SW, IL US","2020-02-01",,,,,,
"US1ILCK0061","OAK PARK 1.0 SW, IL US","2020-02-02",,,,,,
"US1ILCK0061","OAK PARK 1.0 SW, IL US","2020-02-03",,,,,,
"US1ILCK0061","OAK PARK 1.0 SW, IL US","2020-02-04",,,,,,
"US1ILCK0061","OAK PARK 1.0 SW, IL US","2020-02-05",,,,,,
"US1ILCK0061","OAK PARK 1.0 SW, IL US","2020-02-06",,,,,,
"US1ILCK0061","OAK PARK 1.0 SW, IL US","2020-02-07",,,,,,
"US1ILCK0061","OAK PARK 1.0 SW, IL US","2020-02-08",,,,,,
"US1ILCK0061","OAK PARK 1.0 SW, IL US","2020-02-09",,,,,,
"US1ILCK0061","OAK PARK 1.0 SW, IL US","2020-02-10",,,,,,
"US1ILCK0061","OAK PARK 1.0 SW, IL US","2020-02-11",,,,,,
"US1ILCK0061","OAK PARK 1.0 SW, IL US","2020-02-12",,,,,,
"US1ILCK0061","OAK PARK 1.0 SW, IL US","2020-02-13",,,,,,
"US1ILCK0061","OAK PARK 1.0 SW, IL US","2020-02-14",,,,,,
"US1ILCK0061","OAK PARK 1.0 SW, IL US","2020-02-20",,,,,,
"US1ILCK0061","OAK PARK 1.0 SW, IL US","2020-02-22",,,,,,
"US1ILCK0061","OAK PARK 1.0 SW, IL US","2020-02-23",,,,,,
"US1ILCK0061","OAK PARK 1.0 SW, IL US","2020-02-24",,,,,,
"US1ILCK0061","OAK PARK 1.0 SW, IL US","2020-02-25",,,,,,
"US1ILCK0061","OAK PARK 1.0 SW, IL US","2020-02-26",,,,,,
"US1ILCK0061","OAK PARK 1.0 SW, IL US","2020-02-27",,,,,,
"US1ILCK0061","OAK PARK 1.0 SW, IL US","2020-02-28",,,,,,
"US1ILCK0061","OAK PARK 1.0 SW, IL US","2020-02-29",,,,,,
"US1ILCK0061","OAK PARK 1.0 SW, IL US","2020-03-01",,,,,,
"US1ILCK0061","OAK PARK 1.0 SW, IL US","2020-03-02",,,,,,
"US1ILCK0061","OAK PARK 1.0 SW, IL US","2020-03-03",,,,,,
"US1ILCK0061","OAK PARK 1.0 SW, IL US","2020-03-04",,,,,,
"US1ILCK0061","OAK PARK 1.0 SW, IL US","2020-03-05",,,,,,
"US1ILCK0061","OAK PARK 1.0 SW, IL US","2020-03-06",,,,,,
"US1ILCK0061","OAK PARK 1.0 SW, IL US","2020-03-07",,,,,,
"US1ILCK0061","OAK PARK 1.0 SW, IL US","2020-03-08",,,,,,
"US1ILCK0061","OAK PARK 1.0 SW, IL US","2020-03-09",,,,,,
"US1ILCK0061","OAK PARK 1.0 SW, IL US","2020-03-10",,,,,,
"US1ILCK0061","OAK PARK 1.0 SW, IL US","2020-03-11",,,,,,
"US1ILCK0061","OAK PARK 1.0 SW, IL US","2020-03-12",,,,,,
"US1ILCK0061","OAK PARK 1.0 SW, IL US","2020-03-13",,,,,,
"US1ILCK0061","OAK PARK 1.0 SW, IL US","2020-03-14",,,,,,
"US1ILCK0061","OAK PARK 1.0 SW, IL US","2020-03-15",,,,,,
"US1ILCK0061","OAK PARK 1.0 SW, IL US","2020-03-16",,,,,,
"US1ILCK0061","OAK PARK 1.0 SW, IL US","2020-03-17",,,,,,
"US1ILCK0061","OAK PARK 1.0 SW, IL US","2020-03-18",,,,,,
"US1ILCK0061","OAK PARK 1.0 SW, IL US","2020-03-19",,,,,,
"US1ILCK0061","OAK PARK 1.0 SW, IL US","2020-03-20",,,,,,
"US1ILCK0061","OAK PARK 1.0 SW, IL US","2020-03-21",,,,,,
"US1ILCK0061","OAK PARK 1.0 SW, IL US","2020-03-22",,,,,,
"US1ILCK0061","OAK PARK 1.0 SW, IL US","2020-03-23",,,,,,
"US1ILCK0061","OAK PARK 1.0 SW, IL US","2020-03-24",,,,,,
"US1ILCK0061","OAK PARK 1.0 SW, IL US","2020-03-25",,,,,,
"US1ILCK0061","OAK PARK 1.0 SW, IL US","2020-03-26",,,,,,
"US1ILCK0061","OAK PARK 1.0 SW, IL US","2020-03-27",,,,,,
"US1ILCK0061","OAK PARK 1.0 SW, IL US","2020-03-28",,,,,,
"US1ILCK0061","OAK PARK 1.0 SW, IL US","2020-03-29",,,,,,
"US1ILCK0061","OAK PARK 1.0 SW, IL US","2020-03-30",,,,,,
"US1ILCK0061","OAK PARK 1.0 SW, IL US","2020-03-31",,,,,,
"US1ILCK0061","OAK PARK 1.0 SW, IL US","2020-04-01",,,,,,
"US1ILCK0061","OAK PARK 1.0 SW, IL US","2020-04-02",,,,,,
"US1ILCK0061","OAK PARK 1.0 SW, IL US","2020-04-03",,,,,,
"US1ILCK0061","OAK PARK 1.0 SW, IL US","2020-04-04",,,,,,
"US1ILCK0061","OAK PARK 1.0 SW, IL US","2020-04-05",,,,,,
"US1ILCK0061","OAK PARK 1.0 SW, IL US","2020-04-06",,,,,,
"US1ILCK0061","OAK PARK 1.0 SW, IL US","2020-04-07",,,,,,
"US1ILCK0061","OAK PARK 1.0 SW, IL US","2020-04-08",,,,,,
"US1ILCK0061","OAK PARK 1.0 SW, IL US","2020-04-09",,,,,,
"US1ILCK0061","OAK PARK 1.0 SW, IL US","2020-04-10",,,,,,
"US1ILCK0061","OAK PARK 1.0 SW, IL US","2020-04-11",,,,,,
"US1ILCK0061","OAK PARK 1.0 SW, IL US","2020-04-12",,,,,,
"US1ILCK0061","OAK PARK 1.0 SW, IL US","2020-04-13",,,,,,
"US1ILCK0061","OAK PARK 1.0 SW, IL US","2020-04-14",,,,,,
"US1ILCK0061","OAK PARK 1.0 SW, IL US","2020-04-15",,,,,,
"US1ILCK0061","OAK PARK 1.0 SW, IL US","2020-04-16",,,,,,
"US1ILCK0061","OAK PARK 1.0 SW, IL US","2020-04-17",,,,,,
"US1ILCK0061","OAK PARK 1.0 SW, IL US","2020-04-18",,,,,,
"US1ILCK0061","OAK PARK 1.0 SW, IL US","2020-04-19",,,,,,
"US1ILCK0061","OAK PARK 1.0 SW, IL US","2020-04-20",,,,,,
"US1ILCK0061","OAK PARK 1.0 SW, IL US","2020-04-21",,,,,,
"US1ILCK0061","OAK PARK 1.0 SW, IL US","2020-04-22",,,,,,
"US1ILCK0061","OAK PARK 1.0 SW, IL US","2020-04-23",,,,,,
"US1ILCK0061","OAK PARK 1.0 SW, IL US","2020-04-24",,,,,,
"US1ILCK0061","OAK PARK 1.0 SW, IL US","2020-04-25",,,,,,
"US1ILCK0061","OAK PARK 1.0 SW, IL US","2020-04-26",,,,,,
"US1ILCK0061","OAK PARK 1.0 SW, IL US","2020-04-27",,,,,,
"US1ILCK0061","OAK PARK 1.0 SW, IL US","2020-04-28",,,,,,
"US1ILCK0061","OAK PARK 1.0 SW, IL US","2020-04-29",,,,,,
"US1ILCK0061","OAK PARK 1.0 SW, IL US","2020-04-30",,,,,,
"US1ILCK0061","OAK PARK 1.0 SW, IL US","2020-05-01",,,,,,
"US1ILCK0061","OAK PARK 1.0 SW, IL US","2020-05-02",,,,,,
"US1ILCK0061","OAK PARK 1.0 SW, IL US","2020-05-03",,,,,,
"US1ILCK0061","OAK PARK 1.0 SW, IL US","2020-05-04",,,,,,
"US1ILCK0061","OAK PARK 1.0 SW, IL US","2020-05-05",,,,,,
"US1ILCK0061","OAK PARK 1.0 SW, IL US","2020-05-06",,,,,,
"US1ILCK0061","OAK PARK 1.0 SW, IL US","2020-05-07",,,,,,
"US1ILCK0061","OAK PARK 1.0 SW, IL US","2020-05-08",,,,,,
"US1ILCK0061","OAK PARK 1.0 SW, IL US","2020-05-09",,,,,,
"US1ILCK0061","OAK PARK 1.0 SW, IL US","2020-05-10",,,,,,
"US1ILCK0061","OAK PARK 1.0 SW, IL US","2020-05-11",,,,,,
"US1ILCK0061","OAK PARK 1.0 SW, IL US","2020-05-12",,,,,,
"US1ILCK0061","OAK PARK 1.0 SW, IL US","2020-05-13",,,,,,
"US1ILCK0061","OAK PARK 1.0 SW, IL US","2020-05-14",,,,,,
"US1ILCK0061","OAK PARK 1.0 SW, IL US","2020-05-15",,,,,,
"US1ILCK0061","OAK PARK 1.0 SW, IL US","2020-05-16",,,,,,
"US1ILCK0061","OAK PARK 1.0 SW, IL US","2020-05-17",,,,,,
"US1ILCK0061","OAK PARK 1.0 SW, IL US","2020-05-18",,,,,,
"US1ILCK0061","OAK PARK 1.0 SW, IL US","2020-05-19",,,,,,
"US1ILCK0061","OAK PARK 1.0 SW, IL US","2020-05-20",,,,,,
"US1ILCK0061","OAK PARK 1.0 SW, IL US","2020-05-21",,,,,,
"US1ILCK0061","OAK PARK 1.0 SW, IL US","2020-05-22",,,,,,
"US1ILCK0061","OAK PARK 1.0 SW, IL US","2020-05-24",,,,,,
"US1ILCK0061","OAK PARK 1.0 SW, IL US","2020-05-25",,,,,,
"US1ILCK0061","OAK PARK 1.0 SW, IL US","2020-05-26",,,,,,
"US1ILCK0061","OAK PARK 1.0 SW, IL US","2020-05-27",,,,,,
"US1ILCK0061","OAK PARK 1.0 SW, IL US","2020-05-28",,,,,,
"US1ILCK0061","OAK PARK 1.0 SW, IL US","2020-05-29",,,,,,
"US1ILCK0061","OAK PARK 1.0 SW, IL US","2020-05-30",,,,,,
"US1ILCK0061","OAK PARK 1.0 SW, IL US","2020-05-31",,,,,,
"US1ILCK0061","OAK PARK 1.0 SW, IL US","2020-06-01",,,,,,
"US1ILCK0061","OAK PARK 1.0 SW, IL US","2020-06-02",,,,,,
"US1ILCK0061","OAK PARK 1.0 SW, IL US","2020-06-03",,,,,,
"US1ILCK0061","OAK PARK 1.0 SW, IL US","2020-06-04",,,,,,
"US1ILCK0061","OAK PARK 1.0 SW, IL US","2020-06-05",,,,,,
"US1ILCK0061","OAK PARK 1.0 SW, IL US","2020-06-06",,,,,,
"US1ILCK0061","OAK PARK 1.0 SW, IL US","2020-06-07",,,,,,
"US1ILCK0061","OAK PARK 1.0 SW, IL US","2020-06-08",,,,,,
"US1ILCK0061","OAK PARK 1.0 SW, IL US","2020-06-09",,,,,,
"US1ILCK0061","OAK PARK 1.0 SW, IL US","2020-06-10",,,,,,
"US1ILCK0061","OAK PARK 1.0 SW, IL US","2020-06-11",,,,,,
"US1ILCK0061","OAK PARK 1.0 SW, IL US","2020-06-12",,,,,,
"US1ILCK0061","OAK PARK 1.0 SW, IL US","2020-06-13",,,,,,
"US1ILCK0061","OAK PARK 1.0 SW, IL US","2020-06-14",,,,,,
"US1ILCK0061","OAK PARK 1.0 SW, IL US","2020-06-15",,,,,,
"US1ILCK0061","OAK PARK 1.0 SW, IL US","2020-06-16",,,,,,
"US1ILCK0061","OAK PARK 1.0 SW, IL US","2020-06-17",,,,,,
"US1ILCK0061","OAK PARK 1.0 SW, IL US","2020-06-18",,,,,,
"US1ILCK0061","OAK PARK 1.0 SW, IL US","2020-06-19",,,,,,
"US1ILCK0061","OAK PARK 1.0 SW, IL US","2020-06-20",,,,,,
"US1ILCK0061","OAK PARK 1.0 SW, IL US","2020-06-21",,,,,,
"US1ILCK0061","OAK PARK 1.0 SW, IL US","2020-06-22",,,,,,
"US1ILCK0061","OAK PARK 1.0 SW, IL US","2020-06-23",,,,,,
"US1ILCK0061","OAK PARK 1.0 SW, IL US","2020-06-24",,,,,,
"US1ILCK0061","OAK PARK 1.0 SW, IL US","2020-06-25",,,,,,
"US1ILCK0061","OAK PARK 1.0 SW, IL US","2020-06-26",,,,,,
"US1ILCK0061","OAK PARK 1.0 SW, IL US","2020-06-27",,,,,,
"US1ILCK0061","OAK PARK 1.0 SW, IL US","2020-06-28",,,,,,
"US1ILCK0061","OAK PARK 1.0 SW, IL US","2020-06-30",,,,,,
"US1ILCK0061","OAK PARK 1.0 SW, IL US","2020-07-01",,,,,,
"US1ILCK0061","OAK PARK 1.0 SW, IL US","2020-07-02",,,,,,
"US1ILCK0061","OAK PARK 1.0 SW, IL US","2020-07-03",,,,,,
"US1ILCK0061","OAK PARK 1.0 SW, IL US","2020-07-04",,,,,,
"US1ILCK0061","OAK PARK 1.0 SW, IL US","2020-07-05",,,,,,
"US1ILCK0061","OAK PARK 1.0 SW, IL US","2020-07-06",,,,,,
"US1ILCK0061","OAK PARK 1.0 SW, IL US","2020-07-07",,,,,,
"US1ILCK0061","OAK PARK 1.0 SW, IL US","2020-07-08",,,,,,
"US1ILCK0061","OAK PARK 1.0 SW, IL US","2020-07-09",,,,,,
"US1ILCK0061","OAK PARK 1.0 SW, IL US","2020-07-10",,,,,,
"US1ILCK0061","OAK PARK 1.0 SW, IL US","2020-07-11",,,,,,
"US1ILCK0061","OAK PARK 1.0 SW, IL US","2020-07-12",,,,,,
"US1ILCK0061","OAK PARK 1.0 SW, IL US","2020-07-14",,,,,,
"US1ILCK0061","OAK PARK 1.0 SW, IL US","2020-07-15",,,,,,
"US1ILCK0061","OAK PARK 1.0 SW, IL US","2020-07-16",,,,,,
"US1ILCK0061","OAK PARK 1.0 SW, IL US","2020-07-17",,,,,,
"US1ILCK0061","OAK PARK 1.0 SW, IL US","2020-07-18",,,,,,
"US1ILCK0061","OAK PARK 1.0 SW, IL US","2020-07-19",,,,,,
"US1ILCK0061","OAK PARK 1.0 SW, IL US","2020-07-20",,,,,,
"US1ILCK0061","OAK PARK 1.0 SW, IL US","2020-07-21",,,,,,
"US1ILCK0061","OAK PARK 1.0 SW, IL US","2020-07-22",,,,,,
"US1ILCK0061","OAK PARK 1.0 SW, IL US","2020-07-23",,,,,,
"US1ILCK0061","OAK PARK 1.0 SW, IL US","2020-07-24",,,,,,
"US1ILCK0061","OAK PARK 1.0 SW, IL US","2020-07-25",,,,,,
"US1ILCK0061","OAK PARK 1.0 SW, IL US","2020-07-26",,,,,,
"US1ILCK0061","OAK PARK 1.0 SW, IL US","2020-07-27",,,,,,
"US1ILCK0061","OAK PARK 1.0 SW, IL US","2020-07-28",,,,,,
"US1ILCK0061","OAK PARK 1.0 SW, IL US","2020-07-29",,,,,,
"US1ILCK0061","OAK PARK 1.0 SW, IL US","2020-07-30",,,,,,
"US1ILCK0061","OAK PARK 1.0 SW, IL US","2020-07-31",,,,,,
"US1ILCK0061","OAK PARK 1.0 SW, IL US","2020-08-01",,,,,,
"US1ILCK0061","OAK PARK 1.0 SW, IL US","2020-08-02",,,,,,
"US1ILCK0061","OAK PARK 1.0 SW, IL US","2020-08-03",,,,,,
"US1ILCK0061","OAK PARK 1.0 SW, IL US","2020-08-04",,,,,,
"US1ILCK0061","OAK PARK 1.0 SW, IL US","2020-08-05",,,,,,
"US1ILCK0061","OAK PARK 1.0 SW, IL US","2020-08-06",,,,,,
"US1ILCK0061","OAK PARK 1.0 SW, IL US","2020-08-07",,,,,,
"US1ILCK0061","OAK PARK 1.0 SW, IL US","2020-08-08",,,,,,
"US1ILCK0061","OAK PARK 1.0 SW, IL US","2020-08-09",,,,,,
"US1ILCK0061","OAK PARK 1.0 SW, IL US","2020-08-10",,,,,,
"US1ILCK0061","OAK PARK 1.0 SW, IL US","2020-08-11",,,,,,
"US1ILCK0061","OAK PARK 1.0 SW, IL US","2020-08-12",,,,,,
"US1ILCK0061","OAK PARK 1.0 SW, IL US","2020-08-13",,,,,,
"US1ILCK0061","OAK PARK 1.0 SW, IL US","2020-08-14",,,,,,
"US1ILCK0061","OAK PARK 1.0 SW, IL US","2020-08-15",,,,,,
"US1ILCK0061","OAK PARK 1.0 SW, IL US","2020-08-16",,,,,,
"US1ILCK0061","OAK PARK 1.0 SW, IL US","2020-08-17",,,,,,
"US1ILCK0061","OAK PARK 1.0 SW, IL US","2020-08-18",,,,,,
"US1ILCK0061","OAK PARK 1.0 SW, IL US","2020-08-19",,,,,,
"US1ILCK0061","OAK PARK 1.0 SW, IL US","2020-08-20",,,,,,
"US1ILCK0061","OAK PARK 1.0 SW, IL US","2020-08-21",,,,,,
"US1ILCK0061","OAK PARK 1.0 SW, IL US","2020-08-22",,,,,,
"US1ILCK0061","OAK PARK 1.0 SW, IL US","2020-08-23",,,,,,
"US1ILCK0061","OAK PARK 1.0 SW, IL US","2020-08-24",,,,,,
"US1ILCK0061","OAK PARK 1.0 SW, IL US","2020-08-25",,,,,,
"US1ILCK0061","OAK PARK 1.0 SW, IL US","2020-08-26",,,,,,
"US1ILCK0061","OAK PARK 1.0 SW, IL US","2020-08-27",,,,,,
"US1ILCK0061","OAK PARK 1.0 SW, IL US","2020-08-28",,,,,,
"US1ILCK0061","OAK PARK 1.0 SW, IL US","2020-08-29",,,,,,
"US1ILCK0061","OAK PARK 1.0 SW, IL US","2020-08-30",,,,,,
"US1ILCK0061","OAK PARK 1.0 SW, IL US","2020-08-31",,,,,,
"US1ILCK0061","OAK PARK 1.0 SW, IL US","2020-09-01",,,,,,
"US1ILCK0061","OAK PARK 1.0 SW, IL US","2020-09-02",,,,,,
"US1ILCK0061","OAK PARK 1.0 SW, IL US","2020-09-03",,,,,,
"US1ILCK0061","OAK PARK 1.0 SW, IL US","2020-09-04",,,,,,
"US1ILCK0061","OAK PARK 1.0 SW, IL US","2020-09-05",,,,,,
"US1ILCK0061","OAK PARK 1.0 SW, IL US","2020-09-07",,,,,,
"US1ILCK0061","OAK PARK 1.0 SW, IL US","2020-09-08",,,,,,
"US1ILWL0097","NEW LENOX 3.3 E, IL US","2019-10-01",,,,,,
"US1ILWL0097","NEW LENOX 3.3 E, IL US","2019-10-02",,,,,,
"US1ILWL0097","NEW LENOX 3.3 E, IL US","2019-10-03",,,,,,
"US1ILWL0097","NEW LENOX 3.3 E, IL US","2019-10-04",,,,,,
"US1ILWL0097","NEW LENOX 3.3 E, IL US","2019-10-05",,,,,,
"US1ILWL0097","NEW LENOX 3.3 E, IL US","2019-10-06",,,,,,
"US1ILWL0097","NEW LENOX 3.3 E, IL US","2019-10-07",,,,,,
"US1ILWL0097","NEW LENOX 3.3 E, IL US","2019-10-08",,,,,,
"US1ILWL0097","NEW LENOX 3.3 E, IL US","2019-10-09",,,,,,
"US1ILWL0097","NEW LENOX 3.3 E, IL US","2019-10-10",,,,,,
"US1ILWL0097","NEW LENOX 3.3 E, IL US","2019-10-11",,,,,,
"US1ILWL0097","NEW LENOX 3.3 E, IL US","2019-10-12",,,,,,
"US1ILWL0097","NEW LENOX 3.3 E, IL US","2019-10-13",,,,,,
"US1ILWL0097","NEW LENOX 3.3 E, IL US","2019-10-14",,,,,,
"US1ILWL0097","NEW LENOX 3.3 E, IL US","2019-10-15",,,,,,
"US1ILWL0097","NEW LENOX 3.3 E, IL US","2019-10-16",,,,,,
"US1ILWL0097","NEW LENOX 3.3 E, IL US","2019-10-17",,,,,,
"US1ILWL0097","NEW LENOX 3.3 E, IL US","2019-10-18",,,,,,
"US1ILWL0097","NEW LENOX 3.3 E, IL US","2019-10-19",,,,,,
"US1ILWL0097","NEW LENOX 3.3 E, IL US","2019-10-20",,,,,,
"US1ILWL0097","NEW LENOX 3.3 E, IL US","2019-10-21",,,,,,
"US1ILWL0097","NEW LENOX 3.3 E, IL US","2019-10-22",,,,,,
"US1ILWL0097","NEW LENOX 3.3 E, IL US","2019-10-23",,,,,,
"US1ILWL0097","NEW LENOX 3.3 E, IL US","2019-10-24",,,,,,
"US1ILWL0097","NEW LENOX 3.3 E, IL US","2019-10-25",,,,,,
"US1ILWL0097","NEW LENOX 3.3 E, IL US","2019-10-26",,,,,,
"US1ILWL0097","NEW LENOX 3.3 E, IL US","2019-10-27",,,,,,
"US1ILWL0097","NEW LENOX 3.3 E, IL US","2019-10-28",,,,,,
"US1ILWL0097","NEW LENOX 3.3 E, IL US","2019-10-29",,,,,,
"US1ILWL0097","NEW LENOX 3.3 E, IL US","2019-10-30",,,,,,
"US1ILWL0097","NEW LENOX 3.3 E, IL US","2019-10-31",,,,,,
"US1ILWL0097","NEW LENOX 3.3 E, IL US","2019-11-01",,,,,,
"US1ILWL0097","NEW LENOX 3.3 E, IL US","2019-11-02",,,,,,
"US1ILWL0097","NEW LENOX 3.3 E, IL US","2019-11-03",,,,,,
"US1ILWL0097","NEW LENOX 3.3 E, IL US","2019-11-04",,,,,,
"US1ILWL0097","NEW LENOX 3.3 E, IL US","2019-11-05",,,,,,
"US1ILWL0097","NEW LENOX 3.3 E, IL US","2019-11-06",,,,,,
"US1ILWL0097","NEW LENOX 3.3 E, IL US","2019-11-07",,,,,,
"US1ILWL0097","NEW LENOX 3.3 E, IL US","2019-11-08",,,,,,
"US1ILWL0097","NEW LENOX 3.3 E, IL US","2019-11-09",,,,,,
"US1ILWL0097","NEW LENOX 3.3 E, IL US","2019-11-10",,,,,,
"US1ILWL0097","NEW LENOX 3.3 E, IL US","2019-11-11",,,,,,
"US1ILWL0097","NEW LENOX 3.3 E, IL US","2019-11-12",,,,,,
"US1ILWL0097","NEW LENOX 3.3 E, IL US","2019-11-13",,,,,,
"US1ILWL0097","NEW LENOX 3.3 E, IL US","2019-11-14",,,,,,
"US1ILWL0097","NEW LENOX 3.3 E, IL US","2019-11-15",,,,,,
"US1ILWL0097","NEW LENOX 3.3 E, IL US","2019-11-16",,,,,,
"US1ILWL0097","NEW LENOX 3.3 E, IL US","2019-11-17",,,,,,
"US1ILWL0097","NEW LENOX 3.3 E, IL US","2019-11-18",,,,,,
"US1ILWL0097","NEW LENOX 3.3 E, IL US","2019-11-19",,,,,,
"US1ILWL0097","NEW LENOX 3.3 E, IL US","2019-11-20",,,,,,
"US1ILWL0097","NEW LENOX 3.3 E, IL US","2019-11-21",,,,,,
"US1ILWL0097","NEW LENOX 3.3 E, IL US","2019-11-22",,,,,,
"US1ILWL0097","NEW LENOX 3.3 E, IL US","2019-11-23",,,,,,
"US1ILWL0097","NEW LENOX 3.3 E, IL US","2019-11-24",,,,,,
"US1ILWL0097","NEW LENOX 3.3 E, IL US","2019-11-25",,,,,,
"US1ILWL0097","NEW LENOX 3.3 E, IL US","2019-11-26",,,,,,
"US1ILWL0097","NEW LENOX 3.3 E, IL US","2019-11-27",,,,,,
"US1ILWL0097","NEW LENOX 3.3 E, IL US","2019-11-28",,,,,,
"US1ILWL0097","NEW LENOX 3.3 E, IL US","2019-11-29",,,,,,
"US1ILWL0097","NEW LENOX 3.3 E, IL US","2019-11-30",,,,,,
"US1ILWL0097","NEW LENOX 3.3 E, IL US","2019-12-01",,,,,,
"US1ILWL0097","NEW LENOX 3.3 E, IL US","2019-12-02",,,,,,
"US1ILWL0097","NEW LENOX 3.3 E, IL US","2019-12-03",,,,,,
"US1ILWL0097","NEW LENOX 3.3 E, IL US","2019-12-04",,,,,,
"US1ILWL0097","NEW LENOX 3.3 E, IL US","2019-12-05",,,,,,
"US1ILWL0097","NEW LENOX 3.3 E, IL US","2019-12-06",,,,,,
"US1ILWL0097","NEW LENOX 3.3 E, IL US","2019-12-07",,,,,,
"US1ILWL0097","NEW LENOX 3.3 E, IL US","2019-12-08",,,,,,
"US1ILWL0097","NEW LENOX 3.3 E, IL US","2019-12-09",,,,,,
"US1ILWL0097","NEW LENOX 3.3 E, IL US","2019-12-10",,,,,,
"US1ILWL0097","NEW LENOX 3.3 E, IL US","2019-12-11",,,,,,
"US1ILWL0097","NEW LENOX 3.3 E, IL US","2019-12-12",,,,,,
"US1ILWL0097","NEW LENOX 3.3 E, IL US","2019-12-13",,,,,,
"US1ILWL0097","NEW LENOX 3.3 E, IL US","2019-12-14",,,,,,
"US1ILWL0097","NEW LENOX 3.3 E, IL US","2019-12-15",,,,,,
"US1ILWL0097","NEW LENOX 3.3 E, IL US","2019-12-16",,,,,,
"US1ILWL0097","NEW LENOX 3.3 E, IL US","2019-12-17",,,,,,
"US1ILWL0097","NEW LENOX 3.3 E, IL US","2019-12-18",,,,,,
"US1ILWL0097","NEW LENOX 3.3 E, IL US","2019-12-19",,,,,,
"US1ILWL0097","NEW LENOX 3.3 E, IL US","2019-12-20",,,,,,
"US1ILWL0097","NEW LENOX 3.3 E, IL US","2019-12-21",,,,,,
"US1ILWL0097","NEW LENOX 3.3 E, IL US","2019-12-22",,,,,,
"US1ILWL0097","NEW LENOX 3.3 E, IL US","2019-12-23",,,,,,
"US1ILWL0097","NEW LENOX 3.3 E, IL US","2019-12-24",,,,,,
"US1ILWL0097","NEW LENOX 3.3 E, IL US","2019-12-25",,,,,,
"US1ILWL0097","NEW LENOX 3.3 E, IL US","2019-12-26",,,,,,
"US1ILWL0097","NEW LENOX 3.3 E, IL US","2019-12-27",,,,,,
"US1ILWL0097","NEW LENOX 3.3 E, IL US","2019-12-28",,,,,,
"US1ILWL0097","NEW LENOX 3.3 E, IL US","2019-12-29",,,,,,
"US1ILWL0097","NEW LENOX 3.3 E, IL US","2019-12-30",,,,,,
"US1ILWL0097","NEW LENOX 3.3 E, IL US","2019-12-31",,,,,,
"US1ILWL0097","NEW LENOX 3.3 E, IL US","2020-01-01",,,,,,
"US1ILWL0097","NEW LENOX 3.3 E, IL US","2020-01-02",,,,,,
"US1ILWL0097","NEW LENOX 3.3 E, IL US","2020-01-03",,,,,,
"US1ILWL0097","NEW LENOX 3.3 E, IL US","2020-01-04",,,,,,
"US1ILWL0097","NEW LENOX 3.3 E, IL US","2020-01-05",,,,,,
"US1ILWL0097","NEW LENOX 3.3 E, IL US","2020-01-06",,,,,,
"US1ILWL0097","NEW LENOX 3.3 E, IL US","2020-01-07",,,,,,
"US1ILWL0097","NEW LENOX 3.3 E, IL US","2020-01-08",,,,,,
"US1ILWL0097","NEW LENOX 3.3 E, IL US","2020-01-09",,,,,,
"US1ILWL0097","NEW LENOX 3.3 E, IL US","2020-01-10",,,,,,
"US1ILWL0097","NEW LENOX 3.3 E, IL US","2020-01-11",,,,,,
"US1ILWL0097","NEW LENOX 3.3 E, IL US","2020-01-12",,,,,,
"US1ILWL0097","NEW LENOX 3.3 E, IL US","2020-01-13",,,,,,
"US1ILWL0097","NEW LENOX 3.3 E, IL US","2020-01-14",,,,,,
"US1ILWL0097","NEW LENOX 3.3 E, IL US","2020-01-15",,,,,,
"US1ILWL0097","NEW LENOX 3.3 E, IL US","2020-01-16",,,,,,
"US1ILWL0097","NEW LENOX 3.3 E, IL US","2020-01-17",,,,,,
"US1ILWL0097","NEW LENOX 3.3 E, IL US","2020-01-18",,,,,,
"US1ILWL0097","NEW LENOX 3.3 E, IL US","2020-01-19",,,,,,
"US1ILWL0097","NEW LENOX 3.3 E, IL US","2020-01-20",,,,,,
"US1ILWL0097","NEW LENOX 3.3 E, IL US","2020-01-21",,,,,,
"US1ILWL0097","NEW LENOX 3.3 E, IL US","2020-01-22",,,,,,
"US1ILWL0097","NEW LENOX 3.3 E, IL US","2020-01-23",,,,,,
"US1ILWL0097","NEW LENOX 3.3 E, IL US","2020-01-24",,,,,,
"US1ILWL0097","NEW LENOX 3.3 E, IL US","2020-01-25",,,,,,
"US1ILWL0097","NEW LENOX 3.3 E, IL US","2020-01-26",,,,,,
"US1ILWL0097","NEW LENOX 3.3 E, IL US","2020-01-27",,,,,,
"US1ILWL0097","NEW LENOX 3.3 E, IL US","2020-01-28",,,,,,
"US1ILWL0097","NEW LENOX 3.3 E, IL US","2020-01-29",,,,,,
"US1ILWL0097","NEW LENOX 3.3 E, IL US","2020-01-30",,,,,,
"US1ILWL0097","NEW LENOX 3.3 E, IL US","2020-01-31",,,,,,
"US1ILWL0097","NEW LENOX 3.3 E, IL US","2020-02-01",,,,,,
"US1ILWL0097","NEW LENOX 3.3 E, IL US","2020-02-02",,,,,,
"US1ILWL0097","NEW LENOX 3.3 E, IL US","2020-02-03",,,,,,
"US1ILWL0097","NEW LENOX 3.3 E, IL US","2020-02-04",,,,,,
"US1ILWL0097","NEW LENOX 3.3 E, IL US","2020-02-05",,,,,,
"US1ILWL0097","NEW LENOX 3.3 E, IL US","2020-02-06",,,,,,
"US1ILWL0097","NEW LENOX 3.3 E, IL US","2020-02-07",,,,,,
"US1ILWL0097","NEW LENOX 3.3 E, IL US","2020-02-08",,,,,,
"US1ILWL0097","NEW LENOX 3.3 E, IL US","2020-02-09",,,,,,
"US1ILWL0097","NEW LENOX 3.3 E, IL US","2020-02-10",,,,,,
"US1ILWL0097","NEW LENOX 3.3 E, IL US","2020-02-11",,,,,,
"US1ILWL0097","NEW LENOX 3.3 E, IL US","2020-02-12",,,,,,
"US1ILWL0097","NEW LENOX 3.3 E, IL US","2020-02-13",,,,,,
"US1ILWL0097","NEW LENOX 3.3 E, IL US","2020-02-14",,,,,,
"US1ILWL0097","NEW LENOX 3.3 E, IL US","2020-02-15",,,,,,
"US1ILWL0097","NEW LENOX 3.3 E, IL US","2020-02-16",,,,,,
"US1ILWL0097","NEW LENOX 3.3 E, IL US","2020-02-17",,,,,,
"US1ILWL0097","NEW LENOX 3.3 E, IL US","2020-02-18",,,,,,
"US1ILWL0097","NEW LENOX 3.3 E, IL US","2020-02-19",,,,,,
"US1ILWL0097","NEW LENOX 3.3 E, IL US","2020-02-20",,,,,,
"US1ILWL0097","NEW LENOX 3.3 E, IL US","2020-02-21",,,,,,
"US1ILWL0097","NEW LENOX 3.3 E, IL US","2020-02-22",,,,,,
"US1ILWL0097","NEW LENOX 3.3 E, IL US","2020-02-23",,,,,,
"US1ILWL0097","NEW LENOX 3.3 E, IL US","2020-02-24",,,,,,
"US1ILWL0097","NEW LENOX 3.3 E, IL US","2020-02-25",,,,,,
"US1ILWL0097","NEW LENOX 3.3 E, IL US","2020-02-26",,,,,,
"US1ILWL0097","NEW LENOX 3.3 E, IL US","2020-02-27",,,,,,
"US1ILWL0097","NEW LENOX 3.3 E, IL US","2020-02-28",,,,,,
"US1ILWL0097","NEW LENOX 3.3 E, IL US","2020-02-29",,,,,,
"US1ILWL0097","NEW LENOX 3.3 E, IL US","2020-03-01",,,,,,
"US1ILWL0097","NEW LENOX 3.3 E, IL US","2020-03-02",,,,,,
"US1ILWL0097","NEW LENOX 3.3 E, IL US","2020-03-03",,,,,,
"US1ILWL0097","NEW LENOX 3.3 E, IL US","2020-03-04",,,,,,
"US1ILWL0097","NEW LENOX 3.3 E, IL US","2020-03-05",,,,,,
"US1ILWL0097","NEW LENOX 3.3 E, IL US","2020-03-06",,,,,,
"US1ILWL0097","NEW LENOX 3.3 E, IL US","2020-03-07",,,,,,
"US1ILWL0097","NEW LENOX 3.3 E, IL US","2020-03-08",,,,,,
"US1ILWL0097","NEW LENOX 3.3 E, IL US","2020-03-09",,,,,,
"US1ILWL0097","NEW LENOX 3.3 E, IL US","2020-03-10",,,,,,
"US1ILWL0097","NEW LENOX 3.3 E, IL US","2020-03-11",,,,,,
"US1ILWL0097","NEW LENOX 3.3 E, IL US","2020-03-12",,,,,,
"US1ILWL0097","NEW LENOX 3.3 E, IL US","2020-03-13",,,,,,
"US1ILWL0097","NEW LENOX 3.3 E, IL US","2020-03-14",,,,,,
"US1ILWL0097","NEW LENOX 3.3 E, IL US","2020-03-15",,,,,,
"US1ILWL0097","NEW LENOX 3.3 E, IL US","2020-03-16",,,,,,
"US1ILWL0097","NEW LENOX 3.3 E, IL US","2020-03-17",,,,,,
"US1ILWL0097","NEW LENOX 3.3 E, IL US","2020-03-18",,,,,,
"US1ILWL0097","NEW LENOX 3.3 E, IL US","2020-03-19",,,,,,
"US1ILWL0097","NEW LENOX 3.3 E, IL US","2020-03-20",,,,,,
"US1ILWL0097","NEW LENOX 3.3 E, IL US","2020-03-21",,,,,,
"US1ILWL0097","NEW LENOX 3.3 E, IL US","2020-03-22",,,,,,
"US1ILWL0097","NEW LENOX 3.3 E, IL US","2020-03-23",,,,,,
"US1ILWL0097","NEW LENOX 3.3 E, IL US","2020-03-24",,,,,,
"US1ILWL0097","NEW LENOX 3.3 E, IL US","2020-03-25",,,,,,
"US1ILWL0097","NEW LENOX 3.3 E, IL US","2020-03-26",,,,,,
"US1ILWL0097","NEW LENOX 3.3 E, IL US","2020-03-27",,,,,,
"US1ILWL0097","NEW LENOX 3.3 E, IL US","2020-03-28",,,,,,
"US1ILWL0097","NEW LENOX 3.3 E, IL US","2020-03-29",,,,,,
"US1ILWL0097","NEW LENOX 3.3 E, IL US","2020-03-30",,,,,,
"US1ILWL0097","NEW LENOX 3.3 E, IL US","2020-03-31",,,,,,
"US1ILWL0097","NEW LENOX 3.3 E, IL US","2020-04-01",,,,,,
"US1ILWL0097","NEW LENOX 3.3 E, IL US","2020-04-02",,,,,,
"US1ILWL0097","NEW LENOX 3.3 E, IL US","2020-04-03",,,,,,
"US1ILWL0097","NEW LENOX 3.3 E, IL US","2020-04-04",,,,,,
"US1ILWL0097","NEW LENOX 3.3 E, IL US","2020-04-05",,,,,,
"US1ILWL0097","NEW LENOX 3.3 E, IL US","2020-04-06",,,,,,
"US1ILWL0097","NEW LENOX 3.3 E, IL US","2020-04-07",,,,,,
"US1ILWL0097","NEW LENOX 3.3 E, IL US","2020-04-08",,,,,,
"US1ILWL0097","NEW LENOX 3.3 E, IL US","2020-04-09",,,,,,
"US1ILWL0097","NEW LENOX 3.3 E, IL US","2020-04-10",,,,,,
"US1ILWL0097","NEW LENOX 3.3 E, IL US","2020-04-11",,,,,,
"US1ILWL0097","NEW LENOX 3.3 E, IL US","2020-04-12",,,,,,
"US1ILWL0097","NEW LENOX 3.3 E, IL US","2020-04-13",,,,,,
"US1ILWL0097","NEW LENOX 3.3 E, IL US","2020-04-14",,,,,,
"US1ILWL0097","NEW LENOX 3.3 E, IL US","2020-04-15",,,,,,
"US1ILWL0097","NEW LENOX 3.3 E, IL US","2020-04-16",,,,,,
"US1ILWL0097","NEW LENOX 3.3 E, IL US","2020-04-17",,,,,,
"US1ILWL0097","NEW LENOX 3.3 E, IL US","2020-04-18",,,,,,
"US1ILWL0097","NEW LENOX 3.3 E, IL US","2020-04-19",,,,,,
"US1ILWL0097","NEW LENOX 3.3 E, IL US","2020-04-20",,,,,,
"US1ILWL0097","NEW LENOX 3.3 E, IL US","2020-04-21",,,,,,
"US1ILWL0097","NEW LENOX 3.3 E, IL US","2020-04-22",,,,,,
"US1ILWL0097","NEW LENOX 3.3 E, IL US","2020-04-23",,,,,,
"US1ILWL0097","NEW LENOX 3.3 E, IL US","2020-04-24",,,,,,
"US1ILWL0097","NEW LENOX 3.3 E, IL US","2020-04-25",,,,,,
"US1ILWL0097","NEW LENOX 3.3 E, IL US","2020-04-26",,,,,,
"US1ILWL0097","NEW LENOX 3.3 E, IL US","2020-04-27",,,,,,
"US1ILWL0097","NEW LENOX 3.3 E, IL US","2020-04-28",,,,,,
"US1ILWL0097","NEW LENOX 3.3 E, IL US","2020-04-29",,,,,,
"US1ILWL0097","NEW LENOX 3.3 E, IL US","2020-04-30",,,,,,
"US1ILWL0097","NEW LENOX 3.3 E, IL US","2020-05-01",,,,,,
"US1ILWL0097","NEW LENOX 3.3 E, IL US","2020-05-02",,,,,,
"US1ILWL0097","NEW LENOX 3.3 E, IL US","2020-05-03",,,,,,
"US1ILWL0097","NEW LENOX 3.3 E, IL US","2020-05-04",,,,,,
"US1ILWL0097","NEW LENOX 3.3 E, IL US","2020-05-05",,,,,,
"US1ILWL0097","NEW LENOX 3.3 E, IL US","2020-05-06",,,,,,
"US1ILWL0097","NEW LENOX 3.3 E, IL US","2020-05-07",,,,,,
"US1ILWL0097","NEW LENOX 3.3 E, IL US","2020-05-08",,,,,,
"US1ILWL0097","NEW LENOX 3.3 E, IL US","2020-05-09",,,,,,
"US1ILWL0097","NEW LENOX 3.3 E, IL US","2020-05-10",,,,,,
"US1ILWL0097","NEW LENOX 3.3 E, IL US","2020-05-11",,,,,,
"US1ILWL0097","NEW LENOX 3.3 E, IL US","2020-05-12",,,,,,
"US1ILWL0097","NEW LENOX 3.3 E, IL US","2020-05-13",,,,,,
"US1ILWL0097","NEW LENOX 3.3 E, IL US","2020-05-14",,,,,,
"US1ILWL0097","NEW LENOX 3.3 E, IL US","2020-05-15",,,,,,
"US1ILWL0097","NEW LENOX 3.3 E, IL US","2020-05-16",,,,,,
"US1ILWL0097","NEW LENOX 3.3 E, IL US","2020-05-17",,,,,,
"US1ILWL0097","NEW LENOX 3.3 E, IL US","2020-05-18",,,,,,
"US1ILWL0097","NEW LENOX 3.3 E, IL US","2020-05-19",,,,,,
"US1ILWL0097","NEW LENOX 3.3 E, IL US","2020-05-20",,,,,,
"US1ILWL0097","NEW LENOX 3.3 E, IL US","2020-05-21",,,,,,
"US1ILWL0097","NEW LENOX 3.3 E, IL US","2020-05-22",,,,,,
"US1ILWL0097","NEW LENOX 3.3 E, IL US","2020-05-23",,,,,,
"US1ILWL0097","NEW LENOX 3.3 E, IL US","2020-05-24",,,,,,
"US1ILWL0097","NEW LENOX 3.3 E, IL US","2020-05-25",,,,,,
"US1ILWL0097","NEW LENOX 3.3 E, IL US","2020-05-26",,,,,,
"US1ILWL0097","NEW LENOX 3.3 E, IL US","2020-05-27",,,,,,
"US1ILWL0097","NEW LENOX 3.3 E, IL US","2020-05-28",,,,,,
"US1ILWL0097","NEW LENOX 3.3 E, IL US","2020-05-29",,,,,,
"US1ILWL0097","NEW LENOX 3.3 E, IL US","2020-05-30",,,,,,
"US1ILWL0097","NEW LENOX 3.3 E, IL US","2020-05-31",,,,,,
"US1ILWL0097","NEW LENOX 3.3 E, IL US","2020-06-01",,,,,,
"US1ILWL0097","NEW LENOX 3.3 E, IL US","2020-06-02",,,,,,
"US1ILWL0097","NEW LENOX 3.3 E, IL US","2020-06-03",,,,,,
"US1ILWL0097","NEW LENOX 3.3 E, IL US","2020-06-04",,,,,,
"US1ILWL0097","NEW LENOX 3.3 E, IL US","2020-06-05",,,,,,
"US1ILWL0097","NEW LENOX 3.3 E, IL US","2020-06-06",,,,,,
"US1ILWL0097","NEW LENOX 3.3 E, IL US","2020-06-07",,,,,,
"US1ILWL0097","NEW LENOX 3.3 E, IL US","2020-06-08",,,,,,
"US1ILWL0097","NEW LENOX 3.3 E, IL US","2020-06-09",,,,,,
"US1ILWL0097","NEW LENOX 3.3 E, IL US","2020-06-10",,,,,,
"US1ILWL0097","NEW LENOX 3.3 E, IL US","2020-06-11",,,,,,
"US1ILWL0097","NEW LENOX 3.3 E, IL US","2020-06-12",,,,,,
"US1ILWL0097","NEW LENOX 3.3 E, IL US","2020-06-13",,,,,,
"US1ILWL0097","NEW LENOX 3.3 E, IL US","2020-06-14",,,,,,
"US1ILWL0097","NEW LENOX 3.3 E, IL US","2020-06-15",,,,,,
"US1ILWL0097","NEW LENOX 3.3 E, IL US","2020-06-16",,,,,,
"US1ILWL0097","NEW LENOX 3.3 E, IL US","2020-06-17",,,,,,
"US1ILWL0097","NEW LENOX 3.3 E, IL US","2020-06-18",,,,,,
"US1ILWL0097","NEW LENOX 3.3 E, IL US","2020-06-19",,,,,,
"US1ILWL0097","NEW LENOX 3.3 E, IL US","2020-06-20",,,,,,
"US1ILWL0097","NEW LENOX 3.3 E, IL US","2020-06-21",,,,,,
"US1ILWL0097","NEW LENOX 3.3 E, IL US","2020-06-22",,,,,,
"US1ILWL0097","NEW LENOX 3.3 E, IL US","2020-06-23",,,,,,
"US1ILWL0097","NEW LENOX 3.3 E, IL US","2020-06-24",,,,,,
"US1ILWL0097","NEW LENOX 3.3 E, IL US","2020-06-25",,,,,,
"US1ILWL0097","NEW LENOX 3.3 E, IL US","2020-06-26",,,,,,
"US1ILWL0097","NEW LENOX 3.3 E, IL US","2020-06-27",,,,,,
"US1ILWL0097","NEW LENOX 3.3 E, IL US","2020-06-28",,,,,,
"US1ILWL0097","NEW LENOX 3.3 E, IL US","2020-06-29",,,,,,
"US1ILWL0097","NEW LENOX 3.3 E, IL US","2020-06-30",,,,,,
"US1ILWL0097","NEW LENOX 3.3 E, IL US","2020-07-01",,,,,,
"US1ILWL0097","NEW LENOX 3.3 E, IL US","2020-07-02",,,,,,
"US1ILWL0097","NEW LENOX 3.3 E, IL US","2020-07-03",,,,,,
"US1ILWL0097","NEW LENOX 3.3 E, IL US","2020-07-04",,,,,,
"US1ILWL0097","NEW LENOX 3.3 E, IL US","2020-07-05",,,,,,
"US1ILWL0097","NEW LENOX 3.3 E, IL US","2020-07-06",,,,,,
"US1ILWL0097","NEW LENOX 3.3 E, IL US","2020-07-07",,,,,,
"US1ILWL0097","NEW LENOX 3.3 E, IL US","2020-07-08",,,,,,
"US1ILWL0097","NEW LENOX 3.3 E, IL US","2020-07-09",,,,,,
"US1ILWL0097","NEW LENOX 3.3 E, IL US","2020-07-10",,,,,,
"US1ILWL0097","NEW LENOX 3.3 E, IL US","2020-07-11",,,,,,
"US1ILWL0097","NEW LENOX 3.3 E, IL US","2020-07-12",,,,,,
"US1ILWL0097","NEW LENOX 3.3 E, IL US","2020-07-13",,,,,,
"US1ILWL0097","NEW LENOX 3.3 E, IL US","2020-07-14",,,,,,
"US1ILWL0097","NEW LENOX 3.3 E, IL US","2020-07-15",,,,,,
"US1ILWL0097","NEW LENOX 3.3 E, IL US","2020-07-16",,,,,,
"US1ILWL0097","NEW LENOX 3.3 E, IL US","2020-07-17",,,,,,
"US1ILWL0097","NEW LENOX 3.3 E, IL US","2020-07-18",,,,,,
"US1ILWL0097","NEW LENOX 3.3 E, IL US","2020-07-19",,,,,,
"US1ILWL0097","NEW LENOX 3.3 E, IL US","2020-07-20",,,,,,
"US1ILWL0097","NEW LENOX 3.3 E, IL US","2020-07-21",,,,,,
"US1ILWL0097","NEW LENOX 3.3 E, IL US","2020-07-22",,,,,,
"US1ILWL0097","NEW LENOX 3.3 E, IL US","2020-07-23",,,,,,
"US1ILWL0097","NEW LENOX 3.3 E, IL US","2020-07-24",,,,,,
"US1ILWL0097","NEW LENOX 3.3 E, IL US","2020-07-25",,,,,,
"US1ILWL0097","NEW LENOX 3.3 E, IL US","2020-07-26",,,,,,
"US1ILWL0097","NEW LENOX 3.3 E, IL US","2020-07-27",,,,,,
"US1ILWL0097","NEW LENOX 3.3 E, IL US","2020-07-28",,,,,,
"US1ILWL0097","NEW LENOX 3.3 E, IL US","2020-07-29",,,,,,
"US1ILWL0097","NEW LENOX 3.3 E, IL US","2020-07-30",,,,,,
"US1ILWL0097","NEW LENOX 3.3 E, IL US","2020-07-31",,,,,,
"US1ILWL0097","NEW LENOX 3.3 E, IL US","2020-08-01",,,,,,
"US1ILWL0097","NEW LENOX 3.3 E, IL US","2020-08-02",,,,,,
"US1ILWL0097","NEW LENOX 3.3 E, IL US","2020-08-03",,,,,,
"US1ILWL0097","NEW LENOX 3.3 E, IL US","2020-08-04",,,,,,
"US1ILWL0097","NEW LENOX 3.3 E, IL US","2020-08-05",,,,,,
"US1ILWL0097","NEW LENOX 3.3 E, IL US","2020-08-06",,,,,,
"US1ILWL0097","NEW LENOX 3.3 E, IL US","2020-08-07",,,,,,
"US1ILWL0097","NEW LENOX 3.3 E, IL US","2020-08-08",,,,,,
"US1ILWL0097","NEW LENOX 3.3 E, IL US","2020-08-09",,,,,,
"US1ILWL0097","NEW LENOX 3.3 E, IL US","2020-08-10",,,,,,
"US1ILWL0097","NEW LENOX 3.3 E, IL US","2020-08-11",,,,,,
"US1ILWL0097","NEW LENOX 3.3 E, IL US","2020-08-12",,,,,,
"US1ILWL0097","NEW LENOX 3.3 E, IL US","2020-08-13",,,,,,
"US1ILWL0097","NEW LENOX 3.3 E, IL US","2020-08-14",,,,,,
"US1ILWL0097","NEW LENOX 3.3 E, IL US","2020-08-15",,,,,,
"US1ILWL0097","NEW LENOX 3.3 E, IL US","2020-08-16",,,,,,
"US1ILWL0097","NEW LENOX 3.3 E, IL US","2020-08-17",,,,,,
"US1ILWL0097","NEW LENOX 3.3 E, IL US","2020-08-18",,,,,,
"US1ILWL0097","NEW LENOX 3.3 E, IL US","2020-08-19",,,,,,
"US1ILWL0097","NEW LENOX 3.3 E, IL US","2020-08-20",,,,,,
"US1ILWL0097","NEW LENOX 3.3 E, IL US","2020-08-21",,,,,,
"US1ILWL0097","NEW LENOX 3.3 E, IL US","2020-08-22",,,,,,
"US1ILWL0097","NEW LENOX 3.3 E, IL US","2020-08-23",,,,,,
"US1ILWL0097","NEW LENOX 3.3 E, IL US","2020-08-24",,,,,,
"US1ILWL0097","NEW LENOX 3.3 E, IL US","2020-08-25",,,,,,
"US1ILWL0097","NEW LENOX 3.3 E, IL US","2020-08-26",,,,,,
"US1ILWL0097","NEW LENOX 3.3 E, IL US","2020-08-27",,,,,,
"US1ILWL0097","NEW LENOX 3.3 E, IL US","2020-08-28",,,,,,
"US1ILWL0097","NEW LENOX 3.3 E, IL US","2020-08-29",,,,,,
"US1ILWL0097","NEW LENOX 3.3 E, IL US","2020-08-30",,,,,,
"US1ILWL0097","NEW LENOX 3.3 E, IL US","2020-08-31",,,,,,
"US1ILWL0097","NEW LENOX 3.3 E, IL US","2020-09-01",,,,,,
"US1ILWL0097","NEW LENOX 3.3 E, IL US","2020-09-02",,,,,,
"US1ILWL0097","NEW LENOX 3.3 E, IL US","2020-09-03",,,,,,
"US1ILWL0097","NEW LENOX 3.3 E, IL US","2020-09-04",,,,,,
"US1ILWL0097","NEW LENOX 3.3 E, IL US","2020-09-05",,,,,,
"US1ILWL0097","NEW LENOX 3.3 E, IL US","2020-09-06",,,,,,
"US1ILWL0097","NEW LENOX 3.3 E, IL US","2020-09-07",,,,,,
"US1ILWL0097","NEW LENOX 3.3 E, IL US","2020-09-08",,,,,,
"US1ILCK0100","CICERO 1.5 SSW, IL US","2019-10-01",,,,,,
"US1ILCK0100","CICERO 1.5 SSW, IL US","2019-10-02",,,,,,
"US1ILCK0100","CICERO 1.5 SSW, IL US","2019-10-03",,,,,,
"US1ILCK0100","CICERO 1.5 SSW, IL US","2019-10-25",,,,,,
"US1ILCK0100","CICERO 1.5 SSW, IL US","2019-10-26",,,,,,
"US1ILCK0100","CICERO 1.5 SSW, IL US","2019-10-27",,,,,,
"US1ILCK0100","CICERO 1.5 SSW, IL US","2019-10-28",,,,,,
"US1ILCK0100","CICERO 1.5 SSW, IL US","2019-11-01",,,,,,
"US1ILCK0100","CICERO 1.5 SSW, IL US","2019-11-02",,,,,,
"US1ILCK0100","CICERO 1.5 SSW, IL US","2019-11-03",,,,,,
"US1ILCK0100","CICERO 1.5 SSW, IL US","2019-11-04",,,,,,
"US1ILCK0100","CICERO 1.5 SSW, IL US","2019-11-05",,,,,,
"US1ILCK0100","CICERO 1.5 SSW, IL US","2019-11-06",,,,,,
"US1INLK0089","HAMMOND 0.6 SSW, IN US","2019-10-01",,,,,,
"US1INLK0089","HAMMOND 0.6 SSW, IN US","2019-10-02",,,,,,
"US1INLK0089","HAMMOND 0.6 SSW, IN US","2019-10-03",,,,,,
"US1INLK0089","HAMMOND 0.6 SSW, IN US","2019-10-04",,,,,,
"US1INLK0089","HAMMOND 0.6 SSW, IN US","2019-10-05",,,,,,
"US1INLK0089","HAMMOND 0.6 SSW, IN US","2019-10-06",,,,,,
"US1INLK0089","HAMMOND 0.6 SSW, IN US","2019-10-07",,,,,,
"US1INLK0089","HAMMOND 0.6 SSW, IN US","2019-10-08",,,,,,
"US1INLK0089","HAMMOND 0.6 SSW, IN US","2019-10-10",,,,,,
"US1INLK0089","HAMMOND 0.6 SSW, IN US","2019-10-11",,,,,,
"US1INLK0089","HAMMOND 0.6 SSW, IN US","2019-10-12",,,,,,
"US1INLK0089","HAMMOND 0.6 SSW, IN US","2019-10-13",,,,,,
"US1INLK0089","HAMMOND 0.6 SSW, IN US","2019-10-14",,,,,,
"US1INLK0089","HAMMOND 0.6 SSW, IN US","2019-10-15",,,,,,
"US1INLK0089","HAMMOND 0.6 SSW, IN US","2019-10-16",,,,,,
"US1INLK0089","HAMMOND 0.6 SSW, IN US","2019-10-17",,,,,,
"US1INLK0089","HAMMOND 0.6 SSW, IN US","2019-10-20",,,,,,
"US1INLK0089","HAMMOND 0.6 SSW, IN US","2019-10-21",,,,,,
"US1INLK0089","HAMMOND 0.6 SSW, IN US","2019-10-22",,,,,,
"US1INLK0089","HAMMOND 0.6 SSW, IN US","2019-10-23",,,,,,
"US1INLK0089","HAMMOND 0.6 SSW, IN US","2019-10-25",,,,,,
"US1INLK0089","HAMMOND 0.6 SSW, IN US","2019-10-26",,,,,,
"US1INLK0089","HAMMOND 0.6 SSW, IN US","2019-10-27",,,,,,
"US1INLK0089","HAMMOND 0.6 SSW, IN US","2019-10-29",,,,,,
"US1INLK0089","HAMMOND 0.6 SSW, IN US","2019-10-30",,,,,,
"US1INLK0089","HAMMOND 0.6 SSW, IN US","2019-10-31",,,,,,
"US1INLK0089","HAMMOND 0.6 SSW, IN US","2019-11-01",,,,,,
"US1INLK0089","HAMMOND 0.6 SSW, IN US","2019-11-02",,,,,,
"US1INLK0089","HAMMOND 0.6 SSW, IN US","2019-11-03",,,,,,
"US1INLK0089","HAMMOND 0.6 SSW, IN US","2019-11-11",,,,,,
"US1INLK0089","HAMMOND 0.6 SSW, IN US","2019-12-29",,,,,,
"US1INLK0089","HAMMOND 0.6 SSW, IN US","2019-12-30",,,,,,
"US1INLK0089","HAMMOND 0.6 SSW, IN US","2020-01-10",,,,,,
"US1INLK0089","HAMMOND 0.6 SSW, IN US","2020-01-11",,,,,,
"US1INLK0089","HAMMOND 0.6 SSW, IN US","2020-01-12",,,,,,
"US1INLK0089","HAMMOND 0.6 SSW, IN US","2020-01-13",,,,,,
"US1INLK0089","HAMMOND 0.6 SSW, IN US","2020-01-14",,,,,,
"US1INLK0089","HAMMOND 0.6 SSW, IN US","2020-01-18",,,,,,
"US1INLK0089","HAMMOND 0.6 SSW, IN US","2020-02-01",,,,,,
"US1INLK0089","HAMMOND 0.6 SSW, IN US","2020-02-25",,,,,,
"US1INLK0089","HAMMOND 0.6 SSW, IN US","2020-02-26",,,,,,
"US1INLK0089","HAMMOND 0.6 SSW, IN US","2020-02-29",,,,,,
"US1INLK0089","HAMMOND 0.6 SSW, IN US","2020-03-01",,,,,,
"US1INLK0089","HAMMOND 0.6 SSW, IN US","2020-03-02",,,,,,
"US1INLK0089","HAMMOND 0.6 SSW, IN US","2020-03-03",,,,,,
"US1INLK0089","HAMMOND 0.6 SSW, IN US","2020-03-04",,,,,,
"US1INLK0089","HAMMOND 0.6 SSW, IN US","2020-03-05",,,,,,
"US1INLK0089","HAMMOND 0.6 SSW, IN US","2020-03-06",,,,,,
"US1INLK0089","HAMMOND 0.6 SSW, IN US","2020-03-07",,,,,,
"US1INLK0089","HAMMOND 0.6 SSW, IN US","2020-03-08",,,,,,
"US1INLK0089","HAMMOND 0.6 SSW, IN US","2020-03-09",,,,,,
"US1INLK0089","HAMMOND 0.6 SSW, IN US","2020-03-10",,,,,,
"US1INLK0089","HAMMOND 0.6 SSW, IN US","2020-03-11",,,,,,
"US1INLK0089","HAMMOND 0.6 SSW, IN US","2020-03-12",,,,,,
"US1INLK0089","HAMMOND 0.6 SSW, IN US","2020-03-13",,,,,,
"US1INLK0089","HAMMOND 0.6 SSW, IN US","2020-03-14",,,,,,
"US1INLK0089","HAMMOND 0.6 SSW, IN US","2020-03-15",,,,,,
"US1INLK0089","HAMMOND 0.6 SSW, IN US","2020-03-16",,,,,,
"US1INLK0089","HAMMOND 0.6 SSW, IN US","2020-03-17",,,,,,
"US1INLK0089","HAMMOND 0.6 SSW, IN US","2020-03-18",,,,,,
"US1INLK0089","HAMMOND 0.6 SSW, IN US","2020-03-19",,,,,,
"US1INLK0089","HAMMOND 0.6 SSW, IN US","2020-03-20",,,,,,
"US1INLK0089","HAMMOND 0.6 SSW, IN US","2020-03-21",,,,,,
"US1INLK0089","HAMMOND 0.6 SSW, IN US","2020-03-22",,,,,,
"US1INLK0089","HAMMOND 0.6 SSW, IN US","2020-03-23",,,,,,
"US1INLK0089","HAMMOND 0.6 SSW, IN US","2020-03-24",,,,,,
"US1INLK0089","HAMMOND 0.6 SSW, IN US","2020-03-25",,,,,,
"US1INLK0089","HAMMOND 0.6 SSW, IN US","2020-03-26",,,,,,
"US1INLK0089","HAMMOND 0.6 SSW, IN US","2020-03-28",,,,,,
"US1INLK0089","HAMMOND 0.6 SSW, IN US","2020-03-29",,,,,,
"US1INLK0089","HAMMOND 0.6 SSW, IN US","2020-03-30",,,,,,
"US1INLK0089","HAMMOND 0.6 SSW, IN US","2020-03-31",,,,,,
"US1INLK0089","HAMMOND 0.6 SSW, IN US","2020-04-01",,,,,,
"US1INLK0089","HAMMOND 0.6 SSW, IN US","2020-04-02",,,,,,
"US1INLK0089","HAMMOND 0.6 SSW, IN US","2020-04-03",,,,,,
"US1INLK0089","HAMMOND 0.6 SSW, IN US","2020-04-04",,,,,,
"US1INLK0089","HAMMOND 0.6 SSW, IN US","2020-04-05",,,,,,
"US1INLK0089","HAMMOND 0.6 SSW, IN US","2020-04-06",,,,,,
"US1INLK0089","HAMMOND 0.6 SSW, IN US","2020-04-07",,,,,,
"US1INLK0089","HAMMOND 0.6 SSW, IN US","2020-04-08",,,,,,
"US1INLK0089","HAMMOND 0.6 SSW, IN US","2020-04-09",,,,,,
"US1INLK0089","HAMMOND 0.6 SSW, IN US","2020-04-10",,,,,,
"US1INLK0089","HAMMOND 0.6 SSW, IN US","2020-04-11",,,,,,
"US1INLK0089","HAMMOND 0.6 SSW, IN US","2020-04-12",,,,,,
"US1INLK0089","HAMMOND 0.6 SSW, IN US","2020-04-13",,,,,,
"US1INLK0089","HAMMOND 0.6 SSW, IN US","2020-04-14",,,,,,
"US1INLK0089","HAMMOND 0.6 SSW, IN US","2020-04-15",,,,,,
"US1INLK0089","HAMMOND 0.6 SSW, IN US","2020-04-16",,,,,,
"US1INLK0089","HAMMOND 0.6 SSW, IN US","2020-04-17",,,,,,
"US1INLK0089","HAMMOND 0.6 SSW, IN US","2020-04-18",,,,,,
"US1INLK0089","HAMMOND 0.6 SSW, IN US","2020-04-19",,,,,,
"US1INLK0089","HAMMOND 0.6 SSW, IN US","2020-04-20",,,,,,
"US1INLK0089","HAMMOND 0.6 SSW, IN US","2020-04-21",,,,,,
"US1INLK0089","HAMMOND 0.6 SSW, IN US","2020-04-22",,,,,,
"US1INLK0089","HAMMOND 0.6 SSW, IN US","2020-04-23",,,,,,
"US1INLK0089","HAMMOND 0.6 SSW, IN US","2020-04-24",,,,,,
"US1INLK0089","HAMMOND 0.6 SSW, IN US","2020-04-25",,,,,,
"US1INLK0089","HAMMOND 0.6 SSW, IN US","2020-04-26",,,,,,
"US1INLK0089","HAMMOND 0.6 SSW, IN US","2020-04-27",,,,,,
"US1INLK0089","HAMMOND 0.6 SSW, IN US","2020-04-28",,,,,,
"US1INLK0089","HAMMOND 0.6 SSW, IN US","2020-04-29",,,,,,
"US1INLK0089","HAMMOND 0.6 SSW, IN US","2020-04-30",,,,,,
"US1INLK0089","HAMMOND 0.6 SSW, IN US","2020-05-01",,,,,,
"US1INLK0089","HAMMOND 0.6 SSW, IN US","2020-05-02",,,,,,
"US1INLK0089","HAMMOND 0.6 SSW, IN US","2020-05-03",,,,,,
"US1INLK0089","HAMMOND 0.6 SSW, IN US","2020-05-04",,,,,,
"US1INLK0089","HAMMOND 0.6 SSW, IN US","2020-05-05",,,,,,
"US1INLK0089","HAMMOND 0.6 SSW, IN US","2020-05-06",,,,,,
"US1INLK0089","HAMMOND 0.6 SSW, IN US","2020-05-07",,,,,,
"US1INLK0089","HAMMOND 0.6 SSW, IN US","2020-05-08",,,,,,
"US1INLK0089","HAMMOND 0.6 SSW, IN US","2020-05-09",,,,,,
"US1INLK0089","HAMMOND 0.6 SSW, IN US","2020-05-10",,,,,,
"US1INLK0089","HAMMOND 0.6 SSW, IN US","2020-05-11",,,,,,
"US1INLK0089","HAMMOND 0.6 SSW, IN US","2020-05-12",,,,,,
"US1INLK0089","HAMMOND 0.6 SSW, IN US","2020-05-13",,,,,,
"US1INLK0089","HAMMOND 0.6 SSW, IN US","2020-05-14",,,,,,
"US1INLK0089","HAMMOND 0.6 SSW, IN US","2020-05-15",,,,,,
"US1INLK0089","HAMMOND 0.6 SSW, IN US","2020-05-16",,,,,,
"US1INLK0089","HAMMOND 0.6 SSW, IN US","2020-05-17",,,,,,
"US1INLK0089","HAMMOND 0.6 SSW, IN US","2020-05-18",,,,,,
"US1INLK0089","HAMMOND 0.6 SSW, IN US","2020-05-19",,,,,,
"US1INLK0089","HAMMOND 0.6 SSW, IN US","2020-05-20",,,,,,
"US1INLK0089","HAMMOND 0.6 SSW, IN US","2020-05-21",,,,,,
"US1INLK0089","HAMMOND 0.6 SSW, IN US","2020-05-22",,,,,,
"US1INLK0089","HAMMOND 0.6 SSW, IN US","2020-05-23",,,,,,
"US1INLK0089","HAMMOND 0.6 SSW, IN US","2020-05-24",,,,,,
"US1INLK0089","HAMMOND 0.6 SSW, IN US","2020-05-25",,,,,,
"US1INLK0089","HAMMOND 0.6 SSW, IN US","2020-05-26",,,,,,
"US1INLK0089","HAMMOND 0.6 SSW, IN US","2020-05-27",,,,,,
"US1INLK0089","HAMMOND 0.6 SSW, IN US","2020-05-28",,,,,,
"US1INLK0089","HAMMOND 0.6 SSW, IN US","2020-05-29",,,,,,
"US1INLK0089","HAMMOND 0.6 SSW, IN US","2020-05-30",,,,,,
"US1INLK0089","HAMMOND 0.6 SSW, IN US","2020-05-31",,,,,,
"US1INLK0089","HAMMOND 0.6 SSW, IN US","2020-06-01",,,,,,
"US1INLK0089","HAMMOND 0.6 SSW, IN US","2020-06-02",,,,,,
"US1INLK0089","HAMMOND 0.6 SSW, IN US","2020-06-03",,,,,,
"US1INLK0089","HAMMOND 0.6 SSW, IN US","2020-06-04",,,,,,
"US1INLK0089","HAMMOND 0.6 SSW, IN US","2020-06-05",,,,,,
"US1INLK0089","HAMMOND 0.6 SSW, IN US","2020-06-06",,,,,,
"US1INLK0089","HAMMOND 0.6 SSW, IN US","2020-06-07",,,,,,
"US1INLK0089","HAMMOND 0.6 SSW, IN US","2020-06-08",,,,,,
"US1INLK0089","HAMMOND 0.6 SSW, IN US","2020-06-09",,,,,,
"US1INLK0089","HAMMOND 0.6 SSW, IN US","2020-06-10",,,,,,
"US1INLK0089","HAMMOND 0.6 SSW, IN US","2020-06-11",,,,,,
"US1INLK0089","HAMMOND 0.6 SSW, IN US","2020-06-12",,,,,,
"US1INLK0089","HAMMOND 0.6 SSW, IN US","2020-06-13",,,,,,
"US1INLK0089","HAMMOND 0.6 SSW, IN US","2020-06-14",,,,,,
"US1INLK0089","HAMMOND 0.6 SSW, IN US","2020-06-15",,,,,,
"US1INLK0089","HAMMOND 0.6 SSW, IN US","2020-06-16",,,,,,
"US1INLK0089","HAMMOND 0.6 SSW, IN US","2020-06-17",,,,,,
"US1INLK0089","HAMMOND 0.6 SSW, IN US","2020-06-18",,,,,,
"US1INLK0089","HAMMOND 0.6 SSW, IN US","2020-06-19",,,,,,
"US1INLK0089","HAMMOND 0.6 SSW, IN US","2020-06-20",,,,,,
"US1INLK0089","HAMMOND 0.6 SSW, IN US","2020-06-21",,,,,,
"US1INLK0089","HAMMOND 0.6 SSW, IN US","2020-06-22",,,,,,
"US1INLK0089","HAMMOND 0.6 SSW, IN US","2020-06-23",,,,,,
"US1INLK0089","HAMMOND 0.6 SSW, IN US","2020-06-24",,,,,,
"US1INLK0089","HAMMOND 0.6 SSW, IN US","2020-06-25",,,,,,
"US1INLK0089","HAMMOND 0.6 SSW, IN US","2020-06-26",,,,,,
"US1INLK0089","HAMMOND 0.6 SSW, IN US","2020-06-27",,,,,,
"US1INLK0089","HAMMOND 0.6 SSW, IN US","2020-06-28",,,,,,
"US1INLK0089","HAMMOND 0.6 SSW, IN US","2020-06-29",,,,,,
"US1INLK0089","HAMMOND 0.6 SSW, IN US","2020-06-30",,,,,,
"US1INLK0089","HAMMOND 0.6 SSW, IN US","2020-07-01",,,,,,
"US1INLK0089","HAMMOND 0.6 SSW, IN US","2020-07-03",,,,,,
"US1INLK0089","HAMMOND 0.6 SSW, IN US","2020-07-04",,,,,,
"US1INLK0089","HAMMOND 0.6 SSW, IN US","2020-07-05",,,,,,
"US1INLK0089","HAMMOND 0.6 SSW, IN US","2020-07-06",,,,,,
"US1INLK0089","HAMMOND 0.6 SSW, IN US","2020-07-07",,,,,,
"US1INLK0089","HAMMOND 0.6 SSW, IN US","2020-07-08",,,,,,
"US1INLK0089","HAMMOND 0.6 SSW, IN US","2020-07-09",,,,,,
"US1INLK0089","HAMMOND 0.6 SSW, IN US","2020-07-10",,,,,,
"US1INLK0089","HAMMOND 0.6 SSW, IN US","2020-07-11",,,,,,
"US1INLK0089","HAMMOND 0.6 SSW, IN US","2020-07-12",,,,,,
"US1INLK0089","HAMMOND 0.6 SSW, IN US","2020-07-13",,,,,,
"US1INLK0089","HAMMOND 0.6 SSW, IN US","2020-07-14",,,,,,
"US1INLK0089","HAMMOND 0.6 SSW, IN US","2020-07-15",,,,,,
"US1INLK0089","HAMMOND 0.6 SSW, IN US","2020-07-16",,,,,,
"US1INLK0089","HAMMOND 0.6 SSW, IN US","2020-07-17",,,,,,
"US1INLK0089","HAMMOND 0.6 SSW, IN US","2020-07-18",,,,,,
"US1INLK0089","HAMMOND 0.6 SSW, IN US","2020-07-19",,,,,,
"US1INLK0089","HAMMOND 0.6 SSW, IN US","2020-07-20",,,,,,
"US1INLK0089","HAMMOND 0.6 SSW, IN US","2020-07-21",,,,,,
"US1INLK0089","HAMMOND 0.6 SSW, IN US","2020-07-22",,,,,,
"US1INLK0089","HAMMOND 0.6 SSW, IN US","2020-07-23",,,,,,
"US1INLK0089","HAMMOND 0.6 SSW, IN US","2020-07-24",,,,,,
"US1INLK0089","HAMMOND 0.6 SSW, IN US","2020-07-25",,,,,,
"US1INLK0089","HAMMOND 0.6 SSW, IN US","2020-07-26",,,,,,
"US1INLK0089","HAMMOND 0.6 SSW, IN US","2020-07-27",,,,,,
"US1INLK0089","HAMMOND 0.6 SSW, IN US","2020-07-28",,,,,,
"US1INLK0089","HAMMOND 0.6 SSW, IN US","2020-07-30",,,,,,
"US1INLK0089","HAMMOND 0.6 SSW, IN US","2020-07-31",,,,,,
"US1INLK0089","HAMMOND 0.6 SSW, IN US","2020-08-01",,,,,,
"US1INLK0089","HAMMOND 0.6 SSW, IN US","2020-08-02",,,,,,
"US1INLK0089","HAMMOND 0.6 SSW, IN US","2020-08-03",,,,,,
"US1INLK0089","HAMMOND 0.6 SSW, IN US","2020-08-04",,,,,,
"US1INLK0089","HAMMOND 0.6 SSW, IN US","2020-08-05",,,,,,
"US1INLK0089","HAMMOND 0.6 SSW, IN US","2020-08-06",,,,,,
"US1INLK0089","HAMMOND 0.6 SSW, IN US","2020-08-07",,,,,,
"US1INLK0089","HAMMOND 0.6 SSW, IN US","2020-08-08",,,,,,
"US1INLK0089","HAMMOND 0.6 SSW, IN US","2020-08-09",,,,,,
"US1INLK0089","HAMMOND 0.6 SSW, IN US","2020-08-10",,,,,,
"US1INLK0089","HAMMOND 0.6 SSW, IN US","2020-08-11",,,,,,
"US1INLK0089","HAMMOND 0.6 SSW, IN US","2020-08-12",,,,,,
"US1INLK0089","HAMMOND 0.6 SSW, IN US","2020-08-13",,,,,,
"US1INLK0089","HAMMOND 0.6 SSW, IN US","2020-08-14",,,,,,
"US1INLK0089","HAMMOND 0.6 SSW, IN US","2020-08-15",,,,,,
"US1INLK0089","HAMMOND 0.6 SSW, IN US","2020-08-16",,,,,,
"US1INLK0089","HAMMOND 0.6 SSW, IN US","2020-08-17",,,,,,
"US1INLK0089","HAMMOND 0.6 SSW, IN US","2020-08-18",,,,,,
"US1INLK0089","HAMMOND 0.6 SSW, IN US","2020-08-19",,,,,,
"US1INLK0089","HAMMOND 0.6 SSW, IN US","2020-08-20",,,,,,
"US1INLK0089","HAMMOND 0.6 SSW, IN US","2020-08-21",,,,,,
"US1INLK0089","HAMMOND 0.6 SSW, IN US","2020-08-22",,,,,,
"US1INLK0089","HAMMOND 0.6 SSW, IN US","2020-08-23",,,,,,
"US1INLK0089","HAMMOND 0.6 SSW, IN US","2020-08-24",,,,,,
"US1INLK0089","HAMMOND 0.6 SSW, IN US","2020-08-25",,,,,,
"US1INLK0089","HAMMOND 0.6 SSW, IN US","2020-08-26",,,,,,
"US1INLK0089","HAMMOND 0.6 SSW, IN US","2020-08-27",,,,,,
"US1INLK0089","HAMMOND 0.6 SSW, IN US","2020-08-28",,,,,,
"US1INLK0089","HAMMOND 0.6 SSW, IN US","2020-08-29",,,,,,
"US1INLK0089","HAMMOND 0.6 SSW, IN US","2020-08-30",,,,,,
"US1INLK0089","HAMMOND 0.6 SSW, IN US","2020-08-31",,,,,,
"US1INLK0089","HAMMOND 0.6 SSW, IN US","2020-09-01",,,,,,
"US1INLK0089","HAMMOND 0.6 SSW, IN US","2020-09-02",,,,,,
"US1INLK0089","HAMMOND 0.6 SSW, IN US","2020-09-03",,,,,,
"US1INLK0089","HAMMOND 0.6 SSW, IN US","2020-09-04",,,,,,
"US1INLK0089","HAMMOND 0.6 SSW, IN US","2020-09-05",,,,,,
"US1INLK0089","HAMMOND 0.6 SSW, IN US","2020-09-06",,,,,,
"US1INLK0089","HAMMOND 0.6 SSW, IN US","2020-09-07",,,,,,
"US1INLK0089","HAMMOND 0.6 SSW, IN US","2020-09-08",,,,,,
"US1ILCK0069","PARK FOREST 0.8 NNE, IL US","2019-10-02",,,,,,
"US1ILCK0069","PARK FOREST 0.8 NNE, IL US","2019-10-06",,,,,,
"US1ILCK0069","PARK FOREST 0.8 NNE, IL US","2019-10-11",,,,,,
"US1ILCK0069","PARK FOREST 0.8 NNE, IL US","2019-10-21",,,,,,
"US1ILCK0069","PARK FOREST 0.8 NNE, IL US","2019-10-22",,,,,,
"US1ILCK0069","PARK FOREST 0.8 NNE, IL US","2019-10-27",,,,,,
"US1ILCK0069","PARK FOREST 0.8 NNE, IL US","2019-10-29",,,,,,
"US1ILCK0069","PARK FOREST 0.8 NNE, IL US","2019-10-30",,,,,,
"US1ILCK0069","PARK FOREST 0.8 NNE, IL US","2019-10-31",,,,,,
"US1ILCK0069","PARK FOREST 0.8 NNE, IL US","2019-11-01",,,,,,
"US1ILCK0069","PARK FOREST 0.8 NNE, IL US","2019-11-12",,,,,,
"US1ILCK0069","PARK FOREST 0.8 NNE, IL US","2019-11-20",,,,,,
"US1ILCK0069","PARK FOREST 0.8 NNE, IL US","2019-11-21",,,,,,
"US1ILCK0069","PARK FOREST 0.8 NNE, IL US","2019-11-22",,,,,,
"US1ILCK0069","PARK FOREST 0.8 NNE, IL US","2019-11-27",,,,,,
"US1ILCK0069","PARK FOREST 0.8 NNE, IL US","2019-12-09",,,,,,
"US1ILCK0069","PARK FOREST 0.8 NNE, IL US","2019-12-10",,,,,,
"US1ILCK0069","PARK FOREST 0.8 NNE, IL US","2019-12-11",,,,,,
"US1ILCK0069","PARK FOREST 0.8 NNE, IL US","2020-01-02",,,,,,
"US1ILCK0069","PARK FOREST 0.8 NNE, IL US","2020-01-03",,,,,,
"US1ILCK0069","PARK FOREST 0.8 NNE, IL US","2020-01-04",,,,,,
"US1ILCK0069","PARK FOREST 0.8 NNE, IL US","2020-01-05",,,,,,
"US1ILCK0069","PARK FOREST 0.8 NNE, IL US","2020-01-06",,,,,,
"US1ILCK0069","PARK FOREST 0.8 NNE, IL US","2020-01-07",,,,,,
"US1ILCK0069","PARK FOREST 0.8 NNE, IL US","2020-01-08",,,,,,
"US1ILCK0069","PARK FOREST 0.8 NNE, IL US","2020-01-09",,,,,,
"US1ILCK0069","PARK FOREST 0.8 NNE, IL US","2020-01-10",,,,,,
"US1ILCK0069","PARK FOREST 0.8 NNE, IL US","2020-01-11",,,,,,
"US1ILCK0069","PARK FOREST 0.8 NNE, IL US","2020-01-12",,,,,,
"US1ILCK0069","PARK FOREST 0.8 NNE, IL US","2020-01-13",,,,,,
"US1ILCK0069","PARK FOREST 0.8 NNE, IL US","2020-01-14",,,,,,
"US1ILCK0069","PARK FOREST 0.8 NNE, IL US","2020-01-15",,,,,,
"US1ILCK0069","PARK FOREST 0.8 NNE, IL US","2020-01-16",,,,,,
"US1ILCK0069","PARK FOREST 0.8 NNE, IL US","2020-01-17",,,,,,
"US1ILCK0069","PARK FOREST 0.8 NNE, IL US","2020-01-18",,,,,,
"US1ILCK0069","PARK FOREST 0.8 NNE, IL US","2020-01-19",,,,,,
"US1ILCK0069","PARK FOREST 0.8 NNE, IL US","2020-01-20",,,,,,
"US1ILCK0069","PARK FOREST 0.8 NNE, IL US","2020-01-21",,,,,,
"US1ILCK0069","PARK FOREST 0.8 NNE, IL US","2020-01-22",,,,,,
"US1ILCK0069","PARK FOREST 0.8 NNE, IL US","2020-01-23",,,,,,
"US1ILCK0069","PARK FOREST 0.8 NNE, IL US","2020-01-24",,,,,,
"US1ILCK0069","PARK FOREST 0.8 NNE, IL US","2020-01-25",,,,,,
"US1ILCK0069","PARK FOREST 0.8 NNE, IL US","2020-01-27",,,,,,
"US1ILCK0069","PARK FOREST 0.8 NNE, IL US","2020-01-28",,,,,,
"US1ILCK0069","PARK FOREST 0.8 NNE, IL US","2020-01-29",,,,,,
"US1ILCK0069","PARK FOREST 0.8 NNE, IL US","2020-01-30",,,,,,
"US1ILCK0069","PARK FOREST 0.8 NNE, IL US","2020-01-31",,,,,,
"US1ILCK0069","PARK FOREST 0.8 NNE, IL US","2020-02-01",,,,,,
"US1ILCK0069","PARK FOREST 0.8 NNE, IL US","2020-02-02",,,,,,
"US1ILCK0069","PARK FOREST 0.8 NNE, IL US","2020-02-03",,,,,,
"US1ILCK0069","PARK FOREST 0.8 NNE, IL US","2020-02-04",,,,,,
"US1ILCK0069","PARK FOREST 0.8 NNE, IL US","2020-02-05",,,,,,
"US1ILCK0069","PARK FOREST 0.8 NNE, IL US","2020-02-06",,,,,,
"US1ILCK0069","PARK FOREST 0.8 NNE, IL US","2020-02-07",,,,,,
"US1ILCK0069","PARK FOREST 0.8 NNE, IL US","2020-02-13",,,,,,
"US1ILCK0069","PARK FOREST 0.8 NNE, IL US","2020-02-25",,,,,,
"US1ILCK0069","PARK FOREST 0.8 NNE, IL US","2020-02-26",,,,,,
"US1ILCK0069","PARK FOREST 0.8 NNE, IL US","2020-03-04",,,,,,
"US1ILCK0069","PARK FOREST 0.8 NNE, IL US","2020-03-09",,,,,,
"US1ILCK0069","PARK FOREST 0.8 NNE, IL US","2020-03-10",,,,,,
"US1ILCK0069","PARK FOREST 0.8 NNE, IL US","2020-03-14",,,,,,
"US1ILCK0069","PARK FOREST 0.8 NNE, IL US","2020-03-19",,,,,,
"US1ILCK0069","PARK FOREST 0.8 NNE, IL US","2020-03-20",,,,,,
"US1ILCK0069","PARK FOREST 0.8 NNE, IL US","2020-03-22",,,,,,
"US1ILCK0069","PARK FOREST 0.8 NNE, IL US","2020-03-23",,,,,,
"US1ILCK0069","PARK FOREST 0.8 NNE, IL US","2020-03-27",,,,,,
"US1ILCK0069","PARK FOREST 0.8 NNE, IL US","2020-03-28",,,,,,
"US1ILCK0069","PARK FOREST 0.8 NNE, IL US","2020-03-29",,,,,,
"US1ILCK0069","PARK FOREST 0.8 NNE, IL US","2020-04-04",,,,,,
"US1ILCK0069","PARK FOREST 0.8 NNE, IL US","2020-04-07",,,,,,
"US1ILCK0069","PARK FOREST 0.8 NNE, IL US","2020-04-08",,,,,,
"US1ILCK0069","PARK FOREST 0.8 NNE, IL US","2020-04-09",,,,,,
"US1ILCK0069","PARK FOREST 0.8 NNE, IL US","2020-04-11",,,,,,
"US1ILCK0069","PARK FOREST 0.8 NNE, IL US","2020-04-12",,,,,,
"US1ILCK0069","PARK FOREST 0.8 NNE, IL US","2020-04-13",,,,,,
"US1ILCK0069","PARK FOREST 0.8 NNE, IL US","2020-04-14",,,,,,
"US1ILCK0069","PARK FOREST 0.8 NNE, IL US","2020-04-15",,,,,,
"US1ILCK0069","PARK FOREST 0.8 NNE, IL US","2020-04-17",,,,,,
"US1ILCK0069","PARK FOREST 0.8 NNE, IL US","2020-04-25",,,,,,
"US1ILCK0069","PARK FOREST 0.8 NNE, IL US","2020-04-26",,,,,,
"US1ILCK0069","PARK FOREST 0.8 NNE, IL US","2020-04-28",,,,,,
"US1ILCK0069","PARK FOREST 0.8 NNE, IL US","2020-04-29",,,,,,
"US1ILCK0069","PARK FOREST 0.8 NNE, IL US","2020-04-30",,,,,,
"US1ILCK0069","PARK FOREST 0.8 NNE, IL US","2020-05-01",,,,,,
"US1ILCK0069","PARK FOREST 0.8 NNE, IL US","2020-05-02",,,,,,
"US1ILCK0069","PARK FOREST 0.8 NNE, IL US","2020-05-03",,,,,,
"US1ILCK0069","PARK FOREST 0.8 NNE, IL US","2020-05-04",,,,,,
"US1ILCK0069","PARK FOREST 0.8 NNE, IL US","2020-05-05",,,,,,
"US1ILCK0069","PARK FOREST 0.8 NNE, IL US","2020-05-06",,,,,,
"US1ILCK0069","PARK FOREST 0.8 NNE, IL US","2020-05-07",,,,,,
"US1ILCK0069","PARK FOREST 0.8 NNE, IL US","2020-05-08",,,,,,
"US1ILCK0069","PARK FOREST 0.8 NNE, IL US","2020-05-09",,,,,,
"US1ILCK0069","PARK FOREST 0.8 NNE, IL US","2020-05-10",,,,,,
"US1ILCK0069","PARK FOREST 0.8 NNE, IL US","2020-05-11",,,,,,
"US1ILCK0069","PARK FOREST 0.8 NNE, IL US","2020-05-13",,,,,,
"US1ILCK0069","PARK FOREST 0.8 NNE, IL US","2020-05-14",,,,,,
"US1ILCK0069","PARK FOREST 0.8 NNE, IL US","2020-05-15",,,,,,
"US1ILCK0069","PARK FOREST 0.8 NNE, IL US","2020-05-16",,,,,,
"US1ILCK0069","PARK FOREST 0.8 NNE, IL US","2020-05-17",,,,,,
"US1ILCK0069","PARK FOREST 0.8 NNE, IL US","2020-05-18",,,,,,
"US1ILCK0069","PARK FOREST 0.8 NNE, IL US","2020-05-19",,,,,,
"US1ILCK0069","PARK FOREST 0.8 NNE, IL US","2020-05-20",,,,,,
"US1ILCK0069","PARK FOREST 0.8 NNE, IL US","2020-05-21",,,,,,
"US1ILCK0069","PARK FOREST 0.8 NNE, IL US","2020-05-22",,,,,,
"US1ILCK0069","PARK FOREST 0.8 NNE, IL US","2020-05-23",,,,,,
"US1ILCK0069","PARK FOREST 0.8 NNE, IL US","2020-05-24",,,,,,
"US1ILCK0069","PARK FOREST 0.8 NNE, IL US","2020-05-25",,,,,,
"US1ILCK0069","PARK FOREST 0.8 NNE, IL US","2020-05-26",,,,,,
"US1ILCK0069","PARK FOREST 0.8 NNE, IL US","2020-05-27",,,,,,
"US1ILCK0069","PARK FOREST 0.8 NNE, IL US","2020-05-28",,,,,,
"US1ILCK0069","PARK FOREST 0.8 NNE, IL US","2020-05-29",,,,,,
"US1ILCK0069","PARK FOREST 0.8 NNE, IL US","2020-05-30",,,,,,
"US1ILCK0069","PARK FOREST 0.8 NNE, IL US","2020-05-31",,,,,,
"US1ILCK0069","PARK FOREST 0.8 NNE, IL US","2020-06-01",,,,,,
"US1ILCK0069","PARK FOREST 0.8 NNE, IL US","2020-06-02",,,,,,
"US1ILCK0069","PARK FOREST 0.8 NNE, IL US","2020-06-03",,,,,,
"US1ILCK0069","PARK FOREST 0.8 NNE, IL US","2020-06-04",,,,,,
"US1ILCK0069","PARK FOREST 0.8 NNE, IL US","2020-06-05",,,,,,
"US1ILCK0069","PARK FOREST 0.8 NNE, IL US","2020-06-06",,,,,,
"US1ILCK0069","PARK FOREST 0.8 NNE, IL US","2020-06-07",,,,,,
"US1ILCK0069","PARK FOREST 0.8 NNE, IL US","2020-06-08",,,,,,
"US1ILCK0069","PARK FOREST 0.8 NNE, IL US","2020-06-09",,,,,,
"US1ILCK0069","PARK FOREST 0.8 NNE, IL US","2020-06-10",,,,,,
"US1ILCK0069","PARK FOREST 0.8 NNE, IL US","2020-06-11",,,,,,
"US1ILCK0069","PARK FOREST 0.8 NNE, IL US","2020-06-12",,,,,,
"US1ILCK0069","PARK FOREST 0.8 NNE, IL US","2020-06-13",,,,,,
"US1ILCK0069","PARK FOREST 0.8 NNE, IL US","2020-06-14",,,,,,
"US1ILCK0069","PARK FOREST 0.8 NNE, IL US","2020-06-15",,,,,,
"US1ILCK0069","PARK FOREST 0.8 NNE, IL US","2020-06-21",,,,,,
"US1ILCK0069","PARK FOREST 0.8 NNE, IL US","2020-06-22",,,,,,
"US1ILCK0069","PARK FOREST 0.8 NNE, IL US","2020-06-23",,,,,,
"US1ILCK0069","PARK FOREST 0.8 NNE, IL US","2020-06-25",,,,,,
"US1ILCK0069","PARK FOREST 0.8 NNE, IL US","2020-06-26",,,,,,
"US1ILCK0069","PARK FOREST 0.8 NNE, IL US","2020-06-27",,,,,,
"US1ILCK0069","PARK FOREST 0.8 NNE, IL US","2020-06-28",,,,,,
"US1ILCK0069","PARK FOREST 0.8 NNE, IL US","2020-06-30",,,,,,
"US1ILCK0069","PARK FOREST 0.8 NNE, IL US","2020-07-01",,,,,,
"US1ILCK0069","PARK FOREST 0.8 NNE, IL US","2020-07-11",,,,,,
"US1ILCK0069","PARK FOREST 0.8 NNE, IL US","2020-07-12",,,,,,
"US1ILCK0069","PARK FOREST 0.8 NNE, IL US","2020-07-13",,,,,,
"US1ILCK0069","PARK FOREST 0.8 NNE, IL US","2020-07-16",,,,,,
"US1ILCK0069","PARK FOREST 0.8 NNE, IL US","2020-07-19",,,,,,
"US1ILCK0069","PARK FOREST 0.8 NNE, IL US","2020-07-20",,,,,,
"US1ILCK0069","PARK FOREST 0.8 NNE, IL US","2020-07-22",,,,,,
"US1ILCK0069","PARK FOREST 0.8 NNE, IL US","2020-07-27",,,,,,
"US1ILCK0069","PARK FOREST 0.8 NNE, IL US","2020-07-28",,,,,,
"US1ILCK0069","PARK FOREST 0.8 NNE, IL US","2020-07-30",,,,,,
"US1ILCK0069","PARK FOREST 0.8 NNE, IL US","2020-07-31",,,,,,
"US1ILCK0069","PARK FOREST 0.8 NNE, IL US","2020-08-01",,,,,,
"US1ILCK0069","PARK FOREST 0.8 NNE, IL US","2020-08-02",,,,,,
"US1ILCK0069","PARK FOREST 0.8 NNE, IL US","2020-08-03",,,,,,
"US1ILCK0069","PARK FOREST 0.8 NNE, IL US","2020-08-04",,,,,,
"US1ILCK0069","PARK FOREST 0.8 NNE, IL US","2020-08-05",,,,,,
"US1ILCK0069","PARK FOREST 0.8 NNE, IL US","2020-08-06",,,,,,
"US1ILCK0069","PARK FOREST 0.8 NNE, IL US","2020-08-07",,,,,,
"US1ILCK0069","PARK FOREST 0.8 NNE, IL US","2020-08-08",,,,,,
"US1ILCK0069","PARK FOREST 0.8 NNE, IL US","2020-08-09",,,,,,
"US1ILCK0069","PARK FOREST 0.8 NNE, IL US","2020-08-10",,,,,,
"US1ILCK0069","PARK FOREST 0.8 NNE, IL US","2020-08-11",,,,,,
"US1ILCK0069","PARK FOREST 0.8 NNE, IL US","2020-08-12",,,,,,
"US1ILCK0069","PARK FOREST 0.8 NNE, IL US","2020-08-13",,,,,,
"US1ILCK0069","PARK FOREST 0.8 NNE, IL US","2020-08-14",,,,,,
"US1ILCK0069","PARK FOREST 0.8 NNE, IL US","2020-08-15",,,,,,
"US1ILCK0069","PARK FOREST 0.8 NNE, IL US","2020-08-16",,,,,,
"US1ILCK0069","PARK FOREST 0.8 NNE, IL US","2020-08-17",,,,,,
"US1ILCK0069","PARK FOREST 0.8 NNE, IL US","2020-08-19",,,,,,
"US1ILCK0069","PARK FOREST 0.8 NNE, IL US","2020-08-20",,,,,,
"US1ILCK0069","PARK FOREST 0.8 NNE, IL US","2020-08-21",,,,,,
"US1ILCK0069","PARK FOREST 0.8 NNE, IL US","2020-08-22",,,,,,
"US1ILCK0069","PARK FOREST 0.8 NNE, IL US","2020-08-23",,,,,,
"US1ILCK0069","PARK FOREST 0.8 NNE, IL US","2020-08-24",,,,,,
"US1ILCK0069","PARK FOREST 0.8 NNE, IL US","2020-08-25",,,,,,
"US1ILCK0069","PARK FOREST 0.8 NNE, IL US","2020-08-26",,,,,,
"US1ILCK0069","PARK FOREST 0.8 NNE, IL US","2020-08-29",,,,,,
"US1ILCK0069","PARK FOREST 0.8 NNE, IL US","2020-09-02",,,,,,
"US1ILCK0069","PARK FOREST 0.8 NNE, IL US","2020-09-06",,,,,,
"US1ILCK0069","PARK FOREST 0.8 NNE, IL US","2020-09-07",,,,,,
"US1ILCK0069","PARK FOREST 0.8 NNE, IL US","2020-09-08",,,,,,
"US1ILWL0131","HOMER GLEN 0.7 NNE, IL US","2019-10-01",,,,,,
"US1ILWL0131","HOMER GLEN 0.7 NNE, IL US","2019-10-02",,,,,,
"US1ILWL0131","HOMER GLEN 0.7 NNE, IL US","2019-10-03",,,,,,
"US1ILWL0131","HOMER GLEN 0.7 NNE, IL US","2019-10-04",,,,,,
"US1ILWL0131","HOMER GLEN 0.7 NNE, IL US","2019-10-05",,,,,,
"US1ILWL0131","HOMER GLEN 0.7 NNE, IL US","2019-10-06",,,,,,
"US1ILWL0131","HOMER GLEN 0.7 NNE, IL US","2019-10-07",,,,,,
"US1ILWL0131","HOMER GLEN 0.7 NNE, IL US","2019-10-08",,,,,,
"US1ILWL0131","HOMER GLEN 0.7 NNE, IL US","2019-10-09",,,,,,
"US1ILWL0131","HOMER GLEN 0.7 NNE, IL US","2019-10-10",,,,,,
"US1ILWL0131","HOMER GLEN 0.7 NNE, IL US","2019-10-11",,,,,,
"US1ILWL0131","HOMER GLEN 0.7 NNE, IL US","2019-10-12",,,,,,
"US1ILWL0131","HOMER GLEN 0.7 NNE, IL US","2019-10-13",,,,,,
"US1ILWL0131","HOMER GLEN 0.7 NNE, IL US","2019-10-14",,,,,,
"US1ILWL0131","HOMER GLEN 0.7 NNE, IL US","2019-10-15",,,,,,
"US1ILWL0131","HOMER GLEN 0.7 NNE, IL US","2019-10-16",,,,,,
"US1ILWL0131","HOMER GLEN 0.7 NNE, IL US","2019-10-17",,,,,,
"US1ILWL0131","HOMER GLEN 0.7 NNE, IL US","2019-10-18",,,,,,
"US1ILWL0131","HOMER GLEN 0.7 NNE, IL US","2019-10-19",,,,,,
"US1ILWL0131","HOMER GLEN 0.7 NNE, IL US","2019-10-20",,,,,,
"US1ILWL0131","HOMER GLEN 0.7 NNE, IL US","2019-10-21",,,,,,
"US1ILWL0131","HOMER GLEN 0.7 NNE, IL US","2019-10-22",,,,,,
"US1ILWL0131","HOMER GLEN 0.7 NNE, IL US","2019-10-23",,,,,,
"US1ILWL0131","HOMER GLEN 0.7 NNE, IL US","2019-10-24",,,,,,
"US1ILWL0131","HOMER GLEN 0.7 NNE, IL US","2019-10-25",,,,,,
"US1ILWL0131","HOMER GLEN 0.7 NNE, IL US","2019-10-26",,,,,,
"US1ILWL0131","HOMER GLEN 0.7 NNE, IL US","2019-10-27",,,,,,
"US1ILWL0131","HOMER GLEN 0.7 NNE, IL US","2019-10-28",,,,,,
"US1ILWL0131","HOMER GLEN 0.7 NNE, IL US","2019-10-29",,,,,,
"US1ILWL0131","HOMER GLEN 0.7 NNE, IL US","2019-10-30",,,,,,
"US1ILWL0131","HOMER GLEN 0.7 NNE, IL US","2019-10-31",,,,,,
"US1ILWL0131","HOMER GLEN 0.7 NNE, IL US","2019-11-01",,,,,,
"US1ILWL0131","HOMER GLEN 0.7 NNE, IL US","2019-11-02",,,,,,
"US1ILWL0131","HOMER GLEN 0.7 NNE, IL US","2019-11-03",,,,,,
"US1ILWL0131","HOMER GLEN 0.7 NNE, IL US","2019-11-04",,,,,,
"US1ILWL0131","HOMER GLEN 0.7 NNE, IL US","2019-11-05",,,,,,
"US1ILWL0131","HOMER GLEN 0.7 NNE, IL US","2019-11-06",,,,,,
"US1ILWL0131","HOMER GLEN 0.7 NNE, IL US","2019-11-07",,,,,,
"US1ILWL0131","HOMER GLEN 0.7 NNE, IL US","2019-11-08",,,,,,
"US1ILWL0131","HOMER GLEN 0.7 NNE, IL US","2019-11-09",,,,,,
"US1ILWL0131","HOMER GLEN 0.7 NNE, IL US","2019-11-10",,,,,,
"US1ILWL0131","HOMER GLEN 0.7 NNE, IL US","2019-11-11",,,,,,
"US1ILWL0131","HOMER GLEN 0.7 NNE, IL US","2019-11-12",,,,,,
"US1ILWL0131","HOMER GLEN 0.7 NNE, IL US","2019-11-13",,,,,,
"US1ILWL0131","HOMER GLEN 0.7 NNE, IL US","2019-11-14",,,,,,
"US1ILWL0131","HOMER GLEN 0.7 NNE, IL US","2019-11-15",,,,,,
"US1ILWL0131","HOMER GLEN 0.7 NNE, IL US","2019-11-16",,,,,,
"US1ILWL0131","HOMER GLEN 0.7 NNE, IL US","2019-11-17",,,,,,
"US1ILWL0131","HOMER GLEN 0.7 NNE, IL US","2019-11-18",,,,,,
"US1ILWL0131","HOMER GLEN 0.7 NNE, IL US","2019-11-19",,,,,,
"US1ILWL0131","HOMER GLEN 0.7 NNE, IL US","2019-11-20",,,,,,
"US1ILWL0131","HOMER GLEN 0.7 NNE, IL US","2019-11-21",,,,,,
"US1ILWL0131","HOMER GLEN 0.7 NNE, IL US","2019-11-22",,,,,,
"US1ILWL0131","HOMER GLEN 0.7 NNE, IL US","2019-11-23",,,,,,
"US1ILWL0131","HOMER GLEN 0.7 NNE, IL US","2019-11-24",,,,,,
"US1ILWL0131","HOMER GLEN 0.7 NNE, IL US","2019-11-25",,,,,,
"US1ILWL0131","HOMER GLEN 0.7 NNE, IL US","2019-11-26",,,,,,
"US1ILWL0131","HOMER GLEN 0.7 NNE, IL US","2019-11-27",,,,,,
"US1ILWL0131","HOMER GLEN 0.7 NNE, IL US","2019-11-28",,,,,,
"US1ILWL0131","HOMER GLEN 0.7 NNE, IL US","2019-11-29",,,,,,
"US1ILWL0131","HOMER GLEN 0.7 NNE, IL US","2019-11-30",,,,,,
"US1ILWL0131","HOMER GLEN 0.7 NNE, IL US","2019-12-01",,,,,,
"US1ILWL0131","HOMER GLEN 0.7 NNE, IL US","2019-12-02",,,,,,
"US1ILWL0131","HOMER GLEN 0.7 NNE, IL US","2019-12-03",,,,,,
"US1ILWL0131","HOMER GLEN 0.7 NNE, IL US","2019-12-04",,,,,,
"US1ILWL0131","HOMER GLEN 0.7 NNE, IL US","2019-12-05",,,,,,
"US1ILWL0131","HOMER GLEN 0.7 NNE, IL US","2019-12-06",,,,,,
"US1ILWL0131","HOMER GLEN 0.7 NNE, IL US","2019-12-07",,,,,,
"US1ILWL0131","HOMER GLEN 0.7 NNE, IL US","2019-12-08",,,,,,
"US1ILWL0131","HOMER GLEN 0.7 NNE, IL US","2019-12-09",,,,,,
"US1ILWL0131","HOMER GLEN 0.7 NNE, IL US","2019-12-10",,,,,,
"US1ILWL0131","HOMER GLEN 0.7 NNE, IL US","2019-12-11",,,,,,
"US1ILWL0131","HOMER GLEN 0.7 NNE, IL US","2019-12-12",,,,,,
"US1ILWL0131","HOMER GLEN 0.7 NNE, IL US","2019-12-13",,,,,,
"US1ILWL0131","HOMER GLEN 0.7 NNE, IL US","2019-12-14",,,,,,
"US1ILWL0131","HOMER GLEN 0.7 NNE, IL US","2019-12-15",,,,,,
"US1ILWL0131","HOMER GLEN 0.7 NNE, IL US","2019-12-16",,,,,,
"US1ILWL0131","HOMER GLEN 0.7 NNE, IL US","2019-12-17",,,,,,
"US1ILWL0131","HOMER GLEN 0.7 NNE, IL US","2019-12-18",,,,,,
"US1ILWL0131","HOMER GLEN 0.7 NNE, IL US","2019-12-19",,,,,,
"US1ILWL0131","HOMER GLEN 0.7 NNE, IL US","2019-12-20",,,,,,
"US1ILWL0131","HOMER GLEN 0.7 NNE, IL US","2019-12-21",,,,,,
"US1ILWL0131","HOMER GLEN 0.7 NNE, IL US","2019-12-22",,,,,,
"US1ILWL0131","HOMER GLEN 0.7 NNE, IL US","2019-12-23",,,,,,
"US1ILWL0131","HOMER GLEN 0.7 NNE, IL US","2019-12-24",,,,,,
"US1ILWL0131","HOMER GLEN 0.7 NNE, IL US","2019-12-25",,,,,,
"US1ILWL0131","HOMER GLEN 0.7 NNE, IL US","2019-12-26",,,,,,
"US1ILWL0131","HOMER GLEN 0.7 NNE, IL US","2019-12-27",,,,,,
"US1ILWL0131","HOMER GLEN 0.7 NNE, IL US","2019-12-28",,,,,,
"US1ILWL0131","HOMER GLEN 0.7 NNE, IL US","2019-12-29",,,,,,
"US1ILWL0131","HOMER GLEN 0.7 NNE, IL US","2019-12-30",,,,,,
"US1ILWL0131","HOMER GLEN 0.7 NNE, IL US","2019-12-31",,,,,,
"US1ILWL0131","HOMER GLEN 0.7 NNE, IL US","2020-01-01",,,,,,
"US1ILWL0131","HOMER GLEN 0.7 NNE, IL US","2020-01-02",,,,,,
"US1ILWL0131","HOMER GLEN 0.7 NNE, IL US","2020-01-03",,,,,,
"US1ILWL0131","HOMER GLEN 0.7 NNE, IL US","2020-01-04",,,,,,
"US1ILWL0131","HOMER GLEN 0.7 NNE, IL US","2020-01-05",,,,,,
"US1ILWL0131","HOMER GLEN 0.7 NNE, IL US","2020-01-06",,,,,,
"US1ILWL0131","HOMER GLEN 0.7 NNE, IL US","2020-01-07",,,,,,
"US1ILWL0131","HOMER GLEN 0.7 NNE, IL US","2020-01-08",,,,,,
"US1ILWL0131","HOMER GLEN 0.7 NNE, IL US","2020-01-09",,,,,,
"US1ILWL0131","HOMER GLEN 0.7 NNE, IL US","2020-01-10",,,,,,
"US1ILWL0131","HOMER GLEN 0.7 NNE, IL US","2020-01-11",,,,,,
"US1ILWL0131","HOMER GLEN 0.7 NNE, IL US","2020-01-12",,,,,,
"US1ILWL0131","HOMER GLEN 0.7 NNE, IL US","2020-01-13",,,,,,
"US1ILWL0131","HOMER GLEN 0.7 NNE, IL US","2020-01-14",,,,,,
"US1ILWL0131","HOMER GLEN 0.7 NNE, IL US","2020-01-15",,,,,,
"US1ILWL0131","HOMER GLEN 0.7 NNE, IL US","2020-01-16",,,,,,
"US1ILWL0131","HOMER GLEN 0.7 NNE, IL US","2020-01-17",,,,,,
"US1ILWL0131","HOMER GLEN 0.7 NNE, IL US","2020-01-18",,,,,,
"US1ILWL0131","HOMER GLEN 0.7 NNE, IL US","2020-01-19",,,,,,
"US1ILWL0131","HOMER GLEN 0.7 NNE, IL US","2020-01-20",,,,,,
"US1ILWL0131","HOMER GLEN 0.7 NNE, IL US","2020-01-21",,,,,,
"US1ILWL0131","HOMER GLEN 0.7 NNE, IL US","2020-01-22",,,,,,
"US1ILWL0131","HOMER GLEN 0.7 NNE, IL US","2020-01-23",,,,,,
"US1ILWL0131","HOMER GLEN 0.7 NNE, IL US","2020-01-24",,,,,,
"US1ILWL0131","HOMER GLEN 0.7 NNE, IL US","2020-01-25",,,,,,
"US1ILWL0131","HOMER GLEN 0.7 NNE, IL US","2020-01-26",,,,,,
"US1ILWL0131","HOMER GLEN 0.7 NNE, IL US","2020-01-27",,,,,,
"US1ILWL0131","HOMER GLEN 0.7 NNE, IL US","2020-01-28",,,,,,
"US1ILWL0131","HOMER GLEN 0.7 NNE, IL US","2020-01-29",,,,,,
"US1ILWL0131","HOMER GLEN 0.7 NNE, IL US","2020-01-30",,,,,,
"US1ILWL0131","HOMER GLEN 0.7 NNE, IL US","2020-01-31",,,,,,
"US1ILWL0131","HOMER GLEN 0.7 NNE, IL US","2020-02-01",,,,,,
"US1ILWL0131","HOMER GLEN 0.7 NNE, IL US","2020-02-02",,,,,,
"US1ILWL0131","HOMER GLEN 0.7 NNE, IL US","2020-02-03",,,,,,
"US1ILWL0131","HOMER GLEN 0.7 NNE, IL US","2020-02-04",,,,,,
"US1ILWL0131","HOMER GLEN 0.7 NNE, IL US","2020-02-05",,,,,,
"US1ILWL0131","HOMER GLEN 0.7 NNE, IL US","2020-02-06",,,,,,
"US1ILWL0131","HOMER GLEN 0.7 NNE, IL US","2020-02-07",,,,,,
"US1ILWL0131","HOMER GLEN 0.7 NNE, IL US","2020-02-08",,,,,,
"US1ILWL0131","HOMER GLEN 0.7 NNE, IL US","2020-02-09",,,,,,
"US1ILWL0131","HOMER GLEN 0.7 NNE, IL US","2020-02-10",,,,,,
"US1ILWL0131","HOMER GLEN 0.7 NNE, IL US","2020-02-11",,,,,,
"US1ILWL0131","HOMER GLEN 0.7 NNE, IL US","2020-02-12",,,,,,
"US1ILWL0131","HOMER GLEN 0.7 NNE, IL US","2020-02-13",,,,,,
"US1ILWL0131","HOMER GLEN 0.7 NNE, IL US","2020-02-14",,,,,,
"US1ILWL0131","HOMER GLEN 0.7 NNE, IL US","2020-02-15",,,,,,
"US1ILWL0131","HOMER GLEN 0.7 NNE, IL US","2020-02-16",,,,,,
"US1ILWL0131","HOMER GLEN 0.7 NNE, IL US","2020-02-17",,,,,,
"US1ILWL0131","HOMER GLEN 0.7 NNE, IL US","2020-02-18",,,,,,
"US1ILWL0131","HOMER GLEN 0.7 NNE, IL US","2020-02-19",,,,,,
"US1ILWL0131","HOMER GLEN 0.7 NNE, IL US","2020-02-20",,,,,,
"US1ILWL0131","HOMER GLEN 0.7 NNE, IL US","2020-02-21",,,,,,
"US1ILWL0131","HOMER GLEN 0.7 NNE, IL US","2020-02-22",,,,,,
"US1ILWL0131","HOMER GLEN 0.7 NNE, IL US","2020-02-23",,,,,,
"US1ILWL0131","HOMER GLEN 0.7 NNE, IL US","2020-02-24",,,,,,
"US1ILWL0131","HOMER GLEN 0.7 NNE, IL US","2020-02-25",,,,,,
"US1ILWL0131","HOMER GLEN 0.7 NNE, IL US","2020-02-26",,,,,,
"US1ILWL0131","HOMER GLEN 0.7 NNE, IL US","2020-02-27",,,,,,
"US1ILWL0131","HOMER GLEN 0.7 NNE, IL US","2020-02-28",,,,,,
"US1ILWL0131","HOMER GLEN 0.7 NNE, IL US","2020-02-29",,,,,,
"US1ILWL0131","HOMER GLEN 0.7 NNE, IL US","2020-03-01",,,,,,
"US1ILWL0131","HOMER GLEN 0.7 NNE, IL US","2020-03-02",,,,,,
"US1ILWL0131","HOMER GLEN 0.7 NNE, IL US","2020-03-03",,,,,,
"US1ILWL0131","HOMER GLEN 0.7 NNE, IL US","2020-03-04",,,,,,
"US1ILWL0131","HOMER GLEN 0.7 NNE, IL US","2020-03-05",,,,,,
"US1ILWL0131","HOMER GLEN 0.7 NNE, IL US","2020-03-06",,,,,,
"US1ILWL0131","HOMER GLEN 0.7 NNE, IL US","2020-03-07",,,,,,
"US1ILWL0131","HOMER GLEN 0.7 NNE, IL US","2020-03-08",,,,,,
"US1ILWL0131","HOMER GLEN 0.7 NNE, IL US","2020-03-09",,,,,,
"US1ILWL0131","HOMER GLEN 0.7 NNE, IL US","2020-03-10",,,,,,
"US1ILWL0131","HOMER GLEN 0.7 NNE, IL US","2020-03-11",,,,,,
"US1ILWL0131","HOMER GLEN 0.7 NNE, IL US","2020-03-12",,,,,,
"US1ILWL0131","HOMER GLEN 0.7 NNE, IL US","2020-03-13",,,,,,
"US1ILWL0131","HOMER GLEN 0.7 NNE, IL US","2020-03-14",,,,,,
"US1ILWL0131","HOMER GLEN 0.7 NNE, IL US","2020-03-15",,,,,,
"US1ILWL0131","HOMER GLEN 0.7 NNE, IL US","2020-03-16",,,,,,
"US1ILWL0131","HOMER GLEN 0.7 NNE, IL US","2020-03-17",,,,,,
"US1ILWL0131","HOMER GLEN 0.7 NNE, IL US","2020-03-18",,,,,,
"US1ILWL0131","HOMER GLEN 0.7 NNE, IL US","2020-03-19",,,,,,
"US1ILWL0131","HOMER GLEN 0.7 NNE, IL US","2020-03-20",,,,,,
"US1ILWL0131","HOMER GLEN 0.7 NNE, IL US","2020-03-21",,,,,,
"US1ILWL0131","HOMER GLEN 0.7 NNE, IL US","2020-03-22",,,,,,
"US1ILWL0131","HOMER GLEN 0.7 NNE, IL US","2020-03-23",,,,,,
"US1ILWL0131","HOMER GLEN 0.7 NNE, IL US","2020-03-24",,,,,,
"US1ILWL0131","HOMER GLEN 0.7 NNE, IL US","2020-03-25",,,,,,
"US1ILWL0131","HOMER GLEN 0.7 NNE, IL US","2020-03-26",,,,,,
"US1ILWL0131","HOMER GLEN 0.7 NNE, IL US","2020-03-27",,,,,,
"US1ILWL0131","HOMER GLEN 0.7 NNE, IL US","2020-03-28",,,,,,
"US1ILWL0131","HOMER GLEN 0.7 NNE, IL US","2020-03-29",,,,,,
"US1ILWL0131","HOMER GLEN 0.7 NNE, IL US","2020-03-30",,,,,,
"US1ILWL0131","HOMER GLEN 0.7 NNE, IL US","2020-03-31",,,,,,
"US1ILWL0131","HOMER GLEN 0.7 NNE, IL US","2020-04-01",,,,,,
"US1ILWL0131","HOMER GLEN 0.7 NNE, IL US","2020-04-02",,,,,,
"US1ILWL0131","HOMER GLEN 0.7 NNE, IL US","2020-04-03",,,,,,
"US1ILWL0131","HOMER GLEN 0.7 NNE, IL US","2020-04-04",,,,,,
"US1ILWL0131","HOMER GLEN 0.7 NNE, IL US","2020-04-05",,,,,,
"US1ILWL0131","HOMER GLEN 0.7 NNE, IL US","2020-04-06",,,,,,
"US1ILWL0131","HOMER GLEN 0.7 NNE, IL US","2020-04-07",,,,,,
"US1ILWL0131","HOMER GLEN 0.7 NNE, IL US","2020-04-08",,,,,,
"US1ILWL0131","HOMER GLEN 0.7 NNE, IL US","2020-04-09",,,,,,
"US1ILWL0131","HOMER GLEN 0.7 NNE, IL US","2020-04-10",,,,,,
"US1ILWL0131","HOMER GLEN 0.7 NNE, IL US","2020-04-11",,,,,,
"US1ILWL0131","HOMER GLEN 0.7 NNE, IL US","2020-04-12",,,,,,
"US1ILWL0131","HOMER GLEN 0.7 NNE, IL US","2020-04-13",,,,,,
"US1ILWL0131","HOMER GLEN 0.7 NNE, IL US","2020-04-14",,,,,,
"US1ILWL0131","HOMER GLEN 0.7 NNE, IL US","2020-04-15",,,,,,
"US1ILWL0131","HOMER GLEN 0.7 NNE, IL US","2020-04-16",,,,,,
"US1ILWL0131","HOMER GLEN 0.7 NNE, IL US","2020-04-17",,,,,,
"US1ILWL0131","HOMER GLEN 0.7 NNE, IL US","2020-04-18",,,,,,
"US1ILWL0131","HOMER GLEN 0.7 NNE, IL US","2020-04-19",,,,,,
"US1ILWL0131","HOMER GLEN 0.7 NNE, IL US","2020-04-20",,,,,,
"US1ILWL0131","HOMER GLEN 0.7 NNE, IL US","2020-04-21",,,,,,
"US1ILWL0131","HOMER GLEN 0.7 NNE, IL US","2020-04-22",,,,,,
"US1ILWL0131","HOMER GLEN 0.7 NNE, IL US","2020-04-23",,,,,,
"US1ILWL0131","HOMER GLEN 0.7 NNE, IL US","2020-04-24",,,,,,
"US1ILWL0131","HOMER GLEN 0.7 NNE, IL US","2020-04-25",,,,,,
"US1ILWL0131","HOMER GLEN 0.7 NNE, IL US","2020-04-26",,,,,,
"US1ILWL0131","HOMER GLEN 0.7 NNE, IL US","2020-04-27",,,,,,
"US1ILWL0131","HOMER GLEN 0.7 NNE, IL US","2020-04-28",,,,,,
"US1ILWL0131","HOMER GLEN 0.7 NNE, IL US","2020-04-29",,,,,,
"US1ILWL0131","HOMER GLEN 0.7 NNE, IL US","2020-04-30",,,,,,
"US1ILWL0131","HOMER GLEN 0.7 NNE, IL US","2020-05-01",,,,,,
"US1ILWL0131","HOMER GLEN 0.7 NNE, IL US","2020-05-02",,,,,,
"US1ILWL0131","HOMER GLEN 0.7 NNE, IL US","2020-05-03",,,,,,
"US1ILWL0131","HOMER GLEN 0.7 NNE, IL US","2020-05-04",,,,,,
"US1ILWL0131","HOMER GLEN 0.7 NNE, IL US","2020-05-05",,,,,,
"US1ILWL0131","HOMER GLEN 0.7 NNE, IL US","2020-05-06",,,,,,
"US1ILWL0131","HOMER GLEN 0.7 NNE, IL US","2020-05-07",,,,,,
"US1ILWL0131","HOMER GLEN 0.7 NNE, IL US","2020-05-08",,,,,,
"US1ILWL0131","HOMER GLEN 0.7 NNE, IL US","2020-05-09",,,,,,
"US1ILWL0131","HOMER GLEN 0.7 NNE, IL US","2020-05-10",,,,,,
"US1ILWL0131","HOMER GLEN 0.7 NNE, IL US","2020-05-11",,,,,,
"US1ILWL0131","HOMER GLEN 0.7 NNE, IL US","2020-05-12",,,,,,
"US1ILWL0131","HOMER GLEN 0.7 NNE, IL US","2020-05-13",,,,,,
"US1ILWL0131","HOMER GLEN 0.7 NNE, IL US","2020-05-14",,,,,,
"US1ILWL0131","HOMER GLEN 0.7 NNE, IL US","2020-05-15",,,,,,
"US1ILWL0131","HOMER GLEN 0.7 NNE, IL US","2020-05-16",,,,,,
"US1ILWL0131","HOMER GLEN 0.7 NNE, IL US","2020-05-17",,,,,,
"US1ILWL0131","HOMER GLEN 0.7 NNE, IL US","2020-05-18",,,,,,
"US1ILWL0131","HOMER GLEN 0.7 NNE, IL US","2020-05-19",,,,,,
"US1ILWL0131","HOMER GLEN 0.7 NNE, IL US","2020-05-20",,,,,,
"US1ILWL0131","HOMER GLEN 0.7 NNE, IL US","2020-05-21",,,,,,
"US1ILWL0131","HOMER GLEN 0.7 NNE, IL US","2020-05-22",,,,,,
"US1ILWL0131","HOMER GLEN 0.7 NNE, IL US","2020-05-23",,,,,,
"US1ILWL0131","HOMER GLEN 0.7 NNE, IL US","2020-05-24",,,,,,
"US1ILWL0131","HOMER GLEN 0.7 NNE, IL US","2020-05-25",,,,,,
"US1ILWL0131","HOMER GLEN 0.7 NNE, IL US","2020-05-26",,,,,,
"US1ILWL0131","HOMER GLEN 0.7 NNE, IL US","2020-05-27",,,,,,
"US1ILWL0131","HOMER GLEN 0.7 NNE, IL US","2020-05-28",,,,,,
"US1ILWL0131","HOMER GLEN 0.7 NNE, IL US","2020-05-29",,,,,,
"US1ILWL0131","HOMER GLEN 0.7 NNE, IL US","2020-05-30",,,,,,
"US1ILWL0131","HOMER GLEN 0.7 NNE, IL US","2020-05-31",,,,,,
"US1ILWL0131","HOMER GLEN 0.7 NNE, IL US","2020-06-01",,,,,,
"US1ILWL0131","HOMER GLEN 0.7 NNE, IL US","2020-06-02",,,,,,
"US1ILWL0131","HOMER GLEN 0.7 NNE, IL US","2020-06-03",,,,,,
"US1ILWL0131","HOMER GLEN 0.7 NNE, IL US","2020-06-04",,,,,,
"US1ILWL0131","HOMER GLEN 0.7 NNE, IL US","2020-06-05",,,,,,
"US1ILWL0131","HOMER GLEN 0.7 NNE, IL US","2020-06-06",,,,,,
"US1ILWL0131","HOMER GLEN 0.7 NNE, IL US","2020-06-07",,,,,,
"US1ILWL0131","HOMER GLEN 0.7 NNE, IL US","2020-06-08",,,,,,
"US1ILWL0131","HOMER GLEN 0.7 NNE, IL US","2020-06-09",,,,,,
"US1ILWL0131","HOMER GLEN 0.7 NNE, IL US","2020-06-10",,,,,,
"US1ILWL0131","HOMER GLEN 0.7 NNE, IL US","2020-06-11",,,,,,
"US1ILWL0131","HOMER GLEN 0.7 NNE, IL US","2020-06-12",,,,,,
"US1ILWL0131","HOMER GLEN 0.7 NNE, IL US","2020-06-13",,,,,,
"US1ILWL0131","HOMER GLEN 0.7 NNE, IL US","2020-06-14",,,,,,
"US1ILWL0131","HOMER GLEN 0.7 NNE, IL US","2020-06-15",,,,,,
"US1ILWL0131","HOMER GLEN 0.7 NNE, IL US","2020-06-16",,,,,,
"US1ILWL0131","HOMER GLEN 0.7 NNE, IL US","2020-06-17",,,,,,
"US1ILWL0131","HOMER GLEN 0.7 NNE, IL US","2020-06-18",,,,,,
"US1ILWL0131","HOMER GLEN 0.7 NNE, IL US","2020-06-19",,,,,,
"US1ILWL0131","HOMER GLEN 0.7 NNE, IL US","2020-06-20",,,,,,
"US1ILWL0131","HOMER GLEN 0.7 NNE, IL US","2020-06-21",,,,,,
"US1ILWL0131","HOMER GLEN 0.7 NNE, IL US","2020-06-22",,,,,,
"US1ILWL0131","HOMER GLEN 0.7 NNE, IL US","2020-06-23",,,,,,
"US1ILWL0131","HOMER GLEN 0.7 NNE, IL US","2020-06-24",,,,,,
"US1ILWL0131","HOMER GLEN 0.7 NNE, IL US","2020-06-25",,,,,,
"US1ILWL0131","HOMER GLEN 0.7 NNE, IL US","2020-06-26",,,,,,
"US1ILWL0131","HOMER GLEN 0.7 NNE, IL US","2020-06-27",,,,,,
"US1ILWL0131","HOMER GLEN 0.7 NNE, IL US","2020-06-28",,,,,,
"US1ILWL0131","HOMER GLEN 0.7 NNE, IL US","2020-06-29",,,,,,
"US1ILWL0131","HOMER GLEN 0.7 NNE, IL US","2020-06-30",,,,,,
"US1ILWL0131","HOMER GLEN 0.7 NNE, IL US","2020-07-01",,,,,,
"US1ILWL0131","HOMER GLEN 0.7 NNE, IL US","2020-07-02",,,,,,
"US1ILWL0131","HOMER GLEN 0.7 NNE, IL US","2020-07-03",,,,,,
"US1ILWL0131","HOMER GLEN 0.7 NNE, IL US","2020-07-04",,,,,,
"US1ILWL0131","HOMER GLEN 0.7 NNE, IL US","2020-07-05",,,,,,
"US1ILWL0131","HOMER GLEN 0.7 NNE, IL US","2020-07-06",,,,,,
"US1ILWL0131","HOMER GLEN 0.7 NNE, IL US","2020-07-07",,,,,,
"US1ILWL0131","HOMER GLEN 0.7 NNE, IL US","2020-07-08",,,,,,
"US1ILWL0131","HOMER GLEN 0.7 NNE, IL US","2020-07-09",,,,,,
"US1ILWL0131","HOMER GLEN 0.7 NNE, IL US","2020-07-10",,,,,,
"US1ILWL0131","HOMER GLEN 0.7 NNE, IL US","2020-07-11",,,,,,
"US1ILWL0131","HOMER GLEN 0.7 NNE, IL US","2020-07-12",,,,,,
"US1ILWL0131","HOMER GLEN 0.7 NNE, IL US","2020-07-13",,,,,,
"US1ILWL0131","HOMER GLEN 0.7 NNE, IL US","2020-07-14",,,,,,
"US1ILWL0131","HOMER GLEN 0.7 NNE, IL US","2020-07-15",,,,,,
"US1ILWL0131","HOMER GLEN 0.7 NNE, IL US","2020-07-16",,,,,,
"US1ILWL0131","HOMER GLEN 0.7 NNE, IL US","2020-07-17",,,,,,
"US1ILWL0131","HOMER GLEN 0.7 NNE, IL US","2020-07-18",,,,,,
"US1ILWL0131","HOMER GLEN 0.7 NNE, IL US","2020-07-19",,,,,,
"US1ILWL0131","HOMER GLEN 0.7 NNE, IL US","2020-07-20",,,,,,
"US1ILWL0131","HOMER GLEN 0.7 NNE, IL US","2020-07-21",,,,,,
"US1ILWL0131","HOMER GLEN 0.7 NNE, IL US","2020-07-22",,,,,,
"US1ILWL0131","HOMER GLEN 0.7 NNE, IL US","2020-07-23",,,,,,
"US1ILWL0131","HOMER GLEN 0.7 NNE, IL US","2020-07-24",,,,,,
"US1ILWL0131","HOMER GLEN 0.7 NNE, IL US","2020-07-25",,,,,,
"US1ILWL0131","HOMER GLEN 0.7 NNE, IL US","2020-07-26",,,,,,
"US1ILWL0131","HOMER GLEN 0.7 NNE, IL US","2020-07-27",,,,,,
"US1ILWL0131","HOMER GLEN 0.7 NNE, IL US","2020-07-28",,,,,,
"US1ILWL0131","HOMER GLEN 0.7 NNE, IL US","2020-07-29",,,,,,
"US1ILWL0131","HOMER GLEN 0.7 NNE, IL US","2020-07-30",,,,,,
"US1ILWL0131","HOMER GLEN 0.7 NNE, IL US","2020-07-31",,,,,,
"US1ILWL0131","HOMER GLEN 0.7 NNE, IL US","2020-08-01",,,,,,
"US1ILWL0131","HOMER GLEN 0.7 NNE, IL US","2020-08-02",,,,,,
"US1ILWL0131","HOMER GLEN 0.7 NNE, IL US","2020-08-03",,,,,,
"US1ILWL0131","HOMER GLEN 0.7 NNE, IL US","2020-08-04",,,,,,
"US1ILWL0131","HOMER GLEN 0.7 NNE, IL US","2020-08-05",,,,,,
"US1ILWL0131","HOMER GLEN 0.7 NNE, IL US","2020-08-06",,,,,,
"US1ILWL0131","HOMER GLEN 0.7 NNE, IL US","2020-08-07",,,,,,
"US1ILWL0131","HOMER GLEN 0.7 NNE, IL US","2020-08-08",,,,,,
"US1ILWL0131","HOMER GLEN 0.7 NNE, IL US","2020-08-09",,,,,,
"US1ILWL0131","HOMER GLEN 0.7 NNE, IL US","2020-08-10",,,,,,
"US1ILWL0131","HOMER GLEN 0.7 NNE, IL US","2020-08-11",,,,,,
"US1ILWL0131","HOMER GLEN 0.7 NNE, IL US","2020-08-12",,,,,,
"US1ILWL0131","HOMER GLEN 0.7 NNE, IL US","2020-08-13",,,,,,
"US1ILWL0131","HOMER GLEN 0.7 NNE, IL US","2020-08-14",,,,,,
"US1ILWL0131","HOMER GLEN 0.7 NNE, IL US","2020-08-15",,,,,,
"US1ILWL0131","HOMER GLEN 0.7 NNE, IL US","2020-08-16",,,,,,
"US1ILWL0131","HOMER GLEN 0.7 NNE, IL US","2020-08-17",,,,,,
"US1ILWL0131","HOMER GLEN 0.7 NNE, IL US","2020-08-18",,,,,,
"US1ILWL0131","HOMER GLEN 0.7 NNE, IL US","2020-08-19",,,,,,
"US1ILWL0131","HOMER GLEN 0.7 NNE, IL US","2020-08-20",,,,,,
"US1ILWL0131","HOMER GLEN 0.7 NNE, IL US","2020-08-21",,,,,,
"US1ILWL0131","HOMER GLEN 0.7 NNE, IL US","2020-08-22",,,,,,
"US1ILWL0131","HOMER GLEN 0.7 NNE, IL US","2020-08-23",,,,,,
"US1ILWL0131","HOMER GLEN 0.7 NNE, IL US","2020-08-24",,,,,,
"US1ILWL0131","HOMER GLEN 0.7 NNE, IL US","2020-08-25",,,,,,
"US1ILWL0131","HOMER GLEN 0.7 NNE, IL US","2020-08-26",,,,,,
"US1ILWL0131","HOMER GLEN 0.7 NNE, IL US","2020-08-27",,,,,,
"US1ILWL0131","HOMER GLEN 0.7 NNE, IL US","2020-08-28",,,,,,
"US1ILWL0131","HOMER GLEN 0.7 NNE, IL US","2020-08-29",,,,,,
"US1ILWL0131","HOMER GLEN 0.7 NNE, IL US","2020-08-30",,,,,,
"US1ILWL0131","HOMER GLEN 0.7 NNE, IL US","2020-08-31",,,,,,
"US1ILWL0131","HOMER GLEN 0.7 NNE, IL US","2020-09-01",,,,,,
"US1ILWL0131","HOMER GLEN 0.7 NNE, IL US","2020-09-02",,,,,,
"US1ILWL0131","HOMER GLEN 0.7 NNE, IL US","2020-09-03",,,,,,
"US1ILWL0131","HOMER GLEN 0.7 NNE, IL US","2020-09-04",,,,,,
"US1ILWL0131","HOMER GLEN 0.7 NNE, IL US","2020-09-05",,,,,,
"US1ILWL0131","HOMER GLEN 0.7 NNE, IL US","2020-09-06",,,,,,
"US1ILWL0131","HOMER GLEN 0.7 NNE, IL US","2020-09-07",,,,,,
"US1ILWL0131","HOMER GLEN 0.7 NNE, IL US","2020-09-08",,,,,,
"US1ILWL0138","CRETE 2.7 W, IL US","2019-10-01",,,,,,
"US1ILWL0138","CRETE 2.7 W, IL US","2019-10-02",,,,,,
"US1ILWL0138","CRETE 2.7 W, IL US","2019-10-03",,,,,,
"US1ILWL0138","CRETE 2.7 W, IL US","2019-10-04",,,,,,
"US1ILWL0138","CRETE 2.7 W, IL US","2019-10-05",,,,,,
"US1ILWL0138","CRETE 2.7 W, IL US","2019-10-06",,,,,,
"US1ILWL0138","CRETE 2.7 W, IL US","2019-10-07",,,,,,
"US1ILWL0138","CRETE 2.7 W, IL US","2019-10-08",,,,,,
"US1ILWL0138","CRETE 2.7 W, IL US","2019-10-09",,,,,,
"US1ILWL0138","CRETE 2.7 W, IL US","2019-10-10",,,,,,
"US1ILWL0138","CRETE 2.7 W, IL US","2019-10-11",,,,,,
"US1ILWL0138","CRETE 2.7 W, IL US","2019-10-12",,,,,,
"US1ILWL0138","CRETE 2.7 W, IL US","2019-10-13",,,,,,
"US1ILWL0138","CRETE 2.7 W, IL US","2019-10-14",,,,,,
"US1ILWL0138","CRETE 2.7 W, IL US","2019-10-15",,,,,,
"US1ILWL0138","CRETE 2.7 W, IL US","2019-10-16",,,,,,
"US1ILWL0138","CRETE 2.7 W, IL US","2019-10-17",,,,,,
"US1ILWL0138","CRETE 2.7 W, IL US","2019-10-18",,,,,,
"US1ILWL0138","CRETE 2.7 W, IL US","2019-10-19",,,,,,
"US1ILWL0138","CRETE 2.7 W, IL US","2019-10-20",,,,,,
"US1ILWL0138","CRETE 2.7 W, IL US","2019-10-21",,,,,,
"US1ILWL0138","CRETE 2.7 W, IL US","2019-10-26",,,,,,
"US1ILWL0138","CRETE 2.7 W, IL US","2019-10-27",,,,,,
"US1ILWL0138","CRETE 2.7 W, IL US","2019-10-28",,,,,,
"US1ILWL0138","CRETE 2.7 W, IL US","2019-10-29",,,,,,
"US1ILWL0138","CRETE 2.7 W, IL US","2019-10-31",,,,,,
"US1ILWL0138","CRETE 2.7 W, IL US","2019-11-01",,,,,,
"US1ILWL0138","CRETE 2.7 W, IL US","2019-11-02",,,,,,
"US1ILWL0138","CRETE 2.7 W, IL US","2019-11-03",,,,,,
"US1ILWL0138","CRETE 2.7 W, IL US","2019-11-04",,,,,,
"US1ILWL0138","CRETE 2.7 W, IL US","2019-11-05",,,,,,
"US1ILWL0138","CRETE 2.7 W, IL US","2019-11-06",,,,,,
"US1ILWL0138","CRETE 2.7 W, IL US","2019-11-07",,,,,,
"US1ILWL0138","CRETE 2.7 W, IL US","2019-11-08",,,,,,
"US1ILWL0138","CRETE 2.7 W, IL US","2019-11-09",,,,,,
"US1ILWL0138","CRETE 2.7 W, IL US","2019-11-10",,,,,,
"US1ILWL0138","CRETE 2.7 W, IL US","2019-11-11",,,,,,
"US1ILWL0138","CRETE 2.7 W, IL US","2019-11-12",,,,,,
"US1ILWL0138","CRETE 2.7 W, IL US","2019-11-13",,,,,,
"US1ILWL0138","CRETE 2.7 W, IL US","2019-11-14",,,,,,
"US1ILWL0138","CRETE 2.7 W, IL US","2019-11-15",,,,,,
"US1ILWL0138","CRETE 2.7 W, IL US","2019-11-16",,,,,,
"US1ILWL0138","CRETE 2.7 W, IL US","2019-11-17",,,,,,
"US1ILWL0138","CRETE 2.7 W, IL US","2019-11-18",,,,,,
"US1ILWL0138","CRETE 2.7 W, IL US","2019-11-19",,,,,,
"US1ILWL0138","CRETE 2.7 W, IL US","2019-11-20",,,,,,
"US1ILWL0138","CRETE 2.7 W, IL US","2019-11-21",,,,,,
"US1ILWL0138","CRETE 2.7 W, IL US","2019-11-22",,,,,,
"US1ILWL0138","CRETE 2.7 W, IL US","2019-11-23",,,,,,
"US1ILWL0138","CRETE 2.7 W, IL US","2019-11-24",,,,,,
"US1ILWL0138","CRETE 2.7 W, IL US","2019-11-25",,,,,,
"US1ILWL0138","CRETE 2.7 W, IL US","2019-11-26",,,,,,
"US1ILWL0138","CRETE 2.7 W, IL US","2019-11-27",,,,,,
"US1ILWL0138","CRETE 2.7 W, IL US","2019-11-28",,,,,,
"US1ILWL0138","CRETE 2.7 W, IL US","2019-11-29",,,,,,
"US1ILWL0138","CRETE 2.7 W, IL US","2019-11-30",,,,,,
"US1ILWL0138","CRETE 2.7 W, IL US","2019-12-01",,,,,,
"US1ILWL0138","CRETE 2.7 W, IL US","2019-12-02",,,,,,
"US1ILWL0138","CRETE 2.7 W, IL US","2019-12-03",,,,,,
"US1ILWL0138","CRETE 2.7 W, IL US","2019-12-04",,,,,,
"US1ILWL0138","CRETE 2.7 W, IL US","2019-12-05",,,,,,
"US1ILWL0138","CRETE 2.7 W, IL US","2019-12-06",,,,,,
"US1ILWL0138","CRETE 2.7 W, IL US","2019-12-07",,,,,,
"US1ILWL0138","CRETE 2.7 W, IL US","2019-12-08",,,,,,
"US1ILWL0138","CRETE 2.7 W, IL US","2019-12-09",,,,,,
"US1ILWL0138","CRETE 2.7 W, IL US","2019-12-10",,,,,,
"US1ILWL0138","CRETE 2.7 W, IL US","2019-12-11",,,,,,
"US1ILWL0138","CRETE 2.7 W, IL US","2019-12-12",,,,,,
"US1ILWL0138","CRETE 2.7 W, IL US","2019-12-13",,,,,,
"US1ILWL0138","CRETE 2.7 W, IL US","2019-12-14",,,,,,
"US1ILWL0138","CRETE 2.7 W, IL US","2019-12-15",,,,,,
"US1ILWL0138","CRETE 2.7 W, IL US","2019-12-16",,,,,,
"US1ILWL0138","CRETE 2.7 W, IL US","2019-12-17",,,,,,
"US1ILWL0138","CRETE 2.7 W, IL US","2019-12-18",,,,,,
"US1ILWL0138","CRETE 2.7 W, IL US","2019-12-19",,,,,,
"US1ILWL0138","CRETE 2.7 W, IL US","2019-12-20",,,,,,
"US1ILWL0138","CRETE 2.7 W, IL US","2019-12-21",,,,,,
"US1ILWL0138","CRETE 2.7 W, IL US","2019-12-22",,,,,,
"US1ILWL0138","CRETE 2.7 W, IL US","2019-12-23",,,,,,
"US1ILWL0138","CRETE 2.7 W, IL US","2019-12-24",,,,,,
"US1ILWL0138","CRETE 2.7 W, IL US","2019-12-25",,,,,,
"US1ILWL0138","CRETE 2.7 W, IL US","2019-12-26",,,,,,
"US1ILWL0138","CRETE 2.7 W, IL US","2019-12-27",,,,,,
"US1ILWL0138","CRETE 2.7 W, IL US","2019-12-28",,,,,,
"US1ILWL0138","CRETE 2.7 W, IL US","2019-12-29",,,,,,
"US1ILWL0138","CRETE 2.7 W, IL US","2019-12-30",,,,,,
"US1ILWL0138","CRETE 2.7 W, IL US","2019-12-31",,,,,,
"US1ILWL0138","CRETE 2.7 W, IL US","2020-01-01",,,,,,
"US1ILWL0138","CRETE 2.7 W, IL US","2020-01-02",,,,,,
"US1ILWL0138","CRETE 2.7 W, IL US","2020-01-03",,,,,,
"US1ILWL0138","CRETE 2.7 W, IL US","2020-01-04",,,,,,
"US1ILWL0138","CRETE 2.7 W, IL US","2020-01-05",,,,,,
"US1ILWL0138","CRETE 2.7 W, IL US","2020-01-06",,,,,,
"US1ILWL0138","CRETE 2.7 W, IL US","2020-01-07",,,,,,
"US1ILWL0138","CRETE 2.7 W, IL US","2020-01-08",,,,,,
"US1ILWL0138","CRETE 2.7 W, IL US","2020-01-09",,,,,,
"US1ILWL0138","CRETE 2.7 W, IL US","2020-01-10",,,,,,
"US1ILWL0138","CRETE 2.7 W, IL US","2020-01-11",,,,,,
"US1ILWL0138","CRETE 2.7 W, IL US","2020-01-12",,,,,,
"US1ILWL0138","CRETE 2.7 W, IL US","2020-01-13",,,,,,
"US1ILWL0138","CRETE 2.7 W, IL US","2020-01-14",,,,,,
"US1ILWL0138","CRETE 2.7 W, IL US","2020-01-15",,,,,,
"US1ILWL0138","CRETE 2.7 W, IL US","2020-01-16",,,,,,
"US1ILWL0138","CRETE 2.7 W, IL US","2020-01-17",,,,,,
"US1ILWL0138","CRETE 2.7 W, IL US","2020-01-19",,,,,,
"US1ILWL0138","CRETE 2.7 W, IL US","2020-01-21",,,,,,
"US1ILWL0138","CRETE 2.7 W, IL US","2020-01-22",,,,,,
"US1ILWL0138","CRETE 2.7 W, IL US","2020-01-23",,,,,,
"US1ILWL0138","CRETE 2.7 W, IL US","2020-01-24",,,,,,
"US1ILWL0138","CRETE 2.7 W, IL US","2020-01-25",,,,,,
"US1ILWL0138","CRETE 2.7 W, IL US","2020-01-26",,,,,,
"US1ILWL0138","CRETE 2.7 W, IL US","2020-01-27",,,,,,
"US1ILWL0138","CRETE 2.7 W, IL US","2020-01-28",,,,,,
"US1ILWL0138","CRETE 2.7 W, IL US","2020-01-29",,,,,,
"US1ILWL0138","CRETE 2.7 W, IL US","2020-01-30",,,,,,
"US1ILWL0138","CRETE 2.7 W, IL US","2020-01-31",,,,,,
"US1ILWL0138","CRETE 2.7 W, IL US","2020-02-01",,,,,,
"US1ILWL0138","CRETE 2.7 W, IL US","2020-02-02",,,,,,
"US1ILWL0138","CRETE 2.7 W, IL US","2020-02-03",,,,,,
"US1ILWL0138","CRETE 2.7 W, IL US","2020-02-04",,,,,,
"US1ILWL0138","CRETE 2.7 W, IL US","2020-02-05",,,,,,
"US1ILWL0138","CRETE 2.7 W, IL US","2020-02-06",,,,,,
"US1ILWL0138","CRETE 2.7 W, IL US","2020-02-07",,,,,,
"US1ILWL0138","CRETE 2.7 W, IL US","2020-02-08",,,,,,
"US1ILWL0138","CRETE 2.7 W, IL US","2020-02-09",,,,,,
"US1ILWL0138","CRETE 2.7 W, IL US","2020-02-10",,,,,,
"US1ILWL0138","CRETE 2.7 W, IL US","2020-02-11",,,,,,
"US1ILWL0138","CRETE 2.7 W, IL US","2020-02-12",,,,,,
"US1ILWL0138","CRETE 2.7 W, IL US","2020-02-13",,,,,,
"US1ILWL0138","CRETE 2.7 W, IL US","2020-02-14",,,,,,
"US1ILWL0138","CRETE 2.7 W, IL US","2020-02-15",,,,,,
"US1ILWL0138","CRETE 2.7 W, IL US","2020-02-16",,,,,,
"US1ILWL0138","CRETE 2.7 W, IL US","2020-02-17",,,,,,
"US1ILWL0138","CRETE 2.7 W, IL US","2020-02-18",,,,,,
"US1ILWL0138","CRETE 2.7 W, IL US","2020-02-19",,,,,,
"US1ILWL0138","CRETE 2.7 W, IL US","2020-02-20",,,,,,
"US1ILWL0138","CRETE 2.7 W, IL US","2020-02-21",,,,,,
"US1ILWL0138","CRETE 2.7 W, IL US","2020-02-22",,,,,,
"US1ILWL0138","CRETE 2.7 W, IL US","2020-02-23",,,,,,
"US1ILWL0138","CRETE 2.7 W, IL US","2020-02-24",,,,,,
"US1ILWL0138","CRETE 2.7 W, IL US","2020-02-25",,,,,,
"US1ILWL0138","CRETE 2.7 W, IL US","2020-02-26",,,,,,
"US1ILWL0138","CRETE 2.7 W, IL US","2020-02-27",,,,,,
"US1ILWL0138","CRETE 2.7 W, IL US","2020-02-28",,,,,,
"US1ILWL0138","CRETE 2.7 W, IL US","2020-02-29",,,,,,
"US1ILWL0138","CRETE 2.7 W, IL US","2020-03-01",,,,,,
"US1ILWL0138","CRETE 2.7 W, IL US","2020-03-02",,,,,,
"US1ILWL0138","CRETE 2.7 W, IL US","2020-03-03",,,,,,
"US1ILWL0138","CRETE 2.7 W, IL US","2020-03-04",,,,,,
"US1ILWL0138","CRETE 2.7 W, IL US","2020-03-05",,,,,,
"US1ILWL0138","CRETE 2.7 W, IL US","2020-03-06",,,,,,
"US1ILWL0138","CRETE 2.7 W, IL US","2020-03-07",,,,,,
"US1ILWL0138","CRETE 2.7 W, IL US","2020-03-08",,,,,,
"US1ILWL0138","CRETE 2.7 W, IL US","2020-03-09",,,,,,
"US1ILWL0138","CRETE 2.7 W, IL US","2020-03-10",,,,,,
"US1ILWL0138","CRETE 2.7 W, IL US","2020-03-11",,,,,,
"US1ILWL0138","CRETE 2.7 W, IL US","2020-03-12",,,,,,
"US1ILWL0138","CRETE 2.7 W, IL US","2020-03-13",,,,,,
"US1ILWL0138","CRETE 2.7 W, IL US","2020-03-14",,,,,,
"US1ILWL0138","CRETE 2.7 W, IL US","2020-03-15",,,,,,
"US1ILWL0138","CRETE 2.7 W, IL US","2020-03-16",,,,,,
"US1ILWL0138","CRETE 2.7 W, IL US","2020-03-17",,,,,,
"US1ILWL0138","CRETE 2.7 W, IL US","2020-03-18",,,,,,
"US1ILWL0138","CRETE 2.7 W, IL US","2020-03-19",,,,,,
"US1ILWL0138","CRETE 2.7 W, IL US","2020-03-20",,,,,,
"US1ILWL0138","CRETE 2.7 W, IL US","2020-03-21",,,,,,
"US1ILWL0138","CRETE 2.7 W, IL US","2020-03-22",,,,,,
"US1ILWL0138","CRETE 2.7 W, IL US","2020-03-23",,,,,,
"US1ILWL0138","CRETE 2.7 W, IL US","2020-03-24",,,,,,
"US1ILWL0138","CRETE 2.7 W, IL US","2020-03-25",,,,,,
"US1ILWL0138","CRETE 2.7 W, IL US","2020-03-26",,,,,,
"US1ILWL0138","CRETE 2.7 W, IL US","2020-03-27",,,,,,
"US1ILWL0138","CRETE 2.7 W, IL US","2020-03-28",,,,,,
"US1ILWL0138","CRETE 2.7 W, IL US","2020-03-29",,,,,,
"US1ILWL0138","CRETE 2.7 W, IL US","2020-03-30",,,,,,
"US1ILWL0138","CRETE 2.7 W, IL US","2020-03-31",,,,,,
"US1ILWL0138","CRETE 2.7 W, IL US","2020-04-01",,,,,,
"US1ILWL0138","CRETE 2.7 W, IL US","2020-04-02",,,,,,
"US1ILWL0138","CRETE 2.7 W, IL US","2020-04-03",,,,,,
"US1ILWL0138","CRETE 2.7 W, IL US","2020-04-04",,,,,,
"US1ILWL0138","CRETE 2.7 W, IL US","2020-04-05",,,,,,
"US1ILWL0138","CRETE 2.7 W, IL US","2020-04-06",,,,,,
"US1ILWL0138","CRETE 2.7 W, IL US","2020-04-07",,,,,,
"US1ILWL0138","CRETE 2.7 W, IL US","2020-04-08",,,,,,
"US1ILWL0138","CRETE 2.7 W, IL US","2020-04-09",,,,,,
"US1ILWL0138","CRETE 2.7 W, IL US","2020-04-10",,,,,,
"US1ILWL0138","CRETE 2.7 W, IL US","2020-04-11",,,,,,
"US1ILWL0138","CRETE 2.7 W, IL US","2020-04-12",,,,,,
"US1ILWL0138","CRETE 2.7 W, IL US","2020-04-13",,,,,,
"US1ILWL0138","CRETE 2.7 W, IL US","2020-04-14",,,,,,
"US1ILWL0138","CRETE 2.7 W, IL US","2020-04-15",,,,,,
"US1ILWL0138","CRETE 2.7 W, IL US","2020-04-16",,,,,,
"US1ILWL0138","CRETE 2.7 W, IL US","2020-04-17",,,,,,
"US1ILWL0138","CRETE 2.7 W, IL US","2020-04-18",,,,,,
"US1ILWL0138","CRETE 2.7 W, IL US","2020-04-19",,,,,,
"US1ILWL0138","CRETE 2.7 W, IL US","2020-04-20",,,,,,
"US1ILWL0138","CRETE 2.7 W, IL US","2020-04-21",,,,,,
"US1ILWL0138","CRETE 2.7 W, IL US","2020-04-22",,,,,,
"US1ILWL0138","CRETE 2.7 W, IL US","2020-04-23",,,,,,
"US1ILWL0138","CRETE 2.7 W, IL US","2020-04-24",,,,,,
"US1ILWL0138","CRETE 2.7 W, IL US","2020-04-25",,,,,,
"US1ILWL0138","CRETE 2.7 W, IL US","2020-04-26",,,,,,
"US1ILWL0138","CRETE 2.7 W, IL US","2020-04-27",,,,,,
"US1ILWL0138","CRETE 2.7 W, IL US","2020-04-28",,,,,,
"US1ILWL0138","CRETE 2.7 W, IL US","2020-04-29",,,,,,
"US1ILWL0138","CRETE 2.7 W, IL US","2020-04-30",,,,,,
"US1ILWL0138","CRETE 2.7 W, IL US","2020-05-01",,,,,,
"US1ILWL0138","CRETE 2.7 W, IL US","2020-05-02",,,,,,
"US1ILWL0138","CRETE 2.7 W, IL US","2020-05-03",,,,,,
"US1ILWL0138","CRETE 2.7 W, IL US","2020-05-04",,,,,,
"US1ILWL0138","CRETE 2.7 W, IL US","2020-05-05",,,,,,
"US1ILWL0138","CRETE 2.7 W, IL US","2020-05-06",,,,,,
"US1ILWL0138","CRETE 2.7 W, IL US","2020-05-07",,,,,,
"US1ILWL0138","CRETE 2.7 W, IL US","2020-05-08",,,,,,
"US1ILWL0138","CRETE 2.7 W, IL US","2020-05-09",,,,,,
"US1ILWL0138","CRETE 2.7 W, IL US","2020-05-10",,,,,,
"US1ILWL0138","CRETE 2.7 W, IL US","2020-05-11",,,,,,
"US1ILWL0138","CRETE 2.7 W, IL US","2020-05-12",,,,,,
"US1ILWL0138","CRETE 2.7 W, IL US","2020-05-13",,,,,,
"US1ILWL0138","CRETE 2.7 W, IL US","2020-05-14",,,,,,
"US1ILWL0138","CRETE 2.7 W, IL US","2020-05-15",,,,,,
"US1ILWL0138","CRETE 2.7 W, IL US","2020-05-16",,,,,,
"US1ILWL0138","CRETE 2.7 W, IL US","2020-05-18",,,,,,
"US1ILWL0138","CRETE 2.7 W, IL US","2020-05-19",,,,,,
"US1ILWL0138","CRETE 2.7 W, IL US","2020-05-20",,,,,,
"US1ILWL0138","CRETE 2.7 W, IL US","2020-05-21",,,,,,
"US1ILWL0138","CRETE 2.7 W, IL US","2020-05-22",,,,,,
"US1ILWL0138","CRETE 2.7 W, IL US","2020-05-23",,,,,,
"US1ILWL0138","CRETE 2.7 W, IL US","2020-05-24",,,,,,
"US1ILWL0138","CRETE 2.7 W, IL US","2020-05-25",,,,,,
"US1ILWL0138","CRETE 2.7 W, IL US","2020-05-26",,,,,,
"US1ILWL0138","CRETE 2.7 W, IL US","2020-05-27",,,,,,
"US1ILWL0138","CRETE 2.7 W, IL US","2020-05-28",,,,,,
"US1ILWL0138","CRETE 2.7 W, IL US","2020-05-29",,,,,,
"US1ILWL0138","CRETE 2.7 W, IL US","2020-05-30",,,,,,
"US1ILWL0138","CRETE 2.7 W, IL US","2020-06-01",,,,,,
"US1ILWL0138","CRETE 2.7 W, IL US","2020-06-02",,,,,,
"US1ILWL0138","CRETE 2.7 W, IL US","2020-06-03",,,,,,
"US1ILWL0138","CRETE 2.7 W, IL US","2020-06-04",,,,,,
"US1ILWL0138","CRETE 2.7 W, IL US","2020-06-05",,,,,,
"US1ILWL0138","CRETE 2.7 W, IL US","2020-06-06",,,,,,
"US1ILWL0138","CRETE 2.7 W, IL US","2020-06-07",,,,,,
"US1ILWL0138","CRETE 2.7 W, IL US","2020-06-08",,,,,,
"US1ILWL0138","CRETE 2.7 W, IL US","2020-06-09",,,,,,
"US1ILWL0138","CRETE 2.7 W, IL US","2020-06-10",,,,,,
"US1ILWL0138","CRETE 2.7 W, IL US","2020-06-11",,,,,,
"US1ILWL0138","CRETE 2.7 W, IL US","2020-06-12",,,,,,
"US1ILWL0138","CRETE 2.7 W, IL US","2020-06-13",,,,,,
"US1ILWL0138","CRETE 2.7 W, IL US","2020-06-14",,,,,,
"US1ILWL0138","CRETE 2.7 W, IL US","2020-06-15",,,,,,
"US1ILWL0138","CRETE 2.7 W, IL US","2020-06-16",,,,,,
"US1ILWL0138","CRETE 2.7 W, IL US","2020-06-17",,,,,,
"US1ILWL0138","CRETE 2.7 W, IL US","2020-06-18",,,,,,
"US1ILWL0138","CRETE 2.7 W, IL US","2020-06-19",,,,,,
"US1ILWL0138","CRETE 2.7 W, IL US","2020-06-20",,,,,,
"US1ILWL0138","CRETE 2.7 W, IL US","2020-06-21",,,,,,
"US1ILWL0138","CRETE 2.7 W, IL US","2020-06-22",,,,,,
"US1ILWL0138","CRETE 2.7 W, IL US","2020-06-23",,,,,,
"US1ILWL0138","CRETE 2.7 W, IL US","2020-06-24",,,,,,
"US1ILWL0138","CRETE 2.7 W, IL US","2020-06-25",,,,,,
"US1ILWL0138","CRETE 2.7 W, IL US","2020-06-26",,,,,,
"US1ILWL0138","CRETE 2.7 W, IL US","2020-06-27",,,,,,
"US1ILWL0138","CRETE 2.7 W, IL US","2020-06-28",,,,,,
"US1ILWL0138","CRETE 2.7 W, IL US","2020-06-29",,,,,,
"US1ILWL0138","CRETE 2.7 W, IL US","2020-06-30",,,,,,
"US1ILWL0138","CRETE 2.7 W, IL US","2020-07-01",,,,,,
"US1ILWL0138","CRETE 2.7 W, IL US","2020-07-02",,,,,,
"US1ILWL0138","CRETE 2.7 W, IL US","2020-07-03",,,,,,
"US1ILWL0138","CRETE 2.7 W, IL US","2020-07-04",,,,,,
"US1ILWL0138","CRETE 2.7 W, IL US","2020-07-05",,,,,,
"US1ILWL0138","CRETE 2.7 W, IL US","2020-07-06",,,,,,
"US1ILWL0138","CRETE 2.7 W, IL US","2020-07-07",,,,,,
"US1ILWL0138","CRETE 2.7 W, IL US","2020-07-08",,,,,,
"US1ILWL0138","CRETE 2.7 W, IL US","2020-07-09",,,,,,
"US1ILWL0138","CRETE 2.7 W, IL US","2020-07-10",,,,,,
"US1ILWL0138","CRETE 2.7 W, IL US","2020-07-11",,,,,,
"US1ILWL0138","CRETE 2.7 W, IL US","2020-07-12",,,,,,
"US1ILWL0138","CRETE 2.7 W, IL US","2020-07-13",,,,,,
"US1ILWL0138","CRETE 2.7 W, IL US","2020-07-14",,,,,,
"US1ILWL0138","CRETE 2.7 W, IL US","2020-07-15",,,,,,
"US1ILWL0138","CRETE 2.7 W, IL US","2020-07-16",,,,,,
"US1ILWL0138","CRETE 2.7 W, IL US","2020-07-17",,,,,,
"US1ILWL0138","CRETE 2.7 W, IL US","2020-07-18",,,,,,
"US1ILWL0138","CRETE 2.7 W, IL US","2020-07-19",,,,,,
"US1ILWL0138","CRETE 2.7 W, IL US","2020-07-20",,,,,,
"US1ILWL0138","CRETE 2.7 W, IL US","2020-07-21",,,,,,
"US1ILWL0138","CRETE 2.7 W, IL US","2020-07-22",,,,,,
"US1ILWL0138","CRETE 2.7 W, IL US","2020-07-23",,,,,,
"US1ILWL0138","CRETE 2.7 W, IL US","2020-07-24",,,,,,
"US1ILWL0138","CRETE 2.7 W, IL US","2020-07-25",,,,,,
"US1ILWL0138","CRETE 2.7 W, IL US","2020-07-26",,,,,,
"US1ILWL0138","CRETE 2.7 W, IL US","2020-07-27",,,,,,
"US1ILWL0138","CRETE 2.7 W, IL US","2020-07-28",,,,,,
"US1ILWL0138","CRETE 2.7 W, IL US","2020-07-29",,,,,,
"US1ILWL0138","CRETE 2.7 W, IL US","2020-07-30",,,,,,
"US1ILWL0138","CRETE 2.7 W, IL US","2020-07-31",,,,,,
"US1ILWL0138","CRETE 2.7 W, IL US","2020-08-01",,,,,,
"US1ILWL0138","CRETE 2.7 W, IL US","2020-08-02",,,,,,
"US1ILWL0138","CRETE 2.7 W, IL US","2020-08-03",,,,,,
"US1ILWL0138","CRETE 2.7 W, IL US","2020-08-04",,,,,,
"US1ILWL0138","CRETE 2.7 W, IL US","2020-08-05",,,,,,
"US1ILWL0138","CRETE 2.7 W, IL US","2020-08-06",,,,,,
"US1ILWL0138","CRETE 2.7 W, IL US","2020-08-07",,,,,,
"US1ILWL0138","CRETE 2.7 W, IL US","2020-08-08",,,,,,
"US1ILWL0138","CRETE 2.7 W, IL US","2020-08-09",,,,,,
"US1ILWL0138","CRETE 2.7 W, IL US","2020-08-10",,,,,,
"US1ILWL0138","CRETE 2.7 W, IL US","2020-08-11",,,,,,
"US1ILWL0138","CRETE 2.7 W, IL US","2020-08-12",,,,,,
"US1ILWL0138","CRETE 2.7 W, IL US","2020-08-13",,,,,,
"US1ILWL0138","CRETE 2.7 W, IL US","2020-08-14",,,,,,
"US1ILWL0138","CRETE 2.7 W, IL US","2020-08-15",,,,,,
"US1ILWL0138","CRETE 2.7 W, IL US","2020-08-16",,,,,,
"US1ILWL0138","CRETE 2.7 W, IL US","2020-08-17",,,,,,
"US1ILWL0138","CRETE 2.7 W, IL US","2020-08-18",,,,,,
"US1ILWL0138","CRETE 2.7 W, IL US","2020-08-19",,,,,,
"US1ILWL0138","CRETE 2.7 W, IL US","2020-08-20",,,,,,
"US1ILWL0138","CRETE 2.7 W, IL US","2020-08-21",,,,,,
"US1ILWL0138","CRETE 2.7 W, IL US","2020-08-22",,,,,,
"US1ILWL0138","CRETE 2.7 W, IL US","2020-08-23",,,,,,
"US1ILWL0138","CRETE 2.7 W, IL US","2020-08-24",,,,,,
"US1ILWL0138","CRETE 2.7 W, IL US","2020-08-25",,,,,,
"US1ILWL0138","CRETE 2.7 W, IL US","2020-08-26",,,,,,
"US1ILWL0138","CRETE 2.7 W, IL US","2020-08-27",,,,,,
"US1ILWL0138","CRETE 2.7 W, IL US","2020-08-28",,,,,,
"US1ILWL0138","CRETE 2.7 W, IL US","2020-08-29",,,,,,
"US1ILWL0138","CRETE 2.7 W, IL US","2020-08-30",,,,,,
"US1ILWL0138","CRETE 2.7 W, IL US","2020-08-31",,,,,,
"US1ILWL0138","CRETE 2.7 W, IL US","2020-09-01",,,,,,
"US1ILWL0138","CRETE 2.7 W, IL US","2020-09-02",,,,,,
"US1ILWL0138","CRETE 2.7 W, IL US","2020-09-03",,,,,,
"US1ILWL0138","CRETE 2.7 W, IL US","2020-09-04",,,,,,
"US1ILWL0138","CRETE 2.7 W, IL US","2020-09-05",,,,,,
"US1ILWL0138","CRETE 2.7 W, IL US","2020-09-06",,,,,,
"US1ILWL0138","CRETE 2.7 W, IL US","2020-09-07",,,,,,
"US1ILWL0138","CRETE 2.7 W, IL US","2020-09-08",,,,,,
"US1ILCK0063","ELK GROVE VILLAGE 0.6 ESE, IL US","2019-10-01",,,,,,
"US1ILCK0063","ELK GROVE VILLAGE 0.6 ESE, IL US","2019-10-02",,,,,,
"US1ILCK0063","ELK GROVE VILLAGE 0.6 ESE, IL US","2019-10-03",,,,,,
"US1ILCK0063","ELK GROVE VILLAGE 0.6 ESE, IL US","2019-10-04",,,,,,
"US1ILCK0063","ELK GROVE VILLAGE 0.6 ESE, IL US","2019-10-05",,,,,,
"US1ILCK0063","ELK GROVE VILLAGE 0.6 ESE, IL US","2019-10-06",,,,,,
"US1ILCK0063","ELK GROVE VILLAGE 0.6 ESE, IL US","2019-10-07",,,,,,
"US1ILCK0063","ELK GROVE VILLAGE 0.6 ESE, IL US","2019-10-08",,,,,,
"US1ILCK0063","ELK GROVE VILLAGE 0.6 ESE, IL US","2019-10-09",,,,,,
"US1ILCK0063","ELK GROVE VILLAGE 0.6 ESE, IL US","2019-10-10",,,,,,
"US1ILCK0063","ELK GROVE VILLAGE 0.6 ESE, IL US","2019-10-11",,,,,,
"US1ILCK0063","ELK GROVE VILLAGE 0.6 ESE, IL US","2019-10-12",,,,,,
"US1ILCK0063","ELK GROVE VILLAGE 0.6 ESE, IL US","2019-10-13",,,,,,
"US1ILCK0063","ELK GROVE VILLAGE 0.6 ESE, IL US","2019-10-17",,,,,,
"US1ILCK0063","ELK GROVE VILLAGE 0.6 ESE, IL US","2019-10-18",,,,,,
"US1ILCK0063","ELK GROVE VILLAGE 0.6 ESE, IL US","2019-10-19",,,,,,
"US1ILCK0063","ELK GROVE VILLAGE 0.6 ESE, IL US","2019-10-20",,,,,,
"US1ILCK0063","ELK GROVE VILLAGE 0.6 ESE, IL US","2019-10-21",,,,,,
"US1ILCK0063","ELK GROVE VILLAGE 0.6 ESE, IL US","2019-10-22",,,,,,
"US1ILCK0063","ELK GROVE VILLAGE 0.6 ESE, IL US","2019-10-23",,,,,,
"US1ILCK0063","ELK GROVE VILLAGE 0.6 ESE, IL US","2019-10-24",,,,,,
"US1ILCK0063","ELK GROVE VILLAGE 0.6 ESE, IL US","2019-10-25",,,,,,
"US1ILCK0063","ELK GROVE VILLAGE 0.6 ESE, IL US","2019-10-26",,,,,,
"US1ILCK0063","ELK GROVE VILLAGE 0.6 ESE, IL US","2019-10-27",,,,,,
"US1ILCK0063","ELK GROVE VILLAGE 0.6 ESE, IL US","2019-10-28",,,,,,
"US1ILCK0063","ELK GROVE VILLAGE 0.6 ESE, IL US","2019-10-29",,,,,,
"US1ILCK0063","ELK GROVE VILLAGE 0.6 ESE, IL US","2019-10-30",,,,,,
"US1ILCK0063","ELK GROVE VILLAGE 0.6 ESE, IL US","2019-11-01",,,,,,
"US1ILCK0063","ELK GROVE VILLAGE 0.6 ESE, IL US","2019-11-02",,,,,,
"US1ILCK0063","ELK GROVE VILLAGE 0.6 ESE, IL US","2019-11-03",,,,,,
"US1ILCK0063","ELK GROVE VILLAGE 0.6 ESE, IL US","2019-11-04",,,,,,
"US1ILCK0063","ELK GROVE VILLAGE 0.6 ESE, IL US","2019-11-05",,,,,,
"US1ILCK0063","ELK GROVE VILLAGE 0.6 ESE, IL US","2019-11-06",,,,,,
"US1ILCK0063","ELK GROVE VILLAGE 0.6 ESE, IL US","2019-11-07",,,,,,
"US1ILCK0063","ELK GROVE VILLAGE 0.6 ESE, IL US","2019-11-08",,,,,,
"US1ILCK0063","ELK GROVE VILLAGE 0.6 ESE, IL US","2019-11-09",,,,,,
"US1ILCK0063","ELK GROVE VILLAGE 0.6 ESE, IL US","2019-11-10",,,,,,
"US1ILCK0063","ELK GROVE VILLAGE 0.6 ESE, IL US","2019-11-11",,,,,,
"US1ILCK0063","ELK GROVE VILLAGE 0.6 ESE, IL US","2019-11-12",,,,,,
"US1ILCK0063","ELK GROVE VILLAGE 0.6 ESE, IL US","2019-11-13",,,,,,
"US1ILCK0063","ELK GROVE VILLAGE 0.6 ESE, IL US","2019-11-14",,,,,,
"US1ILCK0063","ELK GROVE VILLAGE 0.6 ESE, IL US","2019-11-15",,,,,,
"US1ILCK0063","ELK GROVE VILLAGE 0.6 ESE, IL US","2019-11-16",,,,,,
"US1ILCK0063","ELK GROVE VILLAGE 0.6 ESE, IL US","2019-11-17",,,,,,
"US1ILCK0063","ELK GROVE VILLAGE 0.6 ESE, IL US","2019-11-18",,,,,,
"US1ILCK0063","ELK GROVE VILLAGE 0.6 ESE, IL US","2019-11-19",,,,,,
"US1ILCK0063","ELK GROVE VILLAGE 0.6 ESE, IL US","2019-11-20",,,,,,
"US1ILCK0063","ELK GROVE VILLAGE 0.6 ESE, IL US","2019-11-21",,,,,,
"US1ILCK0063","ELK GROVE VILLAGE 0.6 ESE, IL US","2019-11-22",,,,,,
"US1ILCK0063","ELK GROVE VILLAGE 0.6 ESE, IL US","2019-11-23",,,,,,
"US1ILCK0063","ELK GROVE VILLAGE 0.6 ESE, IL US","2019-11-24",,,,,,
"US1ILCK0063","ELK GROVE VILLAGE 0.6 ESE, IL US","2019-11-25",,,,,,
"US1ILCK0063","ELK GROVE VILLAGE 0.6 ESE, IL US","2019-11-26",,,,,,
"US1ILCK0063","ELK GROVE VILLAGE 0.6 ESE, IL US","2019-11-27",,,,,,
"US1ILCK0063","ELK GROVE VILLAGE 0.6 ESE, IL US","2019-11-28",,,,,,
"US1ILCK0063","ELK GROVE VILLAGE 0.6 ESE, IL US","2019-11-29",,,,,,
"US1ILCK0063","ELK GROVE VILLAGE 0.6 ESE, IL US","2019-11-30",,,,,,
"US1ILCK0063","ELK GROVE VILLAGE 0.6 ESE, IL US","2019-12-01",,,,,,
"US1ILCK0063","ELK GROVE VILLAGE 0.6 ESE, IL US","2019-12-02",,,,,,
"US1ILCK0063","ELK GROVE VILLAGE 0.6 ESE, IL US","2019-12-03",,,,,,
"US1ILCK0063","ELK GROVE VILLAGE 0.6 ESE, IL US","2019-12-04",,,,,,
"US1ILCK0063","ELK GROVE VILLAGE 0.6 ESE, IL US","2019-12-05",,,,,,
"US1ILCK0063","ELK GROVE VILLAGE 0.6 ESE, IL US","2019-12-06",,,,,,
"US1ILCK0063","ELK GROVE VILLAGE 0.6 ESE, IL US","2019-12-07",,,,,,
"US1ILCK0063","ELK GROVE VILLAGE 0.6 ESE, IL US","2019-12-08",,,,,,
"US1ILCK0063","ELK GROVE VILLAGE 0.6 ESE, IL US","2019-12-09",,,,,,
"US1ILCK0063","ELK GROVE VILLAGE 0.6 ESE, IL US","2019-12-10",,,,,,
"US1ILCK0063","ELK GROVE VILLAGE 0.6 ESE, IL US","2019-12-11",,,,,,
"US1ILCK0063","ELK GROVE VILLAGE 0.6 ESE, IL US","2019-12-12",,,,,,
"US1ILCK0063","ELK GROVE VILLAGE 0.6 ESE, IL US","2019-12-13",,,,,,
"US1ILCK0063","ELK GROVE VILLAGE 0.6 ESE, IL US","2019-12-14",,,,,,
"US1ILCK0063","ELK GROVE VILLAGE 0.6 ESE, IL US","2019-12-15",,,,,,
"US1ILCK0063","ELK GROVE VILLAGE 0.6 ESE, IL US","2019-12-16",,,,,,
"US1ILCK0063","ELK GROVE VILLAGE 0.6 ESE, IL US","2019-12-17",,,,,,
"US1ILCK0063","ELK GROVE VILLAGE 0.6 ESE, IL US","2019-12-18",,,,,,
"US1ILCK0063","ELK GROVE VILLAGE 0.6 ESE, IL US","2019-12-19",,,,,,
"US1ILCK0063","ELK GROVE VILLAGE 0.6 ESE, IL US","2019-12-20",,,,,,
"US1ILCK0063","ELK GROVE VILLAGE 0.6 ESE, IL US","2019-12-21",,,,,,
"US1ILCK0063","ELK GROVE VILLAGE 0.6 ESE, IL US","2019-12-22",,,,,,
"US1ILCK0063","ELK GROVE VILLAGE 0.6 ESE, IL US","2019-12-23",,,,,,
"US1ILCK0063","ELK GROVE VILLAGE 0.6 ESE, IL US","2019-12-24",,,,,,
"US1ILCK0063","ELK GROVE VILLAGE 0.6 ESE, IL US","2019-12-25",,,,,,
"US1ILCK0063","ELK GROVE VILLAGE 0.6 ESE, IL US","2019-12-26",,,,,,
"US1ILCK0063","ELK GROVE VILLAGE 0.6 ESE, IL US","2019-12-27",,,,,,
"US1ILCK0063","ELK GROVE VILLAGE 0.6 ESE, IL US","2019-12-28",,,,,,
"US1ILCK0063","ELK GROVE VILLAGE 0.6 ESE, IL US","2019-12-29",,,,,,
"US1ILCK0063","ELK GROVE VILLAGE 0.6 ESE, IL US","2019-12-30",,,,,,
"US1ILCK0063","ELK GROVE VILLAGE 0.6 ESE, IL US","2019-12-31",,,,,,
"US1ILCK0063","ELK GROVE VILLAGE 0.6 ESE, IL US","2020-01-01",,,,,,
"US1ILCK0063","ELK GROVE VILLAGE 0.6 ESE, IL US","2020-01-02",,,,,,
"US1ILCK0063","ELK GROVE VILLAGE 0.6 ESE, IL US","2020-01-03",,,,,,
"US1ILCK0063","ELK GROVE VILLAGE 0.6 ESE, IL US","2020-01-04",,,,,,
"US1ILCK0063","ELK GROVE VILLAGE 0.6 ESE, IL US","2020-01-05",,,,,,
"US1ILCK0063","ELK GROVE VILLAGE 0.6 ESE, IL US","2020-01-06",,,,,,
"US1ILCK0063","ELK GROVE VILLAGE 0.6 ESE, IL US","2020-01-07",,,,,,
"US1ILCK0063","ELK GROVE VILLAGE 0.6 ESE, IL US","2020-01-08",,,,,,
"US1ILCK0063","ELK GROVE VILLAGE 0.6 ESE, IL US","2020-01-09",,,,,,
"US1ILCK0063","ELK GROVE VILLAGE 0.6 ESE, IL US","2020-01-10",,,,,,
"US1ILCK0063","ELK GROVE VILLAGE 0.6 ESE, IL US","2020-01-11",,,,,,
"US1ILCK0063","ELK GROVE VILLAGE 0.6 ESE, IL US","2020-01-12",,,,,,
"US1ILCK0063","ELK GROVE VILLAGE 0.6 ESE, IL US","2020-01-13",,,,,,
"US1ILCK0063","ELK GROVE VILLAGE 0.6 ESE, IL US","2020-01-14",,,,,,
"US1ILCK0063","ELK GROVE VILLAGE 0.6 ESE, IL US","2020-01-15",,,,,,
"US1ILCK0063","ELK GROVE VILLAGE 0.6 ESE, IL US","2020-01-16",,,,,,
"US1ILCK0063","ELK GROVE VILLAGE 0.6 ESE, IL US","2020-01-17",,,,,,
"US1ILCK0063","ELK GROVE VILLAGE 0.6 ESE, IL US","2020-01-18",,,,,,
"US1ILCK0063","ELK GROVE VILLAGE 0.6 ESE, IL US","2020-01-19",,,,,,
"US1ILCK0063","ELK GROVE VILLAGE 0.6 ESE, IL US","2020-01-20",,,,,,
"US1ILCK0063","ELK GROVE VILLAGE 0.6 ESE, IL US","2020-01-21",,,,,,
"US1ILCK0063","ELK GROVE VILLAGE 0.6 ESE, IL US","2020-01-22",,,,,,
"US1ILCK0063","ELK GROVE VILLAGE 0.6 ESE, IL US","2020-01-23",,,,,,
"US1ILCK0063","ELK GROVE VILLAGE 0.6 ESE, IL US","2020-01-24",,,,,,
"US1ILCK0063","ELK GROVE VILLAGE 0.6 ESE, IL US","2020-01-25",,,,,,
"US1ILCK0063","ELK GROVE VILLAGE 0.6 ESE, IL US","2020-01-26",,,,,,
"US1ILCK0063","ELK GROVE VILLAGE 0.6 ESE, IL US","2020-01-27",,,,,,
"US1ILCK0063","ELK GROVE VILLAGE 0.6 ESE, IL US","2020-01-28",,,,,,
"US1ILCK0063","ELK GROVE VILLAGE 0.6 ESE, IL US","2020-01-29",,,,,,
"US1ILCK0063","ELK GROVE VILLAGE 0.6 ESE, IL US","2020-01-30",,,,,,
"US1ILCK0063","ELK GROVE VILLAGE 0.6 ESE, IL US","2020-01-31",,,,,,
"US1ILCK0063","ELK GROVE VILLAGE 0.6 ESE, IL US","2020-02-01",,,,,,
"US1ILCK0063","ELK GROVE VILLAGE 0.6 ESE, IL US","2020-02-02",,,,,,
"US1ILCK0063","ELK GROVE VILLAGE 0.6 ESE, IL US","2020-02-03",,,,,,
"US1ILCK0063","ELK GROVE VILLAGE 0.6 ESE, IL US","2020-02-04",,,,,,
"US1ILCK0063","ELK GROVE VILLAGE 0.6 ESE, IL US","2020-02-05",,,,,,
"US1ILCK0063","ELK GROVE VILLAGE 0.6 ESE, IL US","2020-02-06",,,,,,
"US1ILCK0063","ELK GROVE VILLAGE 0.6 ESE, IL US","2020-02-07",,,,,,
"US1ILCK0063","ELK GROVE VILLAGE 0.6 ESE, IL US","2020-02-08",,,,,,
"US1ILCK0063","ELK GROVE VILLAGE 0.6 ESE, IL US","2020-02-09",,,,,,
"US1ILCK0063","ELK GROVE VILLAGE 0.6 ESE, IL US","2020-02-10",,,,,,
"US1ILCK0063","ELK GROVE VILLAGE 0.6 ESE, IL US","2020-02-11",,,,,,
"US1ILCK0063","ELK GROVE VILLAGE 0.6 ESE, IL US","2020-02-12",,,,,,
"US1ILCK0063","ELK GROVE VILLAGE 0.6 ESE, IL US","2020-02-13",,,,,,
"US1ILCK0063","ELK GROVE VILLAGE 0.6 ESE, IL US","2020-02-14",,,,,,
"US1ILCK0063","ELK GROVE VILLAGE 0.6 ESE, IL US","2020-02-18",,,,,,
"US1ILCK0063","ELK GROVE VILLAGE 0.6 ESE, IL US","2020-02-19",,,,,,
"US1ILCK0063","ELK GROVE VILLAGE 0.6 ESE, IL US","2020-02-20",,,,,,
"US1ILCK0063","ELK GROVE VILLAGE 0.6 ESE, IL US","2020-02-21",,,,,,
"US1ILCK0063","ELK GROVE VILLAGE 0.6 ESE, IL US","2020-02-22",,,,,,
"US1ILCK0063","ELK GROVE VILLAGE 0.6 ESE, IL US","2020-02-23",,,,,,
"US1ILCK0063","ELK GROVE VILLAGE 0.6 ESE, IL US","2020-02-24",,,,,,
"US1ILCK0063","ELK GROVE VILLAGE 0.6 ESE, IL US","2020-02-25",,,,,,
"US1ILCK0063","ELK GROVE VILLAGE 0.6 ESE, IL US","2020-02-26",,,,,,
"US1ILCK0063","ELK GROVE VILLAGE 0.6 ESE, IL US","2020-02-27",,,,,,
"US1ILCK0063","ELK GROVE VILLAGE 0.6 ESE, IL US","2020-02-28",,,,,,
"US1ILCK0063","ELK GROVE VILLAGE 0.6 ESE, IL US","2020-02-29",,,,,,
"US1ILCK0063","ELK GROVE VILLAGE 0.6 ESE, IL US","2020-03-01",,,,,,
"US1ILCK0063","ELK GROVE VILLAGE 0.6 ESE, IL US","2020-03-02",,,,,,
"US1ILCK0063","ELK GROVE VILLAGE 0.6 ESE, IL US","2020-03-03",,,,,,
"US1ILCK0063","ELK GROVE VILLAGE 0.6 ESE, IL US","2020-03-04",,,,,,
"US1ILCK0063","ELK GROVE VILLAGE 0.6 ESE, IL US","2020-03-05",,,,,,
"US1ILCK0063","ELK GROVE VILLAGE 0.6 ESE, IL US","2020-03-06",,,,,,
"US1ILCK0063","ELK GROVE VILLAGE 0.6 ESE, IL US","2020-03-07",,,,,,
"US1ILCK0063","ELK GROVE VILLAGE 0.6 ESE, IL US","2020-03-08",,,,,,
"US1ILCK0063","ELK GROVE VILLAGE 0.6 ESE, IL US","2020-03-09",,,,,,
"US1ILCK0063","ELK GROVE VILLAGE 0.6 ESE, IL US","2020-03-10",,,,,,
"US1ILCK0063","ELK GROVE VILLAGE 0.6 ESE, IL US","2020-03-11",,,,,,
"US1ILCK0063","ELK GROVE VILLAGE 0.6 ESE, IL US","2020-03-17",,,,,,
"US1ILCK0063","ELK GROVE VILLAGE 0.6 ESE, IL US","2020-03-18",,,,,,
"US1ILCK0063","ELK GROVE VILLAGE 0.6 ESE, IL US","2020-03-19",,,,,,
"US1ILCK0063","ELK GROVE VILLAGE 0.6 ESE, IL US","2020-03-20",,,,,,
"US1ILCK0063","ELK GROVE VILLAGE 0.6 ESE, IL US","2020-03-21",,,,,,
"US1ILCK0063","ELK GROVE VILLAGE 0.6 ESE, IL US","2020-03-22",,,,,,
"US1ILCK0063","ELK GROVE VILLAGE 0.6 ESE, IL US","2020-03-23",,,,,,
"US1ILCK0063","ELK GROVE VILLAGE 0.6 ESE, IL US","2020-03-24",,,,,,
"US1ILCK0063","ELK GROVE VILLAGE 0.6 ESE, IL US","2020-03-25",,,,,,
"US1ILCK0063","ELK GROVE VILLAGE 0.6 ESE, IL US","2020-03-26",,,,,,
"US1ILCK0063","ELK GROVE VILLAGE 0.6 ESE, IL US","2020-03-27",,,,,,
"US1ILCK0063","ELK GROVE VILLAGE 0.6 ESE, IL US","2020-03-28",,,,,,
"US1ILCK0063","ELK GROVE VILLAGE 0.6 ESE, IL US","2020-03-29",,,,,,
"US1ILCK0063","ELK GROVE VILLAGE 0.6 ESE, IL US","2020-03-30",,,,,,
"US1ILCK0063","ELK GROVE VILLAGE 0.6 ESE, IL US","2020-03-31",,,,,,
"US1ILCK0063","ELK GROVE VILLAGE 0.6 ESE, IL US","2020-04-01",,,,,,
"US1ILCK0063","ELK GROVE VILLAGE 0.6 ESE, IL US","2020-04-02",,,,,,
"US1ILCK0063","ELK GROVE VILLAGE 0.6 ESE, IL US","2020-04-03",,,,,,
"US1ILCK0063","ELK GROVE VILLAGE 0.6 ESE, IL US","2020-04-04",,,,,,
"US1ILCK0063","ELK GROVE VILLAGE 0.6 ESE, IL US","2020-04-05",,,,,,
"US1ILCK0063","ELK GROVE VILLAGE 0.6 ESE, IL US","2020-04-06",,,,,,
"US1ILCK0063","ELK GROVE VILLAGE 0.6 ESE, IL US","2020-04-07",,,,,,
"US1ILCK0063","ELK GROVE VILLAGE 0.6 ESE, IL US","2020-04-08",,,,,,
"US1ILCK0063","ELK GROVE VILLAGE 0.6 ESE, IL US","2020-04-09",,,,,,
"US1ILCK0063","ELK GROVE VILLAGE 0.6 ESE, IL US","2020-04-10",,,,,,
"US1ILCK0063","ELK GROVE VILLAGE 0.6 ESE, IL US","2020-04-11",,,,,,
"US1ILCK0063","ELK GROVE VILLAGE 0.6 ESE, IL US","2020-04-12",,,,,,
"US1ILCK0063","ELK GROVE VILLAGE 0.6 ESE, IL US","2020-04-13",,,,,,
"US1ILCK0063","ELK GROVE VILLAGE 0.6 ESE, IL US","2020-04-14",,,,,,
"US1ILCK0063","ELK GROVE VILLAGE 0.6 ESE, IL US","2020-04-15",,,,,,
"US1ILCK0063","ELK GROVE VILLAGE 0.6 ESE, IL US","2020-04-16",,,,,,
"US1ILCK0063","ELK GROVE VILLAGE 0.6 ESE, IL US","2020-04-17",,,,,,
"US1ILCK0063","ELK GROVE VILLAGE 0.6 ESE, IL US","2020-04-18",,,,,,
"US1ILCK0063","ELK GROVE VILLAGE 0.6 ESE, IL US","2020-04-19",,,,,,
"US1ILCK0063","ELK GROVE VILLAGE 0.6 ESE, IL US","2020-04-20",,,,,,
"US1ILCK0063","ELK GROVE VILLAGE 0.6 ESE, IL US","2020-04-21",,,,,,
"US1ILCK0063","ELK GROVE VILLAGE 0.6 ESE, IL US","2020-04-22",,,,,,
"US1ILCK0063","ELK GROVE VILLAGE 0.6 ESE, IL US","2020-04-23",,,,,,
"US1ILCK0063","ELK GROVE VILLAGE 0.6 ESE, IL US","2020-04-24",,,,,,
"US1ILCK0063","ELK GROVE VILLAGE 0.6 ESE, IL US","2020-04-25",,,,,,
"US1ILCK0063","ELK GROVE VILLAGE 0.6 ESE, IL US","2020-04-26",,,,,,
"US1ILCK0063","ELK GROVE VILLAGE 0.6 ESE, IL US","2020-04-27",,,,,,
"US1ILCK0063","ELK GROVE VILLAGE 0.6 ESE, IL US","2020-04-28",,,,,,
"US1ILCK0063","ELK GROVE VILLAGE 0.6 ESE, IL US","2020-04-29",,,,,,
"US1ILCK0063","ELK GROVE VILLAGE 0.6 ESE, IL US","2020-04-30",,,,,,
"US1ILCK0063","ELK GROVE VILLAGE 0.6 ESE, IL US","2020-05-01",,,,,,
"US1ILCK0063","ELK GROVE VILLAGE 0.6 ESE, IL US","2020-05-02",,,,,,
"US1ILCK0063","ELK GROVE VILLAGE 0.6 ESE, IL US","2020-05-03",,,,,,
"US1ILCK0063","ELK GROVE VILLAGE 0.6 ESE, IL US","2020-05-04",,,,,,
"US1ILCK0063","ELK GROVE VILLAGE 0.6 ESE, IL US","2020-05-05",,,,,,
"US1ILCK0063","ELK GROVE VILLAGE 0.6 ESE, IL US","2020-05-06",,,,,,
"US1ILCK0063","ELK GROVE VILLAGE 0.6 ESE, IL US","2020-05-07",,,,,,
"US1ILCK0063","ELK GROVE VILLAGE 0.6 ESE, IL US","2020-05-08",,,,,,
"US1ILCK0063","ELK GROVE VILLAGE 0.6 ESE, IL US","2020-05-09",,,,,,
"US1ILCK0063","ELK GROVE VILLAGE 0.6 ESE, IL US","2020-05-10",,,,,,
"US1ILCK0063","ELK GROVE VILLAGE 0.6 ESE, IL US","2020-05-11",,,,,,
"US1ILCK0063","ELK GROVE VILLAGE 0.6 ESE, IL US","2020-05-12",,,,,,
"US1ILCK0063","ELK GROVE VILLAGE 0.6 ESE, IL US","2020-05-13",,,,,,
"US1ILCK0063","ELK GROVE VILLAGE 0.6 ESE, IL US","2020-05-14",,,,,,
"US1ILCK0063","ELK GROVE VILLAGE 0.6 ESE, IL US","2020-05-15",,,,,,
"US1ILCK0063","ELK GROVE VILLAGE 0.6 ESE, IL US","2020-05-16",,,,,,
"US1ILCK0063","ELK GROVE VILLAGE 0.6 ESE, IL US","2020-05-17",,,,,,
"US1ILCK0063","ELK GROVE VILLAGE 0.6 ESE, IL US","2020-05-18",,,,,,
"US1ILCK0063","ELK GROVE VILLAGE 0.6 ESE, IL US","2020-05-20",,,,,,
"US1ILCK0063","ELK GROVE VILLAGE 0.6 ESE, IL US","2020-05-21",,,,,,
"US1ILCK0063","ELK GROVE VILLAGE 0.6 ESE, IL US","2020-05-22",,,,,,
"US1ILCK0063","ELK GROVE VILLAGE 0.6 ESE, IL US","2020-05-23",,,,,,
"US1ILCK0063","ELK GROVE VILLAGE 0.6 ESE, IL US","2020-05-24",,,,,,
"US1ILCK0063","ELK GROVE VILLAGE 0.6 ESE, IL US","2020-05-25",,,,,,
"US1ILCK0063","ELK GROVE VILLAGE 0.6 ESE, IL US","2020-05-26",,,,,,
"US1ILCK0063","ELK GROVE VILLAGE 0.6 ESE, IL US","2020-05-27",,,,,,
"US1ILCK0063","ELK GROVE VILLAGE 0.6 ESE, IL US","2020-05-28",,,,,,
"US1ILCK0063","ELK GROVE VILLAGE 0.6 ESE, IL US","2020-05-29",,,,,,
"US1ILCK0063","ELK GROVE VILLAGE 0.6 ESE, IL US","2020-05-30",,,,,,
"US1ILCK0063","ELK GROVE VILLAGE 0.6 ESE, IL US","2020-05-31",,,,,,
"US1ILCK0063","ELK GROVE VILLAGE 0.6 ESE, IL US","2020-06-01",,,,,,
"US1ILCK0063","ELK GROVE VILLAGE 0.6 ESE, IL US","2020-06-02",,,,,,
"US1ILCK0063","ELK GROVE VILLAGE 0.6 ESE, IL US","2020-06-03",,,,,,
"US1ILCK0063","ELK GROVE VILLAGE 0.6 ESE, IL US","2020-06-04",,,,,,
"US1ILCK0063","ELK GROVE VILLAGE 0.6 ESE, IL US","2020-06-05",,,,,,
"US1ILCK0063","ELK GROVE VILLAGE 0.6 ESE, IL US","2020-06-06",,,,,,
"US1ILCK0063","ELK GROVE VILLAGE 0.6 ESE, IL US","2020-06-07",,,,,,
"US1ILCK0063","ELK GROVE VILLAGE 0.6 ESE, IL US","2020-06-08",,,,,,
"US1ILCK0063","ELK GROVE VILLAGE 0.6 ESE, IL US","2020-06-09",,,,,,
"US1ILCK0063","ELK GROVE VILLAGE 0.6 ESE, IL US","2020-06-10",,,,,,
"US1ILCK0063","ELK GROVE VILLAGE 0.6 ESE, IL US","2020-06-11",,,,,,
"US1ILCK0063","ELK GROVE VILLAGE 0.6 ESE, IL US","2020-06-12",,,,,,
"US1ILCK0063","ELK GROVE VILLAGE 0.6 ESE, IL US","2020-06-13",,,,,,
"US1ILCK0063","ELK GROVE VILLAGE 0.6 ESE, IL US","2020-06-14",,,,,,
"US1ILCK0063","ELK GROVE VILLAGE 0.6 ESE, IL US","2020-06-15",,,,,,
"US1ILCK0063","ELK GROVE VILLAGE 0.6 ESE, IL US","2020-06-16",,,,,,
"US1ILCK0063","ELK GROVE VILLAGE 0.6 ESE, IL US","2020-06-17",,,,,,
"US1ILCK0063","ELK GROVE VILLAGE 0.6 ESE, IL US","2020-06-18",,,,,,
"US1ILCK0063","ELK GROVE VILLAGE 0.6 ESE, IL US","2020-06-19",,,,,,
"US1ILCK0063","ELK GROVE VILLAGE 0.6 ESE, IL US","2020-06-20",,,,,,
"US1ILCK0063","ELK GROVE VILLAGE 0.6 ESE, IL US","2020-06-21",,,,,,
"US1ILCK0063","ELK GROVE VILLAGE 0.6 ESE, IL US","2020-06-22",,,,,,
"US1ILCK0063","ELK GROVE VILLAGE 0.6 ESE, IL US","2020-06-23",,,,,,
"US1ILCK0063","ELK GROVE VILLAGE 0.6 ESE, IL US","2020-06-24",,,,,,
"US1ILCK0063","ELK GROVE VILLAGE 0.6 ESE, IL US","2020-06-25",,,,,,
"US1ILCK0063","ELK GROVE VILLAGE 0.6 ESE, IL US","2020-06-26",,,,,,
"US1ILCK0063","ELK GROVE VILLAGE 0.6 ESE, IL US","2020-06-27",,,,,,
"US1ILCK0063","ELK GROVE VILLAGE 0.6 ESE, IL US","2020-06-28",,,,,,
"US1ILCK0063","ELK GROVE VILLAGE 0.6 ESE, IL US","2020-06-29",,,,,,
"US1ILCK0063","ELK GROVE VILLAGE 0.6 ESE, IL US","2020-06-30",,,,,,
"US1ILCK0063","ELK GROVE VILLAGE 0.6 ESE, IL US","2020-07-01",,,,,,
"US1ILCK0063","ELK GROVE VILLAGE 0.6 ESE, IL US","2020-07-02",,,,,,
"US1ILCK0063","ELK GROVE VILLAGE 0.6 ESE, IL US","2020-07-03",,,,,,
"US1ILCK0063","ELK GROVE VILLAGE 0.6 ESE, IL US","2020-07-04",,,,,,
"US1ILCK0063","ELK GROVE VILLAGE 0.6 ESE, IL US","2020-07-05",,,,,,
"US1ILCK0063","ELK GROVE VILLAGE 0.6 ESE, IL US","2020-07-06",,,,,,
"US1ILCK0063","ELK GROVE VILLAGE 0.6 ESE, IL US","2020-07-07",,,,,,
"US1ILCK0063","ELK GROVE VILLAGE 0.6 ESE, IL US","2020-07-08",,,,,,
"US1ILCK0063","ELK GROVE VILLAGE 0.6 ESE, IL US","2020-07-09",,,,,,
"US1ILCK0063","ELK GROVE VILLAGE 0.6 ESE, IL US","2020-07-10",,,,,,
"US1ILCK0063","ELK GROVE VILLAGE 0.6 ESE, IL US","2020-07-11",,,,,,
"US1ILCK0063","ELK GROVE VILLAGE 0.6 ESE, IL US","2020-07-12",,,,,,
"US1ILCK0063","ELK GROVE VILLAGE 0.6 ESE, IL US","2020-07-13",,,,,,
"US1ILCK0063","ELK GROVE VILLAGE 0.6 ESE, IL US","2020-07-14",,,,,,
"US1ILCK0063","ELK GROVE VILLAGE 0.6 ESE, IL US","2020-07-15",,,,,,
"US1ILCK0063","ELK GROVE VILLAGE 0.6 ESE, IL US","2020-07-16",,,,,,
"US1ILCK0063","ELK GROVE VILLAGE 0.6 ESE, IL US","2020-07-17",,,,,,
"US1ILCK0063","ELK GROVE VILLAGE 0.6 ESE, IL US","2020-07-18",,,,,,
"US1ILCK0063","ELK GROVE VILLAGE 0.6 ESE, IL US","2020-07-19",,,,,,
"US1ILCK0063","ELK GROVE VILLAGE 0.6 ESE, IL US","2020-07-20",,,,,,
"US1ILCK0063","ELK GROVE VILLAGE 0.6 ESE, IL US","2020-07-21",,,,,,
"US1ILCK0063","ELK GROVE VILLAGE 0.6 ESE, IL US","2020-07-22",,,,,,
"US1ILCK0063","ELK GROVE VILLAGE 0.6 ESE, IL US","2020-07-23",,,,,,
"US1ILCK0063","ELK GROVE VILLAGE 0.6 ESE, IL US","2020-07-24",,,,,,
"US1ILCK0063","ELK GROVE VILLAGE 0.6 ESE, IL US","2020-07-25",,,,,,
"US1ILCK0063","ELK GROVE VILLAGE 0.6 ESE, IL US","2020-07-26",,,,,,
"US1ILCK0063","ELK GROVE VILLAGE 0.6 ESE, IL US","2020-07-27",,,,,,
"US1ILCK0063","ELK GROVE VILLAGE 0.6 ESE, IL US","2020-07-28",,,,,,
"US1ILCK0063","ELK GROVE VILLAGE 0.6 ESE, IL US","2020-07-29",,,,,,
"US1ILCK0063","ELK GROVE VILLAGE 0.6 ESE, IL US","2020-07-30",,,,,,
"US1ILCK0063","ELK GROVE VILLAGE 0.6 ESE, IL US","2020-07-31",,,,,,
"US1ILCK0063","ELK GROVE VILLAGE 0.6 ESE, IL US","2020-08-01",,,,,,
"US1ILCK0063","ELK GROVE VILLAGE 0.6 ESE, IL US","2020-08-02",,,,,,
"US1ILCK0063","ELK GROVE VILLAGE 0.6 ESE, IL US","2020-08-03",,,,,,
"US1ILCK0063","ELK GROVE VILLAGE 0.6 ESE, IL US","2020-08-04",,,,,,
"US1ILCK0063","ELK GROVE VILLAGE 0.6 ESE, IL US","2020-08-05",,,,,,
"US1ILCK0063","ELK GROVE VILLAGE 0.6 ESE, IL US","2020-08-06",,,,,,
"US1ILCK0063","ELK GROVE VILLAGE 0.6 ESE, IL US","2020-08-07",,,,,,
"US1ILCK0063","ELK GROVE VILLAGE 0.6 ESE, IL US","2020-08-08",,,,,,
"US1ILCK0063","ELK GROVE VILLAGE 0.6 ESE, IL US","2020-08-09",,,,,,
"US1ILCK0063","ELK GROVE VILLAGE 0.6 ESE, IL US","2020-08-10",,,,,,
"US1ILCK0063","ELK GROVE VILLAGE 0.6 ESE, IL US","2020-08-11",,,,,,
"US1ILCK0063","ELK GROVE VILLAGE 0.6 ESE, IL US","2020-08-12",,,,,,
"US1ILCK0063","ELK GROVE VILLAGE 0.6 ESE, IL US","2020-08-13",,,,,,
"US1ILCK0063","ELK GROVE VILLAGE 0.6 ESE, IL US","2020-08-14",,,,,,
"US1ILCK0063","ELK GROVE VILLAGE 0.6 ESE, IL US","2020-08-15",,,,,,
"US1ILCK0063","ELK GROVE VILLAGE 0.6 ESE, IL US","2020-08-16",,,,,,
"US1ILCK0063","ELK GROVE VILLAGE 0.6 ESE, IL US","2020-08-20",,,,,,
"US1ILCK0063","ELK GROVE VILLAGE 0.6 ESE, IL US","2020-08-21",,,,,,
"US1ILCK0063","ELK GROVE VILLAGE 0.6 ESE, IL US","2020-08-22",,,,,,
"US1ILCK0063","ELK GROVE VILLAGE 0.6 ESE, IL US","2020-08-23",,,,,,
"US1ILCK0063","ELK GROVE VILLAGE 0.6 ESE, IL US","2020-08-24",,,,,,
"US1ILCK0063","ELK GROVE VILLAGE 0.6 ESE, IL US","2020-08-25",,,,,,
"US1ILCK0063","ELK GROVE VILLAGE 0.6 ESE, IL US","2020-08-26",,,,,,
"US1ILCK0063","ELK GROVE VILLAGE 0.6 ESE, IL US","2020-08-27",,,,,,
"US1ILCK0063","ELK GROVE VILLAGE 0.6 ESE, IL US","2020-08-28",,,,,,
"US1ILCK0063","ELK GROVE VILLAGE 0.6 ESE, IL US","2020-08-29",,,,,,
"US1ILCK0063","ELK GROVE VILLAGE 0.6 ESE, IL US","2020-08-30",,,,,,
"US1ILCK0063","ELK GROVE VILLAGE 0.6 ESE, IL US","2020-08-31",,,,,,
"US1ILCK0063","ELK GROVE VILLAGE 0.6 ESE, IL US","2020-09-01",,,,,,
"US1ILCK0063","ELK GROVE VILLAGE 0.6 ESE, IL US","2020-09-02",,,,,,
"US1ILCK0063","ELK GROVE VILLAGE 0.6 ESE, IL US","2020-09-03",,,,,,
"US1ILCK0063","ELK GROVE VILLAGE 0.6 ESE, IL US","2020-09-04",,,,,,
"US1ILCK0063","ELK GROVE VILLAGE 0.6 ESE, IL US","2020-09-05",,,,,,
"US1ILCK0063","ELK GROVE VILLAGE 0.6 ESE, IL US","2020-09-06",,,,,,
"US1ILCK0063","ELK GROVE VILLAGE 0.6 ESE, IL US","2020-09-07",,,,,,
"US1ILCK0063","ELK GROVE VILLAGE 0.6 ESE, IL US","2020-09-08",,,,,,
"US1ILWL0016","HOMER GLEN 0.8 ENE, IL US","2019-10-01",,,,,,
"US1ILWL0016","HOMER GLEN 0.8 ENE, IL US","2019-10-02",,,,,,
"US1ILWL0016","HOMER GLEN 0.8 ENE, IL US","2019-10-03",,,,,,
"US1ILWL0016","HOMER GLEN 0.8 ENE, IL US","2019-10-04",,,,,,
"US1ILWL0016","HOMER GLEN 0.8 ENE, IL US","2019-10-05",,,,,,
"US1ILWL0016","HOMER GLEN 0.8 ENE, IL US","2019-10-06",,,,,,
"US1ILWL0016","HOMER GLEN 0.8 ENE, IL US","2019-10-07",,,,,,
"US1ILWL0016","HOMER GLEN 0.8 ENE, IL US","2019-10-08",,,,,,
"US1ILWL0016","HOMER GLEN 0.8 ENE, IL US","2019-10-09",,,,,,
"US1ILWL0016","HOMER GLEN 0.8 ENE, IL US","2019-10-10",,,,,,
"US1ILWL0016","HOMER GLEN 0.8 ENE, IL US","2019-10-11",,,,,,
"US1ILWL0016","HOMER GLEN 0.8 ENE, IL US","2019-10-12",,,,,,
"US1ILWL0016","HOMER GLEN 0.8 ENE, IL US","2019-10-13",,,,,,
"US1ILWL0016","HOMER GLEN 0.8 ENE, IL US","2019-10-14",,,,,,
"US1ILWL0016","HOMER GLEN 0.8 ENE, IL US","2019-10-15",,,,,,
"US1ILWL0016","HOMER GLEN 0.8 ENE, IL US","2019-10-16",,,,,,
"US1ILWL0016","HOMER GLEN 0.8 ENE, IL US","2019-10-17",,,,,,
"US1ILWL0016","HOMER GLEN 0.8 ENE, IL US","2019-10-18",,,,,,
"US1ILWL0016","HOMER GLEN 0.8 ENE, IL US","2019-10-19",,,,,,
"US1ILWL0016","HOMER GLEN 0.8 ENE, IL US","2019-10-20",,,,,,
"US1ILWL0016","HOMER GLEN 0.8 ENE, IL US","2019-10-22",,,,,,
"US1ILWL0016","HOMER GLEN 0.8 ENE, IL US","2019-10-23",,,,,,
"US1ILWL0016","HOMER GLEN 0.8 ENE, IL US","2019-10-24",,,,,,
"US1ILWL0016","HOMER GLEN 0.8 ENE, IL US","2019-10-25",,,,,,
"US1ILWL0016","HOMER GLEN 0.8 ENE, IL US","2019-10-26",,,,,,
"US1ILWL0016","HOMER GLEN 0.8 ENE, IL US","2019-10-27",,,,,,
"US1ILWL0016","HOMER GLEN 0.8 ENE, IL US","2019-10-28",,,,,,
"US1ILWL0016","HOMER GLEN 0.8 ENE, IL US","2019-10-29",,,,,,
"US1ILWL0016","HOMER GLEN 0.8 ENE, IL US","2019-10-30",,,,,,
"US1ILWL0016","HOMER GLEN 0.8 ENE, IL US","2019-10-31",,,,,,
"US1ILWL0016","HOMER GLEN 0.8 ENE, IL US","2019-11-01",,,,,,
"US1ILWL0016","HOMER GLEN 0.8 ENE, IL US","2019-11-02",,,,,,
"US1ILWL0016","HOMER GLEN 0.8 ENE, IL US","2019-11-03",,,,,,
"US1ILWL0016","HOMER GLEN 0.8 ENE, IL US","2019-11-04",,,,,,
"US1ILWL0016","HOMER GLEN 0.8 ENE, IL US","2019-11-05",,,,,,
"US1ILWL0016","HOMER GLEN 0.8 ENE, IL US","2019-11-06",,,,,,
"US1ILWL0016","HOMER GLEN 0.8 ENE, IL US","2019-11-08",,,,,,
"US1ILWL0016","HOMER GLEN 0.8 ENE, IL US","2019-11-09",,,,,,
"US1ILWL0016","HOMER GLEN 0.8 ENE, IL US","2019-11-10",,,,,,
"US1ILWL0016","HOMER GLEN 0.8 ENE, IL US","2019-11-11",,,,,,
"US1ILWL0016","HOMER GLEN 0.8 ENE, IL US","2019-11-12",,,,,,
"US1ILWL0016","HOMER GLEN 0.8 ENE, IL US","2019-11-14",,,,,,
"US1ILWL0016","HOMER GLEN 0.8 ENE, IL US","2019-11-15",,,,,,
"US1ILWL0016","HOMER GLEN 0.8 ENE, IL US","2019-11-16",,,,,,
"US1ILWL0016","HOMER GLEN 0.8 ENE, IL US","2019-11-17",,,,,,
"US1ILWL0016","HOMER GLEN 0.8 ENE, IL US","2019-11-18",,,,,,
"US1ILWL0016","HOMER GLEN 0.8 ENE, IL US","2019-11-19",,,,,,
"US1ILWL0016","HOMER GLEN 0.8 ENE, IL US","2019-11-20",,,,,,
"US1ILWL0016","HOMER GLEN 0.8 ENE, IL US","2019-11-21",,,,,,
"US1ILWL0016","HOMER GLEN 0.8 ENE, IL US","2019-11-22",,,,,,
"US1ILWL0016","HOMER GLEN 0.8 ENE, IL US","2019-11-23",,,,,,
"US1ILWL0016","HOMER GLEN 0.8 ENE, IL US","2019-11-24",,,,,,
"US1ILWL0016","HOMER GLEN 0.8 ENE, IL US","2019-11-25",,,,,,
"US1ILWL0016","HOMER GLEN 0.8 ENE, IL US","2019-11-26",,,,,,
"US1ILWL0016","HOMER GLEN 0.8 ENE, IL US","2019-11-27",,,,,,
"US1ILWL0016","HOMER GLEN 0.8 ENE, IL US","2019-11-29",,,,,,
"US1ILWL0016","HOMER GLEN 0.8 ENE, IL US","2019-11-30",,,,,,
"US1ILWL0016","HOMER GLEN 0.8 ENE, IL US","2019-12-01",,,,,,
"US1ILWL0016","HOMER GLEN 0.8 ENE, IL US","2019-12-02",,,,,,
"US1ILWL0016","HOMER GLEN 0.8 ENE, IL US","2019-12-03",,,,,,
"US1ILWL0016","HOMER GLEN 0.8 ENE, IL US","2019-12-04",,,,,,
"US1ILWL0016","HOMER GLEN 0.8 ENE, IL US","2019-12-05",,,,,,
"US1ILWL0016","HOMER GLEN 0.8 ENE, IL US","2019-12-06",,,,,,
"US1ILWL0016","HOMER GLEN 0.8 ENE, IL US","2019-12-07",,,,,,
"US1ILWL0016","HOMER GLEN 0.8 ENE, IL US","2019-12-08",,,,,,
"US1ILWL0016","HOMER GLEN 0.8 ENE, IL US","2019-12-09",,,,,,
"US1ILWL0016","HOMER GLEN 0.8 ENE, IL US","2019-12-10",,,,,,
"US1ILWL0016","HOMER GLEN 0.8 ENE, IL US","2019-12-11",,,,,,
"US1ILWL0016","HOMER GLEN 0.8 ENE, IL US","2019-12-12",,,,,,
"US1ILWL0016","HOMER GLEN 0.8 ENE, IL US","2019-12-13",,,,,,
"US1ILWL0016","HOMER GLEN 0.8 ENE, IL US","2019-12-14",,,,,,
"US1ILWL0016","HOMER GLEN 0.8 ENE, IL US","2019-12-15",,,,,,
"US1ILWL0016","HOMER GLEN 0.8 ENE, IL US","2019-12-16",,,,,,
"US1ILWL0016","HOMER GLEN 0.8 ENE, IL US","2019-12-17",,,,,,
"US1ILWL0016","HOMER GLEN 0.8 ENE, IL US","2019-12-18",,,,,,
"US1ILWL0016","HOMER GLEN 0.8 ENE, IL US","2019-12-19",,,,,,
"US1ILWL0016","HOMER GLEN 0.8 ENE, IL US","2019-12-20",,,,,,
"US1ILWL0016","HOMER GLEN 0.8 ENE, IL US","2019-12-21",,,,,,
"US1ILWL0016","HOMER GLEN 0.8 ENE, IL US","2019-12-22",,,,,,
"US1ILWL0016","HOMER GLEN 0.8 ENE, IL US","2019-12-23",,,,,,
"US1ILWL0016","HOMER GLEN 0.8 ENE, IL US","2019-12-24",,,,,,
"US1ILWL0016","HOMER GLEN 0.8 ENE, IL US","2019-12-25",,,,,,
"US1ILWL0016","HOMER GLEN 0.8 ENE, IL US","2019-12-26",,,,,,
"US1ILWL0016","HOMER GLEN 0.8 ENE, IL US","2019-12-27",,,,,,
"US1ILWL0016","HOMER GLEN 0.8 ENE, IL US","2020-03-06",,,,,,
"US1ILWL0016","HOMER GLEN 0.8 ENE, IL US","2020-03-09",,,,,,
"US1ILWL0016","HOMER GLEN 0.8 ENE, IL US","2020-03-10",,,,,,
"US1ILWL0016","HOMER GLEN 0.8 ENE, IL US","2020-03-11",,,,,,
"US1ILWL0016","HOMER GLEN 0.8 ENE, IL US","2020-03-12",,,,,,
"US1ILWL0016","HOMER GLEN 0.8 ENE, IL US","2020-03-13",,,,,,
"US1ILWL0016","HOMER GLEN 0.8 ENE, IL US","2020-03-14",,,,,,
"US1ILWL0016","HOMER GLEN 0.8 ENE, IL US","2020-03-15",,,,,,
"US1ILWL0016","HOMER GLEN 0.8 ENE, IL US","2020-03-16",,,,,,
"US1ILWL0016","HOMER GLEN 0.8 ENE, IL US","2020-03-17",,,,,,
"US1ILWL0016","HOMER GLEN 0.8 ENE, IL US","2020-03-18",,,,,,
"US1ILWL0016","HOMER GLEN 0.8 ENE, IL US","2020-03-19",,,,,,
"US1ILWL0016","HOMER GLEN 0.8 ENE, IL US","2020-03-20",,,,,,
"US1ILWL0016","HOMER GLEN 0.8 ENE, IL US","2020-03-21",,,,,,
"US1ILWL0016","HOMER GLEN 0.8 ENE, IL US","2020-03-22",,,,,,
"US1ILWL0016","HOMER GLEN 0.8 ENE, IL US","2020-03-23",,,,,,
"US1ILWL0016","HOMER GLEN 0.8 ENE, IL US","2020-03-24",,,,,,
"US1ILWL0016","HOMER GLEN 0.8 ENE, IL US","2020-03-25",,,,,,
"US1ILWL0016","HOMER GLEN 0.8 ENE, IL US","2020-03-26",,,,,,
"US1ILWL0016","HOMER GLEN 0.8 ENE, IL US","2020-03-27",,,,,,
"US1ILWL0016","HOMER GLEN 0.8 ENE, IL US","2020-03-28",,,,,,
"US1ILWL0016","HOMER GLEN 0.8 ENE, IL US","2020-03-29",,,,,,
"US1ILWL0016","HOMER GLEN 0.8 ENE, IL US","2020-03-30",,,,,,
"US1ILWL0016","HOMER GLEN 0.8 ENE, IL US","2020-03-31",,,,,,
"US1ILWL0016","HOMER GLEN 0.8 ENE, IL US","2020-04-02",,,,,,
"US1ILWL0016","HOMER GLEN 0.8 ENE, IL US","2020-04-05",,,,,,
"US1ILWL0016","HOMER GLEN 0.8 ENE, IL US","2020-04-06",,,,,,
"US1ILWL0016","HOMER GLEN 0.8 ENE, IL US","2020-04-07",,,,,,
"US1ILWL0016","HOMER GLEN 0.8 ENE, IL US","2020-04-08",,,,,,
"US1ILWL0016","HOMER GLEN 0.8 ENE, IL US","2020-04-09",,,,,,
"US1ILWL0016","HOMER GLEN 0.8 ENE, IL US","2020-04-10",,,,,,
"US1ILWL0016","HOMER GLEN 0.8 ENE, IL US","2020-04-11",,,,,,
"US1ILWL0016","HOMER GLEN 0.8 ENE, IL US","2020-04-12",,,,,,
"US1ILWL0016","HOMER GLEN 0.8 ENE, IL US","2020-04-13",,,,,,
"US1ILWL0016","HOMER GLEN 0.8 ENE, IL US","2020-04-14",,,,,,
"US1ILWL0016","HOMER GLEN 0.8 ENE, IL US","2020-04-15",,,,,,
"US1ILWL0016","HOMER GLEN 0.8 ENE, IL US","2020-04-16",,,,,,
"US1ILWL0016","HOMER GLEN 0.8 ENE, IL US","2020-04-17",,,,,,
"US1ILWL0016","HOMER GLEN 0.8 ENE, IL US","2020-04-18",,,,,,
"US1ILWL0016","HOMER GLEN 0.8 ENE, IL US","2020-04-19",,,,,,
"US1ILWL0016","HOMER GLEN 0.8 ENE, IL US","2020-04-20",,,,,,
"US1ILWL0016","HOMER GLEN 0.8 ENE, IL US","2020-04-21",,,,,,
"US1ILWL0016","HOMER GLEN 0.8 ENE, IL US","2020-04-22",,,,,,
"US1ILWL0016","HOMER GLEN 0.8 ENE, IL US","2020-04-23",,,,,,
"US1ILWL0016","HOMER GLEN 0.8 ENE, IL US","2020-04-24",,,,,,
"US1ILWL0016","HOMER GLEN 0.8 ENE, IL US","2020-04-25",,,,,,
"US1ILWL0016","HOMER GLEN 0.8 ENE, IL US","2020-04-26",,,,,,
"US1ILWL0016","HOMER GLEN 0.8 ENE, IL US","2020-04-27",,,,,,
"US1ILWL0016","HOMER GLEN 0.8 ENE, IL US","2020-04-28",,,,,,
"US1ILWL0016","HOMER GLEN 0.8 ENE, IL US","2020-04-29",,,,,,
"US1ILWL0016","HOMER GLEN 0.8 ENE, IL US","2020-04-30",,,,,,
"US1ILWL0016","HOMER GLEN 0.8 ENE, IL US","2020-05-01",,,,,,
"US1ILWL0016","HOMER GLEN 0.8 ENE, IL US","2020-05-02",,,,,,
"US1ILWL0016","HOMER GLEN 0.8 ENE, IL US","2020-05-03",,,,,,
"US1ILWL0016","HOMER GLEN 0.8 ENE, IL US","2020-05-04",,,,,,
"US1ILWL0016","HOMER GLEN 0.8 ENE, IL US","2020-05-05",,,,,,
"US1ILWL0016","HOMER GLEN 0.8 ENE, IL US","2020-05-06",,,,,,
"US1ILWL0016","HOMER GLEN 0.8 ENE, IL US","2020-05-07",,,,,,
"US1ILWL0016","HOMER GLEN 0.8 ENE, IL US","2020-05-08",,,,,,
"US1ILWL0016","HOMER GLEN 0.8 ENE, IL US","2020-05-09",,,,,,
"US1ILWL0016","HOMER GLEN 0.8 ENE, IL US","2020-05-10",,,,,,
"US1ILWL0016","HOMER GLEN 0.8 ENE, IL US","2020-05-12",,,,,,
"US1ILWL0016","HOMER GLEN 0.8 ENE, IL US","2020-05-15",,,,,,
"US1ILWL0016","HOMER GLEN 0.8 ENE, IL US","2020-05-17",,,,,,
"US1ILWL0016","HOMER GLEN 0.8 ENE, IL US","2020-05-18",,,,,,
"US1ILWL0016","HOMER GLEN 0.8 ENE, IL US","2020-05-19",,,,,,
"US1ILWL0016","HOMER GLEN 0.8 ENE, IL US","2020-05-21",,,,,,
"US1ILWL0016","HOMER GLEN 0.8 ENE, IL US","2020-05-23",,,,,,
"US1ILWL0016","HOMER GLEN 0.8 ENE, IL US","2020-05-24",,,,,,
"US1ILWL0016","HOMER GLEN 0.8 ENE, IL US","2020-05-26",,,,,,
"US1ILWL0016","HOMER GLEN 0.8 ENE, IL US","2020-05-31",,,,,,
"US1ILWL0016","HOMER GLEN 0.8 ENE, IL US","2020-06-02",,,,,,
"US1ILWL0016","HOMER GLEN 0.8 ENE, IL US","2020-06-03",,,,,,
"US1ILWL0016","HOMER GLEN 0.8 ENE, IL US","2020-06-07",,,,,,
"US1ILWL0016","HOMER GLEN 0.8 ENE, IL US","2020-06-09",,,,,,
"US1ILWL0016","HOMER GLEN 0.8 ENE, IL US","2020-06-10",,,,,,
"US1ILWL0016","HOMER GLEN 0.8 ENE, IL US","2020-06-14",,,,,,
"US1ILWL0016","HOMER GLEN 0.8 ENE, IL US","2020-06-15",,,,,,
"US1ILWL0016","HOMER GLEN 0.8 ENE, IL US","2020-06-19",,,,,,
"US1ILWL0016","HOMER GLEN 0.8 ENE, IL US","2020-06-21",,,,,,
"US1ILWL0016","HOMER GLEN 0.8 ENE, IL US","2020-06-23",,,,,,
"US1ILWL0016","HOMER GLEN 0.8 ENE, IL US","2020-06-26",,,,,,
"US1ILWL0016","HOMER GLEN 0.8 ENE, IL US","2020-06-27",,,,,,
"US1ILWL0016","HOMER GLEN 0.8 ENE, IL US","2020-06-28",,,,,,
"US1ILWL0016","HOMER GLEN 0.8 ENE, IL US","2020-06-30",,,,,,
"US1ILWL0016","HOMER GLEN 0.8 ENE, IL US","2020-07-03",,,,,,
"US1ILWL0016","HOMER GLEN 0.8 ENE, IL US","2020-07-05",,,,,,
"US1ILWL0016","HOMER GLEN 0.8 ENE, IL US","2020-07-07",,,,,,
"US1ILWL0016","HOMER GLEN 0.8 ENE, IL US","2020-07-09",,,,,,
"US1ILWL0016","HOMER GLEN 0.8 ENE, IL US","2020-07-10",,,,,,
"US1ILWL0016","HOMER GLEN 0.8 ENE, IL US","2020-07-12",,,,,,
"US1ILWL0016","HOMER GLEN 0.8 ENE, IL US","2020-07-13",,,,,,
"US1ILWL0016","HOMER GLEN 0.8 ENE, IL US","2020-07-14",,,,,,
"US1ILWL0016","HOMER GLEN 0.8 ENE, IL US","2020-07-15",,,,,,
"US1ILWL0016","HOMER GLEN 0.8 ENE, IL US","2020-07-16",,,,,,
"US1ILWL0016","HOMER GLEN 0.8 ENE, IL US","2020-07-17",,,,,,
"US1ILWL0016","HOMER GLEN 0.8 ENE, IL US","2020-07-18",,,,,,
"US1ILWL0016","HOMER GLEN 0.8 ENE, IL US","2020-07-19",,,,,,
"US1ILWL0016","HOMER GLEN 0.8 ENE, IL US","2020-07-20",,,,,,
"US1ILWL0016","HOMER GLEN 0.8 ENE, IL US","2020-07-21",,,,,,
"US1ILWL0016","HOMER GLEN 0.8 ENE, IL US","2020-07-22",,,,,,
"US1ILWL0016","HOMER GLEN 0.8 ENE, IL US","2020-07-23",,,,,,
"US1ILWL0016","HOMER GLEN 0.8 ENE, IL US","2020-07-24",,,,,,
"US1ILWL0016","HOMER GLEN 0.8 ENE, IL US","2020-07-25",,,,,,
"US1ILWL0016","HOMER GLEN 0.8 ENE, IL US","2020-07-26",,,,,,
"US1ILWL0016","HOMER GLEN 0.8 ENE, IL US","2020-07-27",,,,,,
"US1ILWL0016","HOMER GLEN 0.8 ENE, IL US","2020-07-28",,,,,,
"US1ILWL0016","HOMER GLEN 0.8 ENE, IL US","2020-07-29",,,,,,
"US1ILWL0016","HOMER GLEN 0.8 ENE, IL US","2020-07-30",,,,,,
"US1ILWL0016","HOMER GLEN 0.8 ENE, IL US","2020-07-31",,,,,,
"US1ILWL0016","HOMER GLEN 0.8 ENE, IL US","2020-08-01",,,,,,
"US1ILWL0016","HOMER GLEN 0.8 ENE, IL US","2020-08-02",,,,,,
"US1ILWL0016","HOMER GLEN 0.8 ENE, IL US","2020-08-03",,,,,,
"US1ILWL0016","HOMER GLEN 0.8 ENE, IL US","2020-08-04",,,,,,
"US1ILWL0016","HOMER GLEN 0.8 ENE, IL US","2020-08-05",,,,,,
"US1ILWL0016","HOMER GLEN 0.8 ENE, IL US","2020-08-06",,,,,,
"US1ILWL0016","HOMER GLEN 0.8 ENE, IL US","2020-08-07",,,,,,
"US1ILWL0016","HOMER GLEN 0.8 ENE, IL US","2020-08-08",,,,,,
"US1ILWL0016","HOMER GLEN 0.8 ENE, IL US","2020-08-09",,,,,,
"US1ILWL0016","HOMER GLEN 0.8 ENE, IL US","2020-08-10",,,,,,
"US1ILWL0016","HOMER GLEN 0.8 ENE, IL US","2020-08-11",,,,,,
"US1ILWL0016","HOMER GLEN 0.8 ENE, IL US","2020-08-12",,,,,,
"US1ILWL0016","HOMER GLEN 0.8 ENE, IL US","2020-08-13",,,,,,
"US1ILWL0016","HOMER GLEN 0.8 ENE, IL US","2020-08-14",,,,,,
"US1ILWL0016","HOMER GLEN 0.8 ENE, IL US","2020-08-15",,,,,,
"US1ILWL0016","HOMER GLEN 0.8 ENE, IL US","2020-08-16",,,,,,
"US1ILWL0016","HOMER GLEN 0.8 ENE, IL US","2020-08-17",,,,,,
"US1ILWL0016","HOMER GLEN 0.8 ENE, IL US","2020-08-18",,,,,,
"US1ILWL0016","HOMER GLEN 0.8 ENE, IL US","2020-08-19",,,,,,
"US1ILWL0016","HOMER GLEN 0.8 ENE, IL US","2020-08-20",,,,,,
"US1ILWL0016","HOMER GLEN 0.8 ENE, IL US","2020-08-21",,,,,,
"US1ILWL0016","HOMER GLEN 0.8 ENE, IL US","2020-08-22",,,,,,
"US1ILWL0016","HOMER GLEN 0.8 ENE, IL US","2020-08-23",,,,,,
"US1ILWL0016","HOMER GLEN 0.8 ENE, IL US","2020-08-24",,,,,,
"US1ILWL0016","HOMER GLEN 0.8 ENE, IL US","2020-08-25",,,,,,
"US1ILWL0016","HOMER GLEN 0.8 ENE, IL US","2020-08-26",,,,,,
"US1ILWL0016","HOMER GLEN 0.8 ENE, IL US","2020-08-27",,,,,,
"US1ILWL0016","HOMER GLEN 0.8 ENE, IL US","2020-08-28",,,,,,
"US1ILWL0016","HOMER GLEN 0.8 ENE, IL US","2020-08-29",,,,,,
"US1ILWL0016","HOMER GLEN 0.8 ENE, IL US","2020-08-30",,,,,,
"US1ILWL0016","HOMER GLEN 0.8 ENE, IL US","2020-08-31",,,,,,
"US1ILWL0016","HOMER GLEN 0.8 ENE, IL US","2020-09-01",,,,,,
"US1ILWL0016","HOMER GLEN 0.8 ENE, IL US","2020-09-02",,,,,,
"US1ILWL0016","HOMER GLEN 0.8 ENE, IL US","2020-09-03",,,,,,
"US1ILWL0016","HOMER GLEN 0.8 ENE, IL US","2020-09-04",,,,,,
"US1ILWL0016","HOMER GLEN 0.8 ENE, IL US","2020-09-05",,,,,,
"US1ILWL0016","HOMER GLEN 0.8 ENE, IL US","2020-09-06",,,,,,
"US1ILWL0016","HOMER GLEN 0.8 ENE, IL US","2020-09-07",,,,,,
"US1ILWL0016","HOMER GLEN 0.8 ENE, IL US","2020-09-08",,,,,,
"US1ILWL0137","NAPERVILLE 2.8 SSW, IL US","2019-10-01",,,,,,
"US1ILWL0137","NAPERVILLE 2.8 SSW, IL US","2019-10-02",,,,,,
"US1ILWL0137","NAPERVILLE 2.8 SSW, IL US","2019-10-03",,,,,,
"US1ILWL0137","NAPERVILLE 2.8 SSW, IL US","2019-10-04",,,,,,
"US1ILWL0137","NAPERVILLE 2.8 SSW, IL US","2019-10-05",,,,,,
"US1ILWL0137","NAPERVILLE 2.8 SSW, IL US","2019-10-06",,,,,,
"US1ILWL0137","NAPERVILLE 2.8 SSW, IL US","2019-10-07",,,,,,
"US1ILWL0137","NAPERVILLE 2.8 SSW, IL US","2019-10-08",,,,,,
"US1ILWL0137","NAPERVILLE 2.8 SSW, IL US","2019-10-09",,,,,,
"US1ILWL0137","NAPERVILLE 2.8 SSW, IL US","2019-10-10",,,,,,
"US1ILWL0137","NAPERVILLE 2.8 SSW, IL US","2019-10-11",,,,,,
"US1ILWL0137","NAPERVILLE 2.8 SSW, IL US","2019-10-12",,,,,,
"US1ILWL0137","NAPERVILLE 2.8 SSW, IL US","2019-10-13",,,,,,
"US1ILWL0137","NAPERVILLE 2.8 SSW, IL US","2019-10-14",,,,,,
"US1ILWL0137","NAPERVILLE 2.8 SSW, IL US","2019-10-15",,,,,,
"US1ILWL0137","NAPERVILLE 2.8 SSW, IL US","2019-10-16",,,,,,
"US1ILWL0137","NAPERVILLE 2.8 SSW, IL US","2019-10-17",,,,,,
"US1ILWL0137","NAPERVILLE 2.8 SSW, IL US","2019-10-18",,,,,,
"US1ILWL0137","NAPERVILLE 2.8 SSW, IL US","2019-10-19",,,,,,
"US1ILWL0137","NAPERVILLE 2.8 SSW, IL US","2019-10-20",,,,,,
"US1ILWL0137","NAPERVILLE 2.8 SSW, IL US","2019-10-21",,,,,,
"US1ILWL0137","NAPERVILLE 2.8 SSW, IL US","2019-10-22",,,,,,
"US1ILWL0137","NAPERVILLE 2.8 SSW, IL US","2019-10-23",,,,,,
"US1ILWL0137","NAPERVILLE 2.8 SSW, IL US","2019-10-26",,,,,,
"US1ILWL0137","NAPERVILLE 2.8 SSW, IL US","2019-10-27",,,,,,
"US1ILWL0137","NAPERVILLE 2.8 SSW, IL US","2019-10-28",,,,,,
"US1ILWL0137","NAPERVILLE 2.8 SSW, IL US","2019-10-29",,,,,,
"US1ILWL0137","NAPERVILLE 2.8 SSW, IL US","2019-10-30",,,,,,
"US1ILWL0137","NAPERVILLE 2.8 SSW, IL US","2019-10-31",,,,,,
"US1ILWL0137","NAPERVILLE 2.8 SSW, IL US","2019-11-01",,,,,,
"US1ILWL0137","NAPERVILLE 2.8 SSW, IL US","2019-11-02",,,,,,
"US1ILWL0137","NAPERVILLE 2.8 SSW, IL US","2019-11-03",,,,,,
"US1ILWL0137","NAPERVILLE 2.8 SSW, IL US","2019-11-04",,,,,,
"US1ILWL0137","NAPERVILLE 2.8 SSW, IL US","2019-11-05",,,,,,
"US1ILWL0137","NAPERVILLE 2.8 SSW, IL US","2019-11-06",,,,,,
"US1ILWL0137","NAPERVILLE 2.8 SSW, IL US","2019-11-07",,,,,,
"US1ILWL0137","NAPERVILLE 2.8 SSW, IL US","2019-11-08",,,,,,
"US1ILWL0137","NAPERVILLE 2.8 SSW, IL US","2019-11-09",,,,,,
"US1ILWL0137","NAPERVILLE 2.8 SSW, IL US","2019-11-10",,,,,,
"US1ILWL0137","NAPERVILLE 2.8 SSW, IL US","2019-11-11",,,,,,
"US1ILWL0137","NAPERVILLE 2.8 SSW, IL US","2019-11-12",,,,,,
"US1ILWL0137","NAPERVILLE 2.8 SSW, IL US","2019-11-13",,,,,,
"US1ILWL0137","NAPERVILLE 2.8 SSW, IL US","2019-11-14",,,,,,
"US1ILWL0137","NAPERVILLE 2.8 SSW, IL US","2019-11-15",,,,,,
"US1ILWL0137","NAPERVILLE 2.8 SSW, IL US","2019-11-16",,,,,,
"US1ILWL0137","NAPERVILLE 2.8 SSW, IL US","2019-11-17",,,,,,
"US1ILWL0137","NAPERVILLE 2.8 SSW, IL US","2019-11-18",,,,,,
"US1ILWL0137","NAPERVILLE 2.8 SSW, IL US","2019-11-19",,,,,,
"US1ILWL0137","NAPERVILLE 2.8 SSW, IL US","2019-11-20",,,,,,
"US1ILWL0137","NAPERVILLE 2.8 SSW, IL US","2019-11-21",,,,,,
"US1ILWL0137","NAPERVILLE 2.8 SSW, IL US","2019-11-22",,,,,,
"US1ILWL0137","NAPERVILLE 2.8 SSW, IL US","2019-11-23",,,,,,
"US1ILWL0137","NAPERVILLE 2.8 SSW, IL US","2019-11-24",,,,,,
"US1ILWL0137","NAPERVILLE 2.8 SSW, IL US","2019-11-25",,,,,,
"US1ILWL0137","NAPERVILLE 2.8 SSW, IL US","2019-11-26",,,,,,
"US1ILWL0137","NAPERVILLE 2.8 SSW, IL US","2019-11-28",,,,,,
"US1ILWL0137","NAPERVILLE 2.8 SSW, IL US","2019-11-29",,,,,,
"US1ILWL0137","NAPERVILLE 2.8 SSW, IL US","2019-11-30",,,,,,
"US1ILWL0137","NAPERVILLE 2.8 SSW, IL US","2019-12-01",,,,,,
"US1ILWL0137","NAPERVILLE 2.8 SSW, IL US","2019-12-02",,,,,,
"US1ILWL0137","NAPERVILLE 2.8 SSW, IL US","2019-12-03",,,,,,
"US1ILWL0137","NAPERVILLE 2.8 SSW, IL US","2019-12-04",,,,,,
"US1ILWL0137","NAPERVILLE 2.8 SSW, IL US","2019-12-05",,,,,,
"US1ILWL0137","NAPERVILLE 2.8 SSW, IL US","2019-12-06",,,,,,
"US1ILWL0137","NAPERVILLE 2.8 SSW, IL US","2019-12-07",,,,,,
"US1ILWL0137","NAPERVILLE 2.8 SSW, IL US","2019-12-08",,,,,,
"US1ILWL0137","NAPERVILLE 2.8 SSW, IL US","2019-12-09",,,,,,
"US1ILWL0137","NAPERVILLE 2.8 SSW, IL US","2019-12-10",,,,,,
"US1ILWL0137","NAPERVILLE 2.8 SSW, IL US","2019-12-11",,,,,,
"US1ILWL0137","NAPERVILLE 2.8 SSW, IL US","2019-12-12",,,,,,
"US1ILWL0137","NAPERVILLE 2.8 SSW, IL US","2019-12-13",,,,,,
"US1ILWL0137","NAPERVILLE 2.8 SSW, IL US","2019-12-14",,,,,,
"US1ILWL0137","NAPERVILLE 2.8 SSW, IL US","2019-12-16",,,,,,
"US1ILWL0137","NAPERVILLE 2.8 SSW, IL US","2019-12-17",,,,,,
"US1ILWL0137","NAPERVILLE 2.8 SSW, IL US","2019-12-18",,,,,,
"US1ILWL0137","NAPERVILLE 2.8 SSW, IL US","2019-12-19",,,,,,
"US1ILWL0137","NAPERVILLE 2.8 SSW, IL US","2019-12-20",,,,,,
"US1ILWL0137","NAPERVILLE 2.8 SSW, IL US","2019-12-21",,,,,,
"US1ILWL0137","NAPERVILLE 2.8 SSW, IL US","2019-12-22",,,,,,
"US1ILWL0137","NAPERVILLE 2.8 SSW, IL US","2019-12-23",,,,,,
"US1ILWL0137","NAPERVILLE 2.8 SSW, IL US","2019-12-24",,,,,,
"US1ILWL0137","NAPERVILLE 2.8 SSW, IL US","2019-12-25",,,,,,
"US1ILWL0137","NAPERVILLE 2.8 SSW, IL US","2019-12-27",,,,,,
"US1ILWL0137","NAPERVILLE 2.8 SSW, IL US","2019-12-28",,,,,,
"US1ILWL0137","NAPERVILLE 2.8 SSW, IL US","2019-12-29",,,,,,
"US1ILWL0137","NAPERVILLE 2.8 SSW, IL US","2019-12-30",,,,,,
"US1ILWL0137","NAPERVILLE 2.8 SSW, IL US","2019-12-31",,,,,,
"US1ILWL0137","NAPERVILLE 2.8 SSW, IL US","2020-01-01",,,,,,
"US1ILWL0137","NAPERVILLE 2.8 SSW, IL US","2020-01-02",,,,,,
"US1ILWL0137","NAPERVILLE 2.8 SSW, IL US","2020-01-04",,,,,,
"US1ILWL0137","NAPERVILLE 2.8 SSW, IL US","2020-01-05",,,,,,
"US1ILWL0137","NAPERVILLE 2.8 SSW, IL US","2020-01-06",,,,,,
"US1ILWL0137","NAPERVILLE 2.8 SSW, IL US","2020-01-07",,,,,,
"US1ILWL0137","NAPERVILLE 2.8 SSW, IL US","2020-01-08",,,,,,
"US1ILWL0137","NAPERVILLE 2.8 SSW, IL US","2020-01-09",,,,,,
"US1ILWL0137","NAPERVILLE 2.8 SSW, IL US","2020-01-10",,,,,,
"US1ILWL0137","NAPERVILLE 2.8 SSW, IL US","2020-01-11",,,,,,
"US1ILWL0137","NAPERVILLE 2.8 SSW, IL US","2020-01-12",,,,,,
"US1ILWL0137","NAPERVILLE 2.8 SSW, IL US","2020-01-13",,,,,,
"US1ILWL0137","NAPERVILLE 2.8 SSW, IL US","2020-01-14",,,,,,
"US1ILWL0137","NAPERVILLE 2.8 SSW, IL US","2020-01-15",,,,,,
"US1ILWL0137","NAPERVILLE 2.8 SSW, IL US","2020-01-16",,,,,,
"US1ILWL0137","NAPERVILLE 2.8 SSW, IL US","2020-01-17",,,,,,
"US1ILWL0137","NAPERVILLE 2.8 SSW, IL US","2020-01-18",,,,,,
"US1ILWL0137","NAPERVILLE 2.8 SSW, IL US","2020-01-19",,,,,,
"US1ILWL0137","NAPERVILLE 2.8 SSW, IL US","2020-01-20",,,,,,
"US1ILWL0137","NAPERVILLE 2.8 SSW, IL US","2020-01-21",,,,,,
"US1ILWL0137","NAPERVILLE 2.8 SSW, IL US","2020-01-22",,,,,,
"US1ILWL0137","NAPERVILLE 2.8 SSW, IL US","2020-01-23",,,,,,
"US1ILWL0137","NAPERVILLE 2.8 SSW, IL US","2020-01-24",,,,,,
"US1ILWL0137","NAPERVILLE 2.8 SSW, IL US","2020-01-25",,,,,,
"US1ILWL0137","NAPERVILLE 2.8 SSW, IL US","2020-01-26",,,,,,
"US1ILWL0137","NAPERVILLE 2.8 SSW, IL US","2020-01-27",,,,,,
"US1ILWL0137","NAPERVILLE 2.8 SSW, IL US","2020-01-28",,,,,,
"US1ILWL0137","NAPERVILLE 2.8 SSW, IL US","2020-01-29",,,,,,
"US1ILWL0137","NAPERVILLE 2.8 SSW, IL US","2020-01-30",,,,,,
"US1ILWL0137","NAPERVILLE 2.8 SSW, IL US","2020-01-31",,,,,,
"US1ILWL0137","NAPERVILLE 2.8 SSW, IL US","2020-02-01",,,,,,
"US1ILWL0137","NAPERVILLE 2.8 SSW, IL US","2020-02-02",,,,,,
"US1ILWL0137","NAPERVILLE 2.8 SSW, IL US","2020-02-03",,,,,,
"US1ILWL0137","NAPERVILLE 2.8 SSW, IL US","2020-02-04",,,,,,
"US1ILWL0137","NAPERVILLE 2.8 SSW, IL US","2020-02-05",,,,,,
"US1ILWL0137","NAPERVILLE 2.8 SSW, IL US","2020-02-06",,,,,,
"US1ILWL0137","NAPERVILLE 2.8 SSW, IL US","2020-02-07",,,,,,
"US1ILWL0137","NAPERVILLE 2.8 SSW, IL US","2020-02-08",,,,,,
"US1ILWL0137","NAPERVILLE 2.8 SSW, IL US","2020-02-09",,,,,,
"US1ILWL0137","NAPERVILLE 2.8 SSW, IL US","2020-02-10",,,,,,
"US1ILWL0137","NAPERVILLE 2.8 SSW, IL US","2020-02-11",,,,,,
"US1ILWL0137","NAPERVILLE 2.8 SSW, IL US","2020-02-12",,,,,,
"US1ILWL0137","NAPERVILLE 2.8 SSW, IL US","2020-02-13",,,,,,
"US1ILWL0137","NAPERVILLE 2.8 SSW, IL US","2020-02-14",,,,,,
"US1ILWL0137","NAPERVILLE 2.8 SSW, IL US","2020-02-15",,,,,,
"US1ILWL0137","NAPERVILLE 2.8 SSW, IL US","2020-02-16",,,,,,
"US1ILWL0137","NAPERVILLE 2.8 SSW, IL US","2020-02-17",,,,,,
"US1ILWL0137","NAPERVILLE 2.8 SSW, IL US","2020-02-18",,,,,,
"US1ILWL0137","NAPERVILLE 2.8 SSW, IL US","2020-02-19",,,,,,
"US1ILWL0137","NAPERVILLE 2.8 SSW, IL US","2020-02-21",,,,,,
"US1ILWL0137","NAPERVILLE 2.8 SSW, IL US","2020-02-22",,,,,,
"US1ILWL0137","NAPERVILLE 2.8 SSW, IL US","2020-02-23",,,,,,
"US1ILWL0137","NAPERVILLE 2.8 SSW, IL US","2020-02-24",,,,,,
"US1ILWL0137","NAPERVILLE 2.8 SSW, IL US","2020-02-25",,,,,,
"US1ILWL0137","NAPERVILLE 2.8 SSW, IL US","2020-02-26",,,,,,
"US1ILWL0137","NAPERVILLE 2.8 SSW, IL US","2020-02-27",,,,,,
"US1ILWL0137","NAPERVILLE 2.8 SSW, IL US","2020-02-28",,,,,,
"US1ILWL0137","NAPERVILLE 2.8 SSW, IL US","2020-02-29",,,,,,
"US1ILWL0137","NAPERVILLE 2.8 SSW, IL US","2020-03-01",,,,,,
"US1ILWL0137","NAPERVILLE 2.8 SSW, IL US","2020-03-03",,,,,,
"US1ILWL0137","NAPERVILLE 2.8 SSW, IL US","2020-03-04",,,,,,
"US1ILWL0137","NAPERVILLE 2.8 SSW, IL US","2020-03-05",,,,,,
"US1ILWL0137","NAPERVILLE 2.8 SSW, IL US","2020-03-06",,,,,,
"US1ILWL0137","NAPERVILLE 2.8 SSW, IL US","2020-03-07",,,,,,
"US1ILWL0137","NAPERVILLE 2.8 SSW, IL US","2020-03-08",,,,,,
"US1ILWL0137","NAPERVILLE 2.8 SSW, IL US","2020-03-19",,,,,,
"US1ILWL0137","NAPERVILLE 2.8 SSW, IL US","2020-03-20",,,,,,
"US1ILWL0137","NAPERVILLE 2.8 SSW, IL US","2020-03-21",,,,,,
"US1ILWL0137","NAPERVILLE 2.8 SSW, IL US","2020-03-22",,,,,,
"US1ILWL0137","NAPERVILLE 2.8 SSW, IL US","2020-03-23",,,,,,
"US1ILWL0137","NAPERVILLE 2.8 SSW, IL US","2020-03-24",,,,,,
"US1ILWL0137","NAPERVILLE 2.8 SSW, IL US","2020-03-25",,,,,,
"US1ILWL0137","NAPERVILLE 2.8 SSW, IL US","2020-03-26",,,,,,
"US1ILWL0137","NAPERVILLE 2.8 SSW, IL US","2020-03-27",,,,,,
"US1ILWL0137","NAPERVILLE 2.8 SSW, IL US","2020-03-28",,,,,,
"US1ILWL0137","NAPERVILLE 2.8 SSW, IL US","2020-03-29",,,,,,
"US1ILWL0137","NAPERVILLE 2.8 SSW, IL US","2020-03-30",,,,,,
"US1ILWL0137","NAPERVILLE 2.8 SSW, IL US","2020-03-31",,,,,,
"US1ILWL0137","NAPERVILLE 2.8 SSW, IL US","2020-04-01",,,,,,
"US1ILWL0137","NAPERVILLE 2.8 SSW, IL US","2020-04-02",,,,,,
"US1ILWL0137","NAPERVILLE 2.8 SSW, IL US","2020-04-03",,,,,,
"US1ILWL0137","NAPERVILLE 2.8 SSW, IL US","2020-04-04",,,,,,
"US1ILWL0137","NAPERVILLE 2.8 SSW, IL US","2020-04-05",,,,,,
"US1ILWL0137","NAPERVILLE 2.8 SSW, IL US","2020-04-06",,,,,,
"US1ILWL0137","NAPERVILLE 2.8 SSW, IL US","2020-04-07",,,,,,
"US1ILWL0137","NAPERVILLE 2.8 SSW, IL US","2020-04-08",,,,,,
"US1ILWL0137","NAPERVILLE 2.8 SSW, IL US","2020-04-09",,,,,,
"US1ILWL0137","NAPERVILLE 2.8 SSW, IL US","2020-04-10",,,,,,
"US1ILWL0137","NAPERVILLE 2.8 SSW, IL US","2020-04-11",,,,,,
"US1ILWL0137","NAPERVILLE 2.8 SSW, IL US","2020-04-12",,,,,,
"US1ILWL0137","NAPERVILLE 2.8 SSW, IL US","2020-04-13",,,,,,
"US1ILWL0137","NAPERVILLE 2.8 SSW, IL US","2020-04-14",,,,,,
"US1ILWL0137","NAPERVILLE 2.8 SSW, IL US","2020-04-15",,,,,,
"US1ILWL0137","NAPERVILLE 2.8 SSW, IL US","2020-04-16",,,,,,
"US1ILWL0137","NAPERVILLE 2.8 SSW, IL US","2020-04-17",,,,,,
"US1ILWL0137","NAPERVILLE 2.8 SSW, IL US","2020-04-18",,,,,,
"US1ILWL0137","NAPERVILLE 2.8 SSW, IL US","2020-04-19",,,,,,
"US1ILWL0137","NAPERVILLE 2.8 SSW, IL US","2020-04-20",,,,,,
"US1ILWL0137","NAPERVILLE 2.8 SSW, IL US","2020-04-21",,,,,,
"US1ILWL0137","NAPERVILLE 2.8 SSW, IL US","2020-04-22",,,,,,
"US1ILWL0137","NAPERVILLE 2.8 SSW, IL US","2020-04-23",,,,,,
"US1ILWL0137","NAPERVILLE 2.8 SSW, IL US","2020-04-24",,,,,,
"US1ILWL0137","NAPERVILLE 2.8 SSW, IL US","2020-04-25",,,,,,
"US1ILWL0137","NAPERVILLE 2.8 SSW, IL US","2020-04-26",,,,,,
"US1ILWL0137","NAPERVILLE 2.8 SSW, IL US","2020-04-27",,,,,,
"US1ILWL0137","NAPERVILLE 2.8 SSW, IL US","2020-04-28",,,,,,
"US1ILWL0137","NAPERVILLE 2.8 SSW, IL US","2020-04-29",,,,,,
"US1ILWL0137","NAPERVILLE 2.8 SSW, IL US","2020-04-30",,,,,,
"US1ILWL0137","NAPERVILLE 2.8 SSW, IL US","2020-05-01",,,,,,
"US1ILWL0137","NAPERVILLE 2.8 SSW, IL US","2020-05-02",,,,,,
"US1ILWL0137","NAPERVILLE 2.8 SSW, IL US","2020-05-03",,,,,,
"US1ILWL0137","NAPERVILLE 2.8 SSW, IL US","2020-05-04",,,,,,
"US1ILWL0137","NAPERVILLE 2.8 SSW, IL US","2020-05-05",,,,,,
"US1ILWL0137","NAPERVILLE 2.8 SSW, IL US","2020-05-06",,,,,,
"US1ILWL0137","NAPERVILLE 2.8 SSW, IL US","2020-05-07",,,,,,
"US1ILWL0137","NAPERVILLE 2.8 SSW, IL US","2020-05-08",,,,,,
"US1ILWL0137","NAPERVILLE 2.8 SSW, IL US","2020-05-09",,,,,,
"US1ILWL0137","NAPERVILLE 2.8 SSW, IL US","2020-05-10",,,,,,
"US1ILWL0137","NAPERVILLE 2.8 SSW, IL US","2020-05-11",,,,,,
"US1ILWL0137","NAPERVILLE 2.8 SSW, IL US","2020-05-12",,,,,,
"US1ILWL0137","NAPERVILLE 2.8 SSW, IL US","2020-05-13",,,,,,
"US1ILWL0137","NAPERVILLE 2.8 SSW, IL US","2020-05-14",,,,,,
"US1ILWL0137","NAPERVILLE 2.8 SSW, IL US","2020-05-15",,,,,,
"US1ILWL0137","NAPERVILLE 2.8 SSW, IL US","2020-05-16",,,,,,
"US1ILWL0137","NAPERVILLE 2.8 SSW, IL US","2020-05-17",,,,,,
"US1ILWL0137","NAPERVILLE 2.8 SSW, IL US","2020-05-18",,,,,,
"US1ILWL0137","NAPERVILLE 2.8 SSW, IL US","2020-05-19",,,,,,
"US1ILWL0137","NAPERVILLE 2.8 SSW, IL US","2020-05-20",,,,,,
"US1ILWL0137","NAPERVILLE 2.8 SSW, IL US","2020-05-21",,,,,,
"US1ILWL0137","NAPERVILLE 2.8 SSW, IL US","2020-05-22",,,,,,
"US1ILWL0137","NAPERVILLE 2.8 SSW, IL US","2020-05-23",,,,,,
"US1ILWL0137","NAPERVILLE 2.8 SSW, IL US","2020-05-24",,,,,,
"US1ILWL0137","NAPERVILLE 2.8 SSW, IL US","2020-05-25",,,,,,
"US1ILWL0137","NAPERVILLE 2.8 SSW, IL US","2020-05-26",,,,,,
"US1ILWL0137","NAPERVILLE 2.8 SSW, IL US","2020-05-27",,,,,,
"US1ILWL0137","NAPERVILLE 2.8 SSW, IL US","2020-05-28",,,,,,
"US1ILWL0137","NAPERVILLE 2.8 SSW, IL US","2020-05-29",,,,,,
"US1ILWL0137","NAPERVILLE 2.8 SSW, IL US","2020-05-30",,,,,,
"US1ILWL0137","NAPERVILLE 2.8 SSW, IL US","2020-05-31",,,,,,
"US1ILWL0137","NAPERVILLE 2.8 SSW, IL US","2020-06-01",,,,,,
"US1ILWL0137","NAPERVILLE 2.8 SSW, IL US","2020-06-02",,,,,,
"US1ILWL0137","NAPERVILLE 2.8 SSW, IL US","2020-06-03",,,,,,
"US1ILWL0137","NAPERVILLE 2.8 SSW, IL US","2020-06-04",,,,,,
"US1ILWL0137","NAPERVILLE 2.8 SSW, IL US","2020-06-05",,,,,,
"US1ILWL0137","NAPERVILLE 2.8 SSW, IL US","2020-06-06",,,,,,
"US1ILWL0137","NAPERVILLE 2.8 SSW, IL US","2020-06-07",,,,,,
"US1ILWL0137","NAPERVILLE 2.8 SSW, IL US","2020-06-08",,,,,,
"US1ILWL0137","NAPERVILLE 2.8 SSW, IL US","2020-06-09",,,,,,
"US1ILWL0137","NAPERVILLE 2.8 SSW, IL US","2020-06-10",,,,,,
"US1ILWL0137","NAPERVILLE 2.8 SSW, IL US","2020-06-11",,,,,,
"US1ILWL0137","NAPERVILLE 2.8 SSW, IL US","2020-06-12",,,,,,
"US1ILWL0137","NAPERVILLE 2.8 SSW, IL US","2020-06-13",,,,,,
"US1ILWL0137","NAPERVILLE 2.8 SSW, IL US","2020-06-14",,,,,,
"US1ILWL0137","NAPERVILLE 2.8 SSW, IL US","2020-06-15",,,,,,
"US1ILWL0137","NAPERVILLE 2.8 SSW, IL US","2020-06-16",,,,,,
"US1ILWL0137","NAPERVILLE 2.8 SSW, IL US","2020-06-17",,,,,,
"US1ILWL0137","NAPERVILLE 2.8 SSW, IL US","2020-06-18",,,,,,
"US1ILWL0137","NAPERVILLE 2.8 SSW, IL US","2020-06-19",,,,,,
"US1ILWL0137","NAPERVILLE 2.8 SSW, IL US","2020-06-20",,,,,,
"US1ILWL0137","NAPERVILLE 2.8 SSW, IL US","2020-06-21",,,,,,
"US1ILWL0137","NAPERVILLE 2.8 SSW, IL US","2020-06-22",,,,,,
"US1ILWL0137","NAPERVILLE 2.8 SSW, IL US","2020-06-23",,,,,,
"US1ILWL0137","NAPERVILLE 2.8 SSW, IL US","2020-06-24",,,,,,
"US1ILWL0137","NAPERVILLE 2.8 SSW, IL US","2020-06-25",,,,,,
"US1ILWL0137","NAPERVILLE 2.8 SSW, IL US","2020-06-26",,,,,,
"US1ILWL0137","NAPERVILLE 2.8 SSW, IL US","2020-06-27",,,,,,
"US1ILWL0137","NAPERVILLE 2.8 SSW, IL US","2020-06-28",,,,,,
"US1ILWL0137","NAPERVILLE 2.8 SSW, IL US","2020-06-29",,,,,,
"US1ILWL0137","NAPERVILLE 2.8 SSW, IL US","2020-06-30",,,,,,
"US1ILWL0137","NAPERVILLE 2.8 SSW, IL US","2020-07-01",,,,,,
"US1ILWL0137","NAPERVILLE 2.8 SSW, IL US","2020-07-02",,,,,,
"US1ILWL0137","NAPERVILLE 2.8 SSW, IL US","2020-07-03",,,,,,
"US1ILWL0137","NAPERVILLE 2.8 SSW, IL US","2020-07-04",,,,,,
"US1ILWL0137","NAPERVILLE 2.8 SSW, IL US","2020-07-05",,,,,,
"US1ILWL0137","NAPERVILLE 2.8 SSW, IL US","2020-07-06",,,,,,
"US1ILWL0137","NAPERVILLE 2.8 SSW, IL US","2020-07-07",,,,,,
"US1ILWL0137","NAPERVILLE 2.8 SSW, IL US","2020-07-08",,,,,,
"US1ILWL0137","NAPERVILLE 2.8 SSW, IL US","2020-07-09",,,,,,
"US1ILWL0137","NAPERVILLE 2.8 SSW, IL US","2020-07-10",,,,,,
"US1ILWL0137","NAPERVILLE 2.8 SSW, IL US","2020-07-11",,,,,,
"US1ILWL0137","NAPERVILLE 2.8 SSW, IL US","2020-07-12",,,,,,
"US1ILWL0137","NAPERVILLE 2.8 SSW, IL US","2020-07-13",,,,,,
"US1ILWL0137","NAPERVILLE 2.8 SSW, IL US","2020-07-14",,,,,,
"US1ILWL0137","NAPERVILLE 2.8 SSW, IL US","2020-07-17",,,,,,
"US1ILWL0137","NAPERVILLE 2.8 SSW, IL US","2020-07-18",,,,,,
"US1ILWL0137","NAPERVILLE 2.8 SSW, IL US","2020-07-19",,,,,,
"US1ILWL0137","NAPERVILLE 2.8 SSW, IL US","2020-07-20",,,,,,
"US1ILWL0137","NAPERVILLE 2.8 SSW, IL US","2020-07-21",,,,,,
"US1ILWL0137","NAPERVILLE 2.8 SSW, IL US","2020-07-22",,,,,,
"US1ILWL0137","NAPERVILLE 2.8 SSW, IL US","2020-07-23",,,,,,
"US1ILWL0137","NAPERVILLE 2.8 SSW, IL US","2020-07-24",,,,,,
"US1ILWL0137","NAPERVILLE 2.8 SSW, IL US","2020-07-25",,,,,,
"US1ILWL0137","NAPERVILLE 2.8 SSW, IL US","2020-07-26",,,,,,
"US1ILWL0137","NAPERVILLE 2.8 SSW, IL US","2020-07-27",,,,,,
"US1ILWL0137","NAPERVILLE 2.8 SSW, IL US","2020-07-28",,,,,,
"US1ILWL0137","NAPERVILLE 2.8 SSW, IL US","2020-07-29",,,,,,
"US1ILWL0137","NAPERVILLE 2.8 SSW, IL US","2020-07-30",,,,,,
"US1ILWL0137","NAPERVILLE 2.8 SSW, IL US","2020-08-01",,,,,,
"US1ILWL0137","NAPERVILLE 2.8 SSW, IL US","2020-08-02",,,,,,
"US1ILWL0137","NAPERVILLE 2.8 SSW, IL US","2020-08-03",,,,,,
"US1ILWL0137","NAPERVILLE 2.8 SSW, IL US","2020-08-04",,,,,,
"US1ILWL0137","NAPERVILLE 2.8 SSW, IL US","2020-08-05",,,,,,
"US1ILWL0137","NAPERVILLE 2.8 SSW, IL US","2020-08-06",,,,,,
"US1ILWL0137","NAPERVILLE 2.8 SSW, IL US","2020-08-07",,,,,,
"US1ILWL0137","NAPERVILLE 2.8 SSW, IL US","2020-08-08",,,,,,
"US1ILWL0137","NAPERVILLE 2.8 SSW, IL US","2020-08-09",,,,,,
"US1ILWL0137","NAPERVILLE 2.8 SSW, IL US","2020-08-10",,,,,,
"US1ILWL0137","NAPERVILLE 2.8 SSW, IL US","2020-08-11",,,,,,
"US1ILWL0137","NAPERVILLE 2.8 SSW, IL US","2020-08-12",,,,,,
"US1ILWL0137","NAPERVILLE 2.8 SSW, IL US","2020-08-13",,,,,,
"US1ILWL0137","NAPERVILLE 2.8 SSW, IL US","2020-08-14",,,,,,
"US1ILWL0137","NAPERVILLE 2.8 SSW, IL US","2020-08-15",,,,,,
"US1ILWL0137","NAPERVILLE 2.8 SSW, IL US","2020-08-16",,,,,,
"US1ILWL0137","NAPERVILLE 2.8 SSW, IL US","2020-08-17",,,,,,
"US1ILWL0137","NAPERVILLE 2.8 SSW, IL US","2020-08-18",,,,,,
"US1ILWL0137","NAPERVILLE 2.8 SSW, IL US","2020-08-19",,,,,,
"US1ILWL0137","NAPERVILLE 2.8 SSW, IL US","2020-08-20",,,,,,
"US1ILWL0137","NAPERVILLE 2.8 SSW, IL US","2020-08-21",,,,,,
"US1ILWL0137","NAPERVILLE 2.8 SSW, IL US","2020-08-22",,,,,,
"US1ILWL0137","NAPERVILLE 2.8 SSW, IL US","2020-08-24",,,,,,
"US1ILWL0137","NAPERVILLE 2.8 SSW, IL US","2020-08-25",,,,,,
"US1ILWL0137","NAPERVILLE 2.8 SSW, IL US","2020-08-26",,,,,,
"US1ILWL0137","NAPERVILLE 2.8 SSW, IL US","2020-08-27",,,,,,
"US1ILWL0137","NAPERVILLE 2.8 SSW, IL US","2020-08-30",,,,,,
"US1ILWL0137","NAPERVILLE 2.8 SSW, IL US","2020-08-31",,,,,,
"US1ILWL0137","NAPERVILLE 2.8 SSW, IL US","2020-09-01",,,,,,
"US1ILWL0137","NAPERVILLE 2.8 SSW, IL US","2020-09-02",,,,,,
"US1ILWL0137","NAPERVILLE 2.8 SSW, IL US","2020-09-03",,,,,,
"US1ILWL0137","NAPERVILLE 2.8 SSW, IL US","2020-09-04",,,,,,
"US1ILWL0137","NAPERVILLE 2.8 SSW, IL US","2020-09-05",,,,,,
"US1ILWL0137","NAPERVILLE 2.8 SSW, IL US","2020-09-06",,,,,,
"US1ILWL0137","NAPERVILLE 2.8 SSW, IL US","2020-09-07",,,,,,
"US1ILWL0137","NAPERVILLE 2.8 SSW, IL US","2020-09-08",,,,,,
"US1ILCK0064","HOMEWOOD 0.1 ESE, IL US","2019-10-01",,,,,,
"US1ILCK0064","HOMEWOOD 0.1 ESE, IL US","2019-10-02",,,,,,
"US1ILCK0064","HOMEWOOD 0.1 ESE, IL US","2019-10-03",,,,,,
"US1ILCK0064","HOMEWOOD 0.1 ESE, IL US","2019-10-04",,,,,,
"US1ILCK0064","HOMEWOOD 0.1 ESE, IL US","2019-10-05",,,,,,
"US1ILCK0064","HOMEWOOD 0.1 ESE, IL US","2019-10-06",,,,,,
"US1ILCK0064","HOMEWOOD 0.1 ESE, IL US","2019-10-07",,,,,,
"US1ILCK0064","HOMEWOOD 0.1 ESE, IL US","2019-10-08",,,,,,
"US1ILCK0064","HOMEWOOD 0.1 ESE, IL US","2019-10-09",,,,,,
"US1ILCK0064","HOMEWOOD 0.1 ESE, IL US","2019-10-10",,,,,,
"US1ILCK0064","HOMEWOOD 0.1 ESE, IL US","2019-10-11",,,,,,
"US1ILCK0064","HOMEWOOD 0.1 ESE, IL US","2019-10-12",,,,,,
"US1ILCK0064","HOMEWOOD 0.1 ESE, IL US","2019-10-13",,,,,,
"US1ILCK0064","HOMEWOOD 0.1 ESE, IL US","2019-10-14",,,,,,
"US1ILCK0064","HOMEWOOD 0.1 ESE, IL US","2019-10-15",,,,,,
"US1ILCK0064","HOMEWOOD 0.1 ESE, IL US","2019-10-16",,,,,,
"US1ILCK0064","HOMEWOOD 0.1 ESE, IL US","2019-10-17",,,,,,
"US1ILCK0064","HOMEWOOD 0.1 ESE, IL US","2019-10-18",,,,,,
"US1ILCK0064","HOMEWOOD 0.1 ESE, IL US","2019-10-19",,,,,,
"US1ILCK0064","HOMEWOOD 0.1 ESE, IL US","2019-10-20",,,,,,
"US1ILCK0064","HOMEWOOD 0.1 ESE, IL US","2019-10-21",,,,,,
"US1ILCK0064","HOMEWOOD 0.1 ESE, IL US","2019-10-22",,,,,,
"US1ILCK0064","HOMEWOOD 0.1 ESE, IL US","2019-10-23",,,,,,
"US1ILCK0064","HOMEWOOD 0.1 ESE, IL US","2019-10-24",,,,,,
"US1ILCK0064","HOMEWOOD 0.1 ESE, IL US","2019-10-25",,,,,,
"US1ILCK0064","HOMEWOOD 0.1 ESE, IL US","2019-10-26",,,,,,
"US1ILCK0064","HOMEWOOD 0.1 ESE, IL US","2019-10-27",,,,,,
"US1ILCK0064","HOMEWOOD 0.1 ESE, IL US","2019-10-28",,,,,,
"US1ILCK0064","HOMEWOOD 0.1 ESE, IL US","2019-10-29",,,,,,
"US1ILCK0064","HOMEWOOD 0.1 ESE, IL US","2019-10-30",,,,,,
"US1ILCK0064","HOMEWOOD 0.1 ESE, IL US","2019-10-31",,,,,,
"US1ILCK0064","HOMEWOOD 0.1 ESE, IL US","2019-11-01",,,,,,
"US1ILCK0064","HOMEWOOD 0.1 ESE, IL US","2019-11-02",,,,,,
"US1ILCK0064","HOMEWOOD 0.1 ESE, IL US","2019-11-03",,,,,,
"US1ILCK0064","HOMEWOOD 0.1 ESE, IL US","2019-11-04",,,,,,
"US1ILCK0064","HOMEWOOD 0.1 ESE, IL US","2019-11-05",,,,,,
"US1ILCK0064","HOMEWOOD 0.1 ESE, IL US","2019-11-06",,,,,,
"US1ILCK0064","HOMEWOOD 0.1 ESE, IL US","2019-11-07",,,,,,
"US1ILCK0064","HOMEWOOD 0.1 ESE, IL US","2019-11-08",,,,,,
"US1ILCK0064","HOMEWOOD 0.1 ESE, IL US","2019-11-09",,,,,,
"US1ILCK0064","HOMEWOOD 0.1 ESE, IL US","2019-11-10",,,,,,
"US1ILCK0064","HOMEWOOD 0.1 ESE, IL US","2019-11-11",,,,,,
"US1ILCK0064","HOMEWOOD 0.1 ESE, IL US","2019-11-12",,,,,,
"US1ILCK0064","HOMEWOOD 0.1 ESE, IL US","2019-11-13",,,,,,
"US1ILCK0064","HOMEWOOD 0.1 ESE, IL US","2019-11-14",,,,,,
"US1ILCK0064","HOMEWOOD 0.1 ESE, IL US","2019-11-15",,,,,,
"US1ILCK0064","HOMEWOOD 0.1 ESE, IL US","2019-11-16",,,,,,
"US1ILCK0064","HOMEWOOD 0.1 ESE, IL US","2019-11-17",,,,,,
"US1ILCK0064","HOMEWOOD 0.1 ESE, IL US","2019-11-18",,,,,,
"US1ILCK0064","HOMEWOOD 0.1 ESE, IL US","2019-11-19",,,,,,
"US1ILCK0064","HOMEWOOD 0.1 ESE, IL US","2019-11-20",,,,,,
"US1ILCK0064","HOMEWOOD 0.1 ESE, IL US","2019-11-21",,,,,,
"US1ILCK0064","HOMEWOOD 0.1 ESE, IL US","2019-11-22",,,,,,
"US1ILCK0064","HOMEWOOD 0.1 ESE, IL US","2019-11-23",,,,,,
"US1ILCK0064","HOMEWOOD 0.1 ESE, IL US","2019-11-24",,,,,,
"US1ILCK0064","HOMEWOOD 0.1 ESE, IL US","2019-11-25",,,,,,
"US1ILCK0064","HOMEWOOD 0.1 ESE, IL US","2019-11-26",,,,,,
"US1ILCK0064","HOMEWOOD 0.1 ESE, IL US","2019-11-27",,,,,,
"US1ILCK0064","HOMEWOOD 0.1 ESE, IL US","2019-11-28",,,,,,
"US1ILCK0064","HOMEWOOD 0.1 ESE, IL US","2019-11-29",,,,,,
"US1ILCK0064","HOMEWOOD 0.1 ESE, IL US","2019-11-30",,,,,,
"US1ILCK0064","HOMEWOOD 0.1 ESE, IL US","2019-12-01",,,,,,
"US1ILCK0064","HOMEWOOD 0.1 ESE, IL US","2019-12-02",,,,,,
"US1ILCK0064","HOMEWOOD 0.1 ESE, IL US","2019-12-03",,,,,,
"US1ILCK0064","HOMEWOOD 0.1 ESE, IL US","2019-12-04",,,,,,
"US1ILCK0064","HOMEWOOD 0.1 ESE, IL US","2019-12-05",,,,,,
"US1ILCK0064","HOMEWOOD 0.1 ESE, IL US","2019-12-06",,,,,,
"US1ILCK0064","HOMEWOOD 0.1 ESE, IL US","2019-12-07",,,,,,
"US1ILCK0064","HOMEWOOD 0.1 ESE, IL US","2019-12-08",,,,,,
"US1ILCK0064","HOMEWOOD 0.1 ESE, IL US","2019-12-09",,,,,,
"US1ILCK0064","HOMEWOOD 0.1 ESE, IL US","2019-12-10",,,,,,
"US1ILCK0064","HOMEWOOD 0.1 ESE, IL US","2019-12-11",,,,,,
"US1ILCK0064","HOMEWOOD 0.1 ESE, IL US","2019-12-12",,,,,,
"US1ILCK0064","HOMEWOOD 0.1 ESE, IL US","2019-12-13",,,,,,
"US1ILCK0064","HOMEWOOD 0.1 ESE, IL US","2019-12-14",,,,,,
"US1ILCK0064","HOMEWOOD 0.1 ESE, IL US","2019-12-15",,,,,,
"US1ILCK0064","HOMEWOOD 0.1 ESE, IL US","2019-12-16",,,,,,
"US1ILCK0064","HOMEWOOD 0.1 ESE, IL US","2019-12-17",,,,,,
"US1ILCK0064","HOMEWOOD 0.1 ESE, IL US","2019-12-18",,,,,,
"US1ILCK0064","HOMEWOOD 0.1 ESE, IL US","2019-12-19",,,,,,
"US1ILCK0064","HOMEWOOD 0.1 ESE, IL US","2019-12-20",,,,,,
"US1ILCK0064","HOMEWOOD 0.1 ESE, IL US","2019-12-21",,,,,,
"US1ILCK0064","HOMEWOOD 0.1 ESE, IL US","2019-12-22",,,,,,
"US1ILCK0064","HOMEWOOD 0.1 ESE, IL US","2019-12-23",,,,,,
"US1ILCK0064","HOMEWOOD 0.1 ESE, IL US","2019-12-24",,,,,,
"US1ILCK0064","HOMEWOOD 0.1 ESE, IL US","2019-12-25",,,,,,
"US1ILCK0064","HOMEWOOD 0.1 ESE, IL US","2019-12-26",,,,,,
"US1ILCK0064","HOMEWOOD 0.1 ESE, IL US","2019-12-27",,,,,,
"US1ILCK0064","HOMEWOOD 0.1 ESE, IL US","2019-12-28",,,,,,
"US1ILCK0064","HOMEWOOD 0.1 ESE, IL US","2019-12-29",,,,,,
"US1ILCK0064","HOMEWOOD 0.1 ESE, IL US","2019-12-30",,,,,,
"US1ILCK0064","HOMEWOOD 0.1 ESE, IL US","2019-12-31",,,,,,
"US1ILCK0064","HOMEWOOD 0.1 ESE, IL US","2020-01-01",,,,,,
"US1ILCK0064","HOMEWOOD 0.1 ESE, IL US","2020-01-02",,,,,,
"US1ILCK0064","HOMEWOOD 0.1 ESE, IL US","2020-01-03",,,,,,
"US1ILCK0064","HOMEWOOD 0.1 ESE, IL US","2020-01-04",,,,,,
"US1ILCK0064","HOMEWOOD 0.1 ESE, IL US","2020-01-05",,,,,,
"US1ILCK0064","HOMEWOOD 0.1 ESE, IL US","2020-01-06",,,,,,
"US1ILCK0064","HOMEWOOD 0.1 ESE, IL US","2020-01-07",,,,,,
"US1ILCK0064","HOMEWOOD 0.1 ESE, IL US","2020-01-08",,,,,,
"US1ILCK0064","HOMEWOOD 0.1 ESE, IL US","2020-01-09",,,,,,
"US1ILCK0064","HOMEWOOD 0.1 ESE, IL US","2020-01-10",,,,,,
"US1ILCK0064","HOMEWOOD 0.1 ESE, IL US","2020-01-11",,,,,,
"US1ILCK0064","HOMEWOOD 0.1 ESE, IL US","2020-01-12",,,,,,
"US1ILCK0064","HOMEWOOD 0.1 ESE, IL US","2020-01-13",,,,,,
"US1ILCK0064","HOMEWOOD 0.1 ESE, IL US","2020-01-14",,,,,,
"US1ILCK0064","HOMEWOOD 0.1 ESE, IL US","2020-01-15",,,,,,
"US1ILCK0064","HOMEWOOD 0.1 ESE, IL US","2020-01-16",,,,,,
"US1ILCK0064","HOMEWOOD 0.1 ESE, IL US","2020-01-17",,,,,,
"US1ILCK0064","HOMEWOOD 0.1 ESE, IL US","2020-01-18",,,,,,
"US1ILCK0064","HOMEWOOD 0.1 ESE, IL US","2020-01-19",,,,,,
"US1ILCK0064","HOMEWOOD 0.1 ESE, IL US","2020-01-20",,,,,,
"US1ILCK0064","HOMEWOOD 0.1 ESE, IL US","2020-01-21",,,,,,
"US1ILCK0064","HOMEWOOD 0.1 ESE, IL US","2020-01-22",,,,,,
"US1ILCK0064","HOMEWOOD 0.1 ESE, IL US","2020-01-23",,,,,,
"US1ILCK0064","HOMEWOOD 0.1 ESE, IL US","2020-01-24",,,,,,
"US1ILCK0064","HOMEWOOD 0.1 ESE, IL US","2020-01-25",,,,,,
"US1ILCK0064","HOMEWOOD 0.1 ESE, IL US","2020-01-26",,,,,,
"US1ILCK0064","HOMEWOOD 0.1 ESE, IL US","2020-01-27",,,,,,
"US1ILCK0064","HOMEWOOD 0.1 ESE, IL US","2020-01-28",,,,,,
"US1ILCK0064","HOMEWOOD 0.1 ESE, IL US","2020-01-29",,,,,,
"US1ILCK0064","HOMEWOOD 0.1 ESE, IL US","2020-01-30",,,,,,
"US1ILCK0064","HOMEWOOD 0.1 ESE, IL US","2020-01-31",,,,,,
"US1ILCK0064","HOMEWOOD 0.1 ESE, IL US","2020-02-01",,,,,,
"US1ILCK0064","HOMEWOOD 0.1 ESE, IL US","2020-02-02",,,,,,
"US1ILCK0064","HOMEWOOD 0.1 ESE, IL US","2020-02-03",,,,,,
"US1ILCK0064","HOMEWOOD 0.1 ESE, IL US","2020-02-04",,,,,,
"US1ILCK0064","HOMEWOOD 0.1 ESE, IL US","2020-02-05",,,,,,
"US1ILCK0064","HOMEWOOD 0.1 ESE, IL US","2020-02-06",,,,,,
"US1ILCK0064","HOMEWOOD 0.1 ESE, IL US","2020-02-07",,,,,,
"US1ILCK0064","HOMEWOOD 0.1 ESE, IL US","2020-02-08",,,,,,
"US1ILCK0064","HOMEWOOD 0.1 ESE, IL US","2020-02-09",,,,,,
"US1ILCK0064","HOMEWOOD 0.1 ESE, IL US","2020-02-10",,,,,,
"US1ILCK0064","HOMEWOOD 0.1 ESE, IL US","2020-02-11",,,,,,
"US1ILCK0064","HOMEWOOD 0.1 ESE, IL US","2020-02-12",,,,,,
"US1ILCK0064","HOMEWOOD 0.1 ESE, IL US","2020-02-13",,,,,,
"US1ILCK0064","HOMEWOOD 0.1 ESE, IL US","2020-02-14",,,,,,
"US1ILCK0064","HOMEWOOD 0.1 ESE, IL US","2020-02-15",,,,,,
"US1ILCK0064","HOMEWOOD 0.1 ESE, IL US","2020-02-16",,,,,,
"US1ILCK0064","HOMEWOOD 0.1 ESE, IL US","2020-02-17",,,,,,
"US1ILCK0064","HOMEWOOD 0.1 ESE, IL US","2020-02-18",,,,,,
"US1ILCK0064","HOMEWOOD 0.1 ESE, IL US","2020-02-19",,,,,,
"US1ILCK0064","HOMEWOOD 0.1 ESE, IL US","2020-02-20",,,,,,
"US1ILCK0064","HOMEWOOD 0.1 ESE, IL US","2020-02-21",,,,,,
"US1ILCK0064","HOMEWOOD 0.1 ESE, IL US","2020-02-22",,,,,,
"US1ILCK0064","HOMEWOOD 0.1 ESE, IL US","2020-02-23",,,,,,
"US1ILCK0064","HOMEWOOD 0.1 ESE, IL US","2020-02-24",,,,,,
"US1ILCK0064","HOMEWOOD 0.1 ESE, IL US","2020-02-25",,,,,,
"US1ILCK0064","HOMEWOOD 0.1 ESE, IL US","2020-02-26",,,,,,
"US1ILCK0064","HOMEWOOD 0.1 ESE, IL US","2020-02-27",,,,,,
"US1ILCK0064","HOMEWOOD 0.1 ESE, IL US","2020-02-28",,,,,,
"US1ILCK0064","HOMEWOOD 0.1 ESE, IL US","2020-02-29",,,,,,
"US1ILCK0064","HOMEWOOD 0.1 ESE, IL US","2020-03-01",,,,,,
"US1ILCK0064","HOMEWOOD 0.1 ESE, IL US","2020-03-02",,,,,,
"US1ILCK0064","HOMEWOOD 0.1 ESE, IL US","2020-03-03",,,,,,
"US1ILCK0064","HOMEWOOD 0.1 ESE, IL US","2020-03-04",,,,,,
"US1ILCK0064","HOMEWOOD 0.1 ESE, IL US","2020-03-05",,,,,,
"US1ILCK0064","HOMEWOOD 0.1 ESE, IL US","2020-03-06",,,,,,
"US1ILCK0064","HOMEWOOD 0.1 ESE, IL US","2020-03-07",,,,,,
"US1ILCK0064","HOMEWOOD 0.1 ESE, IL US","2020-03-08",,,,,,
"US1ILCK0064","HOMEWOOD 0.1 ESE, IL US","2020-03-09",,,,,,
"US1ILCK0064","HOMEWOOD 0.1 ESE, IL US","2020-03-10",,,,,,
"US1ILCK0064","HOMEWOOD 0.1 ESE, IL US","2020-03-11",,,,,,
"US1ILCK0064","HOMEWOOD 0.1 ESE, IL US","2020-03-12",,,,,,
"US1ILCK0064","HOMEWOOD 0.1 ESE, IL US","2020-03-13",,,,,,
"US1ILCK0064","HOMEWOOD 0.1 ESE, IL US","2020-03-14",,,,,,
"US1ILCK0064","HOMEWOOD 0.1 ESE, IL US","2020-03-15",,,,,,
"US1ILCK0064","HOMEWOOD 0.1 ESE, IL US","2020-03-16",,,,,,
"US1ILCK0064","HOMEWOOD 0.1 ESE, IL US","2020-03-17",,,,,,
"US1ILCK0064","HOMEWOOD 0.1 ESE, IL US","2020-03-18",,,,,,
"US1ILCK0064","HOMEWOOD 0.1 ESE, IL US","2020-03-19",,,,,,
"US1ILCK0064","HOMEWOOD 0.1 ESE, IL US","2020-03-20",,,,,,
"US1ILCK0064","HOMEWOOD 0.1 ESE, IL US","2020-03-21",,,,,,
"US1ILCK0064","HOMEWOOD 0.1 ESE, IL US","2020-03-22",,,,,,
"US1ILCK0064","HOMEWOOD 0.1 ESE, IL US","2020-03-23",,,,,,
"US1ILCK0064","HOMEWOOD 0.1 ESE, IL US","2020-03-24",,,,,,
"US1ILCK0064","HOMEWOOD 0.1 ESE, IL US","2020-03-25",,,,,,
"US1ILCK0064","HOMEWOOD 0.1 ESE, IL US","2020-03-26",,,,,,
"US1ILCK0064","HOMEWOOD 0.1 ESE, IL US","2020-03-27",,,,,,
"US1ILCK0064","HOMEWOOD 0.1 ESE, IL US","2020-03-28",,,,,,
"US1ILCK0064","HOMEWOOD 0.1 ESE, IL US","2020-03-29",,,,,,
"US1ILCK0064","HOMEWOOD 0.1 ESE, IL US","2020-03-30",,,,,,
"US1ILCK0064","HOMEWOOD 0.1 ESE, IL US","2020-03-31",,,,,,
"US1ILCK0064","HOMEWOOD 0.1 ESE, IL US","2020-04-01",,,,,,
"US1ILCK0064","HOMEWOOD 0.1 ESE, IL US","2020-04-02",,,,,,
"US1ILCK0064","HOMEWOOD 0.1 ESE, IL US","2020-04-03",,,,,,
"US1ILCK0064","HOMEWOOD 0.1 ESE, IL US","2020-04-04",,,,,,
"US1ILCK0064","HOMEWOOD 0.1 ESE, IL US","2020-04-05",,,,,,
"US1ILCK0064","HOMEWOOD 0.1 ESE, IL US","2020-04-06",,,,,,
"US1ILCK0064","HOMEWOOD 0.1 ESE, IL US","2020-04-07",,,,,,
"US1ILCK0064","HOMEWOOD 0.1 ESE, IL US","2020-04-08",,,,,,
"US1ILCK0064","HOMEWOOD 0.1 ESE, IL US","2020-04-09",,,,,,
"US1ILCK0064","HOMEWOOD 0.1 ESE, IL US","2020-04-10",,,,,,
"US1ILCK0064","HOMEWOOD 0.1 ESE, IL US","2020-04-11",,,,,,
"US1ILCK0064","HOMEWOOD 0.1 ESE, IL US","2020-04-12",,,,,,
"US1ILCK0064","HOMEWOOD 0.1 ESE, IL US","2020-04-13",,,,,,
"US1ILCK0064","HOMEWOOD 0.1 ESE, IL US","2020-04-14",,,,,,
"US1ILCK0064","HOMEWOOD 0.1 ESE, IL US","2020-04-15",,,,,,
"US1ILCK0064","HOMEWOOD 0.1 ESE, IL US","2020-04-16",,,,,,
"US1ILCK0064","HOMEWOOD 0.1 ESE, IL US","2020-04-17",,,,,,
"US1ILCK0064","HOMEWOOD 0.1 ESE, IL US","2020-04-18",,,,,,
"US1ILCK0064","HOMEWOOD 0.1 ESE, IL US","2020-04-19",,,,,,
"US1ILCK0064","HOMEWOOD 0.1 ESE, IL US","2020-04-20",,,,,,
"US1ILCK0064","HOMEWOOD 0.1 ESE, IL US","2020-04-21",,,,,,
"US1ILCK0064","HOMEWOOD 0.1 ESE, IL US","2020-04-22",,,,,,
"US1ILCK0064","HOMEWOOD 0.1 ESE, IL US","2020-04-23",,,,,,
"US1ILCK0064","HOMEWOOD 0.1 ESE, IL US","2020-04-24",,,,,,
"US1ILCK0064","HOMEWOOD 0.1 ESE, IL US","2020-04-25",,,,,,
"US1ILCK0064","HOMEWOOD 0.1 ESE, IL US","2020-04-26",,,,,,
"US1ILCK0064","HOMEWOOD 0.1 ESE, IL US","2020-04-27",,,,,,
"US1ILCK0064","HOMEWOOD 0.1 ESE, IL US","2020-04-28",,,,,,
"US1ILCK0064","HOMEWOOD 0.1 ESE, IL US","2020-04-29",,,,,,
"US1ILCK0064","HOMEWOOD 0.1 ESE, IL US","2020-04-30",,,,,,
"US1ILCK0064","HOMEWOOD 0.1 ESE, IL US","2020-05-01",,,,,,
"US1ILCK0064","HOMEWOOD 0.1 ESE, IL US","2020-05-02",,,,,,
"US1ILCK0064","HOMEWOOD 0.1 ESE, IL US","2020-05-03",,,,,,
"US1ILCK0064","HOMEWOOD 0.1 ESE, IL US","2020-05-04",,,,,,
"US1ILCK0064","HOMEWOOD 0.1 ESE, IL US","2020-05-05",,,,,,
"US1ILCK0064","HOMEWOOD 0.1 ESE, IL US","2020-05-06",,,,,,
"US1ILCK0064","HOMEWOOD 0.1 ESE, IL US","2020-05-07",,,,,,
"US1ILCK0064","HOMEWOOD 0.1 ESE, IL US","2020-05-08",,,,,,
"US1ILCK0064","HOMEWOOD 0.1 ESE, IL US","2020-05-09",,,,,,
"US1ILCK0064","HOMEWOOD 0.1 ESE, IL US","2020-05-10",,,,,,
"US1ILCK0064","HOMEWOOD 0.1 ESE, IL US","2020-05-11",,,,,,
"US1ILCK0064","HOMEWOOD 0.1 ESE, IL US","2020-05-12",,,,,,
"US1ILCK0064","HOMEWOOD 0.1 ESE, IL US","2020-05-13",,,,,,
"US1ILCK0064","HOMEWOOD 0.1 ESE, IL US","2020-05-14",,,,,,
"US1ILCK0064","HOMEWOOD 0.1 ESE, IL US","2020-05-15",,,,,,
"US1ILCK0064","HOMEWOOD 0.1 ESE, IL US","2020-05-16",,,,,,
"US1ILCK0064","HOMEWOOD 0.1 ESE, IL US","2020-05-17",,,,,,
"US1ILCK0064","HOMEWOOD 0.1 ESE, IL US","2020-05-18",,,,,,
"US1ILCK0064","HOMEWOOD 0.1 ESE, IL US","2020-05-19",,,,,,
"US1ILCK0064","HOMEWOOD 0.1 ESE, IL US","2020-05-20",,,,,,
"US1ILCK0064","HOMEWOOD 0.1 ESE, IL US","2020-05-21",,,,,,
"US1ILCK0064","HOMEWOOD 0.1 ESE, IL US","2020-05-22",,,,,,
"US1ILCK0064","HOMEWOOD 0.1 ESE, IL US","2020-05-23",,,,,,
"US1ILCK0064","HOMEWOOD 0.1 ESE, IL US","2020-05-24",,,,,,
"US1ILCK0064","HOMEWOOD 0.1 ESE, IL US","2020-05-25",,,,,,
"US1ILCK0064","HOMEWOOD 0.1 ESE, IL US","2020-05-26",,,,,,
"US1ILCK0064","HOMEWOOD 0.1 ESE, IL US","2020-05-27",,,,,,
"US1ILCK0064","HOMEWOOD 0.1 ESE, IL US","2020-05-28",,,,,,
"US1ILCK0064","HOMEWOOD 0.1 ESE, IL US","2020-05-29",,,,,,
"US1ILCK0064","HOMEWOOD 0.1 ESE, IL US","2020-05-30",,,,,,
"US1ILCK0064","HOMEWOOD 0.1 ESE, IL US","2020-06-01",,,,,,
"US1ILCK0064","HOMEWOOD 0.1 ESE, IL US","2020-06-02",,,,,,
"US1ILCK0064","HOMEWOOD 0.1 ESE, IL US","2020-06-03",,,,,,
"US1ILCK0064","HOMEWOOD 0.1 ESE, IL US","2020-06-04",,,,,,
"US1ILCK0064","HOMEWOOD 0.1 ESE, IL US","2020-06-05",,,,,,
"US1ILCK0064","HOMEWOOD 0.1 ESE, IL US","2020-06-06",,,,,,
"US1ILCK0064","HOMEWOOD 0.1 ESE, IL US","2020-06-07",,,,,,
"US1ILCK0064","HOMEWOOD 0.1 ESE, IL US","2020-06-08",,,,,,
"US1ILCK0064","HOMEWOOD 0.1 ESE, IL US","2020-06-09",,,,,,
"US1ILCK0064","HOMEWOOD 0.1 ESE, IL US","2020-06-10",,,,,,
"US1ILCK0064","HOMEWOOD 0.1 ESE, IL US","2020-06-11",,,,,,
"US1ILCK0064","HOMEWOOD 0.1 ESE, IL US","2020-06-12",,,,,,
"US1ILCK0064","HOMEWOOD 0.1 ESE, IL US","2020-06-13",,,,,,
"US1ILCK0064","HOMEWOOD 0.1 ESE, IL US","2020-06-14",,,,,,
"US1ILCK0064","HOMEWOOD 0.1 ESE, IL US","2020-06-15",,,,,,
"US1ILCK0064","HOMEWOOD 0.1 ESE, IL US","2020-06-16",,,,,,
"US1ILCK0064","HOMEWOOD 0.1 ESE, IL US","2020-06-17",,,,,,
"US1ILCK0064","HOMEWOOD 0.1 ESE, IL US","2020-06-18",,,,,,
"US1ILCK0064","HOMEWOOD 0.1 ESE, IL US","2020-06-19",,,,,,
"US1ILCK0064","HOMEWOOD 0.1 ESE, IL US","2020-06-20",,,,,,
"US1ILCK0064","HOMEWOOD 0.1 ESE, IL US","2020-06-21",,,,,,
"US1ILCK0064","HOMEWOOD 0.1 ESE, IL US","2020-06-22",,,,,,
"US1ILCK0064","HOMEWOOD 0.1 ESE, IL US","2020-06-23",,,,,,
"US1ILCK0064","HOMEWOOD 0.1 ESE, IL US","2020-06-24",,,,,,
"US1ILCK0064","HOMEWOOD 0.1 ESE, IL US","2020-06-25",,,,,,
"US1ILCK0064","HOMEWOOD 0.1 ESE, IL US","2020-06-26",,,,,,
"US1ILCK0064","HOMEWOOD 0.1 ESE, IL US","2020-06-27",,,,,,
"US1ILCK0064","HOMEWOOD 0.1 ESE, IL US","2020-06-28",,,,,,
"US1ILCK0064","HOMEWOOD 0.1 ESE, IL US","2020-06-29",,,,,,
"US1ILCK0064","HOMEWOOD 0.1 ESE, IL US","2020-06-30",,,,,,
"US1ILCK0064","HOMEWOOD 0.1 ESE, IL US","2020-07-01",,,,,,
"US1ILCK0064","HOMEWOOD 0.1 ESE, IL US","2020-07-02",,,,,,
"US1ILCK0064","HOMEWOOD 0.1 ESE, IL US","2020-07-03",,,,,,
"US1ILCK0064","HOMEWOOD 0.1 ESE, IL US","2020-07-04",,,,,,
"US1ILCK0064","HOMEWOOD 0.1 ESE, IL US","2020-07-05",,,,,,
"US1ILCK0064","HOMEWOOD 0.1 ESE, IL US","2020-07-06",,,,,,
"US1ILCK0064","HOMEWOOD 0.1 ESE, IL US","2020-07-08",,,,,,
"US1ILCK0064","HOMEWOOD 0.1 ESE, IL US","2020-07-09",,,,,,
"US1ILCK0064","HOMEWOOD 0.1 ESE, IL US","2020-07-10",,,,,,
"US1ILCK0064","HOMEWOOD 0.1 ESE, IL US","2020-07-11",,,,,,
"US1ILCK0064","HOMEWOOD 0.1 ESE, IL US","2020-07-12",,,,,,
"US1ILCK0064","HOMEWOOD 0.1 ESE, IL US","2020-07-13",,,,,,
"US1ILCK0064","HOMEWOOD 0.1 ESE, IL US","2020-07-14",,,,,,
"US1ILCK0064","HOMEWOOD 0.1 ESE, IL US","2020-07-15",,,,,,
"US1ILCK0064","HOMEWOOD 0.1 ESE, IL US","2020-07-16",,,,,,
"US1ILCK0064","HOMEWOOD 0.1 ESE, IL US","2020-07-17",,,,,,
"US1ILCK0064","HOMEWOOD 0.1 ESE, IL US","2020-07-18",,,,,,
"US1ILCK0064","HOMEWOOD 0.1 ESE, IL US","2020-07-19",,,,,,
"US1ILCK0064","HOMEWOOD 0.1 ESE, IL US","2020-07-20",,,,,,
"US1ILCK0064","HOMEWOOD 0.1 ESE, IL US","2020-07-21",,,,,,
"US1ILCK0064","HOMEWOOD 0.1 ESE, IL US","2020-07-22",,,,,,
"US1ILCK0064","HOMEWOOD 0.1 ESE, IL US","2020-07-23",,,,,,
"US1ILCK0064","HOMEWOOD 0.1 ESE, IL US","2020-07-24",,,,,,
"US1ILCK0064","HOMEWOOD 0.1 ESE, IL US","2020-07-25",,,,,,
"US1ILCK0064","HOMEWOOD 0.1 ESE, IL US","2020-07-26",,,,,,
"US1ILCK0064","HOMEWOOD 0.1 ESE, IL US","2020-07-27",,,,,,
"US1ILCK0064","HOMEWOOD 0.1 ESE, IL US","2020-07-28",,,,,,
"US1ILCK0064","HOMEWOOD 0.1 ESE, IL US","2020-07-29",,,,,,
"US1ILCK0064","HOMEWOOD 0.1 ESE, IL US","2020-07-30",,,,,,
"US1ILCK0064","HOMEWOOD 0.1 ESE, IL US","2020-07-31",,,,,,
"US1ILCK0064","HOMEWOOD 0.1 ESE, IL US","2020-08-01",,,,,,
"US1ILCK0064","HOMEWOOD 0.1 ESE, IL US","2020-08-02",,,,,,
"US1ILCK0064","HOMEWOOD 0.1 ESE, IL US","2020-08-03",,,,,,
"US1ILCK0064","HOMEWOOD 0.1 ESE, IL US","2020-08-04",,,,,,
"US1ILCK0064","HOMEWOOD 0.1 ESE, IL US","2020-08-05",,,,,,
"US1ILCK0064","HOMEWOOD 0.1 ESE, IL US","2020-08-06",,,,,,
"US1ILCK0064","HOMEWOOD 0.1 ESE, IL US","2020-08-07",,,,,,
"US1ILCK0064","HOMEWOOD 0.1 ESE, IL US","2020-08-08",,,,,,
"US1ILCK0064","HOMEWOOD 0.1 ESE, IL US","2020-08-09",,,,,,
"US1ILCK0064","HOMEWOOD 0.1 ESE, IL US","2020-08-10",,,,,,
"US1ILCK0064","HOMEWOOD 0.1 ESE, IL US","2020-08-11",,,,,,
"US1ILCK0064","HOMEWOOD 0.1 ESE, IL US","2020-08-13",,,,,,
"US1ILCK0064","HOMEWOOD 0.1 ESE, IL US","2020-08-14",,,,,,
"US1ILCK0064","HOMEWOOD 0.1 ESE, IL US","2020-08-15",,,,,,
"US1ILCK0064","HOMEWOOD 0.1 ESE, IL US","2020-08-16",,,,,,
"US1ILCK0064","HOMEWOOD 0.1 ESE, IL US","2020-08-17",,,,,,
"US1ILCK0064","HOMEWOOD 0.1 ESE, IL US","2020-08-18",,,,,,
"US1ILCK0064","HOMEWOOD 0.1 ESE, IL US","2020-08-19",,,,,,
"US1ILCK0064","HOMEWOOD 0.1 ESE, IL US","2020-08-20",,,,,,
"US1ILCK0064","HOMEWOOD 0.1 ESE, IL US","2020-08-21",,,,,,
"US1ILCK0064","HOMEWOOD 0.1 ESE, IL US","2020-08-22",,,,,,
"US1ILCK0064","HOMEWOOD 0.1 ESE, IL US","2020-08-23",,,,,,
"US1ILCK0064","HOMEWOOD 0.1 ESE, IL US","2020-08-24",,,,,,
"US1ILCK0064","HOMEWOOD 0.1 ESE, IL US","2020-08-25",,,,,,
"US1ILCK0064","HOMEWOOD 0.1 ESE, IL US","2020-08-26",,,,,,
"US1ILCK0064","HOMEWOOD 0.1 ESE, IL US","2020-08-27",,,,,,
"US1ILCK0064","HOMEWOOD 0.1 ESE, IL US","2020-08-28",,,,,,
"US1ILCK0064","HOMEWOOD 0.1 ESE, IL US","2020-08-29",,,,,,
"US1ILCK0064","HOMEWOOD 0.1 ESE, IL US","2020-08-30",,,,,,
"US1ILCK0064","HOMEWOOD 0.1 ESE, IL US","2020-08-31",,,,,,
"US1ILCK0064","HOMEWOOD 0.1 ESE, IL US","2020-09-01",,,,,,
"US1ILCK0064","HOMEWOOD 0.1 ESE, IL US","2020-09-02",,,,,,
"US1ILCK0064","HOMEWOOD 0.1 ESE, IL US","2020-09-03",,,,,,
"US1ILCK0064","HOMEWOOD 0.1 ESE, IL US","2020-09-04",,,,,,
"US1ILCK0064","HOMEWOOD 0.1 ESE, IL US","2020-09-05",,,,,,
"US1ILCK0064","HOMEWOOD 0.1 ESE, IL US","2020-09-06",,,,,,
"US1ILCK0064","HOMEWOOD 0.1 ESE, IL US","2020-09-07",,,,,,
"US1ILCK0064","HOMEWOOD 0.1 ESE, IL US","2020-09-08",,,,,,
"US1ILWL0136","CRETE 3.3 ENE FRANKTUARY FARM, IL US","2019-10-01",,,,,,
"US1ILWL0136","CRETE 3.3 ENE FRANKTUARY FARM, IL US","2019-10-02",,,,,,
"US1ILWL0136","CRETE 3.3 ENE FRANKTUARY FARM, IL US","2019-10-03",,,,,,
"US1ILWL0136","CRETE 3.3 ENE FRANKTUARY FARM, IL US","2019-10-04",,,,,,
"US1ILWL0136","CRETE 3.3 ENE FRANKTUARY FARM, IL US","2019-10-05",,,,,,
"US1ILWL0136","CRETE 3.3 ENE FRANKTUARY FARM, IL US","2019-10-06",,,,,,
"US1ILWL0136","CRETE 3.3 ENE FRANKTUARY FARM, IL US","2019-10-07",,,,,,
"US1ILWL0136","CRETE 3.3 ENE FRANKTUARY FARM, IL US","2019-10-08",,,,,,
"US1ILWL0136","CRETE 3.3 ENE FRANKTUARY FARM, IL US","2019-10-09",,,,,,
"US1ILWL0136","CRETE 3.3 ENE FRANKTUARY FARM, IL US","2019-10-10",,,,,,
"US1ILWL0136","CRETE 3.3 ENE FRANKTUARY FARM, IL US","2019-10-11",,,,,,
"US1ILWL0136","CRETE 3.3 ENE FRANKTUARY FARM, IL US","2019-10-12",,,,,,
"US1ILWL0136","CRETE 3.3 ENE FRANKTUARY FARM, IL US","2019-10-13",,,,,,
"US1ILWL0136","CRETE 3.3 ENE FRANKTUARY FARM, IL US","2019-10-14",,,,,,
"US1ILWL0136","CRETE 3.3 ENE FRANKTUARY FARM, IL US","2019-10-15",,,,,,
"US1ILWL0136","CRETE 3.3 ENE FRANKTUARY FARM, IL US","2019-10-16",,,,,,
"US1ILWL0136","CRETE 3.3 ENE FRANKTUARY FARM, IL US","2019-10-18",,,,,,
"US1ILWL0136","CRETE 3.3 ENE FRANKTUARY FARM, IL US","2019-10-19",,,,,,
"US1ILWL0136","CRETE 3.3 ENE FRANKTUARY FARM, IL US","2019-10-22",,,,,,
"US1ILWL0136","CRETE 3.3 ENE FRANKTUARY FARM, IL US","2019-10-23",,,,,,
"US1ILWL0136","CRETE 3.3 ENE FRANKTUARY FARM, IL US","2019-10-24",,,,,,
"US1ILWL0136","CRETE 3.3 ENE FRANKTUARY FARM, IL US","2019-10-25",,,,,,
"US1ILWL0136","CRETE 3.3 ENE FRANKTUARY FARM, IL US","2019-10-26",,,,,,
"US1ILWL0136","CRETE 3.3 ENE FRANKTUARY FARM, IL US","2019-10-27",,,,,,
"US1ILWL0136","CRETE 3.3 ENE FRANKTUARY FARM, IL US","2019-10-28",,,,,,
"US1ILWL0136","CRETE 3.3 ENE FRANKTUARY FARM, IL US","2019-10-29",,,,,,
"US1ILWL0136","CRETE 3.3 ENE FRANKTUARY FARM, IL US","2019-10-30",,,,,,
"US1ILWL0136","CRETE 3.3 ENE FRANKTUARY FARM, IL US","2019-10-31",,,,,,
"US1ILWL0136","CRETE 3.3 ENE FRANKTUARY FARM, IL US","2019-11-01",,,,,,
"US1ILWL0136","CRETE 3.3 ENE FRANKTUARY FARM, IL US","2019-11-02",,,,,,
"US1ILWL0136","CRETE 3.3 ENE FRANKTUARY FARM, IL US","2019-11-03",,,,,,
"US1ILWL0136","CRETE 3.3 ENE FRANKTUARY FARM, IL US","2019-11-04",,,,,,
"US1ILWL0136","CRETE 3.3 ENE FRANKTUARY FARM, IL US","2019-11-05",,,,,,
"US1ILWL0136","CRETE 3.3 ENE FRANKTUARY FARM, IL US","2019-11-06",,,,,,
"US1ILWL0136","CRETE 3.3 ENE FRANKTUARY FARM, IL US","2019-11-07",,,,,,
"US1ILWL0136","CRETE 3.3 ENE FRANKTUARY FARM, IL US","2019-11-08",,,,,,
"US1ILWL0136","CRETE 3.3 ENE FRANKTUARY FARM, IL US","2019-11-09",,,,,,
"US1ILWL0136","CRETE 3.3 ENE FRANKTUARY FARM, IL US","2019-11-10",,,,,,
"US1ILWL0136","CRETE 3.3 ENE FRANKTUARY FARM, IL US","2019-11-11",,,,,,
"US1ILWL0136","CRETE 3.3 ENE FRANKTUARY FARM, IL US","2019-11-12",,,,,,
"US1ILWL0136","CRETE 3.3 ENE FRANKTUARY FARM, IL US","2019-11-13",,,,,,
"US1ILWL0136","CRETE 3.3 ENE FRANKTUARY FARM, IL US","2019-11-14",,,,,,
"US1ILWL0136","CRETE 3.3 ENE FRANKTUARY FARM, IL US","2019-11-15",,,,,,
"US1ILWL0136","CRETE 3.3 ENE FRANKTUARY FARM, IL US","2019-11-16",,,,,,
"US1ILWL0136","CRETE 3.3 ENE FRANKTUARY FARM, IL US","2019-11-17",,,,,,
"US1ILWL0136","CRETE 3.3 ENE FRANKTUARY FARM, IL US","2019-11-18",,,,,,
"US1ILWL0136","CRETE 3.3 ENE FRANKTUARY FARM, IL US","2019-11-19",,,,,,
"US1ILWL0136","CRETE 3.3 ENE FRANKTUARY FARM, IL US","2019-11-20",,,,,,
"US1ILWL0136","CRETE 3.3 ENE FRANKTUARY FARM, IL US","2019-11-21",,,,,,
"US1ILWL0136","CRETE 3.3 ENE FRANKTUARY FARM, IL US","2019-11-22",,,,,,
"US1ILWL0136","CRETE 3.3 ENE FRANKTUARY FARM, IL US","2019-11-23",,,,,,
"US1ILWL0136","CRETE 3.3 ENE FRANKTUARY FARM, IL US","2019-11-24",,,,,,
"US1ILWL0136","CRETE 3.3 ENE FRANKTUARY FARM, IL US","2019-11-25",,,,,,
"US1ILWL0136","CRETE 3.3 ENE FRANKTUARY FARM, IL US","2019-11-26",,,,,,
"US1ILWL0136","CRETE 3.3 ENE FRANKTUARY FARM, IL US","2019-11-27",,,,,,
"US1ILWL0136","CRETE 3.3 ENE FRANKTUARY FARM, IL US","2019-11-28",,,,,,
"US1ILWL0136","CRETE 3.3 ENE FRANKTUARY FARM, IL US","2019-11-29",,,,,,
"US1ILWL0136","CRETE 3.3 ENE FRANKTUARY FARM, IL US","2019-11-30",,,,,,
"US1ILWL0136","CRETE 3.3 ENE FRANKTUARY FARM, IL US","2019-12-01",,,,,,
"US1ILWL0136","CRETE 3.3 ENE FRANKTUARY FARM, IL US","2019-12-02",,,,,,
"US1ILWL0136","CRETE 3.3 ENE FRANKTUARY FARM, IL US","2019-12-03",,,,,,
"US1ILWL0136","CRETE 3.3 ENE FRANKTUARY FARM, IL US","2019-12-04",,,,,,
"US1ILWL0136","CRETE 3.3 ENE FRANKTUARY FARM, IL US","2019-12-05",,,,,,
"US1ILWL0136","CRETE 3.3 ENE FRANKTUARY FARM, IL US","2019-12-06",,,,,,
"US1ILWL0136","CRETE 3.3 ENE FRANKTUARY FARM, IL US","2019-12-07",,,,,,
"US1ILWL0136","CRETE 3.3 ENE FRANKTUARY FARM, IL US","2019-12-08",,,,,,
"US1ILWL0136","CRETE 3.3 ENE FRANKTUARY FARM, IL US","2019-12-09",,,,,,
"US1ILWL0136","CRETE 3.3 ENE FRANKTUARY FARM, IL US","2019-12-10",,,,,,
"US1ILWL0136","CRETE 3.3 ENE FRANKTUARY FARM, IL US","2019-12-11",,,,,,
"US1ILWL0136","CRETE 3.3 ENE FRANKTUARY FARM, IL US","2019-12-12",,,,,,
"US1ILWL0136","CRETE 3.3 ENE FRANKTUARY FARM, IL US","2019-12-13",,,,,,
"US1ILWL0136","CRETE 3.3 ENE FRANKTUARY FARM, IL US","2019-12-14",,,,,,
"US1ILWL0136","CRETE 3.3 ENE FRANKTUARY FARM, IL US","2019-12-15",,,,,,
"US1ILWL0136","CRETE 3.3 ENE FRANKTUARY FARM, IL US","2019-12-16",,,,,,
"US1ILWL0136","CRETE 3.3 ENE FRANKTUARY FARM, IL US","2019-12-17",,,,,,
"US1ILWL0136","CRETE 3.3 ENE FRANKTUARY FARM, IL US","2019-12-18",,,,,,
"US1ILWL0136","CRETE 3.3 ENE FRANKTUARY FARM, IL US","2019-12-19",,,,,,
"US1ILWL0136","CRETE 3.3 ENE FRANKTUARY FARM, IL US","2019-12-20",,,,,,
"US1ILWL0136","CRETE 3.3 ENE FRANKTUARY FARM, IL US","2019-12-21",,,,,,
"US1ILWL0136","CRETE 3.3 ENE FRANKTUARY FARM, IL US","2019-12-22",,,,,,
"US1ILWL0136","CRETE 3.3 ENE FRANKTUARY FARM, IL US","2019-12-23",,,,,,
"US1ILWL0136","CRETE 3.3 ENE FRANKTUARY FARM, IL US","2019-12-24",,,,,,
"US1ILWL0136","CRETE 3.3 ENE FRANKTUARY FARM, IL US","2019-12-25",,,,,,
"US1ILWL0136","CRETE 3.3 ENE FRANKTUARY FARM, IL US","2019-12-26",,,,,,
"US1ILWL0136","CRETE 3.3 ENE FRANKTUARY FARM, IL US","2019-12-27",,,,,,
"US1ILWL0136","CRETE 3.3 ENE FRANKTUARY FARM, IL US","2019-12-28",,,,,,
"US1ILWL0136","CRETE 3.3 ENE FRANKTUARY FARM, IL US","2019-12-29",,,,,,
"US1ILWL0136","CRETE 3.3 ENE FRANKTUARY FARM, IL US","2019-12-30",,,,,,
"US1ILWL0136","CRETE 3.3 ENE FRANKTUARY FARM, IL US","2019-12-31",,,,,,
"US1ILWL0136","CRETE 3.3 ENE FRANKTUARY FARM, IL US","2020-01-01",,,,,,
"US1ILWL0136","CRETE 3.3 ENE FRANKTUARY FARM, IL US","2020-01-02",,,,,,
"US1ILWL0136","CRETE 3.3 ENE FRANKTUARY FARM, IL US","2020-01-03",,,,,,
"US1ILWL0136","CRETE 3.3 ENE FRANKTUARY FARM, IL US","2020-01-04",,,,,,
"US1ILWL0136","CRETE 3.3 ENE FRANKTUARY FARM, IL US","2020-01-05",,,,,,
"US1ILWL0136","CRETE 3.3 ENE FRANKTUARY FARM, IL US","2020-01-06",,,,,,
"US1ILWL0136","CRETE 3.3 ENE FRANKTUARY FARM, IL US","2020-01-07",,,,,,
"US1ILWL0136","CRETE 3.3 ENE FRANKTUARY FARM, IL US","2020-01-08",,,,,,
"US1ILWL0136","CRETE 3.3 ENE FRANKTUARY FARM, IL US","2020-01-09",,,,,,
"US1ILWL0136","CRETE 3.3 ENE FRANKTUARY FARM, IL US","2020-01-10",,,,,,
"US1ILWL0136","CRETE 3.3 ENE FRANKTUARY FARM, IL US","2020-01-11",,,,,,
"US1ILWL0136","CRETE 3.3 ENE FRANKTUARY FARM, IL US","2020-01-12",,,,,,
"US1ILWL0136","CRETE 3.3 ENE FRANKTUARY FARM, IL US","2020-01-13",,,,,,
"US1ILWL0136","CRETE 3.3 ENE FRANKTUARY FARM, IL US","2020-01-14",,,,,,
"US1ILWL0136","CRETE 3.3 ENE FRANKTUARY FARM, IL US","2020-01-15",,,,,,
"US1ILWL0136","CRETE 3.3 ENE FRANKTUARY FARM, IL US","2020-01-16",,,,,,
"US1ILWL0136","CRETE 3.3 ENE FRANKTUARY FARM, IL US","2020-01-17",,,,,,
"US1ILWL0136","CRETE 3.3 ENE FRANKTUARY FARM, IL US","2020-01-18",,,,,,
"US1ILWL0136","CRETE 3.3 ENE FRANKTUARY FARM, IL US","2020-01-19",,,,,,
"US1ILWL0136","CRETE 3.3 ENE FRANKTUARY FARM, IL US","2020-01-20",,,,,,
"US1ILWL0136","CRETE 3.3 ENE FRANKTUARY FARM, IL US","2020-01-21",,,,,,
"US1ILWL0136","CRETE 3.3 ENE FRANKTUARY FARM, IL US","2020-01-22",,,,,,
"US1ILWL0136","CRETE 3.3 ENE FRANKTUARY FARM, IL US","2020-01-23",,,,,,
"US1ILWL0136","CRETE 3.3 ENE FRANKTUARY FARM, IL US","2020-01-24",,,,,,
"US1ILWL0136","CRETE 3.3 ENE FRANKTUARY FARM, IL US","2020-01-25",,,,,,
"US1ILWL0136","CRETE 3.3 ENE FRANKTUARY FARM, IL US","2020-01-26",,,,,,
"US1ILWL0136","CRETE 3.3 ENE FRANKTUARY FARM, IL US","2020-01-27",,,,,,
"US1ILWL0136","CRETE 3.3 ENE FRANKTUARY FARM, IL US","2020-01-28",,,,,,
"US1ILWL0136","CRETE 3.3 ENE FRANKTUARY FARM, IL US","2020-01-29",,,,,,
"US1ILWL0136","CRETE 3.3 ENE FRANKTUARY FARM, IL US","2020-01-30",,,,,,
"US1ILWL0136","CRETE 3.3 ENE FRANKTUARY FARM, IL US","2020-01-31",,,,,,
"US1ILWL0136","CRETE 3.3 ENE FRANKTUARY FARM, IL US","2020-02-01",,,,,,
"US1ILWL0136","CRETE 3.3 ENE FRANKTUARY FARM, IL US","2020-02-02",,,,,,
"US1ILWL0136","CRETE 3.3 ENE FRANKTUARY FARM, IL US","2020-02-03",,,,,,
"US1ILWL0136","CRETE 3.3 ENE FRANKTUARY FARM, IL US","2020-02-04",,,,,,
"US1ILWL0136","CRETE 3.3 ENE FRANKTUARY FARM, IL US","2020-02-05",,,,,,
"US1ILWL0136","CRETE 3.3 ENE FRANKTUARY FARM, IL US","2020-02-06",,,,,,
"US1ILWL0136","CRETE 3.3 ENE FRANKTUARY FARM, IL US","2020-02-07",,,,,,
"US1ILWL0136","CRETE 3.3 ENE FRANKTUARY FARM, IL US","2020-02-08",,,,,,
"US1ILWL0136","CRETE 3.3 ENE FRANKTUARY FARM, IL US","2020-02-09",,,,,,
"US1ILWL0136","CRETE 3.3 ENE FRANKTUARY FARM, IL US","2020-02-10",,,,,,
"US1ILWL0136","CRETE 3.3 ENE FRANKTUARY FARM, IL US","2020-02-11",,,,,,
"US1ILWL0136","CRETE 3.3 ENE FRANKTUARY FARM, IL US","2020-02-12",,,,,,
"US1ILWL0136","CRETE 3.3 ENE FRANKTUARY FARM, IL US","2020-02-13",,,,,,
"US1ILWL0136","CRETE 3.3 ENE FRANKTUARY FARM, IL US","2020-02-14",,,,,,
"US1ILWL0136","CRETE 3.3 ENE FRANKTUARY FARM, IL US","2020-02-15",,,,,,
"US1ILWL0136","CRETE 3.3 ENE FRANKTUARY FARM, IL US","2020-02-16",,,,,,
"US1ILWL0136","CRETE 3.3 ENE FRANKTUARY FARM, IL US","2020-02-17",,,,,,
"US1ILWL0136","CRETE 3.3 ENE FRANKTUARY FARM, IL US","2020-02-18",,,,,,
"US1ILWL0136","CRETE 3.3 ENE FRANKTUARY FARM, IL US","2020-02-19",,,,,,
"US1ILWL0136","CRETE 3.3 ENE FRANKTUARY FARM, IL US","2020-02-20",,,,,,
"US1ILWL0136","CRETE 3.3 ENE FRANKTUARY FARM, IL US","2020-02-21",,,,,,
"US1ILWL0136","CRETE 3.3 ENE FRANKTUARY FARM, IL US","2020-02-22",,,,,,
"US1ILWL0136","CRETE 3.3 ENE FRANKTUARY FARM, IL US","2020-02-23",,,,,,
"US1ILWL0136","CRETE 3.3 ENE FRANKTUARY FARM, IL US","2020-02-24",,,,,,
"US1ILWL0136","CRETE 3.3 ENE FRANKTUARY FARM, IL US","2020-02-25",,,,,,
"US1ILWL0136","CRETE 3.3 ENE FRANKTUARY FARM, IL US","2020-02-26",,,,,,
"US1ILWL0136","CRETE 3.3 ENE FRANKTUARY FARM, IL US","2020-02-27",,,,,,
"US1ILWL0136","CRETE 3.3 ENE FRANKTUARY FARM, IL US","2020-02-28",,,,,,
"US1ILWL0136","CRETE 3.3 ENE FRANKTUARY FARM, IL US","2020-02-29",,,,,,
"US1ILWL0136","CRETE 3.3 ENE FRANKTUARY FARM, IL US","2020-03-01",,,,,,
"US1ILWL0136","CRETE 3.3 ENE FRANKTUARY FARM, IL US","2020-03-02",,,,,,
"US1ILWL0136","CRETE 3.3 ENE FRANKTUARY FARM, IL US","2020-03-03",,,,,,
"US1ILWL0136","CRETE 3.3 ENE FRANKTUARY FARM, IL US","2020-03-04",,,,,,
"US1ILWL0136","CRETE 3.3 ENE FRANKTUARY FARM, IL US","2020-03-05",,,,,,
"US1ILWL0136","CRETE 3.3 ENE FRANKTUARY FARM, IL US","2020-03-06",,,,,,
"US1ILWL0136","CRETE 3.3 ENE FRANKTUARY FARM, IL US","2020-03-07",,,,,,
"US1ILWL0136","CRETE 3.3 ENE FRANKTUARY FARM, IL US","2020-03-08",,,,,,
"US1ILWL0136","CRETE 3.3 ENE FRANKTUARY FARM, IL US","2020-03-09",,,,,,
"US1ILWL0136","CRETE 3.3 ENE FRANKTUARY FARM, IL US","2020-03-10",,,,,,
"US1ILWL0136","CRETE 3.3 ENE FRANKTUARY FARM, IL US","2020-03-11",,,,,,
"US1ILWL0136","CRETE 3.3 ENE FRANKTUARY FARM, IL US","2020-03-12",,,,,,
"US1ILWL0136","CRETE 3.3 ENE FRANKTUARY FARM, IL US","2020-03-13",,,,,,
"US1ILWL0136","CRETE 3.3 ENE FRANKTUARY FARM, IL US","2020-03-14",,,,,,
"US1ILWL0136","CRETE 3.3 ENE FRANKTUARY FARM, IL US","2020-03-15",,,,,,
"US1ILWL0136","CRETE 3.3 ENE FRANKTUARY FARM, IL US","2020-03-16",,,,,,
"US1ILWL0136","CRETE 3.3 ENE FRANKTUARY FARM, IL US","2020-03-17",,,,,,
"US1ILWL0136","CRETE 3.3 ENE FRANKTUARY FARM, IL US","2020-03-18",,,,,,
"US1ILWL0136","CRETE 3.3 ENE FRANKTUARY FARM, IL US","2020-03-19",,,,,,
"US1ILWL0136","CRETE 3.3 ENE FRANKTUARY FARM, IL US","2020-03-20",,,,,,
"US1ILWL0136","CRETE 3.3 ENE FRANKTUARY FARM, IL US","2020-03-21",,,,,,
"US1ILWL0136","CRETE 3.3 ENE FRANKTUARY FARM, IL US","2020-03-22",,,,,,
"US1ILWL0136","CRETE 3.3 ENE FRANKTUARY FARM, IL US","2020-03-23",,,,,,
"US1ILWL0136","CRETE 3.3 ENE FRANKTUARY FARM, IL US","2020-03-24",,,,,,
"US1ILWL0136","CRETE 3.3 ENE FRANKTUARY FARM, IL US","2020-03-25",,,,,,
"US1ILWL0136","CRETE 3.3 ENE FRANKTUARY FARM, IL US","2020-03-26",,,,,,
"US1ILWL0136","CRETE 3.3 ENE FRANKTUARY FARM, IL US","2020-03-27",,,,,,
"US1ILWL0136","CRETE 3.3 ENE FRANKTUARY FARM, IL US","2020-03-28",,,,,,
"US1ILWL0136","CRETE 3.3 ENE FRANKTUARY FARM, IL US","2020-03-29",,,,,,
"US1ILWL0136","CRETE 3.3 ENE FRANKTUARY FARM, IL US","2020-03-30",,,,,,
"US1ILWL0136","CRETE 3.3 ENE FRANKTUARY FARM, IL US","2020-03-31",,,,,,
"US1ILWL0136","CRETE 3.3 ENE FRANKTUARY FARM, IL US","2020-04-01",,,,,,
"US1ILWL0136","CRETE 3.3 ENE FRANKTUARY FARM, IL US","2020-04-02",,,,,,
"US1ILWL0136","CRETE 3.3 ENE FRANKTUARY FARM, IL US","2020-04-03",,,,,,
"US1ILWL0136","CRETE 3.3 ENE FRANKTUARY FARM, IL US","2020-04-04",,,,,,
"US1ILWL0136","CRETE 3.3 ENE FRANKTUARY FARM, IL US","2020-04-05",,,,,,
"US1ILWL0136","CRETE 3.3 ENE FRANKTUARY FARM, IL US","2020-04-06",,,,,,
"US1ILWL0136","CRETE 3.3 ENE FRANKTUARY FARM, IL US","2020-04-07",,,,,,
"US1ILWL0136","CRETE 3.3 ENE FRANKTUARY FARM, IL US","2020-04-08",,,,,,
"US1ILWL0136","CRETE 3.3 ENE FRANKTUARY FARM, IL US","2020-04-09",,,,,,
"US1ILWL0136","CRETE 3.3 ENE FRANKTUARY FARM, IL US","2020-04-10",,,,,,
"US1ILWL0136","CRETE 3.3 ENE FRANKTUARY FARM, IL US","2020-04-11",,,,,,
"US1ILWL0136","CRETE 3.3 ENE FRANKTUARY FARM, IL US","2020-04-12",,,,,,
"US1ILWL0136","CRETE 3.3 ENE FRANKTUARY FARM, IL US","2020-04-13",,,,,,
"US1ILWL0136","CRETE 3.3 ENE FRANKTUARY FARM, IL US","2020-04-14",,,,,,
"US1ILWL0136","CRETE 3.3 ENE FRANKTUARY FARM, IL US","2020-04-15",,,,,,
"US1ILWL0136","CRETE 3.3 ENE FRANKTUARY FARM, IL US","2020-04-16",,,,,,
"US1ILWL0136","CRETE 3.3 ENE FRANKTUARY FARM, IL US","2020-04-17",,,,,,
"US1ILWL0136","CRETE 3.3 ENE FRANKTUARY FARM, IL US","2020-04-18",,,,,,
"US1ILWL0136","CRETE 3.3 ENE FRANKTUARY FARM, IL US","2020-04-19",,,,,,
"US1ILWL0136","CRETE 3.3 ENE FRANKTUARY FARM, IL US","2020-04-20",,,,,,
"US1ILWL0136","CRETE 3.3 ENE FRANKTUARY FARM, IL US","2020-04-21",,,,,,
"US1ILWL0136","CRETE 3.3 ENE FRANKTUARY FARM, IL US","2020-04-22",,,,,,
"US1ILWL0136","CRETE 3.3 ENE FRANKTUARY FARM, IL US","2020-04-23",,,,,,
"US1ILWL0136","CRETE 3.3 ENE FRANKTUARY FARM, IL US","2020-04-24",,,,,,
"US1ILWL0136","CRETE 3.3 ENE FRANKTUARY FARM, IL US","2020-04-25",,,,,,
"US1ILWL0136","CRETE 3.3 ENE FRANKTUARY FARM, IL US","2020-04-26",,,,,,
"US1ILWL0136","CRETE 3.3 ENE FRANKTUARY FARM, IL US","2020-04-27",,,,,,
"US1ILWL0136","CRETE 3.3 ENE FRANKTUARY FARM, IL US","2020-04-28",,,,,,
"US1ILWL0136","CRETE 3.3 ENE FRANKTUARY FARM, IL US","2020-04-29",,,,,,
"US1ILWL0136","CRETE 3.3 ENE FRANKTUARY FARM, IL US","2020-04-30",,,,,,
"US1ILWL0136","CRETE 3.3 ENE FRANKTUARY FARM, IL US","2020-05-01",,,,,,
"US1ILWL0136","CRETE 3.3 ENE FRANKTUARY FARM, IL US","2020-05-02",,,,,,
"US1ILWL0136","CRETE 3.3 ENE FRANKTUARY FARM, IL US","2020-05-03",,,,,,
"US1ILWL0136","CRETE 3.3 ENE FRANKTUARY FARM, IL US","2020-05-04",,,,,,
"US1ILWL0136","CRETE 3.3 ENE FRANKTUARY FARM, IL US","2020-05-05",,,,,,
"US1ILWL0136","CRETE 3.3 ENE FRANKTUARY FARM, IL US","2020-05-06",,,,,,
"US1ILWL0136","CRETE 3.3 ENE FRANKTUARY FARM, IL US","2020-05-07",,,,,,
"US1ILWL0136","CRETE 3.3 ENE FRANKTUARY FARM, IL US","2020-05-08",,,,,,
"US1ILWL0136","CRETE 3.3 ENE FRANKTUARY FARM, IL US","2020-05-09",,,,,,
"US1ILWL0136","CRETE 3.3 ENE FRANKTUARY FARM, IL US","2020-05-10",,,,,,
"US1ILWL0136","CRETE 3.3 ENE FRANKTUARY FARM, IL US","2020-05-11",,,,,,
"US1ILWL0136","CRETE 3.3 ENE FRANKTUARY FARM, IL US","2020-05-12",,,,,,
"US1ILWL0136","CRETE 3.3 ENE FRANKTUARY FARM, IL US","2020-05-13",,,,,,
"US1ILWL0136","CRETE 3.3 ENE FRANKTUARY FARM, IL US","2020-05-14",,,,,,
"US1ILWL0136","CRETE 3.3 ENE FRANKTUARY FARM, IL US","2020-05-15",,,,,,
"US1ILWL0136","CRETE 3.3 ENE FRANKTUARY FARM, IL US","2020-05-16",,,,,,
"US1ILWL0136","CRETE 3.3 ENE FRANKTUARY FARM, IL US","2020-05-17",,,,,,
"US1ILWL0136","CRETE 3.3 ENE FRANKTUARY FARM, IL US","2020-05-18",,,,,,
"US1ILWL0136","CRETE 3.3 ENE FRANKTUARY FARM, IL US","2020-05-19",,,,,,
"US1ILWL0136","CRETE 3.3 ENE FRANKTUARY FARM, IL US","2020-05-20",,,,,,
"US1ILWL0136","CRETE 3.3 ENE FRANKTUARY FARM, IL US","2020-05-21",,,,,,
"US1ILWL0136","CRETE 3.3 ENE FRANKTUARY FARM, IL US","2020-05-22",,,,,,
"US1ILWL0136","CRETE 3.3 ENE FRANKTUARY FARM, IL US","2020-05-23",,,,,,
"US1ILWL0136","CRETE 3.3 ENE FRANKTUARY FARM, IL US","2020-05-24",,,,,,
"US1ILWL0136","CRETE 3.3 ENE FRANKTUARY FARM, IL US","2020-05-25",,,,,,
"US1ILWL0136","CRETE 3.3 ENE FRANKTUARY FARM, IL US","2020-05-26",,,,,,
"US1ILWL0136","CRETE 3.3 ENE FRANKTUARY FARM, IL US","2020-06-03",,,,,,
"US1ILWL0136","CRETE 3.3 ENE FRANKTUARY FARM, IL US","2020-06-04",,,,,,
"US1ILWL0136","CRETE 3.3 ENE FRANKTUARY FARM, IL US","2020-06-05",,,,,,
"US1ILWL0136","CRETE 3.3 ENE FRANKTUARY FARM, IL US","2020-06-06",,,,,,
"US1ILWL0136","CRETE 3.3 ENE FRANKTUARY FARM, IL US","2020-06-07",,,,,,
"US1ILWL0136","CRETE 3.3 ENE FRANKTUARY FARM, IL US","2020-06-08",,,,,,
"US1ILWL0136","CRETE 3.3 ENE FRANKTUARY FARM, IL US","2020-06-09",,,,,,
"US1ILWL0136","CRETE 3.3 ENE FRANKTUARY FARM, IL US","2020-06-10",,,,,,
"US1ILWL0136","CRETE 3.3 ENE FRANKTUARY FARM, IL US","2020-06-11",,,,,,
"US1ILWL0136","CRETE 3.3 ENE FRANKTUARY FARM, IL US","2020-06-12",,,,,,
"US1ILWL0136","CRETE 3.3 ENE FRANKTUARY FARM, IL US","2020-06-13",,,,,,
"US1ILWL0136","CRETE 3.3 ENE FRANKTUARY FARM, IL US","2020-06-14",,,,,,
"US1ILWL0136","CRETE 3.3 ENE FRANKTUARY FARM, IL US","2020-06-15",,,,,,
"US1ILWL0136","CRETE 3.3 ENE FRANKTUARY FARM, IL US","2020-06-16",,,,,,
"US1ILWL0136","CRETE 3.3 ENE FRANKTUARY FARM, IL US","2020-06-17",,,,,,
"US1ILWL0136","CRETE 3.3 ENE FRANKTUARY FARM, IL US","2020-06-18",,,,,,
"US1ILWL0136","CRETE 3.3 ENE FRANKTUARY FARM, IL US","2020-06-19",,,,,,
"US1ILWL0136","CRETE 3.3 ENE FRANKTUARY FARM, IL US","2020-06-20",,,,,,
"US1ILWL0136","CRETE 3.3 ENE FRANKTUARY FARM, IL US","2020-06-21",,,,,,
"US1ILWL0136","CRETE 3.3 ENE FRANKTUARY FARM, IL US","2020-06-22",,,,,,
"US1ILWL0136","CRETE 3.3 ENE FRANKTUARY FARM, IL US","2020-06-23",,,,,,
"US1ILWL0136","CRETE 3.3 ENE FRANKTUARY FARM, IL US","2020-06-24",,,,,,
"US1ILWL0136","CRETE 3.3 ENE FRANKTUARY FARM, IL US","2020-06-25",,,,,,
"US1ILWL0136","CRETE 3.3 ENE FRANKTUARY FARM, IL US","2020-06-26",,,,,,
"US1ILWL0136","CRETE 3.3 ENE FRANKTUARY FARM, IL US","2020-06-27",,,,,,
"US1ILWL0136","CRETE 3.3 ENE FRANKTUARY FARM, IL US","2020-06-28",,,,,,
"US1ILWL0136","CRETE 3.3 ENE FRANKTUARY FARM, IL US","2020-06-29",,,,,,
"US1ILWL0136","CRETE 3.3 ENE FRANKTUARY FARM, IL US","2020-06-30",,,,,,
"US1ILWL0136","CRETE 3.3 ENE FRANKTUARY FARM, IL US","2020-07-01",,,,,,
"US1ILWL0136","CRETE 3.3 ENE FRANKTUARY FARM, IL US","2020-07-02",,,,,,
"US1ILWL0136","CRETE 3.3 ENE FRANKTUARY FARM, IL US","2020-07-03",,,,,,
"US1ILWL0136","CRETE 3.3 ENE FRANKTUARY FARM, IL US","2020-07-04",,,,,,
"US1ILWL0136","CRETE 3.3 ENE FRANKTUARY FARM, IL US","2020-07-05",,,,,,
"US1ILWL0136","CRETE 3.3 ENE FRANKTUARY FARM, IL US","2020-07-06",,,,,,
"US1ILWL0136","CRETE 3.3 ENE FRANKTUARY FARM, IL US","2020-07-07",,,,,,
"US1ILWL0136","CRETE 3.3 ENE FRANKTUARY FARM, IL US","2020-07-08",,,,,,
"US1ILWL0136","CRETE 3.3 ENE FRANKTUARY FARM, IL US","2020-07-09",,,,,,
"US1ILWL0136","CRETE 3.3 ENE FRANKTUARY FARM, IL US","2020-07-10",,,,,,
"US1ILWL0136","CRETE 3.3 ENE FRANKTUARY FARM, IL US","2020-07-11",,,,,,
"US1ILWL0136","CRETE 3.3 ENE FRANKTUARY FARM, IL US","2020-07-13",,,,,,
"US1ILWL0136","CRETE 3.3 ENE FRANKTUARY FARM, IL US","2020-07-14",,,,,,
"US1ILWL0136","CRETE 3.3 ENE FRANKTUARY FARM, IL US","2020-07-15",,,,,,
"US1ILWL0136","CRETE 3.3 ENE FRANKTUARY FARM, IL US","2020-07-16",,,,,,
"US1ILWL0136","CRETE 3.3 ENE FRANKTUARY FARM, IL US","2020-07-17",,,,,,
"US1ILWL0136","CRETE 3.3 ENE FRANKTUARY FARM, IL US","2020-07-18",,,,,,
"US1ILWL0136","CRETE 3.3 ENE FRANKTUARY FARM, IL US","2020-07-19",,,,,,
"US1ILWL0136","CRETE 3.3 ENE FRANKTUARY FARM, IL US","2020-07-20",,,,,,
"US1ILWL0136","CRETE 3.3 ENE FRANKTUARY FARM, IL US","2020-07-21",,,,,,
"US1ILWL0136","CRETE 3.3 ENE FRANKTUARY FARM, IL US","2020-07-22",,,,,,
"US1ILWL0136","CRETE 3.3 ENE FRANKTUARY FARM, IL US","2020-07-23",,,,,,
"US1ILWL0136","CRETE 3.3 ENE FRANKTUARY FARM, IL US","2020-07-24",,,,,,
"US1ILWL0136","CRETE 3.3 ENE FRANKTUARY FARM, IL US","2020-07-25",,,,,,
"US1ILWL0136","CRETE 3.3 ENE FRANKTUARY FARM, IL US","2020-07-26",,,,,,
"US1ILWL0136","CRETE 3.3 ENE FRANKTUARY FARM, IL US","2020-07-27",,,,,,
"US1ILWL0136","CRETE 3.3 ENE FRANKTUARY FARM, IL US","2020-07-28",,,,,,
"US1ILWL0136","CRETE 3.3 ENE FRANKTUARY FARM, IL US","2020-07-29",,,,,,
"US1ILWL0136","CRETE 3.3 ENE FRANKTUARY FARM, IL US","2020-07-30",,,,,,
"US1ILWL0136","CRETE 3.3 ENE FRANKTUARY FARM, IL US","2020-07-31",,,,,,
"US1ILWL0136","CRETE 3.3 ENE FRANKTUARY FARM, IL US","2020-08-01",,,,,,
"US1ILWL0136","CRETE 3.3 ENE FRANKTUARY FARM, IL US","2020-08-02",,,,,,
"US1ILWL0136","CRETE 3.3 ENE FRANKTUARY FARM, IL US","2020-08-03",,,,,,
"US1ILWL0136","CRETE 3.3 ENE FRANKTUARY FARM, IL US","2020-08-04",,,,,,
"US1ILWL0136","CRETE 3.3 ENE FRANKTUARY FARM, IL US","2020-08-05",,,,,,
"US1ILWL0136","CRETE 3.3 ENE FRANKTUARY FARM, IL US","2020-08-06",,,,,,
"US1ILWL0136","CRETE 3.3 ENE FRANKTUARY FARM, IL US","2020-08-07",,,,,,
"US1ILWL0136","CRETE 3.3 ENE FRANKTUARY FARM, IL US","2020-08-08",,,,,,
"US1ILWL0136","CRETE 3.3 ENE FRANKTUARY FARM, IL US","2020-08-09",,,,,,
"US1ILWL0136","CRETE 3.3 ENE FRANKTUARY FARM, IL US","2020-08-10",,,,,,
"US1ILWL0136","CRETE 3.3 ENE FRANKTUARY FARM, IL US","2020-08-11",,,,,,
"US1ILWL0136","CRETE 3.3 ENE FRANKTUARY FARM, IL US","2020-08-12",,,,,,
"US1ILWL0136","CRETE 3.3 ENE FRANKTUARY FARM, IL US","2020-08-13",,,,,,
"US1ILWL0136","CRETE 3.3 ENE FRANKTUARY FARM, IL US","2020-08-14",,,,,,
"US1ILWL0136","CRETE 3.3 ENE FRANKTUARY FARM, IL US","2020-08-15",,,,,,
"US1ILWL0136","CRETE 3.3 ENE FRANKTUARY FARM, IL US","2020-08-16",,,,,,
"US1ILWL0136","CRETE 3.3 ENE FRANKTUARY FARM, IL US","2020-08-17",,,,,,
"US1ILWL0136","CRETE 3.3 ENE FRANKTUARY FARM, IL US","2020-08-18",,,,,,
"US1ILWL0136","CRETE 3.3 ENE FRANKTUARY FARM, IL US","2020-08-19",,,,,,
"US1ILWL0136","CRETE 3.3 ENE FRANKTUARY FARM, IL US","2020-08-20",,,,,,
"US1ILWL0136","CRETE 3.3 ENE FRANKTUARY FARM, IL US","2020-08-21",,,,,,
"US1ILWL0136","CRETE 3.3 ENE FRANKTUARY FARM, IL US","2020-08-22",,,,,,
"US1ILWL0136","CRETE 3.3 ENE FRANKTUARY FARM, IL US","2020-08-23",,,,,,
"US1ILWL0136","CRETE 3.3 ENE FRANKTUARY FARM, IL US","2020-08-24",,,,,,
"US1ILWL0136","CRETE 3.3 ENE FRANKTUARY FARM, IL US","2020-08-25",,,,,,
"US1ILWL0136","CRETE 3.3 ENE FRANKTUARY FARM, IL US","2020-08-26",,,,,,
"US1ILWL0136","CRETE 3.3 ENE FRANKTUARY FARM, IL US","2020-08-27",,,,,,
"US1ILWL0136","CRETE 3.3 ENE FRANKTUARY FARM, IL US","2020-08-28",,,,,,
"US1ILWL0136","CRETE 3.3 ENE FRANKTUARY FARM, IL US","2020-08-29",,,,,,
"US1ILWL0136","CRETE 3.3 ENE FRANKTUARY FARM, IL US","2020-08-30",,,,,,
"US1ILWL0136","CRETE 3.3 ENE FRANKTUARY FARM, IL US","2020-08-31",,,,,,
"US1ILWL0136","CRETE 3.3 ENE FRANKTUARY FARM, IL US","2020-09-01",,,,,,
"US1ILWL0136","CRETE 3.3 ENE FRANKTUARY FARM, IL US","2020-09-02",,,,,,
"US1ILWL0136","CRETE 3.3 ENE FRANKTUARY FARM, IL US","2020-09-03",,,,,,
"US1ILWL0136","CRETE 3.3 ENE FRANKTUARY FARM, IL US","2020-09-04",,,,,,
"US1ILWL0136","CRETE 3.3 ENE FRANKTUARY FARM, IL US","2020-09-05",,,,,,
"US1ILWL0136","CRETE 3.3 ENE FRANKTUARY FARM, IL US","2020-09-07",,,,,,
"US1ILWL0136","CRETE 3.3 ENE FRANKTUARY FARM, IL US","2020-09-08",,,,,,
"US1ILDP0075","NAPERVILLE 1.1 NW, IL US","2019-10-01",,,,,,
"US1ILDP0075","NAPERVILLE 1.1 NW, IL US","2019-10-02",,,,,,
"US1ILDP0075","NAPERVILLE 1.1 NW, IL US","2019-10-03",,,,,,
"US1ILDP0075","NAPERVILLE 1.1 NW, IL US","2019-10-04",,,,,,
"US1ILDP0075","NAPERVILLE 1.1 NW, IL US","2019-10-05",,,,,,
"US1ILDP0075","NAPERVILLE 1.1 NW, IL US","2019-10-06",,,,,,
"US1ILDP0075","NAPERVILLE 1.1 NW, IL US","2019-10-07",,,,,,
"US1ILDP0075","NAPERVILLE 1.1 NW, IL US","2019-10-08",,,,,,
"US1ILDP0075","NAPERVILLE 1.1 NW, IL US","2019-10-09",,,,,,
"US1ILDP0075","NAPERVILLE 1.1 NW, IL US","2019-10-10",,,,,,
"US1ILDP0075","NAPERVILLE 1.1 NW, IL US","2019-10-12",,,,,,
"US1ILDP0075","NAPERVILLE 1.1 NW, IL US","2019-10-13",,,,,,
"US1ILDP0075","NAPERVILLE 1.1 NW, IL US","2019-10-14",,,,,,
"US1ILDP0075","NAPERVILLE 1.1 NW, IL US","2019-10-15",,,,,,
"US1ILDP0075","NAPERVILLE 1.1 NW, IL US","2019-10-16",,,,,,
"US1ILDP0075","NAPERVILLE 1.1 NW, IL US","2019-10-17",,,,,,
"US1ILDP0075","NAPERVILLE 1.1 NW, IL US","2019-10-18",,,,,,
"US1ILDP0075","NAPERVILLE 1.1 NW, IL US","2019-10-19",,,,,,
"US1ILDP0075","NAPERVILLE 1.1 NW, IL US","2019-10-20",,,,,,
"US1ILDP0075","NAPERVILLE 1.1 NW, IL US","2019-10-21",,,,,,
"US1ILDP0075","NAPERVILLE 1.1 NW, IL US","2019-10-22",,,,,,
"US1ILDP0075","NAPERVILLE 1.1 NW, IL US","2019-10-23",,,,,,
"US1ILDP0075","NAPERVILLE 1.1 NW, IL US","2019-10-24",,,,,,
"US1ILDP0075","NAPERVILLE 1.1 NW, IL US","2019-10-25",,,,,,
"US1ILDP0075","NAPERVILLE 1.1 NW, IL US","2019-10-26",,,,,,
"US1ILDP0075","NAPERVILLE 1.1 NW, IL US","2019-10-27",,,,,,
"US1ILDP0075","NAPERVILLE 1.1 NW, IL US","2019-10-28",,,,,,
"US1ILDP0075","NAPERVILLE 1.1 NW, IL US","2019-10-29",,,,,,
"US1ILDP0075","NAPERVILLE 1.1 NW, IL US","2019-10-30",,,,,,
"US1ILDP0075","NAPERVILLE 1.1 NW, IL US","2019-10-31",,,,,,
"US1ILDP0075","NAPERVILLE 1.1 NW, IL US","2019-11-01",,,,,,
"US1ILDP0075","NAPERVILLE 1.1 NW, IL US","2019-11-02",,,,,,
"US1ILDP0075","NAPERVILLE 1.1 NW, IL US","2019-11-03",,,,,,
"US1ILDP0075","NAPERVILLE 1.1 NW, IL US","2019-11-04",,,,,,
"US1ILDP0075","NAPERVILLE 1.1 NW, IL US","2019-11-05",,,,,,
"US1ILDP0075","NAPERVILLE 1.1 NW, IL US","2019-11-06",,,,,,
"US1ILDP0075","NAPERVILLE 1.1 NW, IL US","2019-11-07",,,,,,
"US1ILDP0075","NAPERVILLE 1.1 NW, IL US","2019-11-08",,,,,,
"US1ILDP0075","NAPERVILLE 1.1 NW, IL US","2019-11-09",,,,,,
"US1ILDP0075","NAPERVILLE 1.1 NW, IL US","2019-11-10",,,,,,
"US1ILDP0075","NAPERVILLE 1.1 NW, IL US","2019-11-11",,,,,,
"US1ILDP0075","NAPERVILLE 1.1 NW, IL US","2019-11-12",,,,,,
"US1ILDP0075","NAPERVILLE 1.1 NW, IL US","2019-11-13",,,,,,
"US1ILDP0075","NAPERVILLE 1.1 NW, IL US","2019-11-14",,,,,,
"US1ILDP0075","NAPERVILLE 1.1 NW, IL US","2019-11-15",,,,,,
"US1ILDP0075","NAPERVILLE 1.1 NW, IL US","2019-11-16",,,,,,
"US1ILDP0075","NAPERVILLE 1.1 NW, IL US","2019-11-17",,,,,,
"US1ILDP0075","NAPERVILLE 1.1 NW, IL US","2019-11-18",,,,,,
"US1ILDP0075","NAPERVILLE 1.1 NW, IL US","2019-11-19",,,,,,
"US1ILDP0075","NAPERVILLE 1.1 NW, IL US","2019-11-20",,,,,,
"US1ILDP0075","NAPERVILLE 1.1 NW, IL US","2019-11-21",,,,,,
"US1ILDP0075","NAPERVILLE 1.1 NW, IL US","2019-11-22",,,,,,
"US1ILDP0075","NAPERVILLE 1.1 NW, IL US","2019-11-23",,,,,,
"US1ILDP0075","NAPERVILLE 1.1 NW, IL US","2019-11-24",,,,,,
"US1ILDP0075","NAPERVILLE 1.1 NW, IL US","2019-11-25",,,,,,
"US1ILDP0075","NAPERVILLE 1.1 NW, IL US","2019-11-26",,,,,,
"US1ILDP0075","NAPERVILLE 1.1 NW, IL US","2019-11-27",,,,,,
"US1ILDP0075","NAPERVILLE 1.1 NW, IL US","2019-11-28",,,,,,
"US1ILDP0075","NAPERVILLE 1.1 NW, IL US","2019-11-29",,,,,,
"US1ILDP0075","NAPERVILLE 1.1 NW, IL US","2019-11-30",,,,,,
"US1ILDP0075","NAPERVILLE 1.1 NW, IL US","2019-12-01",,,,,,
"US1ILDP0075","NAPERVILLE 1.1 NW, IL US","2019-12-02",,,,,,
"US1ILDP0075","NAPERVILLE 1.1 NW, IL US","2019-12-03",,,,,,
"US1ILDP0075","NAPERVILLE 1.1 NW, IL US","2019-12-04",,,,,,
"US1ILDP0075","NAPERVILLE 1.1 NW, IL US","2019-12-05",,,,,,
"US1ILDP0075","NAPERVILLE 1.1 NW, IL US","2019-12-06",,,,,,
"US1ILDP0075","NAPERVILLE 1.1 NW, IL US","2019-12-07",,,,,,
"US1ILDP0075","NAPERVILLE 1.1 NW, IL US","2019-12-08",,,,,,
"US1ILDP0075","NAPERVILLE 1.1 NW, IL US","2019-12-09",,,,,,
"US1ILDP0075","NAPERVILLE 1.1 NW, IL US","2019-12-10",,,,,,
"US1ILDP0075","NAPERVILLE 1.1 NW, IL US","2019-12-11",,,,,,
"US1ILDP0075","NAPERVILLE 1.1 NW, IL US","2019-12-12",,,,,,
"US1ILDP0075","NAPERVILLE 1.1 NW, IL US","2019-12-13",,,,,,
"US1ILDP0075","NAPERVILLE 1.1 NW, IL US","2019-12-14",,,,,,
"US1ILDP0075","NAPERVILLE 1.1 NW, IL US","2019-12-15",,,,,,
"US1ILDP0075","NAPERVILLE 1.1 NW, IL US","2019-12-16",,,,,,
"US1ILDP0075","NAPERVILLE 1.1 NW, IL US","2019-12-17",,,,,,
"US1ILDP0075","NAPERVILLE 1.1 NW, IL US","2019-12-18",,,,,,
"US1ILDP0075","NAPERVILLE 1.1 NW, IL US","2019-12-19",,,,,,
"US1ILDP0075","NAPERVILLE 1.1 NW, IL US","2019-12-20",,,,,,
"US1ILDP0075","NAPERVILLE 1.1 NW, IL US","2019-12-21",,,,,,
"US1ILDP0075","NAPERVILLE 1.1 NW, IL US","2019-12-22",,,,,,
"US1ILDP0075","NAPERVILLE 1.1 NW, IL US","2019-12-23",,,,,,
"US1ILDP0075","NAPERVILLE 1.1 NW, IL US","2019-12-24",,,,,,
"US1ILDP0075","NAPERVILLE 1.1 NW, IL US","2019-12-25",,,,,,
"US1ILDP0075","NAPERVILLE 1.1 NW, IL US","2019-12-26",,,,,,
"US1ILDP0075","NAPERVILLE 1.1 NW, IL US","2019-12-27",,,,,,
"US1ILDP0075","NAPERVILLE 1.1 NW, IL US","2019-12-28",,,,,,
"US1ILDP0075","NAPERVILLE 1.1 NW, IL US","2019-12-29",,,,,,
"US1ILDP0075","NAPERVILLE 1.1 NW, IL US","2019-12-30",,,,,,
"US1ILDP0075","NAPERVILLE 1.1 NW, IL US","2019-12-31",,,,,,
"US1ILDP0075","NAPERVILLE 1.1 NW, IL US","2020-01-01",,,,,,
"US1ILDP0075","NAPERVILLE 1.1 NW, IL US","2020-01-02",,,,,,
"US1ILDP0075","NAPERVILLE 1.1 NW, IL US","2020-01-03",,,,,,
"US1ILDP0075","NAPERVILLE 1.1 NW, IL US","2020-01-04",,,,,,
"US1ILDP0075","NAPERVILLE 1.1 NW, IL US","2020-01-05",,,,,,
"US1ILDP0075","NAPERVILLE 1.1 NW, IL US","2020-01-06",,,,,,
"US1ILDP0075","NAPERVILLE 1.1 NW, IL US","2020-01-07",,,,,,
"US1ILDP0075","NAPERVILLE 1.1 NW, IL US","2020-01-08",,,,,,
"US1ILDP0075","NAPERVILLE 1.1 NW, IL US","2020-01-09",,,,,,
"US1ILDP0075","NAPERVILLE 1.1 NW, IL US","2020-01-10",,,,,,
"US1ILDP0075","NAPERVILLE 1.1 NW, IL US","2020-01-11",,,,,,
"US1ILDP0075","NAPERVILLE 1.1 NW, IL US","2020-01-12",,,,,,
"US1ILDP0075","NAPERVILLE 1.1 NW, IL US","2020-01-13",,,,,,
"US1ILDP0075","NAPERVILLE 1.1 NW, IL US","2020-01-14",,,,,,
"US1ILDP0075","NAPERVILLE 1.1 NW, IL US","2020-01-15",,,,,,
"US1ILDP0075","NAPERVILLE 1.1 NW, IL US","2020-01-16",,,,,,
"US1ILDP0075","NAPERVILLE 1.1 NW, IL US","2020-01-17",,,,,,
"US1ILDP0075","NAPERVILLE 1.1 NW, IL US","2020-01-18",,,,,,
"US1ILDP0075","NAPERVILLE 1.1 NW, IL US","2020-01-19",,,,,,
"US1ILDP0075","NAPERVILLE 1.1 NW, IL US","2020-01-20",,,,,,
"US1ILDP0075","NAPERVILLE 1.1 NW, IL US","2020-01-21",,,,,,
"US1ILDP0075","NAPERVILLE 1.1 NW, IL US","2020-01-22",,,,,,
"US1ILDP0075","NAPERVILLE 1.1 NW, IL US","2020-01-23",,,,,,
"US1ILDP0075","NAPERVILLE 1.1 NW, IL US","2020-01-24",,,,,,
"US1ILDP0075","NAPERVILLE 1.1 NW, IL US","2020-01-25",,,,,,
"US1ILDP0075","NAPERVILLE 1.1 NW, IL US","2020-01-26",,,,,,
"US1ILDP0075","NAPERVILLE 1.1 NW, IL US","2020-01-27",,,,,,
"US1ILDP0075","NAPERVILLE 1.1 NW, IL US","2020-01-28",,,,,,
"US1ILDP0075","NAPERVILLE 1.1 NW, IL US","2020-01-29",,,,,,
"US1ILDP0075","NAPERVILLE 1.1 NW, IL US","2020-01-30",,,,,,
"US1ILDP0075","NAPERVILLE 1.1 NW, IL US","2020-01-31",,,,,,
"US1ILDP0075","NAPERVILLE 1.1 NW, IL US","2020-02-01",,,,,,
"US1ILDP0075","NAPERVILLE 1.1 NW, IL US","2020-02-02",,,,,,
"US1ILDP0075","NAPERVILLE 1.1 NW, IL US","2020-02-03",,,,,,
"US1ILDP0075","NAPERVILLE 1.1 NW, IL US","2020-02-04",,,,,,
"US1ILDP0075","NAPERVILLE 1.1 NW, IL US","2020-02-06",,,,,,
"US1ILDP0075","NAPERVILLE 1.1 NW, IL US","2020-02-07",,,,,,
"US1ILDP0075","NAPERVILLE 1.1 NW, IL US","2020-02-08",,,,,,
"US1ILDP0075","NAPERVILLE 1.1 NW, IL US","2020-02-09",,,,,,
"US1ILDP0075","NAPERVILLE 1.1 NW, IL US","2020-02-10",,,,,,
"US1ILDP0075","NAPERVILLE 1.1 NW, IL US","2020-02-11",,,,,,
"US1ILDP0075","NAPERVILLE 1.1 NW, IL US","2020-02-12",,,,,,
"US1ILDP0075","NAPERVILLE 1.1 NW, IL US","2020-02-13",,,,,,
"US1ILDP0075","NAPERVILLE 1.1 NW, IL US","2020-02-14",,,,,,
"US1ILDP0075","NAPERVILLE 1.1 NW, IL US","2020-02-15",,,,,,
"US1ILDP0075","NAPERVILLE 1.1 NW, IL US","2020-02-16",,,,,,
"US1ILDP0075","NAPERVILLE 1.1 NW, IL US","2020-02-17",,,,,,
"US1ILDP0075","NAPERVILLE 1.1 NW, IL US","2020-02-18",,,,,,
"US1ILDP0075","NAPERVILLE 1.1 NW, IL US","2020-02-19",,,,,,
"US1ILDP0075","NAPERVILLE 1.1 NW, IL US","2020-02-20",,,,,,
"US1ILDP0075","NAPERVILLE 1.1 NW, IL US","2020-02-21",,,,,,
"US1ILDP0075","NAPERVILLE 1.1 NW, IL US","2020-02-22",,,,,,
"US1ILDP0075","NAPERVILLE 1.1 NW, IL US","2020-02-23",,,,,,
"US1ILDP0075","NAPERVILLE 1.1 NW, IL US","2020-02-24",,,,,,
"US1ILDP0075","NAPERVILLE 1.1 NW, IL US","2020-02-25",,,,,,
"US1ILDP0075","NAPERVILLE 1.1 NW, IL US","2020-02-26",,,,,,
"US1ILDP0075","NAPERVILLE 1.1 NW, IL US","2020-02-27",,,,,,
"US1ILDP0075","NAPERVILLE 1.1 NW, IL US","2020-02-28",,,,,,
"US1ILDP0075","NAPERVILLE 1.1 NW, IL US","2020-02-29",,,,,,
"US1ILDP0075","NAPERVILLE 1.1 NW, IL US","2020-03-01",,,,,,
"US1ILDP0075","NAPERVILLE 1.1 NW, IL US","2020-03-02",,,,,,
"US1ILDP0075","NAPERVILLE 1.1 NW, IL US","2020-03-03",,,,,,
"US1ILDP0075","NAPERVILLE 1.1 NW, IL US","2020-03-04",,,,,,
"US1ILDP0075","NAPERVILLE 1.1 NW, IL US","2020-03-05",,,,,,
"US1ILDP0075","NAPERVILLE 1.1 NW, IL US","2020-03-06",,,,,,
"US1ILDP0075","NAPERVILLE 1.1 NW, IL US","2020-03-07",,,,,,
"US1ILDP0075","NAPERVILLE 1.1 NW, IL US","2020-03-08",,,,,,
"US1ILDP0075","NAPERVILLE 1.1 NW, IL US","2020-03-09",,,,,,
"US1ILDP0075","NAPERVILLE 1.1 NW, IL US","2020-03-10",,,,,,
"US1ILDP0075","NAPERVILLE 1.1 NW, IL US","2020-03-11",,,,,,
"US1ILDP0075","NAPERVILLE 1.1 NW, IL US","2020-03-13",,,,,,
"US1ILDP0075","NAPERVILLE 1.1 NW, IL US","2020-03-14",,,,,,
"US1ILDP0075","NAPERVILLE 1.1 NW, IL US","2020-03-15",,,,,,
"US1ILDP0075","NAPERVILLE 1.1 NW, IL US","2020-03-16",,,,,,
"US1ILDP0075","NAPERVILLE 1.1 NW, IL US","2020-03-17",,,,,,
"US1ILDP0075","NAPERVILLE 1.1 NW, IL US","2020-03-18",,,,,,
"US1ILDP0075","NAPERVILLE 1.1 NW, IL US","2020-03-19",,,,,,
"US1ILDP0075","NAPERVILLE 1.1 NW, IL US","2020-03-20",,,,,,
"US1ILDP0075","NAPERVILLE 1.1 NW, IL US","2020-03-21",,,,,,
"US1ILDP0075","NAPERVILLE 1.1 NW, IL US","2020-03-22",,,,,,
"US1ILDP0075","NAPERVILLE 1.1 NW, IL US","2020-03-23",,,,,,
"US1ILDP0075","NAPERVILLE 1.1 NW, IL US","2020-03-24",,,,,,
"US1ILDP0075","NAPERVILLE 1.1 NW, IL US","2020-03-25",,,,,,
"US1ILDP0075","NAPERVILLE 1.1 NW, IL US","2020-03-26",,,,,,
"US1ILDP0075","NAPERVILLE 1.1 NW, IL US","2020-03-27",,,,,,
"US1ILDP0075","NAPERVILLE 1.1 NW, IL US","2020-03-28",,,,,,
"US1ILDP0075","NAPERVILLE 1.1 NW, IL US","2020-03-29",,,,,,
"US1ILDP0075","NAPERVILLE 1.1 NW, IL US","2020-03-30",,,,,,
"US1ILDP0075","NAPERVILLE 1.1 NW, IL US","2020-03-31",,,,,,
"US1ILDP0075","NAPERVILLE 1.1 NW, IL US","2020-04-01",,,,,,
"US1ILDP0075","NAPERVILLE 1.1 NW, IL US","2020-04-02",,,,,,
"US1ILDP0075","NAPERVILLE 1.1 NW, IL US","2020-04-03",,,,,,
"US1ILDP0075","NAPERVILLE 1.1 NW, IL US","2020-04-04",,,,,,
"US1ILDP0075","NAPERVILLE 1.1 NW, IL US","2020-04-05",,,,,,
"US1ILDP0075","NAPERVILLE 1.1 NW, IL US","2020-04-06",,,,,,
"US1ILDP0075","NAPERVILLE 1.1 NW, IL US","2020-04-07",,,,,,
"US1ILDP0075","NAPERVILLE 1.1 NW, IL US","2020-04-08",,,,,,
"US1ILDP0075","NAPERVILLE 1.1 NW, IL US","2020-04-09",,,,,,
"US1ILDP0075","NAPERVILLE 1.1 NW, IL US","2020-04-10",,,,,,
"US1ILDP0075","NAPERVILLE 1.1 NW, IL US","2020-04-11",,,,,,
"US1ILDP0075","NAPERVILLE 1.1 NW, IL US","2020-04-12",,,,,,
"US1ILDP0075","NAPERVILLE 1.1 NW, IL US","2020-04-13",,,,,,
"US1ILDP0075","NAPERVILLE 1.1 NW, IL US","2020-04-14",,,,,,
"US1ILDP0075","NAPERVILLE 1.1 NW, IL US","2020-04-15",,,,,,
"US1ILDP0075","NAPERVILLE 1.1 NW, IL US","2020-04-16",,,,,,
"US1ILDP0075","NAPERVILLE 1.1 NW, IL US","2020-04-17",,,,,,
"US1ILDP0075","NAPERVILLE 1.1 NW, IL US","2020-04-18",,,,,,
"US1ILDP0075","NAPERVILLE 1.1 NW, IL US","2020-04-19",,,,,,
"US1ILDP0075","NAPERVILLE 1.1 NW, IL US","2020-04-20",,,,,,
"US1ILDP0075","NAPERVILLE 1.1 NW, IL US","2020-04-21",,,,,,
"US1ILDP0075","NAPERVILLE 1.1 NW, IL US","2020-04-22",,,,,,
"US1ILDP0075","NAPERVILLE 1.1 NW, IL US","2020-04-23",,,,,,
"US1ILDP0075","NAPERVILLE 1.1 NW, IL US","2020-04-24",,,,,,
"US1ILDP0075","NAPERVILLE 1.1 NW, IL US","2020-04-25",,,,,,
"US1ILDP0075","NAPERVILLE 1.1 NW, IL US","2020-04-26",,,,,,
"US1ILDP0075","NAPERVILLE 1.1 NW, IL US","2020-04-27",,,,,,
"US1ILDP0075","NAPERVILLE 1.1 NW, IL US","2020-04-28",,,,,,
"US1ILDP0075","NAPERVILLE 1.1 NW, IL US","2020-04-29",,,,,,
"US1ILDP0075","NAPERVILLE 1.1 NW, IL US","2020-04-30",,,,,,
"US1ILDP0075","NAPERVILLE 1.1 NW, IL US","2020-05-01",,,,,,
"US1ILDP0075","NAPERVILLE 1.1 NW, IL US","2020-05-02",,,,,,
"US1ILDP0075","NAPERVILLE 1.1 NW, IL US","2020-05-03",,,,,,
"US1ILDP0075","NAPERVILLE 1.1 NW, IL US","2020-05-04",,,,,,
"US1ILDP0075","NAPERVILLE 1.1 NW, IL US","2020-05-05",,,,,,
"US1ILDP0075","NAPERVILLE 1.1 NW, IL US","2020-05-06",,,,,,
"US1ILDP0075","NAPERVILLE 1.1 NW, IL US","2020-05-07",,,,,,
"US1ILDP0075","NAPERVILLE 1.1 NW, IL US","2020-05-08",,,,,,
"US1ILDP0075","NAPERVILLE 1.1 NW, IL US","2020-05-09",,,,,,
"US1ILDP0075","NAPERVILLE 1.1 NW, IL US","2020-05-10",,,,,,
"US1ILDP0075","NAPERVILLE 1.1 NW, IL US","2020-05-11",,,,,,
"US1ILDP0075","NAPERVILLE 1.1 NW, IL US","2020-05-12",,,,,,
"US1ILDP0075","NAPERVILLE 1.1 NW, IL US","2020-05-13",,,,,,
"US1ILDP0075","NAPERVILLE 1.1 NW, IL US","2020-05-14",,,,,,
"US1ILDP0075","NAPERVILLE 1.1 NW, IL US","2020-05-15",,,,,,
"US1ILDP0075","NAPERVILLE 1.1 NW, IL US","2020-05-16",,,,,,
"US1ILDP0075","NAPERVILLE 1.1 NW, IL US","2020-05-17",,,,,,
"US1ILDP0075","NAPERVILLE 1.1 NW, IL US","2020-05-18",,,,,,
"US1ILDP0075","NAPERVILLE 1.1 NW, IL US","2020-05-19",,,,,,
"US1ILDP0075","NAPERVILLE 1.1 NW, IL US","2020-05-20",,,,,,
"US1ILDP0075","NAPERVILLE 1.1 NW, IL US","2020-05-21",,,,,,
"US1ILDP0075","NAPERVILLE 1.1 NW, IL US","2020-05-22",,,,,,
"US1ILDP0075","NAPERVILLE 1.1 NW, IL US","2020-05-23",,,,,,
"US1ILDP0075","NAPERVILLE 1.1 NW, IL US","2020-05-24",,,,,,
"US1ILDP0075","NAPERVILLE 1.1 NW, IL US","2020-05-25",,,,,,
"US1ILDP0075","NAPERVILLE 1.1 NW, IL US","2020-05-26",,,,,,
"US1ILDP0075","NAPERVILLE 1.1 NW, IL US","2020-05-27",,,,,,
"US1ILDP0075","NAPERVILLE 1.1 NW, IL US","2020-05-28",,,,,,
"US1ILDP0075","NAPERVILLE 1.1 NW, IL US","2020-05-29",,,,,,
"US1ILDP0075","NAPERVILLE 1.1 NW, IL US","2020-05-30",,,,,,
"US1ILDP0075","NAPERVILLE 1.1 NW, IL US","2020-05-31",,,,,,
"US1ILDP0075","NAPERVILLE 1.1 NW, IL US","2020-06-01",,,,,,
"US1ILDP0075","NAPERVILLE 1.1 NW, IL US","2020-06-02",,,,,,
"US1ILDP0075","NAPERVILLE 1.1 NW, IL US","2020-06-03",,,,,,
"US1ILDP0075","NAPERVILLE 1.1 NW, IL US","2020-06-04",,,,,,
"US1ILDP0075","NAPERVILLE 1.1 NW, IL US","2020-06-05",,,,,,
"US1ILDP0075","NAPERVILLE 1.1 NW, IL US","2020-06-06",,,,,,
"US1ILDP0075","NAPERVILLE 1.1 NW, IL US","2020-06-07",,,,,,
"US1ILDP0075","NAPERVILLE 1.1 NW, IL US","2020-06-08",,,,,,
"US1ILDP0075","NAPERVILLE 1.1 NW, IL US","2020-06-09",,,,,,
"US1ILDP0075","NAPERVILLE 1.1 NW, IL US","2020-06-10",,,,,,
"US1ILDP0075","NAPERVILLE 1.1 NW, IL US","2020-06-11",,,,,,
"US1ILDP0075","NAPERVILLE 1.1 NW, IL US","2020-06-12",,,,,,
"US1ILDP0075","NAPERVILLE 1.1 NW, IL US","2020-06-13",,,,,,
"US1ILDP0075","NAPERVILLE 1.1 NW, IL US","2020-06-14",,,,,,
"US1ILDP0075","NAPERVILLE 1.1 NW, IL US","2020-06-15",,,,,,
"US1ILDP0075","NAPERVILLE 1.1 NW, IL US","2020-06-16",,,,,,
"US1ILDP0075","NAPERVILLE 1.1 NW, IL US","2020-06-17",,,,,,
"US1ILDP0075","NAPERVILLE 1.1 NW, IL US","2020-06-18",,,,,,
"US1ILDP0075","NAPERVILLE 1.1 NW, IL US","2020-06-19",,,,,,
"US1ILDP0075","NAPERVILLE 1.1 NW, IL US","2020-06-20",,,,,,
"US1ILDP0075","NAPERVILLE 1.1 NW, IL US","2020-06-21",,,,,,
"US1ILDP0075","NAPERVILLE 1.1 NW, IL US","2020-06-22",,,,,,
"US1ILDP0075","NAPERVILLE 1.1 NW, IL US","2020-06-23",,,,,,
"US1ILDP0075","NAPERVILLE 1.1 NW, IL US","2020-06-24",,,,,,
"US1ILDP0075","NAPERVILLE 1.1 NW, IL US","2020-06-25",,,,,,
"US1ILDP0075","NAPERVILLE 1.1 NW, IL US","2020-06-26",,,,,,
"US1ILDP0075","NAPERVILLE 1.1 NW, IL US","2020-06-27",,,,,,
"US1ILDP0075","NAPERVILLE 1.1 NW, IL US","2020-06-28",,,,,,
"US1ILDP0075","NAPERVILLE 1.1 NW, IL US","2020-06-29",,,,,,
"US1ILDP0075","NAPERVILLE 1.1 NW, IL US","2020-06-30",,,,,,
"US1ILDP0075","NAPERVILLE 1.1 NW, IL US","2020-07-01",,,,,,
"US1ILDP0075","NAPERVILLE 1.1 NW, IL US","2020-07-02",,,,,,
"US1ILDP0075","NAPERVILLE 1.1 NW, IL US","2020-07-03",,,,,,
"US1ILDP0075","NAPERVILLE 1.1 NW, IL US","2020-07-04",,,,,,
"US1ILDP0075","NAPERVILLE 1.1 NW, IL US","2020-07-05",,,,,,
"US1ILDP0075","NAPERVILLE 1.1 NW, IL US","2020-07-06",,,,,,
"US1ILDP0075","NAPERVILLE 1.1 NW, IL US","2020-07-07",,,,,,
"US1ILDP0075","NAPERVILLE 1.1 NW, IL US","2020-07-08",,,,,,
"US1ILDP0075","NAPERVILLE 1.1 NW, IL US","2020-07-09",,,,,,
"US1ILDP0075","NAPERVILLE 1.1 NW, IL US","2020-07-10",,,,,,
"US1ILDP0075","NAPERVILLE 1.1 NW, IL US","2020-07-11",,,,,,
"US1ILDP0075","NAPERVILLE 1.1 NW, IL US","2020-07-12",,,,,,
"US1ILDP0075","NAPERVILLE 1.1 NW, IL US","2020-07-13",,,,,,
"US1ILDP0075","NAPERVILLE 1.1 NW, IL US","2020-07-14",,,,,,
"US1ILDP0075","NAPERVILLE 1.1 NW, IL US","2020-07-15",,,,,,
"US1ILDP0075","NAPERVILLE 1.1 NW, IL US","2020-07-16",,,,,,
"US1ILDP0075","NAPERVILLE 1.1 NW, IL US","2020-07-17",,,,,,
"US1ILDP0075","NAPERVILLE 1.1 NW, IL US","2020-07-18",,,,,,
"US1ILDP0075","NAPERVILLE 1.1 NW, IL US","2020-07-19",,,,,,
"US1ILDP0075","NAPERVILLE 1.1 NW, IL US","2020-07-20",,,,,,
"US1ILDP0075","NAPERVILLE 1.1 NW, IL US","2020-07-21",,,,,,
"US1ILDP0075","NAPERVILLE 1.1 NW, IL US","2020-07-22",,,,,,
"US1ILDP0075","NAPERVILLE 1.1 NW, IL US","2020-07-23",,,,,,
"US1ILDP0075","NAPERVILLE 1.1 NW, IL US","2020-07-24",,,,,,
"US1ILDP0075","NAPERVILLE 1.1 NW, IL US","2020-07-25",,,,,,
"US1ILDP0075","NAPERVILLE 1.1 NW, IL US","2020-07-26",,,,,,
"US1ILDP0075","NAPERVILLE 1.1 NW, IL US","2020-07-27",,,,,,
"US1ILDP0075","NAPERVILLE 1.1 NW, IL US","2020-07-28",,,,,,
"US1ILDP0075","NAPERVILLE 1.1 NW, IL US","2020-07-29",,,,,,
"US1ILDP0075","NAPERVILLE 1.1 NW, IL US","2020-07-30",,,,,,
"US1ILDP0075","NAPERVILLE 1.1 NW, IL US","2020-07-31",,,,,,
"US1ILDP0075","NAPERVILLE 1.1 NW, IL US","2020-08-01",,,,,,
"US1ILDP0075","NAPERVILLE 1.1 NW, IL US","2020-08-02",,,,,,
"US1ILDP0075","NAPERVILLE 1.1 NW, IL US","2020-08-03",,,,,,
"US1ILDP0075","NAPERVILLE 1.1 NW, IL US","2020-08-04",,,,,,
"US1ILDP0075","NAPERVILLE 1.1 NW, IL US","2020-08-05",,,,,,
"US1ILDP0075","NAPERVILLE 1.1 NW, IL US","2020-08-06",,,,,,
"US1ILDP0075","NAPERVILLE 1.1 NW, IL US","2020-08-07",,,,,,
"US1ILDP0075","NAPERVILLE 1.1 NW, IL US","2020-08-08",,,,,,
"US1ILDP0075","NAPERVILLE 1.1 NW, IL US","2020-08-09",,,,,,
"US1ILDP0075","NAPERVILLE 1.1 NW, IL US","2020-08-10",,,,,,
"US1ILDP0075","NAPERVILLE 1.1 NW, IL US","2020-08-11",,,,,,
"US1ILDP0075","NAPERVILLE 1.1 NW, IL US","2020-08-12",,,,,,
"US1ILDP0075","NAPERVILLE 1.1 NW, IL US","2020-08-13",,,,,,
"US1ILDP0075","NAPERVILLE 1.1 NW, IL US","2020-08-14",,,,,,
"US1ILDP0075","NAPERVILLE 1.1 NW, IL US","2020-08-15",,,,,,
"US1ILDP0075","NAPERVILLE 1.1 NW, IL US","2020-08-16",,,,,,
"US1ILDP0075","NAPERVILLE 1.1 NW, IL US","2020-08-17",,,,,,
"US1ILDP0075","NAPERVILLE 1.1 NW, IL US","2020-08-18",,,,,,
"US1ILDP0075","NAPERVILLE 1.1 NW, IL US","2020-08-19",,,,,,
"US1ILDP0075","NAPERVILLE 1.1 NW, IL US","2020-08-20",,,,,,
"US1ILDP0075","NAPERVILLE 1.1 NW, IL US","2020-08-21",,,,,,
"US1ILDP0075","NAPERVILLE 1.1 NW, IL US","2020-08-22",,,,,,
"US1ILDP0075","NAPERVILLE 1.1 NW, IL US","2020-08-23",,,,,,
"US1ILDP0075","NAPERVILLE 1.1 NW, IL US","2020-08-24",,,,,,
"US1ILDP0075","NAPERVILLE 1.1 NW, IL US","2020-08-25",,,,,,
"US1ILDP0075","NAPERVILLE 1.1 NW, IL US","2020-08-26",,,,,,
"US1ILDP0075","NAPERVILLE 1.1 NW, IL US","2020-08-27",,,,,,
"US1ILDP0075","NAPERVILLE 1.1 NW, IL US","2020-08-28",,,,,,
"US1ILDP0075","NAPERVILLE 1.1 NW, IL US","2020-08-29",,,,,,
"US1ILDP0075","NAPERVILLE 1.1 NW, IL US","2020-08-30",,,,,,
"US1ILDP0075","NAPERVILLE 1.1 NW, IL US","2020-08-31",,,,,,
"US1ILDP0075","NAPERVILLE 1.1 NW, IL US","2020-09-01",,,,,,
"US1ILDP0075","NAPERVILLE 1.1 NW, IL US","2020-09-02",,,,,,
"US1ILDP0075","NAPERVILLE 1.1 NW, IL US","2020-09-03",,,,,,
"US1ILDP0075","NAPERVILLE 1.1 NW, IL US","2020-09-04",,,,,,
"US1ILDP0075","NAPERVILLE 1.1 NW, IL US","2020-09-05",,,,,,
"US1ILDP0075","NAPERVILLE 1.1 NW, IL US","2020-09-06",,,,,,
"US1ILDP0075","NAPERVILLE 1.1 NW, IL US","2020-09-07",,,,,,
"US1ILDP0075","NAPERVILLE 1.1 NW, IL US","2020-09-08",,,,,,
"US1ILDP0073","LOMBARD 0.7 NNE, IL US","2019-10-27",,,,,,
"US1ILDP0073","LOMBARD 0.7 NNE, IL US","2020-04-08",,,,,,
"US1ILDP0073","LOMBARD 0.7 NNE, IL US","2020-04-29",,,,,,
"US1ILDP0073","LOMBARD 0.7 NNE, IL US","2020-04-30",,,,,,
"US1ILDP0073","LOMBARD 0.7 NNE, IL US","2020-05-01",,,,,,
"US1ILDP0073","LOMBARD 0.7 NNE, IL US","2020-05-18",,,,,,
"US1ILDP0073","LOMBARD 0.7 NNE, IL US","2020-05-19",,,,,,
"US1ILDP0073","LOMBARD 0.7 NNE, IL US","2020-05-20",,,,,,
"US1ILDP0073","LOMBARD 0.7 NNE, IL US","2020-05-21",,,,,,
"US1ILDP0073","LOMBARD 0.7 NNE, IL US","2020-05-22",,,,,,
"US1ILDP0073","LOMBARD 0.7 NNE, IL US","2020-05-23",,,,,,
"US1ILDP0073","LOMBARD 0.7 NNE, IL US","2020-05-24",,,,,,
"US1ILDP0073","LOMBARD 0.7 NNE, IL US","2020-05-25",,,,,,
"US1ILDP0073","LOMBARD 0.7 NNE, IL US","2020-05-26",,,,,,
"US1ILDP0073","LOMBARD 0.7 NNE, IL US","2020-05-27",,,,,,
"US1ILDP0073","LOMBARD 0.7 NNE, IL US","2020-05-28",,,,,,
"US1ILDP0073","LOMBARD 0.7 NNE, IL US","2020-05-29",,,,,,
"US1ILDP0073","LOMBARD 0.7 NNE, IL US","2020-05-30",,,,,,
"US1ILDP0073","LOMBARD 0.7 NNE, IL US","2020-06-01",,,,,,
"US1ILDP0073","LOMBARD 0.7 NNE, IL US","2020-06-02",,,,,,
"US1ILDP0073","LOMBARD 0.7 NNE, IL US","2020-06-09",,,,,,
"US1ILDP0073","LOMBARD 0.7 NNE, IL US","2020-06-10",,,,,,
"US1ILDP0073","LOMBARD 0.7 NNE, IL US","2020-06-21",,,,,,
"US1ILDP0073","LOMBARD 0.7 NNE, IL US","2020-06-22",,,,,,
"US1ILDP0073","LOMBARD 0.7 NNE, IL US","2020-06-23",,,,,,
"US1ILDP0073","LOMBARD 0.7 NNE, IL US","2020-06-24",,,,,,
"US1ILDP0073","LOMBARD 0.7 NNE, IL US","2020-06-25",,,,,,
"US1ILDP0073","LOMBARD 0.7 NNE, IL US","2020-06-26",,,,,,
"US1ILDP0073","LOMBARD 0.7 NNE, IL US","2020-06-27",,,,,,
"US1ILDP0073","LOMBARD 0.7 NNE, IL US","2020-06-30",,,,,,
"US1ILDP0073","LOMBARD 0.7 NNE, IL US","2020-07-10",,,,,,
"US1INPT0157","PORTAGE 2.4 NNW, IN US","2019-10-01",,,,,,
"US1INPT0157","PORTAGE 2.4 NNW, IN US","2019-10-07",,,,,,
"US1INPT0157","PORTAGE 2.4 NNW, IN US","2019-10-08",,,,,,
"US1INPT0157","PORTAGE 2.4 NNW, IN US","2019-10-09",,,,,,
"US1INPT0157","PORTAGE 2.4 NNW, IN US","2019-10-10",,,,,,
"US1INPT0157","PORTAGE 2.4 NNW, IN US","2019-10-14",,,,,,
"US1INPT0157","PORTAGE 2.4 NNW, IN US","2019-10-15",,,,,,
"US1INPT0157","PORTAGE 2.4 NNW, IN US","2019-10-16",,,,,,
"US1INPT0157","PORTAGE 2.4 NNW, IN US","2019-10-17",,,,,,
"US1INPT0157","PORTAGE 2.4 NNW, IN US","2019-10-18",,,,,,
"US1INPT0157","PORTAGE 2.4 NNW, IN US","2019-10-19",,,,,,
"US1INPT0157","PORTAGE 2.4 NNW, IN US","2019-10-22",,,,,,
"US1INPT0157","PORTAGE 2.4 NNW, IN US","2019-10-24",,,,,,
"US1INPT0157","PORTAGE 2.4 NNW, IN US","2019-10-26",,,,,,
"US1INPT0157","PORTAGE 2.4 NNW, IN US","2019-10-27",,,,,,
"US1INPT0157","PORTAGE 2.4 NNW, IN US","2019-10-29",,,,,,
"US1INPT0157","PORTAGE 2.4 NNW, IN US","2019-10-30",,,,,,
"US1INPT0157","PORTAGE 2.4 NNW, IN US","2019-10-31",,,,,,
"US1INPT0157","PORTAGE 2.4 NNW, IN US","2019-11-01",,,,,,
"US1INPT0157","PORTAGE 2.4 NNW, IN US","2019-11-02",,,,,,
"US1INPT0157","PORTAGE 2.4 NNW, IN US","2019-11-03",,,,,,
"US1INPT0157","PORTAGE 2.4 NNW, IN US","2019-11-05",,,,,,
"US1INPT0157","PORTAGE 2.4 NNW, IN US","2019-11-07",,,,,,
"US1INPT0157","PORTAGE 2.4 NNW, IN US","2019-11-09",,,,,,
"US1INPT0157","PORTAGE 2.4 NNW, IN US","2019-11-10",,,,,,
"US1INPT0157","PORTAGE 2.4 NNW, IN US","2019-11-12",,,,,,
"US1INPT0157","PORTAGE 2.4 NNW, IN US","2019-11-13",,,,,,
"US1INPT0157","PORTAGE 2.4 NNW, IN US","2019-11-14",,,,,,
"US1INPT0157","PORTAGE 2.4 NNW, IN US","2019-11-15",,,,,,
"US1INPT0157","PORTAGE 2.4 NNW, IN US","2019-11-16",,,,,,
"US1INPT0157","PORTAGE 2.4 NNW, IN US","2019-11-17",,,,,,
"US1INPT0157","PORTAGE 2.4 NNW, IN US","2019-11-19",,,,,,
"US1INPT0157","PORTAGE 2.4 NNW, IN US","2019-11-21",,,,,,
"US1INPT0157","PORTAGE 2.4 NNW, IN US","2019-11-22",,,,,,
"US1INPT0157","PORTAGE 2.4 NNW, IN US","2019-11-23",,,,,,
"US1INPT0157","PORTAGE 2.4 NNW, IN US","2019-11-24",,,,,,
"US1INPT0157","PORTAGE 2.4 NNW, IN US","2019-11-27",,,,,,
"US1INPT0157","PORTAGE 2.4 NNW, IN US","2019-11-29",,,,,,
"US1INPT0157","PORTAGE 2.4 NNW, IN US","2019-11-30",,,,,,
"US1INPT0157","PORTAGE 2.4 NNW, IN US","2019-12-01",,,,,,
"US1INPT0157","PORTAGE 2.4 NNW, IN US","2019-12-02",,,,,,
"US1INPT0157","PORTAGE 2.4 NNW, IN US","2019-12-03",,,,,,
"US1INPT0157","PORTAGE 2.4 NNW, IN US","2019-12-05",,,,,,
"US1INPT0157","PORTAGE 2.4 NNW, IN US","2019-12-06",,,,,,
"US1INPT0157","PORTAGE 2.4 NNW, IN US","2019-12-07",,,,,,
"US1INPT0157","PORTAGE 2.4 NNW, IN US","2019-12-08",,,,,,
"US1INPT0157","PORTAGE 2.4 NNW, IN US","2019-12-09",,,,,,
"US1INPT0157","PORTAGE 2.4 NNW, IN US","2019-12-10",,,,,,
"US1INPT0157","PORTAGE 2.4 NNW, IN US","2019-12-11",,,,,,
"US1INPT0157","PORTAGE 2.4 NNW, IN US","2019-12-12",,,,,,
"US1INPT0157","PORTAGE 2.4 NNW, IN US","2019-12-13",,,,,,
"US1INPT0157","PORTAGE 2.4 NNW, IN US","2019-12-14",,,,,,
"US1INPT0157","PORTAGE 2.4 NNW, IN US","2019-12-15",,,,,,
"US1INPT0157","PORTAGE 2.4 NNW, IN US","2019-12-16",,,,,,
"US1INPT0157","PORTAGE 2.4 NNW, IN US","2019-12-17",,,,,,
"US1INPT0157","PORTAGE 2.4 NNW, IN US","2019-12-18",,,,,,
"US1INPT0157","PORTAGE 2.4 NNW, IN US","2019-12-19",,,,,,
"US1INPT0157","PORTAGE 2.4 NNW, IN US","2019-12-20",,,,,,
"US1INPT0157","PORTAGE 2.4 NNW, IN US","2019-12-21",,,,,,
"US1INPT0157","PORTAGE 2.4 NNW, IN US","2019-12-22",,,,,,
"US1INPT0157","PORTAGE 2.4 NNW, IN US","2019-12-23",,,,,,
"US1INPT0157","PORTAGE 2.4 NNW, IN US","2019-12-24",,,,,,
"US1INPT0157","PORTAGE 2.4 NNW, IN US","2019-12-25",,,,,,
"US1INPT0157","PORTAGE 2.4 NNW, IN US","2019-12-26",,,,,,
"US1INPT0157","PORTAGE 2.4 NNW, IN US","2019-12-28",,,,,,
"US1INPT0157","PORTAGE 2.4 NNW, IN US","2019-12-30",,,,,,
"US1INPT0157","PORTAGE 2.4 NNW, IN US","2019-12-31",,,,,,
"US1INPT0157","PORTAGE 2.4 NNW, IN US","2020-01-01",,,,,,
"US1INPT0157","PORTAGE 2.4 NNW, IN US","2020-01-02",,,,,,
"US1INPT0157","PORTAGE 2.4 NNW, IN US","2020-01-03",,,,,,
"US1INPT0157","PORTAGE 2.4 NNW, IN US","2020-01-04",,,,,,
"US1INPT0157","PORTAGE 2.4 NNW, IN US","2020-01-05",,,,,,
"US1INPT0157","PORTAGE 2.4 NNW, IN US","2020-01-06",,,,,,
"US1INPT0157","PORTAGE 2.4 NNW, IN US","2020-01-07",,,,,,
"US1INPT0157","PORTAGE 2.4 NNW, IN US","2020-01-08",,,,,,
"US1INPT0157","PORTAGE 2.4 NNW, IN US","2020-01-09",,,,,,
"US1INPT0157","PORTAGE 2.4 NNW, IN US","2020-01-10",,,,,,
"US1INPT0157","PORTAGE 2.4 NNW, IN US","2020-01-11",,,,,,
"US1INPT0157","PORTAGE 2.4 NNW, IN US","2020-01-12",,,,,,
"US1INPT0157","PORTAGE 2.4 NNW, IN US","2020-01-13",,,,,,
"US1INPT0157","PORTAGE 2.4 NNW, IN US","2020-01-14",,,,,,
"US1INPT0157","PORTAGE 2.4 NNW, IN US","2020-01-15",,,,,,
"US1INPT0157","PORTAGE 2.4 NNW, IN US","2020-01-16",,,,,,
"US1INPT0157","PORTAGE 2.4 NNW, IN US","2020-01-17",,,,,,
"US1INPT0157","PORTAGE 2.4 NNW, IN US","2020-01-18",,,,,,
"US1INPT0157","PORTAGE 2.4 NNW, IN US","2020-01-20",,,,,,
"US1INPT0157","PORTAGE 2.4 NNW, IN US","2020-01-21",,,,,,
"US1INPT0157","PORTAGE 2.4 NNW, IN US","2020-01-25",,,,,,
"US1INPT0157","PORTAGE 2.4 NNW, IN US","2020-01-26",,,,,,
"US1INPT0157","PORTAGE 2.4 NNW, IN US","2020-01-27",,,,,,
"US1INPT0157","PORTAGE 2.4 NNW, IN US","2020-01-28",,,,,,
"US1INPT0157","PORTAGE 2.4 NNW, IN US","2020-01-29",,,,,,
"US1INPT0157","PORTAGE 2.4 NNW, IN US","2020-01-30",,,,,,
"US1INPT0157","PORTAGE 2.4 NNW, IN US","2020-01-31",,,,,,
"US1INPT0157","PORTAGE 2.4 NNW, IN US","2020-02-01",,,,,,
"US1INPT0157","PORTAGE 2.4 NNW, IN US","2020-02-02",,,,,,
"US1INPT0157","PORTAGE 2.4 NNW, IN US","2020-02-03",,,,,,
"US1INPT0157","PORTAGE 2.4 NNW, IN US","2020-02-04",,,,,,
"US1INPT0157","PORTAGE 2.4 NNW, IN US","2020-02-05",,,,,,
"US1INPT0157","PORTAGE 2.4 NNW, IN US","2020-02-06",,,,,,
"US1INPT0157","PORTAGE 2.4 NNW, IN US","2020-02-07",,,,,,
"US1INPT0157","PORTAGE 2.4 NNW, IN US","2020-02-08",,,,,,
"US1INPT0157","PORTAGE 2.4 NNW, IN US","2020-02-17",,,,,,
"US1INPT0157","PORTAGE 2.4 NNW, IN US","2020-02-18",,,,,,
"US1INPT0157","PORTAGE 2.4 NNW, IN US","2020-02-19",,,,,,
"US1INPT0157","PORTAGE 2.4 NNW, IN US","2020-02-20",,,,,,
"US1INPT0157","PORTAGE 2.4 NNW, IN US","2020-02-21",,,,,,
"US1INPT0157","PORTAGE 2.4 NNW, IN US","2020-02-22",,,,,,
"US1INPT0157","PORTAGE 2.4 NNW, IN US","2020-02-23",,,,,,
"US1INPT0157","PORTAGE 2.4 NNW, IN US","2020-02-24",,,,,,
"US1INPT0157","PORTAGE 2.4 NNW, IN US","2020-02-25",,,,,,
"US1INPT0157","PORTAGE 2.4 NNW, IN US","2020-02-26",,,,,,
"US1INPT0157","PORTAGE 2.4 NNW, IN US","2020-02-27",,,,,,
"US1INPT0157","PORTAGE 2.4 NNW, IN US","2020-02-28",,,,,,
"US1INPT0157","PORTAGE 2.4 NNW, IN US","2020-02-29",,,,,,
"US1INPT0157","PORTAGE 2.4 NNW, IN US","2020-03-01",,,,,,
"US1INPT0157","PORTAGE 2.4 NNW, IN US","2020-03-02",,,,,,
"US1INPT0157","PORTAGE 2.4 NNW, IN US","2020-03-03",,,,,,
"US1INPT0157","PORTAGE 2.4 NNW, IN US","2020-03-04",,,,,,
"US1INPT0157","PORTAGE 2.4 NNW, IN US","2020-03-05",,,,,,
"US1INPT0157","PORTAGE 2.4 NNW, IN US","2020-03-06",,,,,,
"US1INPT0157","PORTAGE 2.4 NNW, IN US","2020-03-07",,,,,,
"US1INPT0157","PORTAGE 2.4 NNW, IN US","2020-03-08",,,,,,
"US1INPT0157","PORTAGE 2.4 NNW, IN US","2020-03-09",,,,,,
"US1INPT0157","PORTAGE 2.4 NNW, IN US","2020-03-10",,,,,,
"US1INPT0157","PORTAGE 2.4 NNW, IN US","2020-03-11",,,,,,
"US1INPT0157","PORTAGE 2.4 NNW, IN US","2020-03-12",,,,,,
"US1INPT0157","PORTAGE 2.4 NNW, IN US","2020-03-13",,,,,,
"US1INPT0157","PORTAGE 2.4 NNW, IN US","2020-03-14",,,,,,
"US1INPT0157","PORTAGE 2.4 NNW, IN US","2020-03-15",,,,,,
"US1INPT0157","PORTAGE 2.4 NNW, IN US","2020-03-16",,,,,,
"US1INPT0157","PORTAGE 2.4 NNW, IN US","2020-03-17",,,,,,
"US1INPT0157","PORTAGE 2.4 NNW, IN US","2020-03-18",,,,,,
"US1INPT0157","PORTAGE 2.4 NNW, IN US","2020-03-19",,,,,,
"US1INPT0157","PORTAGE 2.4 NNW, IN US","2020-03-20",,,,,,
"US1INPT0157","PORTAGE 2.4 NNW, IN US","2020-03-21",,,,,,
"US1INPT0157","PORTAGE 2.4 NNW, IN US","2020-03-22",,,,,,
"US1INPT0157","PORTAGE 2.4 NNW, IN US","2020-03-23",,,,,,
"US1INPT0157","PORTAGE 2.4 NNW, IN US","2020-03-24",,,,,,
"US1INPT0157","PORTAGE 2.4 NNW, IN US","2020-03-25",,,,,,
"US1INPT0157","PORTAGE 2.4 NNW, IN US","2020-03-26",,,,,,
"US1INPT0157","PORTAGE 2.4 NNW, IN US","2020-03-27",,,,,,
"US1INPT0157","PORTAGE 2.4 NNW, IN US","2020-03-28",,,,,,
"US1INPT0157","PORTAGE 2.4 NNW, IN US","2020-03-29",,,,,,
"US1INPT0157","PORTAGE 2.4 NNW, IN US","2020-03-30",,,,,,
"US1INPT0157","PORTAGE 2.4 NNW, IN US","2020-03-31",,,,,,
"US1INPT0157","PORTAGE 2.4 NNW, IN US","2020-04-01",,,,,,
"US1INPT0157","PORTAGE 2.4 NNW, IN US","2020-04-02",,,,,,
"US1INPT0157","PORTAGE 2.4 NNW, IN US","2020-04-03",,,,,,
"US1INPT0157","PORTAGE 2.4 NNW, IN US","2020-04-04",,,,,,
"US1INPT0157","PORTAGE 2.4 NNW, IN US","2020-04-05",,,,,,
"US1INPT0157","PORTAGE 2.4 NNW, IN US","2020-04-06",,,,,,
"US1INPT0157","PORTAGE 2.4 NNW, IN US","2020-04-07",,,,,,
"US1INPT0157","PORTAGE 2.4 NNW, IN US","2020-04-08",,,,,,
"US1INPT0157","PORTAGE 2.4 NNW, IN US","2020-04-09",,,,,,
"US1INPT0157","PORTAGE 2.4 NNW, IN US","2020-04-10",,,,,,
"US1INPT0157","PORTAGE 2.4 NNW, IN US","2020-04-11",,,,,,
"US1INPT0157","PORTAGE 2.4 NNW, IN US","2020-04-12",,,,,,
"US1INPT0157","PORTAGE 2.4 NNW, IN US","2020-04-13",,,,,,
"US1INPT0157","PORTAGE 2.4 NNW, IN US","2020-04-14",,,,,,
"US1INPT0157","PORTAGE 2.4 NNW, IN US","2020-04-15",,,,,,
"US1INPT0157","PORTAGE 2.4 NNW, IN US","2020-04-16",,,,,,
"US1INPT0157","PORTAGE 2.4 NNW, IN US","2020-04-17",,,,,,
"US1INPT0157","PORTAGE 2.4 NNW, IN US","2020-04-18",,,,,,
"US1INPT0157","PORTAGE 2.4 NNW, IN US","2020-04-19",,,,,,
"US1INPT0157","PORTAGE 2.4 NNW, IN US","2020-04-20",,,,,,
"US1INPT0157","PORTAGE 2.4 NNW, IN US","2020-04-21",,,,,,
"US1INPT0157","PORTAGE 2.4 NNW, IN US","2020-04-22",,,,,,
"US1INPT0157","PORTAGE 2.4 NNW, IN US","2020-04-23",,,,,,
"US1INPT0157","PORTAGE 2.4 NNW, IN US","2020-04-24",,,,,,
"US1INPT0157","PORTAGE 2.4 NNW, IN US","2020-04-25",,,,,,
"US1INPT0157","PORTAGE 2.4 NNW, IN US","2020-04-26",,,,,,
"US1INPT0157","PORTAGE 2.4 NNW, IN US","2020-04-27",,,,,,
"US1INPT0157","PORTAGE 2.4 NNW, IN US","2020-04-28",,,,,,
"US1INPT0157","PORTAGE 2.4 NNW, IN US","2020-04-29",,,,,,
"US1INPT0157","PORTAGE 2.4 NNW, IN US","2020-04-30",,,,,,
"US1INPT0157","PORTAGE 2.4 NNW, IN US","2020-05-01",,,,,,
"US1INPT0157","PORTAGE 2.4 NNW, IN US","2020-05-02",,,,,,
"US1INPT0157","PORTAGE 2.4 NNW, IN US","2020-05-03",,,,,,
"US1INPT0157","PORTAGE 2.4 NNW, IN US","2020-05-04",,,,,,
"US1INPT0157","PORTAGE 2.4 NNW, IN US","2020-05-05",,,,,,
"US1INPT0157","PORTAGE 2.4 NNW, IN US","2020-05-06",,,,,,
"US1INPT0157","PORTAGE 2.4 NNW, IN US","2020-05-07",,,,,,
"US1INPT0157","PORTAGE 2.4 NNW, IN US","2020-05-08",,,,,,
"US1INPT0157","PORTAGE 2.4 NNW, IN US","2020-05-09",,,,,,
"US1INPT0157","PORTAGE 2.4 NNW, IN US","2020-05-10",,,,,,
"US1INPT0157","PORTAGE 2.4 NNW, IN US","2020-05-11",,,,,,
"US1INPT0157","PORTAGE 2.4 NNW, IN US","2020-05-12",,,,,,
"US1INPT0157","PORTAGE 2.4 NNW, IN US","2020-05-13",,,,,,
"US1INPT0157","PORTAGE 2.4 NNW, IN US","2020-05-14",,,,,,
"US1INPT0157","PORTAGE 2.4 NNW, IN US","2020-05-15",,,,,,
"US1INPT0157","PORTAGE 2.4 NNW, IN US","2020-05-16",,,,,,
"US1INPT0157","PORTAGE 2.4 NNW, IN US","2020-05-17",,,,,,
"US1INPT0157","PORTAGE 2.4 NNW, IN US","2020-05-18",,,,,,
"US1INPT0157","PORTAGE 2.4 NNW, IN US","2020-05-19",,,,,,
"US1INPT0157","PORTAGE 2.4 NNW, IN US","2020-05-20",,,,,,
"US1INPT0157","PORTAGE 2.4 NNW, IN US","2020-05-21",,,,,,
"US1INPT0157","PORTAGE 2.4 NNW, IN US","2020-05-22",,,,,,
"US1INPT0157","PORTAGE 2.4 NNW, IN US","2020-05-23",,,,,,
"US1INPT0157","PORTAGE 2.4 NNW, IN US","2020-05-24",,,,,,
"US1INPT0157","PORTAGE 2.4 NNW, IN US","2020-05-25",,,,,,
"US1INPT0157","PORTAGE 2.4 NNW, IN US","2020-05-26",,,,,,
"US1INPT0157","PORTAGE 2.4 NNW, IN US","2020-05-27",,,,,,
"US1INPT0157","PORTAGE 2.4 NNW, IN US","2020-05-28",,,,,,
"US1INPT0157","PORTAGE 2.4 NNW, IN US","2020-05-29",,,,,,
"US1INPT0157","PORTAGE 2.4 NNW, IN US","2020-05-30",,,,,,
"US1INPT0157","PORTAGE 2.4 NNW, IN US","2020-05-31",,,,,,
"US1INPT0157","PORTAGE 2.4 NNW, IN US","2020-06-01",,,,,,
"US1INPT0157","PORTAGE 2.4 NNW, IN US","2020-06-02",,,,,,
"US1INPT0157","PORTAGE 2.4 NNW, IN US","2020-06-03",,,,,,
"US1INPT0157","PORTAGE 2.4 NNW, IN US","2020-06-04",,,,,,
"US1INPT0157","PORTAGE 2.4 NNW, IN US","2020-06-05",,,,,,
"US1INPT0157","PORTAGE 2.4 NNW, IN US","2020-06-06",,,,,,
"US1INPT0157","PORTAGE 2.4 NNW, IN US","2020-06-07",,,,,,
"US1INPT0157","PORTAGE 2.4 NNW, IN US","2020-06-08",,,,,,
"US1INPT0157","PORTAGE 2.4 NNW, IN US","2020-06-09",,,,,,
"US1INPT0157","PORTAGE 2.4 NNW, IN US","2020-06-10",,,,,,
"US1INPT0157","PORTAGE 2.4 NNW, IN US","2020-06-11",,,,,,
"US1INPT0157","PORTAGE 2.4 NNW, IN US","2020-06-12",,,,,,
"US1INPT0157","PORTAGE 2.4 NNW, IN US","2020-06-13",,,,,,
"US1INPT0157","PORTAGE 2.4 NNW, IN US","2020-06-14",,,,,,
"US1INPT0157","PORTAGE 2.4 NNW, IN US","2020-06-15",,,,,,
"US1INPT0157","PORTAGE 2.4 NNW, IN US","2020-06-16",,,,,,
"US1INPT0157","PORTAGE 2.4 NNW, IN US","2020-06-17",,,,,,
"US1INPT0157","PORTAGE 2.4 NNW, IN US","2020-06-18",,,,,,
"US1INPT0157","PORTAGE 2.4 NNW, IN US","2020-06-19",,,,,,
"US1INPT0157","PORTAGE 2.4 NNW, IN US","2020-06-20",,,,,,
"US1INPT0157","PORTAGE 2.4 NNW, IN US","2020-06-21",,,,,,
"US1INPT0157","PORTAGE 2.4 NNW, IN US","2020-06-22",,,,,,
"US1INPT0157","PORTAGE 2.4 NNW, IN US","2020-06-23",,,,,,
"US1INPT0157","PORTAGE 2.4 NNW, IN US","2020-06-24",,,,,,
"US1INPT0157","PORTAGE 2.4 NNW, IN US","2020-06-25",,,,,,
"US1INPT0157","PORTAGE 2.4 NNW, IN US","2020-06-26",,,,,,
"US1INPT0157","PORTAGE 2.4 NNW, IN US","2020-06-27",,,,,,
"US1INPT0157","PORTAGE 2.4 NNW, IN US","2020-06-28",,,,,,
"US1INPT0157","PORTAGE 2.4 NNW, IN US","2020-06-29",,,,,,
"US1INPT0157","PORTAGE 2.4 NNW, IN US","2020-06-30",,,,,,
"US1INPT0157","PORTAGE 2.4 NNW, IN US","2020-07-01",,,,,,
"US1INPT0157","PORTAGE 2.4 NNW, IN US","2020-07-02",,,,,,
"US1INPT0157","PORTAGE 2.4 NNW, IN US","2020-07-03",,,,,,
"US1INPT0157","PORTAGE 2.4 NNW, IN US","2020-07-04",,,,,,
"US1INPT0157","PORTAGE 2.4 NNW, IN US","2020-07-05",,,,,,
"US1INPT0157","PORTAGE 2.4 NNW, IN US","2020-07-06",,,,,,
"US1INPT0157","PORTAGE 2.4 NNW, IN US","2020-07-07",,,,,,
"US1INPT0157","PORTAGE 2.4 NNW, IN US","2020-07-08",,,,,,
"US1INPT0157","PORTAGE 2.4 NNW, IN US","2020-07-09",,,,,,
"US1INPT0157","PORTAGE 2.4 NNW, IN US","2020-07-10",,,,,,
"US1INPT0157","PORTAGE 2.4 NNW, IN US","2020-07-11",,,,,,
"US1INPT0157","PORTAGE 2.4 NNW, IN US","2020-07-12",,,,,,
"US1INPT0157","PORTAGE 2.4 NNW, IN US","2020-07-13",,,,,,
"US1INPT0157","PORTAGE 2.4 NNW, IN US","2020-07-14",,,,,,
"US1INPT0157","PORTAGE 2.4 NNW, IN US","2020-07-15",,,,,,
"US1INPT0157","PORTAGE 2.4 NNW, IN US","2020-07-16",,,,,,
"US1INPT0157","PORTAGE 2.4 NNW, IN US","2020-07-17",,,,,,
"US1INPT0157","PORTAGE 2.4 NNW, IN US","2020-07-18",,,,,,
"US1INPT0157","PORTAGE 2.4 NNW, IN US","2020-07-19",,,,,,
"US1INPT0157","PORTAGE 2.4 NNW, IN US","2020-07-20",,,,,,
"US1INPT0157","PORTAGE 2.4 NNW, IN US","2020-07-21",,,,,,
"US1INPT0157","PORTAGE 2.4 NNW, IN US","2020-07-22",,,,,,
"US1INPT0157","PORTAGE 2.4 NNW, IN US","2020-07-23",,,,,,
"US1INPT0157","PORTAGE 2.4 NNW, IN US","2020-07-24",,,,,,
"US1INPT0157","PORTAGE 2.4 NNW, IN US","2020-07-25",,,,,,
"US1INPT0157","PORTAGE 2.4 NNW, IN US","2020-07-26",,,,,,
"US1INPT0157","PORTAGE 2.4 NNW, IN US","2020-07-27",,,,,,
"US1INPT0157","PORTAGE 2.4 NNW, IN US","2020-07-28",,,,,,
"US1INPT0157","PORTAGE 2.4 NNW, IN US","2020-07-29",,,,,,
"US1INPT0157","PORTAGE 2.4 NNW, IN US","2020-07-30",,,,,,
"US1INPT0157","PORTAGE 2.4 NNW, IN US","2020-07-31",,,,,,
"US1INPT0157","PORTAGE 2.4 NNW, IN US","2020-08-01",,,,,,
"US1INPT0157","PORTAGE 2.4 NNW, IN US","2020-08-02",,,,,,
"US1INPT0157","PORTAGE 2.4 NNW, IN US","2020-08-03",,,,,,
"US1INPT0157","PORTAGE 2.4 NNW, IN US","2020-08-04",,,,,,
"US1INPT0157","PORTAGE 2.4 NNW, IN US","2020-08-05",,,,,,
"US1INPT0157","PORTAGE 2.4 NNW, IN US","2020-08-06",,,,,,
"US1INPT0157","PORTAGE 2.4 NNW, IN US","2020-08-07",,,,,,
"US1INPT0157","PORTAGE 2.4 NNW, IN US","2020-08-08",,,,,,
"US1INPT0157","PORTAGE 2.4 NNW, IN US","2020-08-09",,,,,,
"US1INPT0157","PORTAGE 2.4 NNW, IN US","2020-08-10",,,,,,
"US1INPT0157","PORTAGE 2.4 NNW, IN US","2020-08-11",,,,,,
"US1INPT0157","PORTAGE 2.4 NNW, IN US","2020-08-12",,,,,,
"US1INPT0157","PORTAGE 2.4 NNW, IN US","2020-08-13",,,,,,
"US1INPT0157","PORTAGE 2.4 NNW, IN US","2020-08-14",,,,,,
"US1INPT0157","PORTAGE 2.4 NNW, IN US","2020-08-15",,,,,,
"US1INPT0157","PORTAGE 2.4 NNW, IN US","2020-08-16",,,,,,
"US1INPT0157","PORTAGE 2.4 NNW, IN US","2020-08-17",,,,,,
"US1INPT0157","PORTAGE 2.4 NNW, IN US","2020-08-18",,,,,,
"US1INPT0157","PORTAGE 2.4 NNW, IN US","2020-08-19",,,,,,
"US1INPT0157","PORTAGE 2.4 NNW, IN US","2020-08-20",,,,,,
"US1INPT0157","PORTAGE 2.4 NNW, IN US","2020-08-21",,,,,,
"US1INPT0157","PORTAGE 2.4 NNW, IN US","2020-08-22",,,,,,
"US1INPT0157","PORTAGE 2.4 NNW, IN US","2020-08-23",,,,,,
"US1INPT0157","PORTAGE 2.4 NNW, IN US","2020-08-24",,,,,,
"US1INPT0157","PORTAGE 2.4 NNW, IN US","2020-08-25",,,,,,
"US1INPT0157","PORTAGE 2.4 NNW, IN US","2020-08-26",,,,,,
"US1INPT0157","PORTAGE 2.4 NNW, IN US","2020-08-27",,,,,,
"US1INPT0157","PORTAGE 2.4 NNW, IN US","2020-08-28",,,,,,
"US1INPT0157","PORTAGE 2.4 NNW, IN US","2020-08-29",,,,,,
"US1INPT0157","PORTAGE 2.4 NNW, IN US","2020-08-30",,,,,,
"US1INPT0157","PORTAGE 2.4 NNW, IN US","2020-08-31",,,,,,
"US1INPT0157","PORTAGE 2.4 NNW, IN US","2020-09-01",,,,,,
"US1INPT0157","PORTAGE 2.4 NNW, IN US","2020-09-02",,,,,,
"US1INPT0157","PORTAGE 2.4 NNW, IN US","2020-09-03",,,,,,
"US1INPT0157","PORTAGE 2.4 NNW, IN US","2020-09-04",,,,,,
"US1INPT0157","PORTAGE 2.4 NNW, IN US","2020-09-05",,,,,,
"US1INPT0157","PORTAGE 2.4 NNW, IN US","2020-09-06",,,,,,
"US1INPT0157","PORTAGE 2.4 NNW, IN US","2020-09-07",,,,,,
"US1INPT0157","PORTAGE 2.4 NNW, IN US","2020-09-08",,,,,,
"US1ILCK0246","LEMONT 0.4 S, IL US","2019-10-02",,,,,,
"US1ILCK0246","LEMONT 0.4 S, IL US","2019-10-27",,,,,,
"US1ILCK0246","LEMONT 0.4 S, IL US","2020-04-28",,,,,,
"US1ILCK0246","LEMONT 0.4 S, IL US","2020-04-29",,,,,,
"US1ILCK0246","LEMONT 0.4 S, IL US","2020-05-05",,,,,,
"US1ILCK0246","LEMONT 0.4 S, IL US","2020-05-11",,,,,,
"US1ILCK0246","LEMONT 0.4 S, IL US","2020-05-18",,,,,,
"US1ILCK0246","LEMONT 0.4 S, IL US","2020-05-24",,,,,,
"US1ILCK0246","LEMONT 0.4 S, IL US","2020-06-10",,,,,,
"US1ILCK0246","LEMONT 0.4 S, IL US","2020-06-13",,,,,,
"US1ILCK0246","LEMONT 0.4 S, IL US","2020-06-23",,,,,,
"US1ILCK0246","LEMONT 0.4 S, IL US","2020-06-26",,,,,,
"US1ILCK0246","LEMONT 0.4 S, IL US","2020-06-27",,,,,,
"US1ILCK0246","LEMONT 0.4 S, IL US","2020-06-30",,,,,,
"US1ILCK0246","LEMONT 0.4 S, IL US","2020-07-01",,,,,,
"US1ILCK0246","LEMONT 0.4 S, IL US","2020-07-02",,,,,,
"US1ILCK0246","LEMONT 0.4 S, IL US","2020-07-08",,,,,,
"US1ILCK0246","LEMONT 0.4 S, IL US","2020-07-10",,,,,,
"US1ILCK0246","LEMONT 0.4 S, IL US","2020-07-12",,,,,,
"US1ILCK0246","LEMONT 0.4 S, IL US","2020-07-16",,,,,,
"US1ILCK0246","LEMONT 0.4 S, IL US","2020-07-19",,,,,,
"US1ILCK0246","LEMONT 0.4 S, IL US","2020-07-20",,,,,,
"US1ILCK0246","LEMONT 0.4 S, IL US","2020-07-22",,,,,,
"US1ILCK0246","LEMONT 0.4 S, IL US","2020-07-27",,,,,,
"US1ILCK0246","LEMONT 0.4 S, IL US","2020-07-28",,,,,,
"US1ILCK0246","LEMONT 0.4 S, IL US","2020-08-02",,,,,,
"US1ILCK0246","LEMONT 0.4 S, IL US","2020-08-03",,,,,,
"US1ILCK0246","LEMONT 0.4 S, IL US","2020-08-10",,,,,,
"US1ILCK0246","LEMONT 0.4 S, IL US","2020-08-11",,,,,,
"US1ILCK0246","LEMONT 0.4 S, IL US","2020-09-02",,,,,,
"US1ILCK0246","LEMONT 0.4 S, IL US","2020-09-06",,,,,,
"US1ILCK0246","LEMONT 0.4 S, IL US","2020-09-07",,,,,,
"US1ILCK0246","LEMONT 0.4 S, IL US","2020-09-08",,,,,,
"US1ILCK0094","LINCOLNWOOD 1.8 E, IL US","2019-10-01",,,,,,
"US1ILCK0094","LINCOLNWOOD 1.8 E, IL US","2019-10-02",,,,,,
"US1ILCK0094","LINCOLNWOOD 1.8 E, IL US","2019-10-03",,,,,,
"US1ILCK0094","LINCOLNWOOD 1.8 E, IL US","2019-10-04",,,,,,
"US1ILCK0094","LINCOLNWOOD 1.8 E, IL US","2019-10-05",,,,,,
"US1ILCK0094","LINCOLNWOOD 1.8 E, IL US","2019-10-06",,,,,,
"US1ILCK0094","LINCOLNWOOD 1.8 E, IL US","2019-10-07",,,,,,
"US1ILCK0094","LINCOLNWOOD 1.8 E, IL US","2019-10-08",,,,,,
"US1ILCK0094","LINCOLNWOOD 1.8 E, IL US","2019-10-09",,,,,,
"US1ILCK0094","LINCOLNWOOD 1.8 E, IL US","2019-10-10",,,,,,
"US1ILCK0094","LINCOLNWOOD 1.8 E, IL US","2019-10-11",,,,,,
"US1ILCK0094","LINCOLNWOOD 1.8 E, IL US","2019-10-12",,,,,,
"US1ILCK0094","LINCOLNWOOD 1.8 E, IL US","2019-10-13",,,,,,
"US1ILCK0094","LINCOLNWOOD 1.8 E, IL US","2019-10-14",,,,,,
"US1ILCK0094","LINCOLNWOOD 1.8 E, IL US","2019-10-15",,,,,,
"US1ILCK0094","LINCOLNWOOD 1.8 E, IL US","2019-10-16",,,,,,
"US1ILCK0094","LINCOLNWOOD 1.8 E, IL US","2019-10-17",,,,,,
"US1ILCK0094","LINCOLNWOOD 1.8 E, IL US","2019-10-18",,,,,,
"US1ILCK0094","LINCOLNWOOD 1.8 E, IL US","2019-10-19",,,,,,
"US1ILCK0094","LINCOLNWOOD 1.8 E, IL US","2019-10-20",,,,,,
"US1ILCK0094","LINCOLNWOOD 1.8 E, IL US","2019-10-21",,,,,,
"US1ILCK0094","LINCOLNWOOD 1.8 E, IL US","2019-10-22",,,,,,
"US1ILCK0094","LINCOLNWOOD 1.8 E, IL US","2019-10-23",,,,,,
"US1ILCK0094","LINCOLNWOOD 1.8 E, IL US","2019-10-24",,,,,,
"US1ILCK0094","LINCOLNWOOD 1.8 E, IL US","2019-10-25",,,,,,
"US1ILCK0094","LINCOLNWOOD 1.8 E, IL US","2019-10-26",,,,,,
"US1ILCK0094","LINCOLNWOOD 1.8 E, IL US","2019-10-27",,,,,,
"US1ILCK0094","LINCOLNWOOD 1.8 E, IL US","2019-10-28",,,,,,
"US1ILCK0094","LINCOLNWOOD 1.8 E, IL US","2019-10-29",,,,,,
"US1ILCK0094","LINCOLNWOOD 1.8 E, IL US","2019-10-30",,,,,,
"US1ILCK0094","LINCOLNWOOD 1.8 E, IL US","2019-10-31",,,,,,
"US1ILCK0094","LINCOLNWOOD 1.8 E, IL US","2019-11-01",,,,,,
"US1ILCK0094","LINCOLNWOOD 1.8 E, IL US","2019-11-02",,,,,,
"US1ILCK0094","LINCOLNWOOD 1.8 E, IL US","2019-11-03",,,,,,
"US1ILCK0094","LINCOLNWOOD 1.8 E, IL US","2019-11-04",,,,,,
"US1ILCK0094","LINCOLNWOOD 1.8 E, IL US","2019-11-05",,,,,,
"US1ILCK0094","LINCOLNWOOD 1.8 E, IL US","2019-11-06",,,,,,
"US1ILCK0094","LINCOLNWOOD 1.8 E, IL US","2019-11-07",,,,,,
"US1ILCK0094","LINCOLNWOOD 1.8 E, IL US","2019-11-08",,,,,,
"US1ILCK0094","LINCOLNWOOD 1.8 E, IL US","2019-11-09",,,,,,
"US1ILCK0094","LINCOLNWOOD 1.8 E, IL US","2019-11-10",,,,,,
"US1ILCK0094","LINCOLNWOOD 1.8 E, IL US","2019-11-11",,,,,,
"US1ILCK0094","LINCOLNWOOD 1.8 E, IL US","2019-11-12",,,,,,
"US1ILCK0094","LINCOLNWOOD 1.8 E, IL US","2019-11-13",,,,,,
"US1ILCK0094","LINCOLNWOOD 1.8 E, IL US","2019-11-14",,,,,,
"US1ILCK0094","LINCOLNWOOD 1.8 E, IL US","2019-11-15",,,,,,
"US1ILCK0094","LINCOLNWOOD 1.8 E, IL US","2019-11-16",,,,,,
"US1ILCK0094","LINCOLNWOOD 1.8 E, IL US","2019-11-17",,,,,,
"US1ILCK0094","LINCOLNWOOD 1.8 E, IL US","2019-11-18",,,,,,
"US1ILCK0094","LINCOLNWOOD 1.8 E, IL US","2019-11-19",,,,,,
"US1ILCK0094","LINCOLNWOOD 1.8 E, IL US","2019-11-20",,,,,,
"US1ILCK0094","LINCOLNWOOD 1.8 E, IL US","2019-11-21",,,,,,
"US1ILCK0094","LINCOLNWOOD 1.8 E, IL US","2019-11-22",,,,,,
"US1ILCK0094","LINCOLNWOOD 1.8 E, IL US","2019-11-23",,,,,,
"US1ILCK0094","LINCOLNWOOD 1.8 E, IL US","2019-11-24",,,,,,
"US1ILCK0094","LINCOLNWOOD 1.8 E, IL US","2019-11-26",,,,,,
"US1ILCK0094","LINCOLNWOOD 1.8 E, IL US","2019-11-27",,,,,,
"US1ILCK0094","LINCOLNWOOD 1.8 E, IL US","2019-11-28",,,,,,
"US1ILCK0094","LINCOLNWOOD 1.8 E, IL US","2019-11-29",,,,,,
"US1ILCK0094","LINCOLNWOOD 1.8 E, IL US","2019-11-30",,,,,,
"US1ILCK0094","LINCOLNWOOD 1.8 E, IL US","2019-12-01",,,,,,
"US1ILCK0094","LINCOLNWOOD 1.8 E, IL US","2019-12-02",,,,,,
"US1ILCK0094","LINCOLNWOOD 1.8 E, IL US","2019-12-03",,,,,,
"US1ILCK0094","LINCOLNWOOD 1.8 E, IL US","2019-12-04",,,,,,
"US1ILCK0094","LINCOLNWOOD 1.8 E, IL US","2019-12-05",,,,,,
"US1ILCK0094","LINCOLNWOOD 1.8 E, IL US","2019-12-06",,,,,,
"US1ILCK0094","LINCOLNWOOD 1.8 E, IL US","2019-12-07",,,,,,
"US1ILCK0094","LINCOLNWOOD 1.8 E, IL US","2019-12-08",,,,,,
"US1ILCK0094","LINCOLNWOOD 1.8 E, IL US","2019-12-09",,,,,,
"US1ILCK0094","LINCOLNWOOD 1.8 E, IL US","2019-12-10",,,,,,
"US1ILCK0094","LINCOLNWOOD 1.8 E, IL US","2019-12-11",,,,,,
"US1ILCK0094","LINCOLNWOOD 1.8 E, IL US","2019-12-12",,,,,,
"US1ILCK0094","LINCOLNWOOD 1.8 E, IL US","2019-12-13",,,,,,
"US1ILCK0094","LINCOLNWOOD 1.8 E, IL US","2019-12-14",,,,,,
"US1ILCK0094","LINCOLNWOOD 1.8 E, IL US","2019-12-15",,,,,,
"US1ILCK0094","LINCOLNWOOD 1.8 E, IL US","2019-12-16",,,,,,
"US1ILCK0094","LINCOLNWOOD 1.8 E, IL US","2019-12-17",,,,,,
"US1ILCK0094","LINCOLNWOOD 1.8 E, IL US","2019-12-18",,,,,,
"US1ILCK0094","LINCOLNWOOD 1.8 E, IL US","2019-12-19",,,,,,
"US1ILCK0094","LINCOLNWOOD 1.8 E, IL US","2019-12-20",,,,,,
"US1ILCK0094","LINCOLNWOOD 1.8 E, IL US","2019-12-21",,,,,,
"US1ILCK0094","LINCOLNWOOD 1.8 E, IL US","2019-12-22",,,,,,
"US1ILCK0094","LINCOLNWOOD 1.8 E, IL US","2019-12-23",,,,,,
"US1ILCK0094","LINCOLNWOOD 1.8 E, IL US","2019-12-24",,,,,,
"US1ILCK0094","LINCOLNWOOD 1.8 E, IL US","2019-12-25",,,,,,
"US1ILCK0094","LINCOLNWOOD 1.8 E, IL US","2019-12-26",,,,,,
"US1ILCK0094","LINCOLNWOOD 1.8 E, IL US","2019-12-27",,,,,,
"US1ILCK0094","LINCOLNWOOD 1.8 E, IL US","2019-12-28",,,,,,
"US1ILCK0094","LINCOLNWOOD 1.8 E, IL US","2019-12-29",,,,,,
"US1ILCK0094","LINCOLNWOOD 1.8 E, IL US","2019-12-30",,,,,,
"US1ILCK0094","LINCOLNWOOD 1.8 E, IL US","2019-12-31",,,,,,
"US1ILCK0094","LINCOLNWOOD 1.8 E, IL US","2020-01-01",,,,,,
"US1ILCK0094","LINCOLNWOOD 1.8 E, IL US","2020-01-02",,,,,,
"US1ILCK0094","LINCOLNWOOD 1.8 E, IL US","2020-01-03",,,,,,
"US1ILCK0094","LINCOLNWOOD 1.8 E, IL US","2020-01-04",,,,,,
"US1ILCK0094","LINCOLNWOOD 1.8 E, IL US","2020-01-05",,,,,,
"US1ILCK0094","LINCOLNWOOD 1.8 E, IL US","2020-01-06",,,,,,
"US1ILCK0094","LINCOLNWOOD 1.8 E, IL US","2020-01-07",,,,,,
"US1ILCK0094","LINCOLNWOOD 1.8 E, IL US","2020-01-08",,,,,,
"US1ILCK0094","LINCOLNWOOD 1.8 E, IL US","2020-01-09",,,,,,
"US1ILCK0094","LINCOLNWOOD 1.8 E, IL US","2020-01-10",,,,,,
"US1ILCK0094","LINCOLNWOOD 1.8 E, IL US","2020-01-11",,,,,,
"US1ILCK0094","LINCOLNWOOD 1.8 E, IL US","2020-01-12",,,,,,
"US1ILCK0094","LINCOLNWOOD 1.8 E, IL US","2020-01-13",,,,,,
"US1ILCK0094","LINCOLNWOOD 1.8 E, IL US","2020-01-14",,,,,,
"US1ILCK0094","LINCOLNWOOD 1.8 E, IL US","2020-01-15",,,,,,
"US1ILCK0094","LINCOLNWOOD 1.8 E, IL US","2020-01-16",,,,,,
"US1ILCK0094","LINCOLNWOOD 1.8 E, IL US","2020-01-17",,,,,,
"US1ILCK0094","LINCOLNWOOD 1.8 E, IL US","2020-01-18",,,,,,
"US1ILCK0094","LINCOLNWOOD 1.8 E, IL US","2020-01-19",,,,,,
"US1ILCK0094","LINCOLNWOOD 1.8 E, IL US","2020-01-20",,,,,,
"US1ILCK0094","LINCOLNWOOD 1.8 E, IL US","2020-01-21",,,,,,
"US1ILCK0094","LINCOLNWOOD 1.8 E, IL US","2020-01-22",,,,,,
"US1ILCK0094","LINCOLNWOOD 1.8 E, IL US","2020-01-23",,,,,,
"US1ILCK0094","LINCOLNWOOD 1.8 E, IL US","2020-01-24",,,,,,
"US1ILCK0094","LINCOLNWOOD 1.8 E, IL US","2020-01-25",,,,,,
"US1ILCK0094","LINCOLNWOOD 1.8 E, IL US","2020-01-26",,,,,,
"US1ILCK0094","LINCOLNWOOD 1.8 E, IL US","2020-01-27",,,,,,
"US1ILCK0094","LINCOLNWOOD 1.8 E, IL US","2020-01-28",,,,,,
"US1ILCK0094","LINCOLNWOOD 1.8 E, IL US","2020-01-29",,,,,,
"US1ILCK0094","LINCOLNWOOD 1.8 E, IL US","2020-01-30",,,,,,
"US1ILCK0094","LINCOLNWOOD 1.8 E, IL US","2020-01-31",,,,,,
"US1ILCK0094","LINCOLNWOOD 1.8 E, IL US","2020-02-01",,,,,,
"US1ILCK0094","LINCOLNWOOD 1.8 E, IL US","2020-02-02",,,,,,
"US1ILCK0094","LINCOLNWOOD 1.8 E, IL US","2020-02-03",,,,,,
"US1ILCK0094","LINCOLNWOOD 1.8 E, IL US","2020-02-04",,,,,,
"US1ILCK0094","LINCOLNWOOD 1.8 E, IL US","2020-02-05",,,,,,
"US1ILCK0094","LINCOLNWOOD 1.8 E, IL US","2020-02-06",,,,,,
"US1ILCK0094","LINCOLNWOOD 1.8 E, IL US","2020-02-07",,,,,,
"US1ILCK0094","LINCOLNWOOD 1.8 E, IL US","2020-02-08",,,,,,
"US1ILCK0094","LINCOLNWOOD 1.8 E, IL US","2020-02-09",,,,,,
"US1ILCK0094","LINCOLNWOOD 1.8 E, IL US","2020-02-10",,,,,,
"US1ILCK0094","LINCOLNWOOD 1.8 E, IL US","2020-02-11",,,,,,
"US1ILCK0094","LINCOLNWOOD 1.8 E, IL US","2020-02-12",,,,,,
"US1ILCK0094","LINCOLNWOOD 1.8 E, IL US","2020-02-13",,,,,,
"US1ILCK0094","LINCOLNWOOD 1.8 E, IL US","2020-02-14",,,,,,
"US1ILCK0094","LINCOLNWOOD 1.8 E, IL US","2020-02-15",,,,,,
"US1ILCK0094","LINCOLNWOOD 1.8 E, IL US","2020-02-16",,,,,,
"US1ILCK0094","LINCOLNWOOD 1.8 E, IL US","2020-02-17",,,,,,
"US1ILCK0094","LINCOLNWOOD 1.8 E, IL US","2020-02-18",,,,,,
"US1ILCK0094","LINCOLNWOOD 1.8 E, IL US","2020-02-19",,,,,,
"US1ILCK0094","LINCOLNWOOD 1.8 E, IL US","2020-02-20",,,,,,
"US1ILCK0094","LINCOLNWOOD 1.8 E, IL US","2020-02-21",,,,,,
"US1ILCK0094","LINCOLNWOOD 1.8 E, IL US","2020-02-22",,,,,,
"US1ILCK0094","LINCOLNWOOD 1.8 E, IL US","2020-02-23",,,,,,
"US1ILCK0094","LINCOLNWOOD 1.8 E, IL US","2020-02-24",,,,,,
"US1ILCK0094","LINCOLNWOOD 1.8 E, IL US","2020-02-25",,,,,,
"US1ILCK0094","LINCOLNWOOD 1.8 E, IL US","2020-02-26",,,,,,
"US1ILCK0094","LINCOLNWOOD 1.8 E, IL US","2020-02-27",,,,,,
"US1ILCK0094","LINCOLNWOOD 1.8 E, IL US","2020-02-28",,,,,,
"US1ILCK0094","LINCOLNWOOD 1.8 E, IL US","2020-02-29",,,,,,
"US1ILCK0094","LINCOLNWOOD 1.8 E, IL US","2020-03-01",,,,,,
"US1ILCK0094","LINCOLNWOOD 1.8 E, IL US","2020-03-02",,,,,,
"US1ILCK0094","LINCOLNWOOD 1.8 E, IL US","2020-03-03",,,,,,
"US1ILCK0094","LINCOLNWOOD 1.8 E, IL US","2020-03-04",,,,,,
"US1ILCK0094","LINCOLNWOOD 1.8 E, IL US","2020-03-05",,,,,,
"US1ILCK0094","LINCOLNWOOD 1.8 E, IL US","2020-03-06",,,,,,
"US1ILCK0094","LINCOLNWOOD 1.8 E, IL US","2020-03-07",,,,,,
"US1ILCK0094","LINCOLNWOOD 1.8 E, IL US","2020-03-08",,,,,,
"US1ILCK0094","LINCOLNWOOD 1.8 E, IL US","2020-03-09",,,,,,
"US1ILCK0094","LINCOLNWOOD 1.8 E, IL US","2020-03-10",,,,,,
"US1ILCK0094","LINCOLNWOOD 1.8 E, IL US","2020-03-11",,,,,,
"US1ILCK0094","LINCOLNWOOD 1.8 E, IL US","2020-03-12",,,,,,
"US1ILCK0094","LINCOLNWOOD 1.8 E, IL US","2020-03-13",,,,,,
"US1ILCK0094","LINCOLNWOOD 1.8 E, IL US","2020-03-14",,,,,,
"US1ILCK0094","LINCOLNWOOD 1.8 E, IL US","2020-03-15",,,,,,
"US1ILCK0094","LINCOLNWOOD 1.8 E, IL US","2020-03-16",,,,,,
"US1ILCK0094","LINCOLNWOOD 1.8 E, IL US","2020-03-17",,,,,,
"US1ILCK0094","LINCOLNWOOD 1.8 E, IL US","2020-03-18",,,,,,
"US1ILCK0094","LINCOLNWOOD 1.8 E, IL US","2020-03-19",,,,,,
"US1ILCK0094","LINCOLNWOOD 1.8 E, IL US","2020-03-20",,,,,,
"US1ILCK0094","LINCOLNWOOD 1.8 E, IL US","2020-03-21",,,,,,
"US1ILCK0094","LINCOLNWOOD 1.8 E, IL US","2020-03-22",,,,,,
"US1ILCK0094","LINCOLNWOOD 1.8 E, IL US","2020-03-23",,,,,,
"US1ILCK0094","LINCOLNWOOD 1.8 E, IL US","2020-03-24",,,,,,
"US1ILCK0094","LINCOLNWOOD 1.8 E, IL US","2020-03-25",,,,,,
"US1ILCK0094","LINCOLNWOOD 1.8 E, IL US","2020-03-26",,,,,,
"US1ILCK0094","LINCOLNWOOD 1.8 E, IL US","2020-03-27",,,,,,
"US1ILCK0094","LINCOLNWOOD 1.8 E, IL US","2020-03-28",,,,,,
"US1ILCK0094","LINCOLNWOOD 1.8 E, IL US","2020-03-29",,,,,,
"US1ILCK0094","LINCOLNWOOD 1.8 E, IL US","2020-03-30",,,,,,
"US1ILCK0094","LINCOLNWOOD 1.8 E, IL US","2020-03-31",,,,,,
"US1ILCK0094","LINCOLNWOOD 1.8 E, IL US","2020-04-01",,,,,,
"US1ILCK0094","LINCOLNWOOD 1.8 E, IL US","2020-04-02",,,,,,
"US1ILCK0094","LINCOLNWOOD 1.8 E, IL US","2020-04-03",,,,,,
"US1ILCK0094","LINCOLNWOOD 1.8 E, IL US","2020-04-04",,,,,,
"US1ILCK0094","LINCOLNWOOD 1.8 E, IL US","2020-04-05",,,,,,
"US1ILCK0094","LINCOLNWOOD 1.8 E, IL US","2020-04-06",,,,,,
"US1ILCK0094","LINCOLNWOOD 1.8 E, IL US","2020-04-07",,,,,,
"US1ILCK0094","LINCOLNWOOD 1.8 E, IL US","2020-04-08",,,,,,
"US1ILCK0094","LINCOLNWOOD 1.8 E, IL US","2020-04-09",,,,,,
"US1ILCK0094","LINCOLNWOOD 1.8 E, IL US","2020-04-10",,,,,,
"US1ILCK0094","LINCOLNWOOD 1.8 E, IL US","2020-04-11",,,,,,
"US1ILCK0094","LINCOLNWOOD 1.8 E, IL US","2020-04-12",,,,,,
"US1ILCK0094","LINCOLNWOOD 1.8 E, IL US","2020-04-13",,,,,,
"US1ILCK0094","LINCOLNWOOD 1.8 E, IL US","2020-04-14",,,,,,
"US1ILCK0094","LINCOLNWOOD 1.8 E, IL US","2020-04-15",,,,,,
"US1ILCK0094","LINCOLNWOOD 1.8 E, IL US","2020-04-16",,,,,,
"US1ILCK0094","LINCOLNWOOD 1.8 E, IL US","2020-04-17",,,,,,
"US1ILCK0094","LINCOLNWOOD 1.8 E, IL US","2020-04-18",,,,,,
"US1ILCK0094","LINCOLNWOOD 1.8 E, IL US","2020-04-19",,,,,,
"US1ILCK0094","LINCOLNWOOD 1.8 E, IL US","2020-04-20",,,,,,
"US1ILCK0094","LINCOLNWOOD 1.8 E, IL US","2020-04-21",,,,,,
"US1ILCK0094","LINCOLNWOOD 1.8 E, IL US","2020-04-22",,,,,,
"US1ILCK0094","LINCOLNWOOD 1.8 E, IL US","2020-04-23",,,,,,
"US1ILCK0094","LINCOLNWOOD 1.8 E, IL US","2020-04-24",,,,,,
"US1ILCK0094","LINCOLNWOOD 1.8 E, IL US","2020-04-25",,,,,,
"US1ILCK0094","LINCOLNWOOD 1.8 E, IL US","2020-04-26",,,,,,
"US1ILCK0094","LINCOLNWOOD 1.8 E, IL US","2020-04-27",,,,,,
"US1ILCK0094","LINCOLNWOOD 1.8 E, IL US","2020-04-28",,,,,,
"US1ILCK0094","LINCOLNWOOD 1.8 E, IL US","2020-04-29",,,,,,
"US1ILCK0094","LINCOLNWOOD 1.8 E, IL US","2020-04-30",,,,,,
"US1ILCK0094","LINCOLNWOOD 1.8 E, IL US","2020-05-01",,,,,,
"US1ILCK0094","LINCOLNWOOD 1.8 E, IL US","2020-05-02",,,,,,
"US1ILCK0094","LINCOLNWOOD 1.8 E, IL US","2020-05-03",,,,,,
"US1ILCK0094","LINCOLNWOOD 1.8 E, IL US","2020-05-04",,,,,,
"US1ILCK0094","LINCOLNWOOD 1.8 E, IL US","2020-05-05",,,,,,
"US1ILCK0094","LINCOLNWOOD 1.8 E, IL US","2020-05-06",,,,,,
"US1ILCK0094","LINCOLNWOOD 1.8 E, IL US","2020-05-07",,,,,,
"US1ILCK0094","LINCOLNWOOD 1.8 E, IL US","2020-05-08",,,,,,
"US1ILCK0094","LINCOLNWOOD 1.8 E, IL US","2020-05-09",,,,,,
"US1ILCK0094","LINCOLNWOOD 1.8 E, IL US","2020-05-10",,,,,,
"US1ILCK0094","LINCOLNWOOD 1.8 E, IL US","2020-05-11",,,,,,
"US1ILCK0094","LINCOLNWOOD 1.8 E, IL US","2020-05-12",,,,,,
"US1ILCK0094","LINCOLNWOOD 1.8 E, IL US","2020-05-13",,,,,,
"US1ILCK0094","LINCOLNWOOD 1.8 E, IL US","2020-05-14",,,,,,
"US1ILCK0094","LINCOLNWOOD 1.8 E, IL US","2020-05-15",,,,,,
"US1ILCK0094","LINCOLNWOOD 1.8 E, IL US","2020-05-16",,,,,,
"US1ILCK0094","LINCOLNWOOD 1.8 E, IL US","2020-05-17",,,,,,
"US1ILCK0094","LINCOLNWOOD 1.8 E, IL US","2020-05-18",,,,,,
"US1ILCK0094","LINCOLNWOOD 1.8 E, IL US","2020-05-19",,,,,,
"US1ILCK0094","LINCOLNWOOD 1.8 E, IL US","2020-05-20",,,,,,
"US1ILCK0094","LINCOLNWOOD 1.8 E, IL US","2020-05-21",,,,,,
"US1ILCK0094","LINCOLNWOOD 1.8 E, IL US","2020-05-22",,,,,,
"US1ILCK0094","LINCOLNWOOD 1.8 E, IL US","2020-05-23",,,,,,
"US1ILCK0094","LINCOLNWOOD 1.8 E, IL US","2020-05-24",,,,,,
"US1ILCK0094","LINCOLNWOOD 1.8 E, IL US","2020-05-25",,,,,,
"US1ILCK0094","LINCOLNWOOD 1.8 E, IL US","2020-05-26",,,,,,
"US1ILCK0094","LINCOLNWOOD 1.8 E, IL US","2020-05-27",,,,,,
"US1ILCK0094","LINCOLNWOOD 1.8 E, IL US","2020-05-28",,,,,,
"US1ILCK0094","LINCOLNWOOD 1.8 E, IL US","2020-05-29",,,,,,
"US1ILCK0094","LINCOLNWOOD 1.8 E, IL US","2020-05-30",,,,,,
"US1ILCK0094","LINCOLNWOOD 1.8 E, IL US","2020-05-31",,,,,,
"US1ILCK0094","LINCOLNWOOD 1.8 E, IL US","2020-06-01",,,,,,
"US1ILCK0094","LINCOLNWOOD 1.8 E, IL US","2020-06-02",,,,,,
"US1ILCK0094","LINCOLNWOOD 1.8 E, IL US","2020-06-03",,,,,,
"US1ILCK0094","LINCOLNWOOD 1.8 E, IL US","2020-06-04",,,,,,
"US1ILCK0094","LINCOLNWOOD 1.8 E, IL US","2020-06-05",,,,,,
"US1ILCK0094","LINCOLNWOOD 1.8 E, IL US","2020-06-06",,,,,,
"US1ILCK0094","LINCOLNWOOD 1.8 E, IL US","2020-06-07",,,,,,
"US1ILCK0094","LINCOLNWOOD 1.8 E, IL US","2020-06-08",,,,,,
"US1ILCK0094","LINCOLNWOOD 1.8 E, IL US","2020-06-09",,,,,,
"US1ILCK0094","LINCOLNWOOD 1.8 E, IL US","2020-06-10",,,,,,
"US1ILCK0094","LINCOLNWOOD 1.8 E, IL US","2020-06-11",,,,,,
"US1ILCK0094","LINCOLNWOOD 1.8 E, IL US","2020-06-12",,,,,,
"US1ILCK0094","LINCOLNWOOD 1.8 E, IL US","2020-06-13",,,,,,
"US1ILCK0094","LINCOLNWOOD 1.8 E, IL US","2020-06-14",,,,,,
"US1ILCK0094","LINCOLNWOOD 1.8 E, IL US","2020-06-15",,,,,,
"US1ILCK0094","LINCOLNWOOD 1.8 E, IL US","2020-06-16",,,,,,
"US1ILCK0094","LINCOLNWOOD 1.8 E, IL US","2020-06-17",,,,,,
"US1ILCK0094","LINCOLNWOOD 1.8 E, IL US","2020-06-18",,,,,,
"US1ILCK0094","LINCOLNWOOD 1.8 E, IL US","2020-06-19",,,,,,
"US1ILCK0094","LINCOLNWOOD 1.8 E, IL US","2020-06-20",,,,,,
"US1ILCK0094","LINCOLNWOOD 1.8 E, IL US","2020-06-21",,,,,,
"US1ILCK0094","LINCOLNWOOD 1.8 E, IL US","2020-06-22",,,,,,
"US1ILCK0094","LINCOLNWOOD 1.8 E, IL US","2020-06-23",,,,,,
"US1ILCK0094","LINCOLNWOOD 1.8 E, IL US","2020-06-24",,,,,,
"US1ILCK0094","LINCOLNWOOD 1.8 E, IL US","2020-06-25",,,,,,
"US1ILCK0094","LINCOLNWOOD 1.8 E, IL US","2020-06-26",,,,,,
"US1ILCK0094","LINCOLNWOOD 1.8 E, IL US","2020-06-27",,,,,,
"US1ILCK0094","LINCOLNWOOD 1.8 E, IL US","2020-06-28",,,,,,
"US1ILCK0094","LINCOLNWOOD 1.8 E, IL US","2020-06-29",,,,,,
"US1ILCK0094","LINCOLNWOOD 1.8 E, IL US","2020-06-30",,,,,,
"US1ILCK0094","LINCOLNWOOD 1.8 E, IL US","2020-07-01",,,,,,
"US1ILCK0094","LINCOLNWOOD 1.8 E, IL US","2020-07-02",,,,,,
"US1ILCK0094","LINCOLNWOOD 1.8 E, IL US","2020-07-03",,,,,,
"US1ILCK0094","LINCOLNWOOD 1.8 E, IL US","2020-07-04",,,,,,
"US1ILCK0094","LINCOLNWOOD 1.8 E, IL US","2020-07-05",,,,,,
"US1ILCK0094","LINCOLNWOOD 1.8 E, IL US","2020-07-06",,,,,,
"US1ILCK0094","LINCOLNWOOD 1.8 E, IL US","2020-07-07",,,,,,
"US1ILCK0094","LINCOLNWOOD 1.8 E, IL US","2020-07-08",,,,,,
"US1ILCK0094","LINCOLNWOOD 1.8 E, IL US","2020-07-09",,,,,,
"US1ILCK0094","LINCOLNWOOD 1.8 E, IL US","2020-07-10",,,,,,
"US1ILCK0094","LINCOLNWOOD 1.8 E, IL US","2020-07-11",,,,,,
"US1ILCK0094","LINCOLNWOOD 1.8 E, IL US","2020-07-12",,,,,,
"US1ILCK0094","LINCOLNWOOD 1.8 E, IL US","2020-07-13",,,,,,
"US1ILCK0094","LINCOLNWOOD 1.8 E, IL US","2020-07-14",,,,,,
"US1ILCK0094","LINCOLNWOOD 1.8 E, IL US","2020-07-15",,,,,,
"US1ILCK0094","LINCOLNWOOD 1.8 E, IL US","2020-07-16",,,,,,
"US1ILCK0094","LINCOLNWOOD 1.8 E, IL US","2020-07-17",,,,,,
"US1ILCK0094","LINCOLNWOOD 1.8 E, IL US","2020-07-18",,,,,,
"US1ILCK0094","LINCOLNWOOD 1.8 E, IL US","2020-07-19",,,,,,
"US1ILCK0094","LINCOLNWOOD 1.8 E, IL US","2020-07-20",,,,,,
"US1ILCK0094","LINCOLNWOOD 1.8 E, IL US","2020-07-21",,,,,,
"US1ILCK0094","LINCOLNWOOD 1.8 E, IL US","2020-07-22",,,,,,
"US1ILCK0094","LINCOLNWOOD 1.8 E, IL US","2020-07-23",,,,,,
"US1ILCK0094","LINCOLNWOOD 1.8 E, IL US","2020-07-24",,,,,,
"US1ILCK0094","LINCOLNWOOD 1.8 E, IL US","2020-07-25",,,,,,
"US1ILCK0094","LINCOLNWOOD 1.8 E, IL US","2020-07-26",,,,,,
"US1ILCK0094","LINCOLNWOOD 1.8 E, IL US","2020-07-27",,,,,,
"US1ILCK0094","LINCOLNWOOD 1.8 E, IL US","2020-07-28",,,,,,
"US1ILCK0094","LINCOLNWOOD 1.8 E, IL US","2020-07-29",,,,,,
"US1ILCK0094","LINCOLNWOOD 1.8 E, IL US","2020-07-30",,,,,,
"US1ILCK0094","LINCOLNWOOD 1.8 E, IL US","2020-07-31",,,,,,
"US1ILCK0094","LINCOLNWOOD 1.8 E, IL US","2020-08-01",,,,,,
"US1ILCK0094","LINCOLNWOOD 1.8 E, IL US","2020-08-02",,,,,,
"US1ILCK0094","LINCOLNWOOD 1.8 E, IL US","2020-08-03",,,,,,
"US1ILCK0094","LINCOLNWOOD 1.8 E, IL US","2020-08-04",,,,,,
"US1ILCK0094","LINCOLNWOOD 1.8 E, IL US","2020-08-05",,,,,,
"US1ILCK0094","LINCOLNWOOD 1.8 E, IL US","2020-08-06",,,,,,
"US1ILCK0094","LINCOLNWOOD 1.8 E, IL US","2020-08-07",,,,,,
"US1ILCK0094","LINCOLNWOOD 1.8 E, IL US","2020-08-08",,,,,,
"US1ILCK0094","LINCOLNWOOD 1.8 E, IL US","2020-08-09",,,,,,
"US1ILCK0094","LINCOLNWOOD 1.8 E, IL US","2020-08-10",,,,,,
"US1ILCK0094","LINCOLNWOOD 1.8 E, IL US","2020-08-11",,,,,,
"US1ILCK0094","LINCOLNWOOD 1.8 E, IL US","2020-08-12",,,,,,
"US1ILCK0094","LINCOLNWOOD 1.8 E, IL US","2020-08-13",,,,,,
"US1ILCK0094","LINCOLNWOOD 1.8 E, IL US","2020-08-14",,,,,,
"US1ILCK0094","LINCOLNWOOD 1.8 E, IL US","2020-08-15",,,,,,
"US1ILCK0094","LINCOLNWOOD 1.8 E, IL US","2020-08-16",,,,,,
"US1ILCK0094","LINCOLNWOOD 1.8 E, IL US","2020-08-17",,,,,,
"US1ILCK0094","LINCOLNWOOD 1.8 E, IL US","2020-08-18",,,,,,
"US1ILCK0094","LINCOLNWOOD 1.8 E, IL US","2020-08-19",,,,,,
"US1ILCK0094","LINCOLNWOOD 1.8 E, IL US","2020-08-20",,,,,,
"US1ILCK0094","LINCOLNWOOD 1.8 E, IL US","2020-08-21",,,,,,
"US1ILCK0094","LINCOLNWOOD 1.8 E, IL US","2020-08-22",,,,,,
"US1ILCK0094","LINCOLNWOOD 1.8 E, IL US","2020-08-23",,,,,,
"US1ILCK0094","LINCOLNWOOD 1.8 E, IL US","2020-08-24",,,,,,
"US1ILCK0094","LINCOLNWOOD 1.8 E, IL US","2020-08-25",,,,,,
"US1ILCK0094","LINCOLNWOOD 1.8 E, IL US","2020-08-26",,,,,,
"US1ILCK0094","LINCOLNWOOD 1.8 E, IL US","2020-08-27",,,,,,
"US1ILCK0094","LINCOLNWOOD 1.8 E, IL US","2020-08-28",,,,,,
"US1ILCK0094","LINCOLNWOOD 1.8 E, IL US","2020-08-29",,,,,,
"US1ILCK0094","LINCOLNWOOD 1.8 E, IL US","2020-08-30",,,,,,
"US1ILCK0094","LINCOLNWOOD 1.8 E, IL US","2020-08-31",,,,,,
"US1ILCK0094","LINCOLNWOOD 1.8 E, IL US","2020-09-01",,,,,,
"US1ILCK0094","LINCOLNWOOD 1.8 E, IL US","2020-09-02",,,,,,
"US1ILCK0094","LINCOLNWOOD 1.8 E, IL US","2020-09-03",,,,,,
"US1ILCK0094","LINCOLNWOOD 1.8 E, IL US","2020-09-04",,,,,,
"US1ILCK0094","LINCOLNWOOD 1.8 E, IL US","2020-09-05",,,,,,
"US1ILCK0094","LINCOLNWOOD 1.8 E, IL US","2020-09-06",,,,,,
"US1ILCK0094","LINCOLNWOOD 1.8 E, IL US","2020-09-07",,,,,,
"US1ILCK0094","LINCOLNWOOD 1.8 E, IL US","2020-09-08",,,,,,
"US1ILDP0109","ELMHURST 0.8 ESE, IL US","2019-10-01",,,,,,
"US1ILDP0109","ELMHURST 0.8 ESE, IL US","2019-10-02",,,,,,
"US1ILDP0109","ELMHURST 0.8 ESE, IL US","2019-10-03",,,,,,
"US1ILDP0109","ELMHURST 0.8 ESE, IL US","2019-10-04",,,,,,
"US1ILDP0109","ELMHURST 0.8 ESE, IL US","2019-10-05",,,,,,
"US1ILDP0109","ELMHURST 0.8 ESE, IL US","2019-10-06",,,,,,
"US1ILDP0109","ELMHURST 0.8 ESE, IL US","2019-10-07",,,,,,
"US1ILDP0109","ELMHURST 0.8 ESE, IL US","2019-10-08",,,,,,
"US1ILDP0109","ELMHURST 0.8 ESE, IL US","2019-10-09",,,,,,
"US1ILDP0109","ELMHURST 0.8 ESE, IL US","2019-10-10",,,,,,
"US1ILDP0109","ELMHURST 0.8 ESE, IL US","2019-10-11",,,,,,
"US1ILDP0109","ELMHURST 0.8 ESE, IL US","2019-10-12",,,,,,
"US1ILDP0109","ELMHURST 0.8 ESE, IL US","2019-10-13",,,,,,
"US1ILDP0109","ELMHURST 0.8 ESE, IL US","2019-10-14",,,,,,
"US1ILDP0109","ELMHURST 0.8 ESE, IL US","2019-10-15",,,,,,
"US1ILDP0109","ELMHURST 0.8 ESE, IL US","2019-10-16",,,,,,
"US1ILDP0109","ELMHURST 0.8 ESE, IL US","2019-10-17",,,,,,
"US1ILDP0109","ELMHURST 0.8 ESE, IL US","2019-10-18",,,,,,
"US1ILDP0109","ELMHURST 0.8 ESE, IL US","2019-10-19",,,,,,
"US1ILDP0109","ELMHURST 0.8 ESE, IL US","2019-10-20",,,,,,
"US1ILDP0109","ELMHURST 0.8 ESE, IL US","2019-10-21",,,,,,
"US1ILDP0109","ELMHURST 0.8 ESE, IL US","2019-10-22",,,,,,
"US1ILDP0109","ELMHURST 0.8 ESE, IL US","2019-10-23",,,,,,
"US1ILDP0109","ELMHURST 0.8 ESE, IL US","2019-10-24",,,,,,
"US1ILDP0109","ELMHURST 0.8 ESE, IL US","2019-10-25",,,,,,
"US1ILDP0109","ELMHURST 0.8 ESE, IL US","2019-10-26",,,,,,
"US1ILDP0109","ELMHURST 0.8 ESE, IL US","2019-10-27",,,,,,
"US1ILDP0109","ELMHURST 0.8 ESE, IL US","2019-10-28",,,,,,
"US1ILDP0109","ELMHURST 0.8 ESE, IL US","2019-10-29",,,,,,
"US1ILDP0109","ELMHURST 0.8 ESE, IL US","2019-10-30",,,,,,
"US1ILDP0109","ELMHURST 0.8 ESE, IL US","2019-10-31",,,,,,
"US1ILDP0109","ELMHURST 0.8 ESE, IL US","2019-11-01",,,,,,
"US1ILDP0109","ELMHURST 0.8 ESE, IL US","2019-11-02",,,,,,
"US1ILDP0109","ELMHURST 0.8 ESE, IL US","2019-11-03",,,,,,
"US1ILDP0109","ELMHURST 0.8 ESE, IL US","2019-11-04",,,,,,
"US1ILDP0109","ELMHURST 0.8 ESE, IL US","2019-11-05",,,,,,
"US1ILDP0109","ELMHURST 0.8 ESE, IL US","2019-11-06",,,,,,
"US1ILDP0109","ELMHURST 0.8 ESE, IL US","2019-11-07",,,,,,
"US1ILDP0109","ELMHURST 0.8 ESE, IL US","2019-11-08",,,,,,
"US1ILDP0109","ELMHURST 0.8 ESE, IL US","2019-11-09",,,,,,
"US1ILDP0109","ELMHURST 0.8 ESE, IL US","2019-11-10",,,,,,
"US1ILDP0109","ELMHURST 0.8 ESE, IL US","2019-11-11",,,,,,
"US1ILDP0109","ELMHURST 0.8 ESE, IL US","2019-11-12",,,,,,
"US1ILDP0109","ELMHURST 0.8 ESE, IL US","2019-11-13",,,,,,
"US1ILDP0109","ELMHURST 0.8 ESE, IL US","2019-11-14",,,,,,
"US1ILDP0109","ELMHURST 0.8 ESE, IL US","2019-11-15",,,,,,
"US1ILDP0109","ELMHURST 0.8 ESE, IL US","2019-11-16",,,,,,
"US1ILDP0109","ELMHURST 0.8 ESE, IL US","2019-11-17",,,,,,
"US1ILDP0109","ELMHURST 0.8 ESE, IL US","2019-11-18",,,,,,
"US1ILDP0109","ELMHURST 0.8 ESE, IL US","2019-11-19",,,,,,
"US1ILDP0109","ELMHURST 0.8 ESE, IL US","2019-11-20",,,,,,
"US1ILDP0109","ELMHURST 0.8 ESE, IL US","2019-11-21",,,,,,
"US1ILDP0109","ELMHURST 0.8 ESE, IL US","2019-11-22",,,,,,
"US1ILDP0109","ELMHURST 0.8 ESE, IL US","2019-11-23",,,,,,
"US1ILDP0109","ELMHURST 0.8 ESE, IL US","2019-11-24",,,,,,
"US1ILDP0109","ELMHURST 0.8 ESE, IL US","2019-11-25",,,,,,
"US1ILDP0109","ELMHURST 0.8 ESE, IL US","2019-11-26",,,,,,
"US1ILDP0109","ELMHURST 0.8 ESE, IL US","2019-11-27",,,,,,
"US1ILDP0109","ELMHURST 0.8 ESE, IL US","2019-11-28",,,,,,
"US1ILDP0109","ELMHURST 0.8 ESE, IL US","2019-11-29",,,,,,
"US1ILDP0109","ELMHURST 0.8 ESE, IL US","2019-11-30",,,,,,
"US1ILDP0109","ELMHURST 0.8 ESE, IL US","2019-12-01",,,,,,
"US1ILDP0109","ELMHURST 0.8 ESE, IL US","2019-12-02",,,,,,
"US1ILDP0109","ELMHURST 0.8 ESE, IL US","2019-12-03",,,,,,
"US1ILDP0109","ELMHURST 0.8 ESE, IL US","2019-12-04",,,,,,
"US1ILDP0109","ELMHURST 0.8 ESE, IL US","2019-12-05",,,,,,
"US1ILDP0109","ELMHURST 0.8 ESE, IL US","2019-12-06",,,,,,
"US1ILDP0109","ELMHURST 0.8 ESE, IL US","2019-12-07",,,,,,
"US1ILDP0109","ELMHURST 0.8 ESE, IL US","2019-12-08",,,,,,
"US1ILDP0109","ELMHURST 0.8 ESE, IL US","2019-12-09",,,,,,
"US1ILDP0109","ELMHURST 0.8 ESE, IL US","2019-12-10",,,,,,
"US1ILDP0109","ELMHURST 0.8 ESE, IL US","2019-12-11",,,,,,
"US1ILDP0109","ELMHURST 0.8 ESE, IL US","2019-12-12",,,,,,
"US1ILDP0109","ELMHURST 0.8 ESE, IL US","2019-12-13",,,,,,
"US1ILDP0109","ELMHURST 0.8 ESE, IL US","2019-12-14",,,,,,
"US1ILDP0109","ELMHURST 0.8 ESE, IL US","2019-12-15",,,,,,
"US1ILDP0109","ELMHURST 0.8 ESE, IL US","2019-12-16",,,,,,
"US1ILDP0109","ELMHURST 0.8 ESE, IL US","2019-12-17",,,,,,
"US1ILDP0109","ELMHURST 0.8 ESE, IL US","2019-12-18",,,,,,
"US1ILDP0109","ELMHURST 0.8 ESE, IL US","2019-12-19",,,,,,
"US1ILDP0109","ELMHURST 0.8 ESE, IL US","2019-12-20",,,,,,
"US1ILDP0109","ELMHURST 0.8 ESE, IL US","2019-12-21",,,,,,
"US1ILDP0109","ELMHURST 0.8 ESE, IL US","2019-12-22",,,,,,
"US1ILDP0109","ELMHURST 0.8 ESE, IL US","2019-12-23",,,,,,
"US1ILDP0109","ELMHURST 0.8 ESE, IL US","2019-12-24",,,,,,
"US1ILDP0109","ELMHURST 0.8 ESE, IL US","2019-12-25",,,,,,
"US1ILDP0109","ELMHURST 0.8 ESE, IL US","2019-12-26",,,,,,
"US1ILDP0109","ELMHURST 0.8 ESE, IL US","2019-12-27",,,,,,
"US1ILDP0109","ELMHURST 0.8 ESE, IL US","2019-12-28",,,,,,
"US1ILDP0109","ELMHURST 0.8 ESE, IL US","2019-12-29",,,,,,
"US1ILDP0109","ELMHURST 0.8 ESE, IL US","2019-12-30",,,,,,
"US1ILDP0109","ELMHURST 0.8 ESE, IL US","2019-12-31",,,,,,
"US1ILDP0109","ELMHURST 0.8 ESE, IL US","2020-01-01",,,,,,
"US1ILDP0109","ELMHURST 0.8 ESE, IL US","2020-01-02",,,,,,
"US1ILDP0109","ELMHURST 0.8 ESE, IL US","2020-01-03",,,,,,
"US1ILDP0109","ELMHURST 0.8 ESE, IL US","2020-01-04",,,,,,
"US1ILDP0109","ELMHURST 0.8 ESE, IL US","2020-01-05",,,,,,
"US1ILDP0109","ELMHURST 0.8 ESE, IL US","2020-01-06",,,,,,
"US1ILDP0109","ELMHURST 0.8 ESE, IL US","2020-01-07",,,,,,
"US1ILDP0109","ELMHURST 0.8 ESE, IL US","2020-01-08",,,,,,
"US1ILDP0109","ELMHURST 0.8 ESE, IL US","2020-01-09",,,,,,
"US1ILDP0109","ELMHURST 0.8 ESE, IL US","2020-01-10",,,,,,
"US1ILDP0109","ELMHURST 0.8 ESE, IL US","2020-01-11",,,,,,
"US1ILDP0109","ELMHURST 0.8 ESE, IL US","2020-01-12",,,,,,
"US1ILDP0109","ELMHURST 0.8 ESE, IL US","2020-01-13",,,,,,
"US1ILDP0109","ELMHURST 0.8 ESE, IL US","2020-01-14",,,,,,
"US1ILDP0109","ELMHURST 0.8 ESE, IL US","2020-01-15",,,,,,
"US1ILDP0109","ELMHURST 0.8 ESE, IL US","2020-01-16",,,,,,
"US1ILDP0109","ELMHURST 0.8 ESE, IL US","2020-01-17",,,,,,
"US1ILDP0109","ELMHURST 0.8 ESE, IL US","2020-01-18",,,,,,
"US1ILDP0109","ELMHURST 0.8 ESE, IL US","2020-01-19",,,,,,
"US1ILDP0109","ELMHURST 0.8 ESE, IL US","2020-01-20",,,,,,
"US1ILDP0109","ELMHURST 0.8 ESE, IL US","2020-01-21",,,,,,
"US1ILDP0109","ELMHURST 0.8 ESE, IL US","2020-01-22",,,,,,
"US1ILDP0109","ELMHURST 0.8 ESE, IL US","2020-01-23",,,,,,
"US1ILDP0109","ELMHURST 0.8 ESE, IL US","2020-01-24",,,,,,
"US1ILDP0109","ELMHURST 0.8 ESE, IL US","2020-01-25",,,,,,
"US1ILDP0109","ELMHURST 0.8 ESE, IL US","2020-01-26",,,,,,
"US1ILDP0109","ELMHURST 0.8 ESE, IL US","2020-01-27",,,,,,
"US1ILDP0109","ELMHURST 0.8 ESE, IL US","2020-01-28",,,,,,
"US1ILDP0109","ELMHURST 0.8 ESE, IL US","2020-01-29",,,,,,
"US1ILDP0109","ELMHURST 0.8 ESE, IL US","2020-01-30",,,,,,
"US1ILDP0109","ELMHURST 0.8 ESE, IL US","2020-01-31",,,,,,
"US1ILDP0109","ELMHURST 0.8 ESE, IL US","2020-02-01",,,,,,
"US1ILDP0109","ELMHURST 0.8 ESE, IL US","2020-02-02",,,,,,
"US1ILDP0109","ELMHURST 0.8 ESE, IL US","2020-02-03",,,,,,
"US1ILDP0109","ELMHURST 0.8 ESE, IL US","2020-02-04",,,,,,
"US1ILDP0109","ELMHURST 0.8 ESE, IL US","2020-02-05",,,,,,
"US1ILDP0109","ELMHURST 0.8 ESE, IL US","2020-02-06",,,,,,
"US1ILDP0109","ELMHURST 0.8 ESE, IL US","2020-02-07",,,,,,
"US1ILDP0109","ELMHURST 0.8 ESE, IL US","2020-02-08",,,,,,
"US1ILDP0109","ELMHURST 0.8 ESE, IL US","2020-02-09",,,,,,
"US1ILDP0109","ELMHURST 0.8 ESE, IL US","2020-02-10",,,,,,
"US1ILDP0109","ELMHURST 0.8 ESE, IL US","2020-02-11",,,,,,
"US1ILDP0109","ELMHURST 0.8 ESE, IL US","2020-02-12",,,,,,
"US1ILDP0109","ELMHURST 0.8 ESE, IL US","2020-02-13",,,,,,
"US1ILDP0109","ELMHURST 0.8 ESE, IL US","2020-02-14",,,,,,
"US1ILDP0109","ELMHURST 0.8 ESE, IL US","2020-02-15",,,,,,
"US1ILDP0109","ELMHURST 0.8 ESE, IL US","2020-02-16",,,,,,
"US1ILDP0109","ELMHURST 0.8 ESE, IL US","2020-02-17",,,,,,
"US1ILDP0109","ELMHURST 0.8 ESE, IL US","2020-02-18",,,,,,
"US1ILDP0109","ELMHURST 0.8 ESE, IL US","2020-02-19",,,,,,
"US1ILDP0109","ELMHURST 0.8 ESE, IL US","2020-02-20",,,,,,
"US1ILDP0109","ELMHURST 0.8 ESE, IL US","2020-02-21",,,,,,
"US1ILDP0109","ELMHURST 0.8 ESE, IL US","2020-02-22",,,,,,
"US1ILDP0109","ELMHURST 0.8 ESE, IL US","2020-02-23",,,,,,
"US1ILDP0109","ELMHURST 0.8 ESE, IL US","2020-02-24",,,,,,
"US1ILDP0109","ELMHURST 0.8 ESE, IL US","2020-02-25",,,,,,
"US1ILDP0109","ELMHURST 0.8 ESE, IL US","2020-02-26",,,,,,
"US1ILDP0109","ELMHURST 0.8 ESE, IL US","2020-02-27",,,,,,
"US1ILDP0109","ELMHURST 0.8 ESE, IL US","2020-02-28",,,,,,
"US1ILDP0109","ELMHURST 0.8 ESE, IL US","2020-02-29",,,,,,
"US1ILDP0109","ELMHURST 0.8 ESE, IL US","2020-03-01",,,,,,
"US1ILDP0109","ELMHURST 0.8 ESE, IL US","2020-03-02",,,,,,
"US1ILDP0109","ELMHURST 0.8 ESE, IL US","2020-03-03",,,,,,
"US1ILDP0109","ELMHURST 0.8 ESE, IL US","2020-03-04",,,,,,
"US1ILDP0109","ELMHURST 0.8 ESE, IL US","2020-03-05",,,,,,
"US1ILDP0109","ELMHURST 0.8 ESE, IL US","2020-03-06",,,,,,
"US1ILDP0109","ELMHURST 0.8 ESE, IL US","2020-03-07",,,,,,
"US1ILDP0109","ELMHURST 0.8 ESE, IL US","2020-03-08",,,,,,
"US1ILDP0109","ELMHURST 0.8 ESE, IL US","2020-03-09",,,,,,
"US1ILDP0109","ELMHURST 0.8 ESE, IL US","2020-03-10",,,,,,
"US1ILDP0109","ELMHURST 0.8 ESE, IL US","2020-03-11",,,,,,
"US1ILDP0109","ELMHURST 0.8 ESE, IL US","2020-03-12",,,,,,
"US1ILDP0109","ELMHURST 0.8 ESE, IL US","2020-03-13",,,,,,
"US1ILDP0109","ELMHURST 0.8 ESE, IL US","2020-03-14",,,,,,
"US1ILDP0109","ELMHURST 0.8 ESE, IL US","2020-03-15",,,,,,
"US1ILDP0109","ELMHURST 0.8 ESE, IL US","2020-03-16",,,,,,
"US1ILDP0109","ELMHURST 0.8 ESE, IL US","2020-03-17",,,,,,
"US1ILDP0109","ELMHURST 0.8 ESE, IL US","2020-03-18",,,,,,
"US1ILDP0109","ELMHURST 0.8 ESE, IL US","2020-03-19",,,,,,
"US1ILDP0109","ELMHURST 0.8 ESE, IL US","2020-03-20",,,,,,
"US1ILDP0109","ELMHURST 0.8 ESE, IL US","2020-03-21",,,,,,
"US1ILDP0109","ELMHURST 0.8 ESE, IL US","2020-03-22",,,,,,
"US1ILDP0109","ELMHURST 0.8 ESE, IL US","2020-03-23",,,,,,
"US1ILDP0109","ELMHURST 0.8 ESE, IL US","2020-03-24",,,,,,
"US1ILDP0109","ELMHURST 0.8 ESE, IL US","2020-03-25",,,,,,
"US1ILDP0109","ELMHURST 0.8 ESE, IL US","2020-03-26",,,,,,
"US1ILDP0109","ELMHURST 0.8 ESE, IL US","2020-03-27",,,,,,
"US1ILDP0109","ELMHURST 0.8 ESE, IL US","2020-03-28",,,,,,
"US1ILDP0109","ELMHURST 0.8 ESE, IL US","2020-03-29",,,,,,
"US1ILDP0109","ELMHURST 0.8 ESE, IL US","2020-03-30",,,,,,
"US1ILDP0109","ELMHURST 0.8 ESE, IL US","2020-03-31",,,,,,
"US1ILDP0109","ELMHURST 0.8 ESE, IL US","2020-04-01",,,,,,
"US1ILDP0109","ELMHURST 0.8 ESE, IL US","2020-04-02",,,,,,
"US1ILDP0109","ELMHURST 0.8 ESE, IL US","2020-04-03",,,,,,
"US1ILDP0109","ELMHURST 0.8 ESE, IL US","2020-04-04",,,,,,
"US1ILDP0109","ELMHURST 0.8 ESE, IL US","2020-04-05",,,,,,
"US1ILDP0109","ELMHURST 0.8 ESE, IL US","2020-04-06",,,,,,
"US1ILDP0109","ELMHURST 0.8 ESE, IL US","2020-04-07",,,,,,
"US1ILDP0109","ELMHURST 0.8 ESE, IL US","2020-04-08",,,,,,
"US1ILDP0109","ELMHURST 0.8 ESE, IL US","2020-04-09",,,,,,
"US1ILDP0109","ELMHURST 0.8 ESE, IL US","2020-04-10",,,,,,
"US1ILDP0109","ELMHURST 0.8 ESE, IL US","2020-04-11",,,,,,
"US1ILDP0109","ELMHURST 0.8 ESE, IL US","2020-04-12",,,,,,
"US1ILDP0109","ELMHURST 0.8 ESE, IL US","2020-04-13",,,,,,
"US1ILDP0109","ELMHURST 0.8 ESE, IL US","2020-04-14",,,,,,
"US1ILDP0109","ELMHURST 0.8 ESE, IL US","2020-04-15",,,,,,
"US1ILDP0109","ELMHURST 0.8 ESE, IL US","2020-04-16",,,,,,
"US1ILDP0109","ELMHURST 0.8 ESE, IL US","2020-04-17",,,,,,
"US1ILDP0109","ELMHURST 0.8 ESE, IL US","2020-04-18",,,,,,
"US1ILDP0109","ELMHURST 0.8 ESE, IL US","2020-04-19",,,,,,
"US1ILDP0109","ELMHURST 0.8 ESE, IL US","2020-04-20",,,,,,
"US1ILDP0109","ELMHURST 0.8 ESE, IL US","2020-04-21",,,,,,
"US1ILDP0109","ELMHURST 0.8 ESE, IL US","2020-04-22",,,,,,
"US1ILDP0109","ELMHURST 0.8 ESE, IL US","2020-04-23",,,,,,
"US1ILDP0109","ELMHURST 0.8 ESE, IL US","2020-04-24",,,,,,
"US1ILDP0109","ELMHURST 0.8 ESE, IL US","2020-04-25",,,,,,
"US1ILDP0109","ELMHURST 0.8 ESE, IL US","2020-04-26",,,,,,
"US1ILDP0109","ELMHURST 0.8 ESE, IL US","2020-04-27",,,,,,
"US1ILDP0109","ELMHURST 0.8 ESE, IL US","2020-04-28",,,,,,
"US1ILDP0109","ELMHURST 0.8 ESE, IL US","2020-04-29",,,,,,
"US1ILDP0109","ELMHURST 0.8 ESE, IL US","2020-04-30",,,,,,
"US1ILDP0109","ELMHURST 0.8 ESE, IL US","2020-05-01",,,,,,
"US1ILDP0109","ELMHURST 0.8 ESE, IL US","2020-05-02",,,,,,
"US1ILDP0109","ELMHURST 0.8 ESE, IL US","2020-05-03",,,,,,
"US1ILDP0109","ELMHURST 0.8 ESE, IL US","2020-05-04",,,,,,
"US1ILDP0109","ELMHURST 0.8 ESE, IL US","2020-05-05",,,,,,
"US1ILDP0109","ELMHURST 0.8 ESE, IL US","2020-05-06",,,,,,
"US1ILDP0109","ELMHURST 0.8 ESE, IL US","2020-05-07",,,,,,
"US1ILDP0109","ELMHURST 0.8 ESE, IL US","2020-05-08",,,,,,
"US1ILDP0109","ELMHURST 0.8 ESE, IL US","2020-05-09",,,,,,
"US1ILDP0109","ELMHURST 0.8 ESE, IL US","2020-05-10",,,,,,
"US1ILDP0109","ELMHURST 0.8 ESE, IL US","2020-05-11",,,,,,
"US1ILDP0109","ELMHURST 0.8 ESE, IL US","2020-05-12",,,,,,
"US1ILDP0109","ELMHURST 0.8 ESE, IL US","2020-05-13",,,,,,
"US1ILDP0109","ELMHURST 0.8 ESE, IL US","2020-05-14",,,,,,
"US1ILDP0109","ELMHURST 0.8 ESE, IL US","2020-05-15",,,,,,
"US1ILDP0109","ELMHURST 0.8 ESE, IL US","2020-05-16",,,,,,
"US1ILDP0109","ELMHURST 0.8 ESE, IL US","2020-05-17",,,,,,
"US1ILDP0109","ELMHURST 0.8 ESE, IL US","2020-05-18",,,,,,
"US1ILDP0109","ELMHURST 0.8 ESE, IL US","2020-05-19",,,,,,
"US1ILDP0109","ELMHURST 0.8 ESE, IL US","2020-05-20",,,,,,
"US1ILDP0109","ELMHURST 0.8 ESE, IL US","2020-05-21",,,,,,
"US1ILDP0109","ELMHURST 0.8 ESE, IL US","2020-05-22",,,,,,
"US1ILDP0109","ELMHURST 0.8 ESE, IL US","2020-05-23",,,,,,
"US1ILDP0109","ELMHURST 0.8 ESE, IL US","2020-05-24",,,,,,
"US1ILDP0109","ELMHURST 0.8 ESE, IL US","2020-05-25",,,,,,
"US1ILDP0109","ELMHURST 0.8 ESE, IL US","2020-05-26",,,,,,
"US1ILDP0109","ELMHURST 0.8 ESE, IL US","2020-05-27",,,,,,
"US1ILDP0109","ELMHURST 0.8 ESE, IL US","2020-05-28",,,,,,
"US1ILDP0109","ELMHURST 0.8 ESE, IL US","2020-05-29",,,,,,
"US1ILDP0109","ELMHURST 0.8 ESE, IL US","2020-05-30",,,,,,
"US1ILDP0109","ELMHURST 0.8 ESE, IL US","2020-05-31",,,,,,
"US1ILDP0109","ELMHURST 0.8 ESE, IL US","2020-06-01",,,,,,
"US1ILDP0109","ELMHURST 0.8 ESE, IL US","2020-06-02",,,,,,
"US1ILDP0109","ELMHURST 0.8 ESE, IL US","2020-06-03",,,,,,
"US1ILDP0109","ELMHURST 0.8 ESE, IL US","2020-06-04",,,,,,
"US1ILDP0109","ELMHURST 0.8 ESE, IL US","2020-06-05",,,,,,
"US1ILDP0109","ELMHURST 0.8 ESE, IL US","2020-06-06",,,,,,
"US1ILDP0109","ELMHURST 0.8 ESE, IL US","2020-06-07",,,,,,
"US1ILDP0109","ELMHURST 0.8 ESE, IL US","2020-06-08",,,,,,
"US1ILDP0109","ELMHURST 0.8 ESE, IL US","2020-06-09",,,,,,
"US1ILDP0109","ELMHURST 0.8 ESE, IL US","2020-06-10",,,,,,
"US1ILDP0109","ELMHURST 0.8 ESE, IL US","2020-06-11",,,,,,
"US1ILDP0109","ELMHURST 0.8 ESE, IL US","2020-06-12",,,,,,
"US1ILDP0109","ELMHURST 0.8 ESE, IL US","2020-06-13",,,,,,
"US1ILDP0109","ELMHURST 0.8 ESE, IL US","2020-06-14",,,,,,
"US1ILDP0109","ELMHURST 0.8 ESE, IL US","2020-06-15",,,,,,
"US1ILDP0109","ELMHURST 0.8 ESE, IL US","2020-06-16",,,,,,
"US1ILDP0109","ELMHURST 0.8 ESE, IL US","2020-06-17",,,,,,
"US1ILDP0109","ELMHURST 0.8 ESE, IL US","2020-06-18",,,,,,
"US1ILDP0109","ELMHURST 0.8 ESE, IL US","2020-06-19",,,,,,
"US1ILDP0109","ELMHURST 0.8 ESE, IL US","2020-06-20",,,,,,
"US1ILDP0109","ELMHURST 0.8 ESE, IL US","2020-06-21",,,,,,
"US1ILDP0109","ELMHURST 0.8 ESE, IL US","2020-06-22",,,,,,
"US1ILDP0109","ELMHURST 0.8 ESE, IL US","2020-06-23",,,,,,
"US1ILDP0109","ELMHURST 0.8 ESE, IL US","2020-06-24",,,,,,
"US1ILDP0109","ELMHURST 0.8 ESE, IL US","2020-06-25",,,,,,
"US1ILDP0109","ELMHURST 0.8 ESE, IL US","2020-06-26",,,,,,
"US1ILDP0109","ELMHURST 0.8 ESE, IL US","2020-06-27",,,,,,
"US1ILDP0109","ELMHURST 0.8 ESE, IL US","2020-06-28",,,,,,
"US1ILDP0109","ELMHURST 0.8 ESE, IL US","2020-06-29",,,,,,
"US1ILDP0109","ELMHURST 0.8 ESE, IL US","2020-06-30",,,,,,
"US1ILDP0109","ELMHURST 0.8 ESE, IL US","2020-07-01",,,,,,
"US1ILDP0109","ELMHURST 0.8 ESE, IL US","2020-07-02",,,,,,
"US1ILDP0109","ELMHURST 0.8 ESE, IL US","2020-07-03",,,,,,
"US1ILDP0109","ELMHURST 0.8 ESE, IL US","2020-07-04",,,,,,
"US1ILDP0109","ELMHURST 0.8 ESE, IL US","2020-07-05",,,,,,
"US1ILDP0109","ELMHURST 0.8 ESE, IL US","2020-07-06",,,,,,
"US1ILDP0109","ELMHURST 0.8 ESE, IL US","2020-07-07",,,,,,
"US1ILDP0109","ELMHURST 0.8 ESE, IL US","2020-07-08",,,,,,
"US1ILDP0109","ELMHURST 0.8 ESE, IL US","2020-07-09",,,,,,
"US1ILDP0109","ELMHURST 0.8 ESE, IL US","2020-07-10",,,,,,
"US1ILDP0109","ELMHURST 0.8 ESE, IL US","2020-07-11",,,,,,
"US1ILDP0109","ELMHURST 0.8 ESE, IL US","2020-07-12",,,,,,
"US1ILDP0109","ELMHURST 0.8 ESE, IL US","2020-07-13",,,,,,
"US1ILDP0109","ELMHURST 0.8 ESE, IL US","2020-07-14",,,,,,
"US1ILDP0109","ELMHURST 0.8 ESE, IL US","2020-07-15",,,,,,
"US1ILDP0109","ELMHURST 0.8 ESE, IL US","2020-07-16",,,,,,
"US1ILDP0109","ELMHURST 0.8 ESE, IL US","2020-07-17",,,,,,
"US1ILDP0109","ELMHURST 0.8 ESE, IL US","2020-07-18",,,,,,
"US1ILDP0109","ELMHURST 0.8 ESE, IL US","2020-07-19",,,,,,
"US1ILDP0109","ELMHURST 0.8 ESE, IL US","2020-07-20",,,,,,
"US1ILDP0109","ELMHURST 0.8 ESE, IL US","2020-07-21",,,,,,
"US1ILDP0109","ELMHURST 0.8 ESE, IL US","2020-07-22",,,,,,
"US1ILDP0109","ELMHURST 0.8 ESE, IL US","2020-07-23",,,,,,
"US1ILDP0109","ELMHURST 0.8 ESE, IL US","2020-07-24",,,,,,
"US1ILDP0109","ELMHURST 0.8 ESE, IL US","2020-07-25",,,,,,
"US1ILDP0109","ELMHURST 0.8 ESE, IL US","2020-07-26",,,,,,
"US1ILDP0109","ELMHURST 0.8 ESE, IL US","2020-07-27",,,,,,
"US1ILDP0109","ELMHURST 0.8 ESE, IL US","2020-07-28",,,,,,
"US1ILDP0109","ELMHURST 0.8 ESE, IL US","2020-07-29",,,,,,
"US1ILDP0109","ELMHURST 0.8 ESE, IL US","2020-07-30",,,,,,
"US1ILDP0109","ELMHURST 0.8 ESE, IL US","2020-07-31",,,,,,
"US1ILDP0109","ELMHURST 0.8 ESE, IL US","2020-08-01",,,,,,
"US1ILDP0109","ELMHURST 0.8 ESE, IL US","2020-08-02",,,,,,
"US1ILDP0109","ELMHURST 0.8 ESE, IL US","2020-08-03",,,,,,
"US1ILDP0109","ELMHURST 0.8 ESE, IL US","2020-08-04",,,,,,
"US1ILDP0109","ELMHURST 0.8 ESE, IL US","2020-08-05",,,,,,
"US1ILDP0109","ELMHURST 0.8 ESE, IL US","2020-08-06",,,,,,
"US1ILDP0109","ELMHURST 0.8 ESE, IL US","2020-08-07",,,,,,
"US1ILDP0109","ELMHURST 0.8 ESE, IL US","2020-08-08",,,,,,
"US1ILDP0109","ELMHURST 0.8 ESE, IL US","2020-08-09",,,,,,
"US1ILDP0109","ELMHURST 0.8 ESE, IL US","2020-08-10",,,,,,
"US1ILDP0109","ELMHURST 0.8 ESE, IL US","2020-08-11",,,,,,
"US1ILDP0109","ELMHURST 0.8 ESE, IL US","2020-08-12",,,,,,
"US1ILDP0109","ELMHURST 0.8 ESE, IL US","2020-08-13",,,,,,
"US1ILDP0109","ELMHURST 0.8 ESE, IL US","2020-08-14",,,,,,
"US1ILDP0109","ELMHURST 0.8 ESE, IL US","2020-08-15",,,,,,
"US1ILDP0109","ELMHURST 0.8 ESE, IL US","2020-08-16",,,,,,
"US1ILDP0109","ELMHURST 0.8 ESE, IL US","2020-08-17",,,,,,
"US1ILDP0109","ELMHURST 0.8 ESE, IL US","2020-08-18",,,,,,
"US1ILDP0109","ELMHURST 0.8 ESE, IL US","2020-08-19",,,,,,
"US1ILDP0109","ELMHURST 0.8 ESE, IL US","2020-08-20",,,,,,
"US1ILDP0109","ELMHURST 0.8 ESE, IL US","2020-08-21",,,,,,
"US1ILDP0109","ELMHURST 0.8 ESE, IL US","2020-08-22",,,,,,
"US1ILDP0109","ELMHURST 0.8 ESE, IL US","2020-08-23",,,,,,
"US1ILDP0109","ELMHURST 0.8 ESE, IL US","2020-08-24",,,,,,
"US1ILDP0109","ELMHURST 0.8 ESE, IL US","2020-08-25",,,,,,
"US1ILDP0109","ELMHURST 0.8 ESE, IL US","2020-08-26",,,,,,
"US1ILDP0109","ELMHURST 0.8 ESE, IL US","2020-08-27",,,,,,
"US1ILDP0109","ELMHURST 0.8 ESE, IL US","2020-08-28",,,,,,
"US1ILDP0109","ELMHURST 0.8 ESE, IL US","2020-08-29",,,,,,
"US1ILDP0109","ELMHURST 0.8 ESE, IL US","2020-08-30",,,,,,
"US1ILDP0109","ELMHURST 0.8 ESE, IL US","2020-08-31",,,,,,
"US1ILDP0109","ELMHURST 0.8 ESE, IL US","2020-09-01",,,,,,
"US1ILDP0109","ELMHURST 0.8 ESE, IL US","2020-09-02",,,,,,
"US1ILDP0109","ELMHURST 0.8 ESE, IL US","2020-09-03",,,,,,
"US1ILDP0109","ELMHURST 0.8 ESE, IL US","2020-09-04",,,,,,
"US1ILDP0109","ELMHURST 0.8 ESE, IL US","2020-09-05",,,,,,
"US1ILDP0109","ELMHURST 0.8 ESE, IL US","2020-09-06",,,,,,
"US1ILDP0109","ELMHURST 0.8 ESE, IL US","2020-09-07",,,,,,
"US1ILDP0109","ELMHURST 0.8 ESE, IL US","2020-09-08",,,,,,
"US1ILWL0063","NEW LENOX 1.8 SE, IL US","2019-10-06",,,,,,
"US1ILWL0063","NEW LENOX 1.8 SE, IL US","2019-10-07",,,,,,
"US1ILWL0063","NEW LENOX 1.8 SE, IL US","2019-10-08",,,,,,
"US1ILWL0063","NEW LENOX 1.8 SE, IL US","2019-10-09",,,,,,
"US1ILWL0063","NEW LENOX 1.8 SE, IL US","2019-10-10",,,,,,
"US1ILWL0063","NEW LENOX 1.8 SE, IL US","2019-10-11",,,,,,
"US1ILWL0063","NEW LENOX 1.8 SE, IL US","2019-10-12",,,,,,
"US1ILWL0063","NEW LENOX 1.8 SE, IL US","2019-10-13",,,,,,
"US1ILWL0063","NEW LENOX 1.8 SE, IL US","2019-10-14",,,,,,
"US1ILWL0063","NEW LENOX 1.8 SE, IL US","2019-10-15",,,,,,
"US1ILWL0063","NEW LENOX 1.8 SE, IL US","2019-10-16",,,,,,
"US1ILWL0063","NEW LENOX 1.8 SE, IL US","2019-10-17",,,,,,
"US1ILWL0063","NEW LENOX 1.8 SE, IL US","2019-10-18",,,,,,
"US1ILWL0063","NEW LENOX 1.8 SE, IL US","2019-10-19",,,,,,
"US1ILWL0063","NEW LENOX 1.8 SE, IL US","2019-10-20",,,,,,
"US1ILWL0063","NEW LENOX 1.8 SE, IL US","2019-10-21",,,,,,
"US1ILWL0063","NEW LENOX 1.8 SE, IL US","2019-10-22",,,,,,
"US1ILWL0063","NEW LENOX 1.8 SE, IL US","2019-10-23",,,,,,
"US1ILWL0063","NEW LENOX 1.8 SE, IL US","2019-10-24",,,,,,
"US1ILWL0063","NEW LENOX 1.8 SE, IL US","2019-10-25",,,,,,
"US1ILWL0063","NEW LENOX 1.8 SE, IL US","2019-10-26",,,,,,
"US1ILWL0063","NEW LENOX 1.8 SE, IL US","2019-10-27",,,,,,
"US1ILWL0063","NEW LENOX 1.8 SE, IL US","2019-10-28",,,,,,
"US1ILWL0063","NEW LENOX 1.8 SE, IL US","2019-10-29",,,,,,
"US1ILWL0063","NEW LENOX 1.8 SE, IL US","2019-10-30",,,,,,
"US1ILWL0063","NEW LENOX 1.8 SE, IL US","2019-10-31",,,,,,
"US1ILWL0063","NEW LENOX 1.8 SE, IL US","2019-11-01",,,,,,
"US1ILWL0063","NEW LENOX 1.8 SE, IL US","2019-11-02",,,,,,
"US1ILWL0063","NEW LENOX 1.8 SE, IL US","2019-11-03",,,,,,
"US1ILWL0063","NEW LENOX 1.8 SE, IL US","2019-11-04",,,,,,
"US1ILWL0063","NEW LENOX 1.8 SE, IL US","2019-11-05",,,,,,
"US1ILWL0063","NEW LENOX 1.8 SE, IL US","2019-11-06",,,,,,
"US1ILWL0063","NEW LENOX 1.8 SE, IL US","2019-11-07",,,,,,
"US1ILWL0063","NEW LENOX 1.8 SE, IL US","2019-11-08",,,,,,
"US1ILWL0063","NEW LENOX 1.8 SE, IL US","2019-11-09",,,,,,
"US1ILWL0063","NEW LENOX 1.8 SE, IL US","2019-11-10",,,,,,
"US1ILWL0063","NEW LENOX 1.8 SE, IL US","2019-11-11",,,,,,
"US1ILWL0063","NEW LENOX 1.8 SE, IL US","2019-11-12",,,,,,
"US1ILWL0063","NEW LENOX 1.8 SE, IL US","2019-11-13",,,,,,
"US1ILWL0063","NEW LENOX 1.8 SE, IL US","2019-11-14",,,,,,
"US1ILWL0063","NEW LENOX 1.8 SE, IL US","2019-11-15",,,,,,
"US1ILWL0063","NEW LENOX 1.8 SE, IL US","2019-11-16",,,,,,
"US1ILWL0063","NEW LENOX 1.8 SE, IL US","2019-11-17",,,,,,
"US1ILWL0063","NEW LENOX 1.8 SE, IL US","2019-11-18",,,,,,
"US1ILWL0063","NEW LENOX 1.8 SE, IL US","2019-11-19",,,,,,
"US1ILWL0063","NEW LENOX 1.8 SE, IL US","2019-11-20",,,,,,
"US1ILWL0063","NEW LENOX 1.8 SE, IL US","2019-11-21",,,,,,
"US1ILWL0063","NEW LENOX 1.8 SE, IL US","2019-11-22",,,,,,
"US1ILWL0063","NEW LENOX 1.8 SE, IL US","2019-11-23",,,,,,
"US1ILWL0063","NEW LENOX 1.8 SE, IL US","2019-11-24",,,,,,
"US1ILWL0063","NEW LENOX 1.8 SE, IL US","2019-11-25",,,,,,
"US1ILWL0063","NEW LENOX 1.8 SE, IL US","2019-11-26",,,,,,
"US1ILWL0063","NEW LENOX 1.8 SE, IL US","2019-11-27",,,,,,
"US1ILWL0063","NEW LENOX 1.8 SE, IL US","2019-11-28",,,,,,
"US1ILWL0063","NEW LENOX 1.8 SE, IL US","2019-11-29",,,,,,
"US1ILWL0063","NEW LENOX 1.8 SE, IL US","2019-11-30",,,,,,
"US1ILWL0063","NEW LENOX 1.8 SE, IL US","2019-12-01",,,,,,
"US1ILWL0063","NEW LENOX 1.8 SE, IL US","2019-12-02",,,,,,
"US1ILWL0063","NEW LENOX 1.8 SE, IL US","2019-12-03",,,,,,
"US1ILWL0063","NEW LENOX 1.8 SE, IL US","2019-12-04",,,,,,
"US1ILWL0063","NEW LENOX 1.8 SE, IL US","2019-12-05",,,,,,
"US1ILWL0063","NEW LENOX 1.8 SE, IL US","2019-12-06",,,,,,
"US1ILWL0063","NEW LENOX 1.8 SE, IL US","2019-12-07",,,,,,
"US1ILWL0063","NEW LENOX 1.8 SE, IL US","2019-12-08",,,,,,
"US1ILWL0063","NEW LENOX 1.8 SE, IL US","2019-12-09",,,,,,
"US1ILWL0063","NEW LENOX 1.8 SE, IL US","2019-12-10",,,,,,
"US1ILWL0063","NEW LENOX 1.8 SE, IL US","2019-12-11",,,,,,
"US1ILWL0063","NEW LENOX 1.8 SE, IL US","2019-12-12",,,,,,
"US1ILWL0063","NEW LENOX 1.8 SE, IL US","2019-12-13",,,,,,
"US1ILWL0063","NEW LENOX 1.8 SE, IL US","2019-12-14",,,,,,
"US1ILWL0063","NEW LENOX 1.8 SE, IL US","2019-12-15",,,,,,
"US1ILWL0063","NEW LENOX 1.8 SE, IL US","2019-12-16",,,,,,
"US1ILWL0063","NEW LENOX 1.8 SE, IL US","2019-12-17",,,,,,
"US1ILWL0063","NEW LENOX 1.8 SE, IL US","2019-12-18",,,,,,
"US1ILWL0063","NEW LENOX 1.8 SE, IL US","2019-12-19",,,,,,
"US1ILWL0063","NEW LENOX 1.8 SE, IL US","2019-12-20",,,,,,
"US1ILWL0063","NEW LENOX 1.8 SE, IL US","2019-12-21",,,,,,
"US1ILWL0063","NEW LENOX 1.8 SE, IL US","2019-12-22",,,,,,
"US1ILWL0063","NEW LENOX 1.8 SE, IL US","2019-12-23",,,,,,
"US1ILWL0063","NEW LENOX 1.8 SE, IL US","2019-12-24",,,,,,
"US1ILWL0063","NEW LENOX 1.8 SE, IL US","2019-12-25",,,,,,
"US1ILWL0063","NEW LENOX 1.8 SE, IL US","2019-12-26",,,,,,
"US1ILWL0063","NEW LENOX 1.8 SE, IL US","2019-12-27",,,,,,
"US1ILWL0063","NEW LENOX 1.8 SE, IL US","2019-12-28",,,,,,
"US1ILWL0063","NEW LENOX 1.8 SE, IL US","2019-12-29",,,,,,
"US1ILWL0063","NEW LENOX 1.8 SE, IL US","2019-12-30",,,,,,
"US1ILWL0063","NEW LENOX 1.8 SE, IL US","2019-12-31",,,,,,
"US1ILWL0063","NEW LENOX 1.8 SE, IL US","2020-01-01",,,,,,
"US1ILWL0063","NEW LENOX 1.8 SE, IL US","2020-01-02",,,,,,
"US1ILWL0063","NEW LENOX 1.8 SE, IL US","2020-01-03",,,,,,
"US1ILWL0063","NEW LENOX 1.8 SE, IL US","2020-01-04",,,,,,
"US1ILWL0063","NEW LENOX 1.8 SE, IL US","2020-01-05",,,,,,
"US1ILWL0063","NEW LENOX 1.8 SE, IL US","2020-01-06",,,,,,
"US1ILWL0063","NEW LENOX 1.8 SE, IL US","2020-01-07",,,,,,
"US1ILWL0063","NEW LENOX 1.8 SE, IL US","2020-01-08",,,,,,
"US1ILWL0063","NEW LENOX 1.8 SE, IL US","2020-01-09",,,,,,
"US1ILWL0063","NEW LENOX 1.8 SE, IL US","2020-01-10",,,,,,
"US1ILWL0063","NEW LENOX 1.8 SE, IL US","2020-01-11",,,,,,
"US1ILWL0063","NEW LENOX 1.8 SE, IL US","2020-01-12",,,,,,
"US1ILWL0063","NEW LENOX 1.8 SE, IL US","2020-01-13",,,,,,
"US1ILWL0063","NEW LENOX 1.8 SE, IL US","2020-01-14",,,,,,
"US1ILWL0063","NEW LENOX 1.8 SE, IL US","2020-01-15",,,,,,
"US1ILWL0063","NEW LENOX 1.8 SE, IL US","2020-01-16",,,,,,
"US1ILWL0063","NEW LENOX 1.8 SE, IL US","2020-01-17",,,,,,
"US1ILWL0063","NEW LENOX 1.8 SE, IL US","2020-01-18",,,,,,
"US1ILWL0063","NEW LENOX 1.8 SE, IL US","2020-01-19",,,,,,
"US1ILWL0063","NEW LENOX 1.8 SE, IL US","2020-01-20",,,,,,
"US1ILWL0063","NEW LENOX 1.8 SE, IL US","2020-01-21",,,,,,
"US1ILWL0063","NEW LENOX 1.8 SE, IL US","2020-01-22",,,,,,
"US1ILWL0063","NEW LENOX 1.8 SE, IL US","2020-01-23",,,,,,
"US1ILWL0063","NEW LENOX 1.8 SE, IL US","2020-01-24",,,,,,
"US1ILWL0063","NEW LENOX 1.8 SE, IL US","2020-01-25",,,,,,
"US1ILWL0063","NEW LENOX 1.8 SE, IL US","2020-01-26",,,,,,
"US1ILWL0063","NEW LENOX 1.8 SE, IL US","2020-01-27",,,,,,
"US1ILWL0063","NEW LENOX 1.8 SE, IL US","2020-01-28",,,,,,
"US1ILWL0063","NEW LENOX 1.8 SE, IL US","2020-01-29",,,,,,
"US1ILWL0063","NEW LENOX 1.8 SE, IL US","2020-01-30",,,,,,
"US1ILWL0063","NEW LENOX 1.8 SE, IL US","2020-01-31",,,,,,
"US1ILWL0063","NEW LENOX 1.8 SE, IL US","2020-02-01",,,,,,
"US1ILWL0063","NEW LENOX 1.8 SE, IL US","2020-02-02",,,,,,
"US1ILWL0063","NEW LENOX 1.8 SE, IL US","2020-02-03",,,,,,
"US1ILWL0063","NEW LENOX 1.8 SE, IL US","2020-02-04",,,,,,
"US1ILWL0063","NEW LENOX 1.8 SE, IL US","2020-02-05",,,,,,
"US1ILWL0063","NEW LENOX 1.8 SE, IL US","2020-02-06",,,,,,
"US1ILWL0063","NEW LENOX 1.8 SE, IL US","2020-02-07",,,,,,
"US1ILWL0063","NEW LENOX 1.8 SE, IL US","2020-02-08",,,,,,
"US1ILWL0063","NEW LENOX 1.8 SE, IL US","2020-02-09",,,,,,
"US1ILWL0063","NEW LENOX 1.8 SE, IL US","2020-02-10",,,,,,
"US1ILWL0063","NEW LENOX 1.8 SE, IL US","2020-02-11",,,,,,
"US1ILWL0063","NEW LENOX 1.8 SE, IL US","2020-02-12",,,,,,
"US1ILWL0063","NEW LENOX 1.8 SE, IL US","2020-02-13",,,,,,
"US1ILWL0063","NEW LENOX 1.8 SE, IL US","2020-02-14",,,,,,
"US1ILWL0063","NEW LENOX 1.8 SE, IL US","2020-02-15",,,,,,
"US1ILWL0063","NEW LENOX 1.8 SE, IL US","2020-02-16",,,,,,
"US1ILWL0063","NEW LENOX 1.8 SE, IL US","2020-02-17",,,,,,
"US1ILWL0063","NEW LENOX 1.8 SE, IL US","2020-02-18",,,,,,
"US1ILWL0063","NEW LENOX 1.8 SE, IL US","2020-02-19",,,,,,
"US1ILWL0063","NEW LENOX 1.8 SE, IL US","2020-02-20",,,,,,
"US1ILWL0063","NEW LENOX 1.8 SE, IL US","2020-02-21",,,,,,
"US1ILWL0063","NEW LENOX 1.8 SE, IL US","2020-02-22",,,,,,
"US1ILWL0063","NEW LENOX 1.8 SE, IL US","2020-02-23",,,,,,
"US1ILWL0063","NEW LENOX 1.8 SE, IL US","2020-02-24",,,,,,
"US1ILWL0063","NEW LENOX 1.8 SE, IL US","2020-02-25",,,,,,
"US1ILWL0063","NEW LENOX 1.8 SE, IL US","2020-02-26",,,,,,
"US1ILWL0063","NEW LENOX 1.8 SE, IL US","2020-02-27",,,,,,
"US1ILWL0063","NEW LENOX 1.8 SE, IL US","2020-02-28",,,,,,
"US1ILWL0063","NEW LENOX 1.8 SE, IL US","2020-02-29",,,,,,
"US1ILWL0063","NEW LENOX 1.8 SE, IL US","2020-03-01",,,,,,
"US1ILWL0063","NEW LENOX 1.8 SE, IL US","2020-03-02",,,,,,
"US1ILWL0063","NEW LENOX 1.8 SE, IL US","2020-03-03",,,,,,
"US1ILWL0063","NEW LENOX 1.8 SE, IL US","2020-03-04",,,,,,
"US1ILWL0063","NEW LENOX 1.8 SE, IL US","2020-03-05",,,,,,
"US1ILWL0063","NEW LENOX 1.8 SE, IL US","2020-03-06",,,,,,
"US1ILWL0063","NEW LENOX 1.8 SE, IL US","2020-03-07",,,,,,
"US1ILWL0063","NEW LENOX 1.8 SE, IL US","2020-03-08",,,,,,
"US1ILWL0063","NEW LENOX 1.8 SE, IL US","2020-03-09",,,,,,
"US1ILWL0063","NEW LENOX 1.8 SE, IL US","2020-03-10",,,,,,
"US1ILWL0063","NEW LENOX 1.8 SE, IL US","2020-03-11",,,,,,
"US1ILWL0063","NEW LENOX 1.8 SE, IL US","2020-03-12",,,,,,
"US1ILWL0063","NEW LENOX 1.8 SE, IL US","2020-03-13",,,,,,
"US1ILWL0063","NEW LENOX 1.8 SE, IL US","2020-03-14",,,,,,
"US1ILWL0063","NEW LENOX 1.8 SE, IL US","2020-03-15",,,,,,
"US1ILWL0063","NEW LENOX 1.8 SE, IL US","2020-03-16",,,,,,
"US1ILWL0063","NEW LENOX 1.8 SE, IL US","2020-03-17",,,,,,
"US1ILWL0063","NEW LENOX 1.8 SE, IL US","2020-03-18",,,,,,
"US1ILWL0063","NEW LENOX 1.8 SE, IL US","2020-03-19",,,,,,
"US1ILWL0063","NEW LENOX 1.8 SE, IL US","2020-03-20",,,,,,
"US1ILWL0063","NEW LENOX 1.8 SE, IL US","2020-03-21",,,,,,
"US1ILWL0063","NEW LENOX 1.8 SE, IL US","2020-03-22",,,,,,
"US1ILWL0063","NEW LENOX 1.8 SE, IL US","2020-03-23",,,,,,
"US1ILWL0063","NEW LENOX 1.8 SE, IL US","2020-03-24",,,,,,
"US1ILWL0063","NEW LENOX 1.8 SE, IL US","2020-03-25",,,,,,
"US1ILWL0063","NEW LENOX 1.8 SE, IL US","2020-03-26",,,,,,
"US1ILWL0063","NEW LENOX 1.8 SE, IL US","2020-03-27",,,,,,
"US1ILWL0063","NEW LENOX 1.8 SE, IL US","2020-03-28",,,,,,
"US1ILWL0063","NEW LENOX 1.8 SE, IL US","2020-03-29",,,,,,
"US1ILWL0063","NEW LENOX 1.8 SE, IL US","2020-03-30",,,,,,
"US1ILWL0063","NEW LENOX 1.8 SE, IL US","2020-03-31",,,,,,
"US1ILWL0063","NEW LENOX 1.8 SE, IL US","2020-04-01",,,,,,
"US1ILWL0063","NEW LENOX 1.8 SE, IL US","2020-04-02",,,,,,
"US1ILWL0063","NEW LENOX 1.8 SE, IL US","2020-04-03",,,,,,
"US1ILWL0063","NEW LENOX 1.8 SE, IL US","2020-04-04",,,,,,
"US1ILWL0063","NEW LENOX 1.8 SE, IL US","2020-04-05",,,,,,
"US1ILWL0063","NEW LENOX 1.8 SE, IL US","2020-04-06",,,,,,
"US1ILWL0063","NEW LENOX 1.8 SE, IL US","2020-04-07",,,,,,
"US1ILWL0063","NEW LENOX 1.8 SE, IL US","2020-04-08",,,,,,
"US1ILWL0063","NEW LENOX 1.8 SE, IL US","2020-04-09",,,,,,
"US1ILWL0063","NEW LENOX 1.8 SE, IL US","2020-04-10",,,,,,
"US1ILWL0063","NEW LENOX 1.8 SE, IL US","2020-04-11",,,,,,
"US1ILWL0063","NEW LENOX 1.8 SE, IL US","2020-04-12",,,,,,
"US1ILWL0063","NEW LENOX 1.8 SE, IL US","2020-04-13",,,,,,
"US1ILWL0063","NEW LENOX 1.8 SE, IL US","2020-04-14",,,,,,
"US1ILWL0063","NEW LENOX 1.8 SE, IL US","2020-04-15",,,,,,
"US1ILWL0063","NEW LENOX 1.8 SE, IL US","2020-04-16",,,,,,
"US1ILWL0063","NEW LENOX 1.8 SE, IL US","2020-04-17",,,,,,
"US1ILWL0063","NEW LENOX 1.8 SE, IL US","2020-04-18",,,,,,
"US1ILWL0063","NEW LENOX 1.8 SE, IL US","2020-04-19",,,,,,
"US1ILWL0063","NEW LENOX 1.8 SE, IL US","2020-04-20",,,,,,
"US1ILWL0063","NEW LENOX 1.8 SE, IL US","2020-04-21",,,,,,
"US1ILWL0063","NEW LENOX 1.8 SE, IL US","2020-04-22",,,,,,
"US1ILWL0063","NEW LENOX 1.8 SE, IL US","2020-04-23",,,,,,
"US1ILWL0063","NEW LENOX 1.8 SE, IL US","2020-04-24",,,,,,
"US1ILWL0063","NEW LENOX 1.8 SE, IL US","2020-04-25",,,,,,
"US1ILWL0063","NEW LENOX 1.8 SE, IL US","2020-04-26",,,,,,
"US1ILWL0063","NEW LENOX 1.8 SE, IL US","2020-04-27",,,,,,
"US1ILWL0063","NEW LENOX 1.8 SE, IL US","2020-04-28",,,,,,
"US1ILWL0063","NEW LENOX 1.8 SE, IL US","2020-04-29",,,,,,
"US1ILWL0063","NEW LENOX 1.8 SE, IL US","2020-04-30",,,,,,
"US1ILWL0063","NEW LENOX 1.8 SE, IL US","2020-05-01",,,,,,
"US1ILWL0063","NEW LENOX 1.8 SE, IL US","2020-05-02",,,,,,
"US1ILWL0063","NEW LENOX 1.8 SE, IL US","2020-05-03",,,,,,
"US1ILWL0063","NEW LENOX 1.8 SE, IL US","2020-05-04",,,,,,
"US1ILWL0063","NEW LENOX 1.8 SE, IL US","2020-05-05",,,,,,
"US1ILWL0063","NEW LENOX 1.8 SE, IL US","2020-05-06",,,,,,
"US1ILWL0063","NEW LENOX 1.8 SE, IL US","2020-05-07",,,,,,
"US1ILWL0063","NEW LENOX 1.8 SE, IL US","2020-05-08",,,,,,
"US1ILWL0063","NEW LENOX 1.8 SE, IL US","2020-05-09",,,,,,
"US1ILWL0063","NEW LENOX 1.8 SE, IL US","2020-05-10",,,,,,
"US1ILWL0063","NEW LENOX 1.8 SE, IL US","2020-05-11",,,,,,
"US1ILWL0063","NEW LENOX 1.8 SE, IL US","2020-05-12",,,,,,
"US1ILWL0063","NEW LENOX 1.8 SE, IL US","2020-05-13",,,,,,
"US1ILWL0063","NEW LENOX 1.8 SE, IL US","2020-05-14",,,,,,
"US1ILWL0063","NEW LENOX 1.8 SE, IL US","2020-05-15",,,,,,
"US1ILWL0063","NEW LENOX 1.8 SE, IL US","2020-05-16",,,,,,
"US1ILWL0063","NEW LENOX 1.8 SE, IL US","2020-05-17",,,,,,
"US1ILWL0063","NEW LENOX 1.8 SE, IL US","2020-05-18",,,,,,
"US1ILWL0063","NEW LENOX 1.8 SE, IL US","2020-05-19",,,,,,
"US1ILWL0063","NEW LENOX 1.8 SE, IL US","2020-05-20",,,,,,
"US1ILWL0063","NEW LENOX 1.8 SE, IL US","2020-05-21",,,,,,
"US1ILWL0063","NEW LENOX 1.8 SE, IL US","2020-05-22",,,,,,
"US1ILWL0063","NEW LENOX 1.8 SE, IL US","2020-05-23",,,,,,
"US1ILWL0063","NEW LENOX 1.8 SE, IL US","2020-05-24",,,,,,
"US1ILWL0063","NEW LENOX 1.8 SE, IL US","2020-05-25",,,,,,
"US1ILWL0063","NEW LENOX 1.8 SE, IL US","2020-05-26",,,,,,
"US1ILWL0063","NEW LENOX 1.8 SE, IL US","2020-05-27",,,,,,
"US1ILWL0063","NEW LENOX 1.8 SE, IL US","2020-05-28",,,,,,
"US1ILWL0063","NEW LENOX 1.8 SE, IL US","2020-05-29",,,,,,
"US1ILWL0063","NEW LENOX 1.8 SE, IL US","2020-05-30",,,,,,
"US1ILWL0063","NEW LENOX 1.8 SE, IL US","2020-05-31",,,,,,
"US1ILWL0063","NEW LENOX 1.8 SE, IL US","2020-06-01",,,,,,
"US1ILWL0063","NEW LENOX 1.8 SE, IL US","2020-06-02",,,,,,
"US1ILWL0063","NEW LENOX 1.8 SE, IL US","2020-06-03",,,,,,
"US1ILWL0063","NEW LENOX 1.8 SE, IL US","2020-06-04",,,,,,
"US1ILWL0063","NEW LENOX 1.8 SE, IL US","2020-06-05",,,,,,
"US1ILWL0063","NEW LENOX 1.8 SE, IL US","2020-06-06",,,,,,
"US1ILWL0063","NEW LENOX 1.8 SE, IL US","2020-06-07",,,,,,
"US1ILWL0063","NEW LENOX 1.8 SE, IL US","2020-06-08",,,,,,
"US1ILWL0063","NEW LENOX 1.8 SE, IL US","2020-06-09",,,,,,
"US1ILWL0063","NEW LENOX 1.8 SE, IL US","2020-06-10",,,,,,
"US1ILWL0063","NEW LENOX 1.8 SE, IL US","2020-06-11",,,,,,
"US1ILWL0063","NEW LENOX 1.8 SE, IL US","2020-06-12",,,,,,
"US1ILWL0063","NEW LENOX 1.8 SE, IL US","2020-06-13",,,,,,
"US1ILWL0063","NEW LENOX 1.8 SE, IL US","2020-06-14",,,,,,
"US1ILWL0063","NEW LENOX 1.8 SE, IL US","2020-06-15",,,,,,
"US1ILWL0063","NEW LENOX 1.8 SE, IL US","2020-06-16",,,,,,
"US1ILWL0063","NEW LENOX 1.8 SE, IL US","2020-06-17",,,,,,
"US1ILWL0063","NEW LENOX 1.8 SE, IL US","2020-06-18",,,,,,
"US1ILWL0063","NEW LENOX 1.8 SE, IL US","2020-06-19",,,,,,
"US1ILWL0063","NEW LENOX 1.8 SE, IL US","2020-06-20",,,,,,
"US1ILWL0063","NEW LENOX 1.8 SE, IL US","2020-06-21",,,,,,
"US1ILWL0063","NEW LENOX 1.8 SE, IL US","2020-06-22",,,,,,
"US1ILWL0063","NEW LENOX 1.8 SE, IL US","2020-06-23",,,,,,
"US1ILWL0063","NEW LENOX 1.8 SE, IL US","2020-06-24",,,,,,
"US1ILWL0063","NEW LENOX 1.8 SE, IL US","2020-06-25",,,,,,
"US1ILWL0063","NEW LENOX 1.8 SE, IL US","2020-06-26",,,,,,
"US1ILWL0063","NEW LENOX 1.8 SE, IL US","2020-06-27",,,,,,
"US1ILWL0063","NEW LENOX 1.8 SE, IL US","2020-06-28",,,,,,
"US1ILWL0063","NEW LENOX 1.8 SE, IL US","2020-06-29",,,,,,
"US1ILWL0063","NEW LENOX 1.8 SE, IL US","2020-06-30",,,,,,
"US1ILWL0063","NEW LENOX 1.8 SE, IL US","2020-07-01",,,,,,
"US1ILWL0063","NEW LENOX 1.8 SE, IL US","2020-07-02",,,,,,
"US1ILWL0063","NEW LENOX 1.8 SE, IL US","2020-07-03",,,,,,
"US1ILWL0063","NEW LENOX 1.8 SE, IL US","2020-07-04",,,,,,
"US1ILWL0063","NEW LENOX 1.8 SE, IL US","2020-07-05",,,,,,
"US1ILWL0063","NEW LENOX 1.8 SE, IL US","2020-07-06",,,,,,
"US1ILWL0063","NEW LENOX 1.8 SE, IL US","2020-07-07",,,,,,
"US1ILWL0063","NEW LENOX 1.8 SE, IL US","2020-07-08",,,,,,
"US1ILWL0063","NEW LENOX 1.8 SE, IL US","2020-07-09",,,,,,
"US1ILWL0063","NEW LENOX 1.8 SE, IL US","2020-07-10",,,,,,
"US1ILWL0063","NEW LENOX 1.8 SE, IL US","2020-07-11",,,,,,
"US1ILWL0063","NEW LENOX 1.8 SE, IL US","2020-07-12",,,,,,
"US1ILWL0063","NEW LENOX 1.8 SE, IL US","2020-07-13",,,,,,
"US1ILWL0063","NEW LENOX 1.8 SE, IL US","2020-07-14",,,,,,
"US1ILWL0063","NEW LENOX 1.8 SE, IL US","2020-07-15",,,,,,
"US1ILWL0063","NEW LENOX 1.8 SE, IL US","2020-07-16",,,,,,
"US1ILWL0063","NEW LENOX 1.8 SE, IL US","2020-07-17",,,,,,
"US1ILWL0063","NEW LENOX 1.8 SE, IL US","2020-07-18",,,,,,
"US1ILWL0063","NEW LENOX 1.8 SE, IL US","2020-07-19",,,,,,
"US1ILWL0063","NEW LENOX 1.8 SE, IL US","2020-07-20",,,,,,
"US1ILWL0063","NEW LENOX 1.8 SE, IL US","2020-07-21",,,,,,
"US1ILWL0063","NEW LENOX 1.8 SE, IL US","2020-07-22",,,,,,
"US1ILWL0063","NEW LENOX 1.8 SE, IL US","2020-07-23",,,,,,
"US1ILWL0063","NEW LENOX 1.8 SE, IL US","2020-07-24",,,,,,
"US1ILWL0063","NEW LENOX 1.8 SE, IL US","2020-07-25",,,,,,
"US1ILWL0063","NEW LENOX 1.8 SE, IL US","2020-07-26",,,,,,
"US1ILWL0063","NEW LENOX 1.8 SE, IL US","2020-07-27",,,,,,
"US1ILWL0063","NEW LENOX 1.8 SE, IL US","2020-07-28",,,,,,
"US1ILWL0063","NEW LENOX 1.8 SE, IL US","2020-07-29",,,,,,
"US1ILWL0063","NEW LENOX 1.8 SE, IL US","2020-07-30",,,,,,
"US1ILWL0063","NEW LENOX 1.8 SE, IL US","2020-07-31",,,,,,
"US1ILWL0063","NEW LENOX 1.8 SE, IL US","2020-08-01",,,,,,
"US1ILWL0063","NEW LENOX 1.8 SE, IL US","2020-08-02",,,,,,
"US1ILWL0063","NEW LENOX 1.8 SE, IL US","2020-08-03",,,,,,
"US1ILWL0063","NEW LENOX 1.8 SE, IL US","2020-08-04",,,,,,
"US1ILWL0063","NEW LENOX 1.8 SE, IL US","2020-08-05",,,,,,
"US1ILWL0063","NEW LENOX 1.8 SE, IL US","2020-08-06",,,,,,
"US1ILWL0063","NEW LENOX 1.8 SE, IL US","2020-08-07",,,,,,
"US1ILWL0063","NEW LENOX 1.8 SE, IL US","2020-08-08",,,,,,
"US1ILWL0063","NEW LENOX 1.8 SE, IL US","2020-08-09",,,,,,
"US1ILWL0063","NEW LENOX 1.8 SE, IL US","2020-08-10",,,,,,
"US1ILWL0063","NEW LENOX 1.8 SE, IL US","2020-08-11",,,,,,
"US1ILWL0063","NEW LENOX 1.8 SE, IL US","2020-08-12",,,,,,
"US1ILWL0063","NEW LENOX 1.8 SE, IL US","2020-08-13",,,,,,
"US1ILWL0063","NEW LENOX 1.8 SE, IL US","2020-08-14",,,,,,
"US1ILWL0063","NEW LENOX 1.8 SE, IL US","2020-08-15",,,,,,
"US1ILWL0063","NEW LENOX 1.8 SE, IL US","2020-08-16",,,,,,
"US1ILWL0063","NEW LENOX 1.8 SE, IL US","2020-08-17",,,,,,
"US1ILWL0063","NEW LENOX 1.8 SE, IL US","2020-08-18",,,,,,
"US1ILWL0063","NEW LENOX 1.8 SE, IL US","2020-08-19",,,,,,
"US1ILWL0063","NEW LENOX 1.8 SE, IL US","2020-08-20",,,,,,
"US1ILWL0063","NEW LENOX 1.8 SE, IL US","2020-08-21",,,,,,
"US1ILWL0063","NEW LENOX 1.8 SE, IL US","2020-08-22",,,,,,
"US1ILWL0063","NEW LENOX 1.8 SE, IL US","2020-08-23",,,,,,
"US1ILWL0063","NEW LENOX 1.8 SE, IL US","2020-08-24",,,,,,
"US1ILWL0063","NEW LENOX 1.8 SE, IL US","2020-08-25",,,,,,
"US1ILWL0063","NEW LENOX 1.8 SE, IL US","2020-08-26",,,,,,
"US1ILWL0063","NEW LENOX 1.8 SE, IL US","2020-08-27",,,,,,
"US1ILWL0063","NEW LENOX 1.8 SE, IL US","2020-08-28",,,,,,
"US1ILWL0063","NEW LENOX 1.8 SE, IL US","2020-08-29",,,,,,
"US1ILWL0063","NEW LENOX 1.8 SE, IL US","2020-08-30",,,,,,
"US1ILWL0063","NEW LENOX 1.8 SE, IL US","2020-08-31",,,,,,
"US1ILWL0063","NEW LENOX 1.8 SE, IL US","2020-09-01",,,,,,
"US1ILWL0063","NEW LENOX 1.8 SE, IL US","2020-09-02",,,,,,
"US1ILWL0063","NEW LENOX 1.8 SE, IL US","2020-09-03",,,,,,
"US1ILWL0063","NEW LENOX 1.8 SE, IL US","2020-09-04",,,,,,
"US1ILWL0063","NEW LENOX 1.8 SE, IL US","2020-09-05",,,,,,
"US1ILWL0063","NEW LENOX 1.8 SE, IL US","2020-09-06",,,,,,
"US1ILWL0063","NEW LENOX 1.8 SE, IL US","2020-09-07",,,,,,
"US1ILWL0063","NEW LENOX 1.8 SE, IL US","2020-09-08",,,,,,
"US1INLK0059","W9MAL MERRILLVILLE 2.0 NNW, IN US","2020-01-15",,,,,,
"US1INLK0059","W9MAL MERRILLVILLE 2.0 NNW, IN US","2020-01-16",,,,,,
"US1INLK0059","W9MAL MERRILLVILLE 2.0 NNW, IN US","2020-01-17",,,,,,
"US1INLK0059","W9MAL MERRILLVILLE 2.0 NNW, IN US","2020-01-18",,,,,,
"US1INLK0059","W9MAL MERRILLVILLE 2.0 NNW, IN US","2020-01-19",,,,,,
"US1INLK0059","W9MAL MERRILLVILLE 2.0 NNW, IN US","2020-01-20",,,,,,
"US1INLK0059","W9MAL MERRILLVILLE 2.0 NNW, IN US","2020-01-21",,,,,,
"US1INLK0059","W9MAL MERRILLVILLE 2.0 NNW, IN US","2020-01-22",,,,,,
"US1INLK0059","W9MAL MERRILLVILLE 2.0 NNW, IN US","2020-01-23",,,,,,
"US1INLK0059","W9MAL MERRILLVILLE 2.0 NNW, IN US","2020-01-24",,,,,,
"US1INLK0059","W9MAL MERRILLVILLE 2.0 NNW, IN US","2020-01-25",,,,,,
"US1INLK0059","W9MAL MERRILLVILLE 2.0 NNW, IN US","2020-01-26",,,,,,
"US1INLK0059","W9MAL MERRILLVILLE 2.0 NNW, IN US","2020-01-27",,,,,,
"US1INLK0059","W9MAL MERRILLVILLE 2.0 NNW, IN US","2020-01-28",,,,,,
"US1INLK0059","W9MAL MERRILLVILLE 2.0 NNW, IN US","2020-01-29",,,,,,
"US1INLK0059","W9MAL MERRILLVILLE 2.0 NNW, IN US","2020-01-30",,,,,,
"US1INLK0059","W9MAL MERRILLVILLE 2.0 NNW, IN US","2020-01-31",,,,,,
"US1INLK0059","W9MAL MERRILLVILLE 2.0 NNW, IN US","2020-02-01",,,,,,
"US1INLK0059","W9MAL MERRILLVILLE 2.0 NNW, IN US","2020-02-02",,,,,,
"US1INLK0059","W9MAL MERRILLVILLE 2.0 NNW, IN US","2020-02-03",,,,,,
"US1INLK0059","W9MAL MERRILLVILLE 2.0 NNW, IN US","2020-02-04",,,,,,
"US1INLK0059","W9MAL MERRILLVILLE 2.0 NNW, IN US","2020-02-05",,,,,,
"US1INLK0059","W9MAL MERRILLVILLE 2.0 NNW, IN US","2020-02-06",,,,,,
"US1INLK0059","W9MAL MERRILLVILLE 2.0 NNW, IN US","2020-02-07",,,,,,
"US1INLK0059","W9MAL MERRILLVILLE 2.0 NNW, IN US","2020-02-08",,,,,,
"US1INLK0059","W9MAL MERRILLVILLE 2.0 NNW, IN US","2020-02-09",,,,,,
"US1INLK0059","W9MAL MERRILLVILLE 2.0 NNW, IN US","2020-02-10",,,,,,
"US1INLK0059","W9MAL MERRILLVILLE 2.0 NNW, IN US","2020-02-12",,,,,,
"US1INLK0059","W9MAL MERRILLVILLE 2.0 NNW, IN US","2020-02-13",,,,,,
"US1INLK0059","W9MAL MERRILLVILLE 2.0 NNW, IN US","2020-02-14",,,,,,
"US1INLK0059","W9MAL MERRILLVILLE 2.0 NNW, IN US","2020-02-15",,,,,,
"US1INLK0059","W9MAL MERRILLVILLE 2.0 NNW, IN US","2020-02-17",,,,,,
"US1INLK0059","W9MAL MERRILLVILLE 2.0 NNW, IN US","2020-02-18",,,,,,
"US1INLK0059","W9MAL MERRILLVILLE 2.0 NNW, IN US","2020-02-19",,,,,,
"US1INLK0059","W9MAL MERRILLVILLE 2.0 NNW, IN US","2020-02-20",,,,,,
"US1INLK0059","W9MAL MERRILLVILLE 2.0 NNW, IN US","2020-02-25",,,,,,
"US1INLK0059","W9MAL MERRILLVILLE 2.0 NNW, IN US","2020-02-26",,,,,,
"US1INLK0059","W9MAL MERRILLVILLE 2.0 NNW, IN US","2020-02-27",,,,,,
"US1INLK0059","W9MAL MERRILLVILLE 2.0 NNW, IN US","2020-02-29",,,,,,
"US1INLK0059","W9MAL MERRILLVILLE 2.0 NNW, IN US","2020-03-01",,,,,,
"US1INLK0059","W9MAL MERRILLVILLE 2.0 NNW, IN US","2020-03-04",,,,,,
"US1INLK0059","W9MAL MERRILLVILLE 2.0 NNW, IN US","2020-03-09",,,,,,
"US1INLK0059","W9MAL MERRILLVILLE 2.0 NNW, IN US","2020-03-10",,,,,,
"US1INLK0059","W9MAL MERRILLVILLE 2.0 NNW, IN US","2020-03-11",,,,,,
"US1INLK0059","W9MAL MERRILLVILLE 2.0 NNW, IN US","2020-03-15",,,,,,
"US1INLK0059","W9MAL MERRILLVILLE 2.0 NNW, IN US","2020-03-17",,,,,,
"US1INLK0059","W9MAL MERRILLVILLE 2.0 NNW, IN US","2020-03-19",,,,,,
"US1INLK0059","W9MAL MERRILLVILLE 2.0 NNW, IN US","2020-03-20",,,,,,
"US1INLK0059","W9MAL MERRILLVILLE 2.0 NNW, IN US","2020-03-23",,,,,,
"US1INLK0059","W9MAL MERRILLVILLE 2.0 NNW, IN US","2020-03-27",,,,,,
"US1INLK0059","W9MAL MERRILLVILLE 2.0 NNW, IN US","2020-03-28",,,,,,
"US1INLK0059","W9MAL MERRILLVILLE 2.0 NNW, IN US","2020-03-29",,,,,,
"US1INLK0059","W9MAL MERRILLVILLE 2.0 NNW, IN US","2020-03-30",,,,,,
"US1INLK0059","W9MAL MERRILLVILLE 2.0 NNW, IN US","2020-04-04",,,,,,
"US1INLK0059","W9MAL MERRILLVILLE 2.0 NNW, IN US","2020-04-05",,,,,,
"US1INLK0059","W9MAL MERRILLVILLE 2.0 NNW, IN US","2020-04-07",,,,,,
"US1INLK0059","W9MAL MERRILLVILLE 2.0 NNW, IN US","2020-04-08",,,,,,
"US1INLK0059","W9MAL MERRILLVILLE 2.0 NNW, IN US","2020-04-09",,,,,,
"US1INLK0059","W9MAL MERRILLVILLE 2.0 NNW, IN US","2020-04-12",,,,,,
"US1INLK0059","W9MAL MERRILLVILLE 2.0 NNW, IN US","2020-04-13",,,,,,
"US1INLK0059","W9MAL MERRILLVILLE 2.0 NNW, IN US","2020-04-15",,,,,,
"US1INLK0059","W9MAL MERRILLVILLE 2.0 NNW, IN US","2020-04-16",,,,,,
"US1INLK0059","W9MAL MERRILLVILLE 2.0 NNW, IN US","2020-04-17",,,,,,
"US1INLK0059","W9MAL MERRILLVILLE 2.0 NNW, IN US","2020-04-18",,,,,,
"US1INLK0059","W9MAL MERRILLVILLE 2.0 NNW, IN US","2020-04-21",,,,,,
"US1INLK0059","W9MAL MERRILLVILLE 2.0 NNW, IN US","2020-04-22",,,,,,
"US1INLK0059","W9MAL MERRILLVILLE 2.0 NNW, IN US","2020-04-23",,,,,,
"US1INLK0059","W9MAL MERRILLVILLE 2.0 NNW, IN US","2020-04-24",,,,,,
"US1INLK0059","W9MAL MERRILLVILLE 2.0 NNW, IN US","2020-04-25",,,,,,
"US1INLK0059","W9MAL MERRILLVILLE 2.0 NNW, IN US","2020-04-26",,,,,,
"US1INLK0059","W9MAL MERRILLVILLE 2.0 NNW, IN US","2020-04-28",,,,,,
"US1INLK0059","W9MAL MERRILLVILLE 2.0 NNW, IN US","2020-04-29",,,,,,
"US1INLK0059","W9MAL MERRILLVILLE 2.0 NNW, IN US","2020-04-30",,,,,,
"US1INLK0059","W9MAL MERRILLVILLE 2.0 NNW, IN US","2020-05-01",,,,,,
"US1INLK0059","W9MAL MERRILLVILLE 2.0 NNW, IN US","2020-05-05",,,,,,
"US1INLK0059","W9MAL MERRILLVILLE 2.0 NNW, IN US","2020-05-06",,,,,,
"US1ILCK0253","MIDLOTHIAN 0.1 SSE, IL US","2019-10-01",,,,,,
"US1ILCK0253","MIDLOTHIAN 0.1 SSE, IL US","2019-10-02",,,,,,
"US1ILCK0253","MIDLOTHIAN 0.1 SSE, IL US","2019-10-03",,,,,,
"US1ILCK0253","MIDLOTHIAN 0.1 SSE, IL US","2019-10-04",,,,,,
"US1ILCK0253","MIDLOTHIAN 0.1 SSE, IL US","2019-10-09",,,,,,
"US1ILCK0253","MIDLOTHIAN 0.1 SSE, IL US","2019-10-10",,,,,,
"US1ILCK0253","MIDLOTHIAN 0.1 SSE, IL US","2019-10-11",,,,,,
"US1ILCK0253","MIDLOTHIAN 0.1 SSE, IL US","2019-10-12",,,,,,
"US1ILCK0253","MIDLOTHIAN 0.1 SSE, IL US","2019-10-14",,,,,,
"US1ILCK0253","MIDLOTHIAN 0.1 SSE, IL US","2019-10-15",,,,,,
"US1ILCK0253","MIDLOTHIAN 0.1 SSE, IL US","2019-10-16",,,,,,
"US1ILCK0253","MIDLOTHIAN 0.1 SSE, IL US","2019-10-17",,,,,,
"US1ILCK0253","MIDLOTHIAN 0.1 SSE, IL US","2019-10-18",,,,,,
"US1ILCK0253","MIDLOTHIAN 0.1 SSE, IL US","2019-10-19",,,,,,
"US1ILCK0253","MIDLOTHIAN 0.1 SSE, IL US","2019-10-20",,,,,,
"US1ILCK0253","MIDLOTHIAN 0.1 SSE, IL US","2019-10-21",,,,,,
"US1ILCK0253","MIDLOTHIAN 0.1 SSE, IL US","2019-10-22",,,,,,
"US1ILCK0253","MIDLOTHIAN 0.1 SSE, IL US","2019-10-23",,,,,,
"US1ILCK0253","MIDLOTHIAN 0.1 SSE, IL US","2019-10-24",,,,,,
"US1ILCK0253","MIDLOTHIAN 0.1 SSE, IL US","2019-10-25",,,,,,
"US1ILCK0253","MIDLOTHIAN 0.1 SSE, IL US","2019-10-26",,,,,,
"US1ILCK0253","MIDLOTHIAN 0.1 SSE, IL US","2019-10-27",,,,,,
"US1ILCK0253","MIDLOTHIAN 0.1 SSE, IL US","2019-10-28",,,,,,
"US1ILCK0253","MIDLOTHIAN 0.1 SSE, IL US","2019-10-29",,,,,,
"US1ILCK0253","MIDLOTHIAN 0.1 SSE, IL US","2019-10-30",,,,,,
"US1ILCK0253","MIDLOTHIAN 0.1 SSE, IL US","2019-10-31",,,,,,
"US1ILCK0253","MIDLOTHIAN 0.1 SSE, IL US","2019-11-01",,,,,,
"US1ILCK0253","MIDLOTHIAN 0.1 SSE, IL US","2019-11-03",,,,,,
"US1ILCK0253","MIDLOTHIAN 0.1 SSE, IL US","2019-11-04",,,,,,
"US1ILCK0253","MIDLOTHIAN 0.1 SSE, IL US","2019-11-05",,,,,,
"US1ILCK0253","MIDLOTHIAN 0.1 SSE, IL US","2019-11-06",,,,,,
"US1ILCK0253","MIDLOTHIAN 0.1 SSE, IL US","2019-11-07",,,,,,
"US1ILCK0253","MIDLOTHIAN 0.1 SSE, IL US","2019-11-08",,,,,,
"US1ILCK0253","MIDLOTHIAN 0.1 SSE, IL US","2019-11-09",,,,,,
"US1ILCK0253","MIDLOTHIAN 0.1 SSE, IL US","2019-11-10",,,,,,
"US1ILCK0253","MIDLOTHIAN 0.1 SSE, IL US","2019-11-11",,,,,,
"US1ILCK0253","MIDLOTHIAN 0.1 SSE, IL US","2019-11-13",,,,,,
"US1ILCK0253","MIDLOTHIAN 0.1 SSE, IL US","2019-11-14",,,,,,
"US1ILCK0253","MIDLOTHIAN 0.1 SSE, IL US","2019-11-15",,,,,,
"US1ILCK0253","MIDLOTHIAN 0.1 SSE, IL US","2019-11-16",,,,,,
"US1ILCK0253","MIDLOTHIAN 0.1 SSE, IL US","2019-11-17",,,,,,
"US1ILCK0253","MIDLOTHIAN 0.1 SSE, IL US","2019-11-18",,,,,,
"US1ILCK0253","MIDLOTHIAN 0.1 SSE, IL US","2019-11-19",,,,,,
"US1ILCK0253","MIDLOTHIAN 0.1 SSE, IL US","2019-11-20",,,,,,
"US1ILCK0253","MIDLOTHIAN 0.1 SSE, IL US","2019-11-21",,,,,,
"US1ILCK0253","MIDLOTHIAN 0.1 SSE, IL US","2019-11-22",,,,,,
"US1ILCK0253","MIDLOTHIAN 0.1 SSE, IL US","2019-11-23",,,,,,
"US1ILCK0253","MIDLOTHIAN 0.1 SSE, IL US","2019-11-24",,,,,,
"US1ILCK0253","MIDLOTHIAN 0.1 SSE, IL US","2019-11-25",,,,,,
"US1ILCK0253","MIDLOTHIAN 0.1 SSE, IL US","2019-11-26",,,,,,
"US1ILCK0253","MIDLOTHIAN 0.1 SSE, IL US","2019-11-27",,,,,,
"US1ILCK0253","MIDLOTHIAN 0.1 SSE, IL US","2019-11-29",,,,,,
"US1ILCK0253","MIDLOTHIAN 0.1 SSE, IL US","2019-11-30",,,,,,
"US1ILCK0253","MIDLOTHIAN 0.1 SSE, IL US","2019-12-01",,,,,,
"US1ILCK0253","MIDLOTHIAN 0.1 SSE, IL US","2019-12-02",,,,,,
"US1ILCK0253","MIDLOTHIAN 0.1 SSE, IL US","2019-12-03",,,,,,
"US1ILCK0253","MIDLOTHIAN 0.1 SSE, IL US","2019-12-04",,,,,,
"US1ILCK0253","MIDLOTHIAN 0.1 SSE, IL US","2019-12-05",,,,,,
"US1ILCK0253","MIDLOTHIAN 0.1 SSE, IL US","2019-12-06",,,,,,
"US1ILCK0253","MIDLOTHIAN 0.1 SSE, IL US","2019-12-07",,,,,,
"US1ILCK0253","MIDLOTHIAN 0.1 SSE, IL US","2019-12-08",,,,,,
"US1ILCK0253","MIDLOTHIAN 0.1 SSE, IL US","2019-12-09",,,,,,
"US1ILCK0253","MIDLOTHIAN 0.1 SSE, IL US","2019-12-10",,,,,,
"US1ILCK0253","MIDLOTHIAN 0.1 SSE, IL US","2019-12-11",,,,,,
"US1ILCK0253","MIDLOTHIAN 0.1 SSE, IL US","2019-12-12",,,,,,
"US1ILCK0253","MIDLOTHIAN 0.1 SSE, IL US","2019-12-13",,,,,,
"US1ILCK0253","MIDLOTHIAN 0.1 SSE, IL US","2019-12-14",,,,,,
"US1ILCK0253","MIDLOTHIAN 0.1 SSE, IL US","2019-12-15",,,,,,
"US1ILCK0253","MIDLOTHIAN 0.1 SSE, IL US","2019-12-16",,,,,,
"US1ILCK0253","MIDLOTHIAN 0.1 SSE, IL US","2019-12-17",,,,,,
"US1ILCK0253","MIDLOTHIAN 0.1 SSE, IL US","2019-12-18",,,,,,
"US1ILCK0253","MIDLOTHIAN 0.1 SSE, IL US","2019-12-19",,,,,,
"US1ILCK0253","MIDLOTHIAN 0.1 SSE, IL US","2019-12-20",,,,,,
"US1ILCK0253","MIDLOTHIAN 0.1 SSE, IL US","2019-12-21",,,,,,
"US1ILCK0253","MIDLOTHIAN 0.1 SSE, IL US","2019-12-22",,,,,,
"US1ILCK0253","MIDLOTHIAN 0.1 SSE, IL US","2019-12-23",,,,,,
"US1ILCK0253","MIDLOTHIAN 0.1 SSE, IL US","2019-12-24",,,,,,
"US1ILCK0253","MIDLOTHIAN 0.1 SSE, IL US","2019-12-25",,,,,,
"US1ILCK0253","MIDLOTHIAN 0.1 SSE, IL US","2019-12-26",,,,,,
"US1ILCK0253","MIDLOTHIAN 0.1 SSE, IL US","2019-12-27",,,,,,
"US1ILCK0253","MIDLOTHIAN 0.1 SSE, IL US","2019-12-28",,,,,,
"US1ILCK0253","MIDLOTHIAN 0.1 SSE, IL US","2019-12-29",,,,,,
"US1ILCK0253","MIDLOTHIAN 0.1 SSE, IL US","2019-12-30",,,,,,
"US1ILCK0253","MIDLOTHIAN 0.1 SSE, IL US","2019-12-31",,,,,,
"US1ILCK0253","MIDLOTHIAN 0.1 SSE, IL US","2020-01-01",,,,,,
"US1ILCK0253","MIDLOTHIAN 0.1 SSE, IL US","2020-01-02",,,,,,
"US1ILCK0253","MIDLOTHIAN 0.1 SSE, IL US","2020-01-03",,,,,,
"US1ILCK0253","MIDLOTHIAN 0.1 SSE, IL US","2020-01-04",,,,,,
"US1ILCK0253","MIDLOTHIAN 0.1 SSE, IL US","2020-01-05",,,,,,
"US1ILCK0253","MIDLOTHIAN 0.1 SSE, IL US","2020-01-06",,,,,,
"US1ILCK0253","MIDLOTHIAN 0.1 SSE, IL US","2020-01-07",,,,,,
"US1ILCK0253","MIDLOTHIAN 0.1 SSE, IL US","2020-01-08",,,,,,
"US1ILCK0253","MIDLOTHIAN 0.1 SSE, IL US","2020-01-09",,,,,,
"US1ILCK0253","MIDLOTHIAN 0.1 SSE, IL US","2020-01-10",,,,,,
"US1ILCK0253","MIDLOTHIAN 0.1 SSE, IL US","2020-01-11",,,,,,
"US1ILCK0253","MIDLOTHIAN 0.1 SSE, IL US","2020-01-12",,,,,,
"US1ILCK0253","MIDLOTHIAN 0.1 SSE, IL US","2020-01-13",,,,,,
"US1ILCK0253","MIDLOTHIAN 0.1 SSE, IL US","2020-01-14",,,,,,
"US1ILCK0253","MIDLOTHIAN 0.1 SSE, IL US","2020-01-15",,,,,,
"US1ILCK0253","MIDLOTHIAN 0.1 SSE, IL US","2020-01-16",,,,,,
"US1ILCK0253","MIDLOTHIAN 0.1 SSE, IL US","2020-01-17",,,,,,
"US1ILCK0253","MIDLOTHIAN 0.1 SSE, IL US","2020-01-18",,,,,,
"US1ILCK0253","MIDLOTHIAN 0.1 SSE, IL US","2020-01-19",,,,,,
"US1ILCK0253","MIDLOTHIAN 0.1 SSE, IL US","2020-01-21",,,,,,
"US1ILCK0253","MIDLOTHIAN 0.1 SSE, IL US","2020-01-22",,,,,,
"US1ILCK0253","MIDLOTHIAN 0.1 SSE, IL US","2020-01-23",,,,,,
"US1ILCK0253","MIDLOTHIAN 0.1 SSE, IL US","2020-01-24",,,,,,
"US1ILCK0253","MIDLOTHIAN 0.1 SSE, IL US","2020-01-25",,,,,,
"US1ILCK0253","MIDLOTHIAN 0.1 SSE, IL US","2020-01-26",,,,,,
"US1ILCK0253","MIDLOTHIAN 0.1 SSE, IL US","2020-01-27",,,,,,
"US1ILCK0253","MIDLOTHIAN 0.1 SSE, IL US","2020-01-28",,,,,,
"US1ILCK0253","MIDLOTHIAN 0.1 SSE, IL US","2020-01-29",,,,,,
"US1ILCK0253","MIDLOTHIAN 0.1 SSE, IL US","2020-01-30",,,,,,
"US1ILCK0253","MIDLOTHIAN 0.1 SSE, IL US","2020-01-31",,,,,,
"US1ILCK0253","MIDLOTHIAN 0.1 SSE, IL US","2020-02-01",,,,,,
"US1ILCK0253","MIDLOTHIAN 0.1 SSE, IL US","2020-02-02",,,,,,
"US1ILCK0253","MIDLOTHIAN 0.1 SSE, IL US","2020-02-03",,,,,,
"US1ILCK0253","MIDLOTHIAN 0.1 SSE, IL US","2020-02-04",,,,,,
"US1ILCK0253","MIDLOTHIAN 0.1 SSE, IL US","2020-02-05",,,,,,
"US1ILCK0253","MIDLOTHIAN 0.1 SSE, IL US","2020-02-06",,,,,,
"US1ILCK0253","MIDLOTHIAN 0.1 SSE, IL US","2020-02-07",,,,,,
"US1ILCK0253","MIDLOTHIAN 0.1 SSE, IL US","2020-02-08",,,,,,
"US1ILCK0253","MIDLOTHIAN 0.1 SSE, IL US","2020-02-09",,,,,,
"US1ILCK0253","MIDLOTHIAN 0.1 SSE, IL US","2020-02-10",,,,,,
"US1ILCK0253","MIDLOTHIAN 0.1 SSE, IL US","2020-02-11",,,,,,
"US1ILCK0253","MIDLOTHIAN 0.1 SSE, IL US","2020-02-12",,,,,,
"US1ILCK0253","MIDLOTHIAN 0.1 SSE, IL US","2020-02-13",,,,,,
"US1ILCK0253","MIDLOTHIAN 0.1 SSE, IL US","2020-02-14",,,,,,
"US1ILCK0253","MIDLOTHIAN 0.1 SSE, IL US","2020-02-15",,,,,,
"US1ILCK0253","MIDLOTHIAN 0.1 SSE, IL US","2020-02-16",,,,,,
"US1ILCK0253","MIDLOTHIAN 0.1 SSE, IL US","2020-02-17",,,,,,
"US1ILCK0253","MIDLOTHIAN 0.1 SSE, IL US","2020-02-18",,,,,,
"US1ILCK0253","MIDLOTHIAN 0.1 SSE, IL US","2020-02-19",,,,,,
"US1ILCK0253","MIDLOTHIAN 0.1 SSE, IL US","2020-02-20",,,,,,
"US1ILCK0253","MIDLOTHIAN 0.1 SSE, IL US","2020-02-21",,,,,,
"US1ILCK0253","MIDLOTHIAN 0.1 SSE, IL US","2020-02-22",,,,,,
"US1ILCK0253","MIDLOTHIAN 0.1 SSE, IL US","2020-02-23",,,,,,
"US1ILCK0253","MIDLOTHIAN 0.1 SSE, IL US","2020-02-24",,,,,,
"US1ILCK0253","MIDLOTHIAN 0.1 SSE, IL US","2020-02-25",,,,,,
"US1ILCK0253","MIDLOTHIAN 0.1 SSE, IL US","2020-02-26",,,,,,
"US1ILCK0253","MIDLOTHIAN 0.1 SSE, IL US","2020-02-27",,,,,,
"US1ILCK0253","MIDLOTHIAN 0.1 SSE, IL US","2020-02-28",,,,,,
"US1ILCK0253","MIDLOTHIAN 0.1 SSE, IL US","2020-02-29",,,,,,
"US1ILCK0253","MIDLOTHIAN 0.1 SSE, IL US","2020-03-01",,,,,,
"US1ILCK0253","MIDLOTHIAN 0.1 SSE, IL US","2020-03-02",,,,,,
"US1ILCK0253","MIDLOTHIAN 0.1 SSE, IL US","2020-03-03",,,,,,
"US1ILCK0253","MIDLOTHIAN 0.1 SSE, IL US","2020-03-04",,,,,,
"US1ILCK0253","MIDLOTHIAN 0.1 SSE, IL US","2020-03-05",,,,,,
"US1ILCK0253","MIDLOTHIAN 0.1 SSE, IL US","2020-03-06",,,,,,
"US1ILCK0253","MIDLOTHIAN 0.1 SSE, IL US","2020-03-07",,,,,,
"US1ILCK0253","MIDLOTHIAN 0.1 SSE, IL US","2020-03-08",,,,,,
"US1ILCK0253","MIDLOTHIAN 0.1 SSE, IL US","2020-03-09",,,,,,
"US1ILCK0253","MIDLOTHIAN 0.1 SSE, IL US","2020-03-10",,,,,,
"US1ILCK0253","MIDLOTHIAN 0.1 SSE, IL US","2020-03-11",,,,,,
"US1ILCK0253","MIDLOTHIAN 0.1 SSE, IL US","2020-03-12",,,,,,
"US1ILCK0253","MIDLOTHIAN 0.1 SSE, IL US","2020-03-13",,,,,,
"US1ILCK0253","MIDLOTHIAN 0.1 SSE, IL US","2020-03-14",,,,,,
"US1ILCK0253","MIDLOTHIAN 0.1 SSE, IL US","2020-03-15",,,,,,
"US1ILCK0253","MIDLOTHIAN 0.1 SSE, IL US","2020-03-16",,,,,,
"US1ILCK0253","MIDLOTHIAN 0.1 SSE, IL US","2020-03-17",,,,,,
"US1ILCK0253","MIDLOTHIAN 0.1 SSE, IL US","2020-03-18",,,,,,
"US1ILCK0253","MIDLOTHIAN 0.1 SSE, IL US","2020-03-19",,,,,,
"US1ILCK0253","MIDLOTHIAN 0.1 SSE, IL US","2020-03-20",,,,,,
"US1ILCK0253","MIDLOTHIAN 0.1 SSE, IL US","2020-03-21",,,,,,
"US1ILCK0253","MIDLOTHIAN 0.1 SSE, IL US","2020-03-22",,,,,,
"US1ILCK0253","MIDLOTHIAN 0.1 SSE, IL US","2020-03-23",,,,,,
"US1ILCK0253","MIDLOTHIAN 0.1 SSE, IL US","2020-03-24",,,,,,
"US1ILCK0253","MIDLOTHIAN 0.1 SSE, IL US","2020-03-25",,,,,,
"US1ILCK0253","MIDLOTHIAN 0.1 SSE, IL US","2020-03-26",,,,,,
"US1ILCK0253","MIDLOTHIAN 0.1 SSE, IL US","2020-03-27",,,,,,
"US1ILCK0253","MIDLOTHIAN 0.1 SSE, IL US","2020-03-28",,,,,,
"US1ILCK0253","MIDLOTHIAN 0.1 SSE, IL US","2020-03-29",,,,,,
"US1ILCK0253","MIDLOTHIAN 0.1 SSE, IL US","2020-03-30",,,,,,
"US1ILCK0253","MIDLOTHIAN 0.1 SSE, IL US","2020-03-31",,,,,,
"US1ILCK0253","MIDLOTHIAN 0.1 SSE, IL US","2020-04-01",,,,,,
"US1ILCK0253","MIDLOTHIAN 0.1 SSE, IL US","2020-04-02",,,,,,
"US1ILCK0253","MIDLOTHIAN 0.1 SSE, IL US","2020-04-03",,,,,,
"US1ILCK0253","MIDLOTHIAN 0.1 SSE, IL US","2020-04-04",,,,,,
"US1ILCK0253","MIDLOTHIAN 0.1 SSE, IL US","2020-04-05",,,,,,
"US1ILCK0253","MIDLOTHIAN 0.1 SSE, IL US","2020-04-06",,,,,,
"US1ILCK0253","MIDLOTHIAN 0.1 SSE, IL US","2020-04-07",,,,,,
"US1ILCK0253","MIDLOTHIAN 0.1 SSE, IL US","2020-04-08",,,,,,
"US1ILCK0253","MIDLOTHIAN 0.1 SSE, IL US","2020-04-09",,,,,,
"US1ILCK0253","MIDLOTHIAN 0.1 SSE, IL US","2020-04-10",,,,,,
"US1ILCK0253","MIDLOTHIAN 0.1 SSE, IL US","2020-04-11",,,,,,
"US1ILCK0253","MIDLOTHIAN 0.1 SSE, IL US","2020-04-12",,,,,,
"US1ILCK0253","MIDLOTHIAN 0.1 SSE, IL US","2020-04-13",,,,,,
"US1ILCK0253","MIDLOTHIAN 0.1 SSE, IL US","2020-04-14",,,,,,
"US1ILCK0253","MIDLOTHIAN 0.1 SSE, IL US","2020-04-15",,,,,,
"US1ILCK0253","MIDLOTHIAN 0.1 SSE, IL US","2020-04-16",,,,,,
"US1ILCK0253","MIDLOTHIAN 0.1 SSE, IL US","2020-04-17",,,,,,
"US1ILCK0253","MIDLOTHIAN 0.1 SSE, IL US","2020-04-18",,,,,,
"US1ILCK0253","MIDLOTHIAN 0.1 SSE, IL US","2020-04-19",,,,,,
"US1ILCK0253","MIDLOTHIAN 0.1 SSE, IL US","2020-04-20",,,,,,
"US1ILCK0253","MIDLOTHIAN 0.1 SSE, IL US","2020-04-21",,,,,,
"US1ILCK0253","MIDLOTHIAN 0.1 SSE, IL US","2020-04-22",,,,,,
"US1ILCK0253","MIDLOTHIAN 0.1 SSE, IL US","2020-04-23",,,,,,
"US1ILCK0253","MIDLOTHIAN 0.1 SSE, IL US","2020-04-24",,,,,,
"US1ILCK0253","MIDLOTHIAN 0.1 SSE, IL US","2020-04-25",,,,,,
"US1ILCK0253","MIDLOTHIAN 0.1 SSE, IL US","2020-04-26",,,,,,
"US1ILCK0253","MIDLOTHIAN 0.1 SSE, IL US","2020-04-27",,,,,,
"US1ILCK0253","MIDLOTHIAN 0.1 SSE, IL US","2020-04-28",,,,,,
"US1ILCK0253","MIDLOTHIAN 0.1 SSE, IL US","2020-04-29",,,,,,
"US1ILCK0253","MIDLOTHIAN 0.1 SSE, IL US","2020-04-30",,,,,,
"US1ILCK0253","MIDLOTHIAN 0.1 SSE, IL US","2020-05-01",,,,,,
"US1ILCK0253","MIDLOTHIAN 0.1 SSE, IL US","2020-05-02",,,,,,
"US1ILCK0253","MIDLOTHIAN 0.1 SSE, IL US","2020-05-04",,,,,,
"US1ILCK0253","MIDLOTHIAN 0.1 SSE, IL US","2020-05-05",,,,,,
"US1ILCK0253","MIDLOTHIAN 0.1 SSE, IL US","2020-05-06",,,,,,
"US1ILCK0253","MIDLOTHIAN 0.1 SSE, IL US","2020-05-07",,,,,,
"US1ILCK0253","MIDLOTHIAN 0.1 SSE, IL US","2020-05-08",,,,,,
"US1ILCK0253","MIDLOTHIAN 0.1 SSE, IL US","2020-05-09",,,,,,
"US1ILCK0253","MIDLOTHIAN 0.1 SSE, IL US","2020-05-10",,,,,,
"US1ILCK0253","MIDLOTHIAN 0.1 SSE, IL US","2020-05-11",,,,,,
"US1ILCK0253","MIDLOTHIAN 0.1 SSE, IL US","2020-05-12",,,,,,
"US1ILCK0253","MIDLOTHIAN 0.1 SSE, IL US","2020-05-13",,,,,,
"US1ILCK0253","MIDLOTHIAN 0.1 SSE, IL US","2020-05-14",,,,,,
"US1ILCK0253","MIDLOTHIAN 0.1 SSE, IL US","2020-05-15",,,,,,
"US1ILCK0253","MIDLOTHIAN 0.1 SSE, IL US","2020-05-16",,,,,,
"US1ILCK0253","MIDLOTHIAN 0.1 SSE, IL US","2020-05-17",,,,,,
"US1ILCK0253","MIDLOTHIAN 0.1 SSE, IL US","2020-05-18",,,,,,
"US1ILCK0253","MIDLOTHIAN 0.1 SSE, IL US","2020-05-19",,,,,,
"US1ILCK0253","MIDLOTHIAN 0.1 SSE, IL US","2020-05-20",,,,,,
"US1ILCK0253","MIDLOTHIAN 0.1 SSE, IL US","2020-05-21",,,,,,
"US1ILCK0253","MIDLOTHIAN 0.1 SSE, IL US","2020-05-26",,,,,,
"US1ILCK0253","MIDLOTHIAN 0.1 SSE, IL US","2020-05-27",,,,,,
"US1ILCK0253","MIDLOTHIAN 0.1 SSE, IL US","2020-05-28",,,,,,
"US1ILCK0253","MIDLOTHIAN 0.1 SSE, IL US","2020-05-29",,,,,,
"US1ILCK0253","MIDLOTHIAN 0.1 SSE, IL US","2020-05-30",,,,,,
"US1ILCK0253","MIDLOTHIAN 0.1 SSE, IL US","2020-06-01",,,,,,
"US1ILCK0253","MIDLOTHIAN 0.1 SSE, IL US","2020-06-02",,,,,,
"US1ILCK0253","MIDLOTHIAN 0.1 SSE, IL US","2020-06-03",,,,,,
"US1ILCK0253","MIDLOTHIAN 0.1 SSE, IL US","2020-06-04",,,,,,
"US1ILCK0253","MIDLOTHIAN 0.1 SSE, IL US","2020-06-06",,,,,,
"US1ILCK0253","MIDLOTHIAN 0.1 SSE, IL US","2020-06-07",,,,,,
"US1ILCK0253","MIDLOTHIAN 0.1 SSE, IL US","2020-06-08",,,,,,
"US1ILCK0253","MIDLOTHIAN 0.1 SSE, IL US","2020-06-09",,,,,,
"US1ILCK0253","MIDLOTHIAN 0.1 SSE, IL US","2020-06-10",,,,,,
"US1ILCK0253","MIDLOTHIAN 0.1 SSE, IL US","2020-06-11",,,,,,
"US1ILCK0253","MIDLOTHIAN 0.1 SSE, IL US","2020-06-12",,,,,,
"US1ILCK0253","MIDLOTHIAN 0.1 SSE, IL US","2020-06-13",,,,,,
"US1ILCK0253","MIDLOTHIAN 0.1 SSE, IL US","2020-06-14",,,,,,
"US1ILCK0253","MIDLOTHIAN 0.1 SSE, IL US","2020-06-15",,,,,,
"US1ILCK0253","MIDLOTHIAN 0.1 SSE, IL US","2020-06-16",,,,,,
"US1ILCK0253","MIDLOTHIAN 0.1 SSE, IL US","2020-06-17",,,,,,
"US1ILCK0253","MIDLOTHIAN 0.1 SSE, IL US","2020-06-18",,,,,,
"US1ILCK0253","MIDLOTHIAN 0.1 SSE, IL US","2020-06-19",,,,,,
"US1ILCK0253","MIDLOTHIAN 0.1 SSE, IL US","2020-06-20",,,,,,
"US1ILCK0253","MIDLOTHIAN 0.1 SSE, IL US","2020-06-21",,,,,,
"US1ILCK0253","MIDLOTHIAN 0.1 SSE, IL US","2020-06-22",,,,,,
"US1ILCK0253","MIDLOTHIAN 0.1 SSE, IL US","2020-06-23",,,,,,
"US1ILCK0253","MIDLOTHIAN 0.1 SSE, IL US","2020-06-24",,,,,,
"US1ILCK0253","MIDLOTHIAN 0.1 SSE, IL US","2020-06-25",,,,,,
"US1ILCK0253","MIDLOTHIAN 0.1 SSE, IL US","2020-06-26",,,,,,
"US1ILCK0253","MIDLOTHIAN 0.1 SSE, IL US","2020-06-27",,,,,,
"US1ILCK0253","MIDLOTHIAN 0.1 SSE, IL US","2020-06-28",,,,,,
"US1ILCK0253","MIDLOTHIAN 0.1 SSE, IL US","2020-06-29",,,,,,
"US1ILCK0253","MIDLOTHIAN 0.1 SSE, IL US","2020-06-30",,,,,,
"US1ILCK0253","MIDLOTHIAN 0.1 SSE, IL US","2020-07-01",,,,,,
"US1ILCK0253","MIDLOTHIAN 0.1 SSE, IL US","2020-07-02",,,,,,
"US1ILCK0253","MIDLOTHIAN 0.1 SSE, IL US","2020-07-03",,,,,,
"US1ILCK0253","MIDLOTHIAN 0.1 SSE, IL US","2020-07-04",,,,,,
"US1ILCK0253","MIDLOTHIAN 0.1 SSE, IL US","2020-07-05",,,,,,
"US1ILCK0253","MIDLOTHIAN 0.1 SSE, IL US","2020-07-07",,,,,,
"US1ILCK0253","MIDLOTHIAN 0.1 SSE, IL US","2020-07-08",,,,,,
"US1ILCK0253","MIDLOTHIAN 0.1 SSE, IL US","2020-07-10",,,,,,
"US1ILCK0253","MIDLOTHIAN 0.1 SSE, IL US","2020-07-11",,,,,,
"US1ILCK0253","MIDLOTHIAN 0.1 SSE, IL US","2020-07-12",,,,,,
"US1ILCK0253","MIDLOTHIAN 0.1 SSE, IL US","2020-07-13",,,,,,
"US1ILCK0253","MIDLOTHIAN 0.1 SSE, IL US","2020-07-14",,,,,,
"US1ILCK0253","MIDLOTHIAN 0.1 SSE, IL US","2020-07-15",,,,,,
"US1ILCK0253","MIDLOTHIAN 0.1 SSE, IL US","2020-07-16",,,,,,
"US1ILCK0253","MIDLOTHIAN 0.1 SSE, IL US","2020-07-17",,,,,,
"US1ILCK0253","MIDLOTHIAN 0.1 SSE, IL US","2020-07-18",,,,,,
"US1ILCK0253","MIDLOTHIAN 0.1 SSE, IL US","2020-07-19",,,,,,
"US1ILCK0253","MIDLOTHIAN 0.1 SSE, IL US","2020-07-20",,,,,,
"US1ILCK0253","MIDLOTHIAN 0.1 SSE, IL US","2020-07-21",,,,,,
"US1ILCK0253","MIDLOTHIAN 0.1 SSE, IL US","2020-07-22",,,,,,
"US1ILCK0253","MIDLOTHIAN 0.1 SSE, IL US","2020-07-23",,,,,,
"US1ILCK0253","MIDLOTHIAN 0.1 SSE, IL US","2020-07-24",,,,,,
"US1ILCK0253","MIDLOTHIAN 0.1 SSE, IL US","2020-07-26",,,,,,
"US1ILCK0253","MIDLOTHIAN 0.1 SSE, IL US","2020-07-27",,,,,,
"US1ILCK0253","MIDLOTHIAN 0.1 SSE, IL US","2020-07-28",,,,,,
"US1ILCK0253","MIDLOTHIAN 0.1 SSE, IL US","2020-07-29",,,,,,
"US1ILCK0253","MIDLOTHIAN 0.1 SSE, IL US","2020-07-30",,,,,,
"US1ILCK0253","MIDLOTHIAN 0.1 SSE, IL US","2020-08-03",,,,,,
"US1ILCK0253","MIDLOTHIAN 0.1 SSE, IL US","2020-08-04",,,,,,
"US1ILCK0253","MIDLOTHIAN 0.1 SSE, IL US","2020-08-05",,,,,,
"US1ILCK0253","MIDLOTHIAN 0.1 SSE, IL US","2020-08-06",,,,,,
"US1ILCK0253","MIDLOTHIAN 0.1 SSE, IL US","2020-08-07",,,,,,
"US1ILCK0253","MIDLOTHIAN 0.1 SSE, IL US","2020-08-08",,,,,,
"US1ILCK0253","MIDLOTHIAN 0.1 SSE, IL US","2020-08-10",,,,,,
"US1ILCK0253","MIDLOTHIAN 0.1 SSE, IL US","2020-08-11",,,,,,
"US1ILCK0253","MIDLOTHIAN 0.1 SSE, IL US","2020-08-12",,,,,,
"US1ILCK0253","MIDLOTHIAN 0.1 SSE, IL US","2020-08-13",,,,,,
"US1ILCK0253","MIDLOTHIAN 0.1 SSE, IL US","2020-08-14",,,,,,
"US1ILCK0253","MIDLOTHIAN 0.1 SSE, IL US","2020-08-15",,,,,,
"US1ILCK0253","MIDLOTHIAN 0.1 SSE, IL US","2020-08-16",,,,,,
"US1ILCK0253","MIDLOTHIAN 0.1 SSE, IL US","2020-08-17",,,,,,
"US1ILCK0253","MIDLOTHIAN 0.1 SSE, IL US","2020-08-18",,,,,,
"US1ILCK0253","MIDLOTHIAN 0.1 SSE, IL US","2020-08-19",,,,,,
"US1ILCK0253","MIDLOTHIAN 0.1 SSE, IL US","2020-08-20",,,,,,
"US1ILCK0253","MIDLOTHIAN 0.1 SSE, IL US","2020-08-21",,,,,,
"US1ILCK0253","MIDLOTHIAN 0.1 SSE, IL US","2020-08-22",,,,,,
"US1ILCK0253","MIDLOTHIAN 0.1 SSE, IL US","2020-08-23",,,,,,
"US1ILCK0253","MIDLOTHIAN 0.1 SSE, IL US","2020-08-24",,,,,,
"US1ILCK0253","MIDLOTHIAN 0.1 SSE, IL US","2020-08-25",,,,,,
"US1ILCK0253","MIDLOTHIAN 0.1 SSE, IL US","2020-08-26",,,,,,
"US1ILCK0253","MIDLOTHIAN 0.1 SSE, IL US","2020-08-27",,,,,,
"US1ILCK0253","MIDLOTHIAN 0.1 SSE, IL US","2020-08-28",,,,,,
"US1ILCK0253","MIDLOTHIAN 0.1 SSE, IL US","2020-08-29",,,,,,
"US1ILCK0253","MIDLOTHIAN 0.1 SSE, IL US","2020-08-30",,,,,,
"US1ILCK0253","MIDLOTHIAN 0.1 SSE, IL US","2020-08-31",,,,,,
"US1ILCK0253","MIDLOTHIAN 0.1 SSE, IL US","2020-09-01",,,,,,
"US1ILCK0253","MIDLOTHIAN 0.1 SSE, IL US","2020-09-02",,,,,,
"US1ILCK0253","MIDLOTHIAN 0.1 SSE, IL US","2020-09-03",,,,,,
"US1ILCK0253","MIDLOTHIAN 0.1 SSE, IL US","2020-09-04",,,,,,
"US1ILCK0253","MIDLOTHIAN 0.1 SSE, IL US","2020-09-08",,,,,,
"US1ILDP0106","DARIEN 0.9 NNE, IL US","2019-10-01",,,,,,
"US1ILDP0106","DARIEN 0.9 NNE, IL US","2019-10-02",,,,,,
"US1ILDP0106","DARIEN 0.9 NNE, IL US","2019-10-03",,,,,,
"US1ILDP0106","DARIEN 0.9 NNE, IL US","2019-10-04",,,,,,
"US1ILDP0106","DARIEN 0.9 NNE, IL US","2019-10-05",,,,,,
"US1ILDP0106","DARIEN 0.9 NNE, IL US","2019-10-06",,,,,,
"US1ILDP0106","DARIEN 0.9 NNE, IL US","2019-10-07",,,,,,
"US1ILDP0106","DARIEN 0.9 NNE, IL US","2019-10-08",,,,,,
"US1ILDP0106","DARIEN 0.9 NNE, IL US","2019-10-09",,,,,,
"US1ILDP0106","DARIEN 0.9 NNE, IL US","2019-10-10",,,,,,
"US1ILDP0106","DARIEN 0.9 NNE, IL US","2019-10-13",,,,,,
"US1ILDP0106","DARIEN 0.9 NNE, IL US","2019-10-14",,,,,,
"US1ILDP0106","DARIEN 0.9 NNE, IL US","2019-10-15",,,,,,
"US1ILDP0106","DARIEN 0.9 NNE, IL US","2019-10-16",,,,,,
"US1ILDP0106","DARIEN 0.9 NNE, IL US","2019-10-17",,,,,,
"US1ILDP0106","DARIEN 0.9 NNE, IL US","2019-10-18",,,,,,
"US1ILDP0106","DARIEN 0.9 NNE, IL US","2019-10-19",,,,,,
"US1ILDP0106","DARIEN 0.9 NNE, IL US","2019-10-20",,,,,,
"US1ILDP0106","DARIEN 0.9 NNE, IL US","2019-10-21",,,,,,
"US1ILDP0106","DARIEN 0.9 NNE, IL US","2019-10-22",,,,,,
"US1ILDP0106","DARIEN 0.9 NNE, IL US","2019-10-23",,,,,,
"US1ILDP0106","DARIEN 0.9 NNE, IL US","2019-10-24",,,,,,
"US1ILDP0106","DARIEN 0.9 NNE, IL US","2019-10-25",,,,,,
"US1ILDP0106","DARIEN 0.9 NNE, IL US","2019-10-26",,,,,,
"US1ILDP0106","DARIEN 0.9 NNE, IL US","2019-10-27",,,,,,
"US1ILDP0106","DARIEN 0.9 NNE, IL US","2019-10-28",,,,,,
"US1ILDP0106","DARIEN 0.9 NNE, IL US","2019-10-29",,,,,,
"US1ILDP0106","DARIEN 0.9 NNE, IL US","2020-07-13",,,,,,
"US1ILDP0106","DARIEN 0.9 NNE, IL US","2020-07-14",,,,,,
"US1ILDP0106","DARIEN 0.9 NNE, IL US","2020-07-15",,,,,,
"US1ILDP0106","DARIEN 0.9 NNE, IL US","2020-07-16",,,,,,
"US1ILDP0106","DARIEN 0.9 NNE, IL US","2020-07-17",,,,,,
"US1ILDP0106","DARIEN 0.9 NNE, IL US","2020-07-18",,,,,,
"US1ILDP0106","DARIEN 0.9 NNE, IL US","2020-07-20",,,,,,
"US1ILDP0106","DARIEN 0.9 NNE, IL US","2020-07-21",,,,,,
"US1ILDP0106","DARIEN 0.9 NNE, IL US","2020-07-22",,,,,,
"US1ILDP0106","DARIEN 0.9 NNE, IL US","2020-07-23",,,,,,
"US1ILDP0106","DARIEN 0.9 NNE, IL US","2020-07-24",,,,,,
"US1ILDP0106","DARIEN 0.9 NNE, IL US","2020-07-25",,,,,,
"US1ILDP0106","DARIEN 0.9 NNE, IL US","2020-07-26",,,,,,
"US1ILDP0106","DARIEN 0.9 NNE, IL US","2020-07-27",,,,,,
"US1ILDP0106","DARIEN 0.9 NNE, IL US","2020-07-28",,,,,,
"US1ILCK0012","BRIDGEVIEW 1.3 NNW, IL US","2019-10-01",,,,,,
"US1ILCK0012","BRIDGEVIEW 1.3 NNW, IL US","2019-10-02",,,,,,
"US1ILCK0012","BRIDGEVIEW 1.3 NNW, IL US","2019-10-03",,,,,,
"US1ILCK0012","BRIDGEVIEW 1.3 NNW, IL US","2019-10-04",,,,,,
"US1ILCK0012","BRIDGEVIEW 1.3 NNW, IL US","2019-10-05",,,,,,
"US1ILCK0012","BRIDGEVIEW 1.3 NNW, IL US","2019-10-06",,,,,,
"US1ILCK0012","BRIDGEVIEW 1.3 NNW, IL US","2019-10-07",,,,,,
"US1ILCK0012","BRIDGEVIEW 1.3 NNW, IL US","2019-10-08",,,,,,
"US1ILCK0012","BRIDGEVIEW 1.3 NNW, IL US","2019-10-09",,,,,,
"US1ILCK0012","BRIDGEVIEW 1.3 NNW, IL US","2019-10-10",,,,,,
"US1ILCK0012","BRIDGEVIEW 1.3 NNW, IL US","2019-10-11",,,,,,
"US1ILCK0012","BRIDGEVIEW 1.3 NNW, IL US","2019-10-12",,,,,,
"US1ILCK0012","BRIDGEVIEW 1.3 NNW, IL US","2019-10-13",,,,,,
"US1ILCK0012","BRIDGEVIEW 1.3 NNW, IL US","2019-10-14",,,,,,
"US1ILCK0012","BRIDGEVIEW 1.3 NNW, IL US","2019-10-15",,,,,,
"US1ILCK0012","BRIDGEVIEW 1.3 NNW, IL US","2019-10-16",,,,,,
"US1ILCK0012","BRIDGEVIEW 1.3 NNW, IL US","2019-10-17",,,,,,
"US1ILCK0012","BRIDGEVIEW 1.3 NNW, IL US","2019-10-18",,,,,,
"US1ILCK0012","BRIDGEVIEW 1.3 NNW, IL US","2019-10-19",,,,,,
"US1ILCK0012","BRIDGEVIEW 1.3 NNW, IL US","2019-10-20",,,,,,
"US1ILCK0012","BRIDGEVIEW 1.3 NNW, IL US","2019-10-21",,,,,,
"US1ILCK0012","BRIDGEVIEW 1.3 NNW, IL US","2019-10-22",,,,,,
"US1ILCK0012","BRIDGEVIEW 1.3 NNW, IL US","2019-10-23",,,,,,
"US1ILCK0012","BRIDGEVIEW 1.3 NNW, IL US","2019-10-24",,,,,,
"US1ILCK0012","BRIDGEVIEW 1.3 NNW, IL US","2019-10-25",,,,,,
"US1ILCK0012","BRIDGEVIEW 1.3 NNW, IL US","2019-10-26",,,,,,
"US1ILCK0012","BRIDGEVIEW 1.3 NNW, IL US","2019-10-27",,,,,,
"US1ILCK0012","BRIDGEVIEW 1.3 NNW, IL US","2019-10-28",,,,,,
"US1ILCK0012","BRIDGEVIEW 1.3 NNW, IL US","2019-10-29",,,,,,
"US1ILCK0012","BRIDGEVIEW 1.3 NNW, IL US","2019-10-30",,,,,,
"US1ILCK0012","BRIDGEVIEW 1.3 NNW, IL US","2019-10-31",,,,,,
"US1ILCK0012","BRIDGEVIEW 1.3 NNW, IL US","2019-11-01",,,,,,
"US1ILCK0012","BRIDGEVIEW 1.3 NNW, IL US","2019-11-02",,,,,,
"US1ILCK0012","BRIDGEVIEW 1.3 NNW, IL US","2019-11-03",,,,,,
"US1ILCK0012","BRIDGEVIEW 1.3 NNW, IL US","2019-11-04",,,,,,
"US1ILCK0012","BRIDGEVIEW 1.3 NNW, IL US","2019-11-05",,,,,,
"US1ILCK0012","BRIDGEVIEW 1.3 NNW, IL US","2019-11-06",,,,,,
"US1ILCK0012","BRIDGEVIEW 1.3 NNW, IL US","2019-11-07",,,,,,
"US1ILCK0012","BRIDGEVIEW 1.3 NNW, IL US","2019-11-08",,,,,,
"US1ILCK0012","BRIDGEVIEW 1.3 NNW, IL US","2019-11-09",,,,,,
"US1ILCK0012","BRIDGEVIEW 1.3 NNW, IL US","2019-11-10",,,,,,
"US1ILCK0012","BRIDGEVIEW 1.3 NNW, IL US","2019-11-11",,,,,,
"US1ILCK0012","BRIDGEVIEW 1.3 NNW, IL US","2019-11-12",,,,,,
"US1ILCK0012","BRIDGEVIEW 1.3 NNW, IL US","2019-11-13",,,,,,
"US1ILCK0012","BRIDGEVIEW 1.3 NNW, IL US","2019-11-14",,,,,,
"US1ILCK0012","BRIDGEVIEW 1.3 NNW, IL US","2019-11-15",,,,,,
"US1ILCK0012","BRIDGEVIEW 1.3 NNW, IL US","2019-11-16",,,,,,
"US1ILCK0012","BRIDGEVIEW 1.3 NNW, IL US","2019-11-17",,,,,,
"US1ILCK0012","BRIDGEVIEW 1.3 NNW, IL US","2019-11-18",,,,,,
"US1ILCK0012","BRIDGEVIEW 1.3 NNW, IL US","2019-11-19",,,,,,
"US1ILCK0012","BRIDGEVIEW 1.3 NNW, IL US","2019-11-20",,,,,,
"US1ILCK0012","BRIDGEVIEW 1.3 NNW, IL US","2019-11-21",,,,,,
"US1ILCK0012","BRIDGEVIEW 1.3 NNW, IL US","2019-11-22",,,,,,
"US1ILCK0012","BRIDGEVIEW 1.3 NNW, IL US","2019-11-23",,,,,,
"US1ILCK0012","BRIDGEVIEW 1.3 NNW, IL US","2019-11-24",,,,,,
"US1ILCK0012","BRIDGEVIEW 1.3 NNW, IL US","2019-11-25",,,,,,
"US1ILCK0012","BRIDGEVIEW 1.3 NNW, IL US","2019-11-26",,,,,,
"US1ILCK0012","BRIDGEVIEW 1.3 NNW, IL US","2019-11-27",,,,,,
"US1ILCK0012","BRIDGEVIEW 1.3 NNW, IL US","2019-11-28",,,,,,
"US1ILCK0012","BRIDGEVIEW 1.3 NNW, IL US","2019-11-29",,,,,,
"US1ILCK0012","BRIDGEVIEW 1.3 NNW, IL US","2019-11-30",,,,,,
"US1ILCK0012","BRIDGEVIEW 1.3 NNW, IL US","2019-12-01",,,,,,
"US1ILCK0012","BRIDGEVIEW 1.3 NNW, IL US","2019-12-02",,,,,,
"US1ILCK0012","BRIDGEVIEW 1.3 NNW, IL US","2019-12-03",,,,,,
"US1ILCK0012","BRIDGEVIEW 1.3 NNW, IL US","2019-12-04",,,,,,
"US1ILCK0012","BRIDGEVIEW 1.3 NNW, IL US","2019-12-05",,,,,,
"US1ILCK0012","BRIDGEVIEW 1.3 NNW, IL US","2019-12-06",,,,,,
"US1ILCK0012","BRIDGEVIEW 1.3 NNW, IL US","2019-12-07",,,,,,
"US1ILCK0012","BRIDGEVIEW 1.3 NNW, IL US","2019-12-08",,,,,,
"US1ILCK0012","BRIDGEVIEW 1.3 NNW, IL US","2019-12-09",,,,,,
"US1ILCK0012","BRIDGEVIEW 1.3 NNW, IL US","2019-12-10",,,,,,
"US1ILCK0012","BRIDGEVIEW 1.3 NNW, IL US","2019-12-11",,,,,,
"US1ILCK0012","BRIDGEVIEW 1.3 NNW, IL US","2019-12-12",,,,,,
"US1ILCK0012","BRIDGEVIEW 1.3 NNW, IL US","2019-12-13",,,,,,
"US1ILCK0012","BRIDGEVIEW 1.3 NNW, IL US","2019-12-14",,,,,,
"US1ILCK0012","BRIDGEVIEW 1.3 NNW, IL US","2019-12-15",,,,,,
"US1ILCK0012","BRIDGEVIEW 1.3 NNW, IL US","2019-12-16",,,,,,
"US1ILCK0012","BRIDGEVIEW 1.3 NNW, IL US","2019-12-17",,,,,,
"US1ILCK0012","BRIDGEVIEW 1.3 NNW, IL US","2019-12-18",,,,,,
"US1ILCK0012","BRIDGEVIEW 1.3 NNW, IL US","2019-12-19",,,,,,
"US1ILCK0012","BRIDGEVIEW 1.3 NNW, IL US","2019-12-20",,,,,,
"US1ILCK0012","BRIDGEVIEW 1.3 NNW, IL US","2019-12-21",,,,,,
"US1ILCK0012","BRIDGEVIEW 1.3 NNW, IL US","2019-12-22",,,,,,
"US1ILCK0012","BRIDGEVIEW 1.3 NNW, IL US","2019-12-23",,,,,,
"US1ILCK0012","BRIDGEVIEW 1.3 NNW, IL US","2019-12-24",,,,,,
"US1ILCK0012","BRIDGEVIEW 1.3 NNW, IL US","2019-12-25",,,,,,
"US1ILCK0012","BRIDGEVIEW 1.3 NNW, IL US","2019-12-26",,,,,,
"US1ILCK0012","BRIDGEVIEW 1.3 NNW, IL US","2019-12-27",,,,,,
"US1ILCK0012","BRIDGEVIEW 1.3 NNW, IL US","2019-12-28",,,,,,
"US1ILCK0012","BRIDGEVIEW 1.3 NNW, IL US","2019-12-29",,,,,,
"US1ILCK0012","BRIDGEVIEW 1.3 NNW, IL US","2019-12-30",,,,,,
"US1ILCK0012","BRIDGEVIEW 1.3 NNW, IL US","2019-12-31",,,,,,
"US1ILCK0012","BRIDGEVIEW 1.3 NNW, IL US","2020-01-01",,,,,,
"US1ILCK0012","BRIDGEVIEW 1.3 NNW, IL US","2020-01-02",,,,,,
"US1ILCK0012","BRIDGEVIEW 1.3 NNW, IL US","2020-01-03",,,,,,
"US1ILCK0012","BRIDGEVIEW 1.3 NNW, IL US","2020-01-04",,,,,,
"US1ILCK0012","BRIDGEVIEW 1.3 NNW, IL US","2020-01-05",,,,,,
"US1ILCK0012","BRIDGEVIEW 1.3 NNW, IL US","2020-01-06",,,,,,
"US1ILCK0012","BRIDGEVIEW 1.3 NNW, IL US","2020-01-07",,,,,,
"US1ILCK0012","BRIDGEVIEW 1.3 NNW, IL US","2020-01-08",,,,,,
"US1ILCK0012","BRIDGEVIEW 1.3 NNW, IL US","2020-01-09",,,,,,
"US1ILCK0012","BRIDGEVIEW 1.3 NNW, IL US","2020-01-10",,,,,,
"US1ILCK0012","BRIDGEVIEW 1.3 NNW, IL US","2020-01-11",,,,,,
"US1ILCK0012","BRIDGEVIEW 1.3 NNW, IL US","2020-01-12",,,,,,
"US1ILCK0012","BRIDGEVIEW 1.3 NNW, IL US","2020-01-13",,,,,,
"US1ILCK0012","BRIDGEVIEW 1.3 NNW, IL US","2020-01-14",,,,,,
"US1ILCK0012","BRIDGEVIEW 1.3 NNW, IL US","2020-01-15",,,,,,
"US1ILCK0012","BRIDGEVIEW 1.3 NNW, IL US","2020-01-16",,,,,,
"US1ILCK0012","BRIDGEVIEW 1.3 NNW, IL US","2020-01-17",,,,,,
"US1ILCK0012","BRIDGEVIEW 1.3 NNW, IL US","2020-01-18",,,,,,
"US1ILCK0012","BRIDGEVIEW 1.3 NNW, IL US","2020-01-19",,,,,,
"US1ILCK0012","BRIDGEVIEW 1.3 NNW, IL US","2020-01-20",,,,,,
"US1ILCK0012","BRIDGEVIEW 1.3 NNW, IL US","2020-01-21",,,,,,
"US1ILCK0012","BRIDGEVIEW 1.3 NNW, IL US","2020-01-22",,,,,,
"US1ILCK0012","BRIDGEVIEW 1.3 NNW, IL US","2020-01-23",,,,,,
"US1ILCK0012","BRIDGEVIEW 1.3 NNW, IL US","2020-01-24",,,,,,
"US1ILCK0012","BRIDGEVIEW 1.3 NNW, IL US","2020-01-25",,,,,,
"US1ILCK0012","BRIDGEVIEW 1.3 NNW, IL US","2020-01-26",,,,,,
"US1ILCK0012","BRIDGEVIEW 1.3 NNW, IL US","2020-01-27",,,,,,
"US1ILCK0012","BRIDGEVIEW 1.3 NNW, IL US","2020-01-28",,,,,,
"US1ILCK0012","BRIDGEVIEW 1.3 NNW, IL US","2020-01-29",,,,,,
"US1ILCK0012","BRIDGEVIEW 1.3 NNW, IL US","2020-01-30",,,,,,
"US1ILCK0012","BRIDGEVIEW 1.3 NNW, IL US","2020-01-31",,,,,,
"US1ILCK0012","BRIDGEVIEW 1.3 NNW, IL US","2020-02-01",,,,,,
"US1ILCK0012","BRIDGEVIEW 1.3 NNW, IL US","2020-02-02",,,,,,
"US1ILCK0012","BRIDGEVIEW 1.3 NNW, IL US","2020-02-03",,,,,,
"US1ILCK0012","BRIDGEVIEW 1.3 NNW, IL US","2020-02-04",,,,,,
"US1ILCK0012","BRIDGEVIEW 1.3 NNW, IL US","2020-02-05",,,,,,
"US1ILCK0012","BRIDGEVIEW 1.3 NNW, IL US","2020-02-06",,,,,,
"US1ILCK0012","BRIDGEVIEW 1.3 NNW, IL US","2020-02-07",,,,,,
"US1ILCK0012","BRIDGEVIEW 1.3 NNW, IL US","2020-02-08",,,,,,
"US1ILCK0012","BRIDGEVIEW 1.3 NNW, IL US","2020-02-09",,,,,,
"US1ILCK0012","BRIDGEVIEW 1.3 NNW, IL US","2020-02-10",,,,,,
"US1ILCK0012","BRIDGEVIEW 1.3 NNW, IL US","2020-02-11",,,,,,
"US1ILCK0012","BRIDGEVIEW 1.3 NNW, IL US","2020-02-12",,,,,,
"US1ILCK0012","BRIDGEVIEW 1.3 NNW, IL US","2020-02-13",,,,,,
"US1ILCK0012","BRIDGEVIEW 1.3 NNW, IL US","2020-02-14",,,,,,
"US1ILCK0012","BRIDGEVIEW 1.3 NNW, IL US","2020-02-15",,,,,,
"US1ILCK0012","BRIDGEVIEW 1.3 NNW, IL US","2020-02-16",,,,,,
"US1ILCK0012","BRIDGEVIEW 1.3 NNW, IL US","2020-02-17",,,,,,
"US1ILCK0012","BRIDGEVIEW 1.3 NNW, IL US","2020-02-18",,,,,,
"US1ILCK0012","BRIDGEVIEW 1.3 NNW, IL US","2020-02-19",,,,,,
"US1ILCK0012","BRIDGEVIEW 1.3 NNW, IL US","2020-02-20",,,,,,
"US1ILCK0012","BRIDGEVIEW 1.3 NNW, IL US","2020-02-21",,,,,,
"US1ILCK0012","BRIDGEVIEW 1.3 NNW, IL US","2020-02-22",,,,,,
"US1ILCK0012","BRIDGEVIEW 1.3 NNW, IL US","2020-02-23",,,,,,
"US1ILCK0012","BRIDGEVIEW 1.3 NNW, IL US","2020-02-24",,,,,,
"US1ILCK0012","BRIDGEVIEW 1.3 NNW, IL US","2020-02-25",,,,,,
"US1ILCK0012","BRIDGEVIEW 1.3 NNW, IL US","2020-02-26",,,,,,
"US1ILCK0012","BRIDGEVIEW 1.3 NNW, IL US","2020-02-27",,,,,,
"US1ILCK0012","BRIDGEVIEW 1.3 NNW, IL US","2020-02-28",,,,,,
"US1ILCK0012","BRIDGEVIEW 1.3 NNW, IL US","2020-02-29",,,,,,
"US1ILCK0012","BRIDGEVIEW 1.3 NNW, IL US","2020-03-01",,,,,,
"US1ILCK0012","BRIDGEVIEW 1.3 NNW, IL US","2020-03-02",,,,,,
"US1ILCK0012","BRIDGEVIEW 1.3 NNW, IL US","2020-03-03",,,,,,
"US1ILCK0012","BRIDGEVIEW 1.3 NNW, IL US","2020-03-04",,,,,,
"US1ILCK0012","BRIDGEVIEW 1.3 NNW, IL US","2020-03-05",,,,,,
"US1ILCK0012","BRIDGEVIEW 1.3 NNW, IL US","2020-03-06",,,,,,
"US1ILCK0012","BRIDGEVIEW 1.3 NNW, IL US","2020-03-07",,,,,,
"US1ILCK0012","BRIDGEVIEW 1.3 NNW, IL US","2020-03-08",,,,,,
"US1ILCK0012","BRIDGEVIEW 1.3 NNW, IL US","2020-03-09",,,,,,
"US1ILCK0012","BRIDGEVIEW 1.3 NNW, IL US","2020-03-10",,,,,,
"US1ILCK0012","BRIDGEVIEW 1.3 NNW, IL US","2020-03-11",,,,,,
"US1ILCK0012","BRIDGEVIEW 1.3 NNW, IL US","2020-03-12",,,,,,
"US1ILCK0012","BRIDGEVIEW 1.3 NNW, IL US","2020-03-13",,,,,,
"US1ILCK0012","BRIDGEVIEW 1.3 NNW, IL US","2020-03-14",,,,,,
"US1ILCK0012","BRIDGEVIEW 1.3 NNW, IL US","2020-03-15",,,,,,
"US1ILCK0012","BRIDGEVIEW 1.3 NNW, IL US","2020-03-16",,,,,,
"US1ILCK0012","BRIDGEVIEW 1.3 NNW, IL US","2020-03-17",,,,,,
"US1ILCK0012","BRIDGEVIEW 1.3 NNW, IL US","2020-03-18",,,,,,
"US1ILCK0012","BRIDGEVIEW 1.3 NNW, IL US","2020-03-19",,,,,,
"US1ILCK0012","BRIDGEVIEW 1.3 NNW, IL US","2020-03-20",,,,,,
"US1ILCK0012","BRIDGEVIEW 1.3 NNW, IL US","2020-03-21",,,,,,
"US1ILCK0012","BRIDGEVIEW 1.3 NNW, IL US","2020-03-22",,,,,,
"US1ILCK0012","BRIDGEVIEW 1.3 NNW, IL US","2020-03-23",,,,,,
"US1ILCK0012","BRIDGEVIEW 1.3 NNW, IL US","2020-03-24",,,,,,
"US1ILCK0012","BRIDGEVIEW 1.3 NNW, IL US","2020-03-25",,,,,,
"US1ILCK0012","BRIDGEVIEW 1.3 NNW, IL US","2020-03-26",,,,,,
"US1ILCK0012","BRIDGEVIEW 1.3 NNW, IL US","2020-03-27",,,,,,
"US1ILCK0012","BRIDGEVIEW 1.3 NNW, IL US","2020-03-28",,,,,,
"US1ILCK0012","BRIDGEVIEW 1.3 NNW, IL US","2020-03-29",,,,,,
"US1ILCK0012","BRIDGEVIEW 1.3 NNW, IL US","2020-03-30",,,,,,
"US1ILCK0012","BRIDGEVIEW 1.3 NNW, IL US","2020-03-31",,,,,,
"US1ILCK0012","BRIDGEVIEW 1.3 NNW, IL US","2020-04-01",,,,,,
"US1ILCK0012","BRIDGEVIEW 1.3 NNW, IL US","2020-04-02",,,,,,
"US1ILCK0012","BRIDGEVIEW 1.3 NNW, IL US","2020-04-03",,,,,,
"US1ILCK0012","BRIDGEVIEW 1.3 NNW, IL US","2020-04-04",,,,,,
"US1ILCK0012","BRIDGEVIEW 1.3 NNW, IL US","2020-04-05",,,,,,
"US1ILCK0012","BRIDGEVIEW 1.3 NNW, IL US","2020-04-06",,,,,,
"US1ILCK0012","BRIDGEVIEW 1.3 NNW, IL US","2020-04-07",,,,,,
"US1ILCK0012","BRIDGEVIEW 1.3 NNW, IL US","2020-04-08",,,,,,
"US1ILCK0012","BRIDGEVIEW 1.3 NNW, IL US","2020-04-09",,,,,,
"US1ILCK0012","BRIDGEVIEW 1.3 NNW, IL US","2020-04-10",,,,,,
"US1ILCK0012","BRIDGEVIEW 1.3 NNW, IL US","2020-04-11",,,,,,
"US1ILCK0012","BRIDGEVIEW 1.3 NNW, IL US","2020-04-12",,,,,,
"US1ILCK0012","BRIDGEVIEW 1.3 NNW, IL US","2020-04-13",,,,,,
"US1ILCK0012","BRIDGEVIEW 1.3 NNW, IL US","2020-04-14",,,,,,
"US1ILCK0012","BRIDGEVIEW 1.3 NNW, IL US","2020-04-15",,,,,,
"US1ILCK0012","BRIDGEVIEW 1.3 NNW, IL US","2020-04-16",,,,,,
"US1ILCK0012","BRIDGEVIEW 1.3 NNW, IL US","2020-04-17",,,,,,
"US1ILCK0012","BRIDGEVIEW 1.3 NNW, IL US","2020-04-18",,,,,,
"US1ILCK0012","BRIDGEVIEW 1.3 NNW, IL US","2020-04-19",,,,,,
"US1ILCK0012","BRIDGEVIEW 1.3 NNW, IL US","2020-04-20",,,,,,
"US1ILCK0012","BRIDGEVIEW 1.3 NNW, IL US","2020-04-21",,,,,,
"US1ILCK0012","BRIDGEVIEW 1.3 NNW, IL US","2020-04-22",,,,,,
"US1ILCK0012","BRIDGEVIEW 1.3 NNW, IL US","2020-04-23",,,,,,
"US1ILCK0012","BRIDGEVIEW 1.3 NNW, IL US","2020-04-24",,,,,,
"US1ILCK0012","BRIDGEVIEW 1.3 NNW, IL US","2020-04-25",,,,,,
"US1ILCK0012","BRIDGEVIEW 1.3 NNW, IL US","2020-04-26",,,,,,
"US1ILCK0012","BRIDGEVIEW 1.3 NNW, IL US","2020-04-27",,,,,,
"US1ILCK0012","BRIDGEVIEW 1.3 NNW, IL US","2020-04-28",,,,,,
"US1ILCK0012","BRIDGEVIEW 1.3 NNW, IL US","2020-04-29",,,,,,
"US1ILCK0012","BRIDGEVIEW 1.3 NNW, IL US","2020-04-30",,,,,,
"US1ILCK0012","BRIDGEVIEW 1.3 NNW, IL US","2020-05-01",,,,,,
"US1ILCK0012","BRIDGEVIEW 1.3 NNW, IL US","2020-05-02",,,,,,
"US1ILCK0012","BRIDGEVIEW 1.3 NNW, IL US","2020-05-03",,,,,,
"US1ILCK0012","BRIDGEVIEW 1.3 NNW, IL US","2020-05-04",,,,,,
"US1ILCK0012","BRIDGEVIEW 1.3 NNW, IL US","2020-05-05",,,,,,
"US1ILCK0012","BRIDGEVIEW 1.3 NNW, IL US","2020-05-06",,,,,,
"US1ILCK0012","BRIDGEVIEW 1.3 NNW, IL US","2020-05-07",,,,,,
"US1ILCK0012","BRIDGEVIEW 1.3 NNW, IL US","2020-05-08",,,,,,
"US1ILCK0012","BRIDGEVIEW 1.3 NNW, IL US","2020-05-09",,,,,,
"US1ILCK0012","BRIDGEVIEW 1.3 NNW, IL US","2020-05-10",,,,,,
"US1ILCK0012","BRIDGEVIEW 1.3 NNW, IL US","2020-05-11",,,,,,
"US1ILCK0012","BRIDGEVIEW 1.3 NNW, IL US","2020-05-12",,,,,,
"US1ILCK0012","BRIDGEVIEW 1.3 NNW, IL US","2020-05-13",,,,,,
"US1ILCK0012","BRIDGEVIEW 1.3 NNW, IL US","2020-05-14",,,,,,
"US1ILCK0012","BRIDGEVIEW 1.3 NNW, IL US","2020-05-15",,,,,,
"US1ILCK0012","BRIDGEVIEW 1.3 NNW, IL US","2020-05-16",,,,,,
"US1ILCK0012","BRIDGEVIEW 1.3 NNW, IL US","2020-05-17",,,,,,
"US1ILCK0012","BRIDGEVIEW 1.3 NNW, IL US","2020-05-18",,,,,,
"US1ILCK0012","BRIDGEVIEW 1.3 NNW, IL US","2020-05-19",,,,,,
"US1ILCK0012","BRIDGEVIEW 1.3 NNW, IL US","2020-05-20",,,,,,
"US1ILCK0012","BRIDGEVIEW 1.3 NNW, IL US","2020-05-21",,,,,,
"US1ILCK0012","BRIDGEVIEW 1.3 NNW, IL US","2020-05-22",,,,,,
"US1ILCK0012","BRIDGEVIEW 1.3 NNW, IL US","2020-05-23",,,,,,
"US1ILCK0012","BRIDGEVIEW 1.3 NNW, IL US","2020-05-24",,,,,,
"US1ILCK0012","BRIDGEVIEW 1.3 NNW, IL US","2020-05-25",,,,,,
"US1ILCK0012","BRIDGEVIEW 1.3 NNW, IL US","2020-05-26",,,,,,
"US1ILCK0012","BRIDGEVIEW 1.3 NNW, IL US","2020-05-27",,,,,,
"US1ILCK0012","BRIDGEVIEW 1.3 NNW, IL US","2020-05-28",,,,,,
"US1ILCK0012","BRIDGEVIEW 1.3 NNW, IL US","2020-05-29",,,,,,
"US1ILCK0012","BRIDGEVIEW 1.3 NNW, IL US","2020-05-30",,,,,,
"US1ILCK0012","BRIDGEVIEW 1.3 NNW, IL US","2020-05-31",,,,,,
"US1ILCK0012","BRIDGEVIEW 1.3 NNW, IL US","2020-06-01",,,,,,
"US1ILCK0012","BRIDGEVIEW 1.3 NNW, IL US","2020-06-02",,,,,,
"US1ILCK0012","BRIDGEVIEW 1.3 NNW, IL US","2020-06-03",,,,,,
"US1ILCK0012","BRIDGEVIEW 1.3 NNW, IL US","2020-06-04",,,,,,
"US1ILCK0012","BRIDGEVIEW 1.3 NNW, IL US","2020-06-05",,,,,,
"US1ILCK0012","BRIDGEVIEW 1.3 NNW, IL US","2020-06-06",,,,,,
"US1ILCK0012","BRIDGEVIEW 1.3 NNW, IL US","2020-06-07",,,,,,
"US1ILCK0012","BRIDGEVIEW 1.3 NNW, IL US","2020-06-08",,,,,,
"US1ILCK0012","BRIDGEVIEW 1.3 NNW, IL US","2020-06-09",,,,,,
"US1ILCK0012","BRIDGEVIEW 1.3 NNW, IL US","2020-06-10",,,,,,
"US1ILCK0012","BRIDGEVIEW 1.3 NNW, IL US","2020-06-11",,,,,,
"US1ILCK0012","BRIDGEVIEW 1.3 NNW, IL US","2020-06-12",,,,,,
"US1ILCK0012","BRIDGEVIEW 1.3 NNW, IL US","2020-06-13",,,,,,
"US1ILCK0012","BRIDGEVIEW 1.3 NNW, IL US","2020-06-14",,,,,,
"US1ILCK0012","BRIDGEVIEW 1.3 NNW, IL US","2020-06-15",,,,,,
"US1ILCK0012","BRIDGEVIEW 1.3 NNW, IL US","2020-06-16",,,,,,
"US1ILCK0012","BRIDGEVIEW 1.3 NNW, IL US","2020-06-17",,,,,,
"US1ILCK0012","BRIDGEVIEW 1.3 NNW, IL US","2020-06-18",,,,,,
"US1ILCK0012","BRIDGEVIEW 1.3 NNW, IL US","2020-06-19",,,,,,
"US1ILCK0012","BRIDGEVIEW 1.3 NNW, IL US","2020-06-20",,,,,,
"US1ILCK0012","BRIDGEVIEW 1.3 NNW, IL US","2020-06-21",,,,,,
"US1ILCK0012","BRIDGEVIEW 1.3 NNW, IL US","2020-06-22",,,,,,
"US1ILCK0012","BRIDGEVIEW 1.3 NNW, IL US","2020-06-23",,,,,,
"US1ILCK0012","BRIDGEVIEW 1.3 NNW, IL US","2020-06-24",,,,,,
"US1ILCK0012","BRIDGEVIEW 1.3 NNW, IL US","2020-06-25",,,,,,
"US1ILCK0012","BRIDGEVIEW 1.3 NNW, IL US","2020-06-26",,,,,,
"US1ILCK0012","BRIDGEVIEW 1.3 NNW, IL US","2020-06-27",,,,,,
"US1ILCK0012","BRIDGEVIEW 1.3 NNW, IL US","2020-06-28",,,,,,
"US1ILCK0012","BRIDGEVIEW 1.3 NNW, IL US","2020-06-29",,,,,,
"US1ILCK0012","BRIDGEVIEW 1.3 NNW, IL US","2020-06-30",,,,,,
"US1ILCK0012","BRIDGEVIEW 1.3 NNW, IL US","2020-07-01",,,,,,
"US1ILCK0012","BRIDGEVIEW 1.3 NNW, IL US","2020-07-02",,,,,,
"US1ILCK0012","BRIDGEVIEW 1.3 NNW, IL US","2020-07-03",,,,,,
"US1ILCK0012","BRIDGEVIEW 1.3 NNW, IL US","2020-07-04",,,,,,
"US1ILCK0012","BRIDGEVIEW 1.3 NNW, IL US","2020-07-05",,,,,,
"US1ILCK0012","BRIDGEVIEW 1.3 NNW, IL US","2020-07-06",,,,,,
"US1ILCK0012","BRIDGEVIEW 1.3 NNW, IL US","2020-07-07",,,,,,
"US1ILCK0012","BRIDGEVIEW 1.3 NNW, IL US","2020-07-08",,,,,,
"US1ILCK0012","BRIDGEVIEW 1.3 NNW, IL US","2020-07-09",,,,,,
"US1ILCK0012","BRIDGEVIEW 1.3 NNW, IL US","2020-07-10",,,,,,
"US1ILCK0012","BRIDGEVIEW 1.3 NNW, IL US","2020-07-11",,,,,,
"US1ILCK0012","BRIDGEVIEW 1.3 NNW, IL US","2020-07-12",,,,,,
"US1ILCK0012","BRIDGEVIEW 1.3 NNW, IL US","2020-07-13",,,,,,
"US1ILCK0012","BRIDGEVIEW 1.3 NNW, IL US","2020-07-14",,,,,,
"US1ILCK0012","BRIDGEVIEW 1.3 NNW, IL US","2020-07-15",,,,,,
"US1ILCK0012","BRIDGEVIEW 1.3 NNW, IL US","2020-07-16",,,,,,
"US1ILCK0012","BRIDGEVIEW 1.3 NNW, IL US","2020-07-17",,,,,,
"US1ILCK0012","BRIDGEVIEW 1.3 NNW, IL US","2020-07-18",,,,,,
"US1ILCK0012","BRIDGEVIEW 1.3 NNW, IL US","2020-07-19",,,,,,
"US1ILCK0012","BRIDGEVIEW 1.3 NNW, IL US","2020-07-20",,,,,,
"US1ILCK0012","BRIDGEVIEW 1.3 NNW, IL US","2020-07-21",,,,,,
"US1ILCK0012","BRIDGEVIEW 1.3 NNW, IL US","2020-07-22",,,,,,
"US1ILCK0012","BRIDGEVIEW 1.3 NNW, IL US","2020-07-23",,,,,,
"US1ILCK0012","BRIDGEVIEW 1.3 NNW, IL US","2020-07-24",,,,,,
"US1ILCK0012","BRIDGEVIEW 1.3 NNW, IL US","2020-07-25",,,,,,
"US1ILCK0012","BRIDGEVIEW 1.3 NNW, IL US","2020-07-26",,,,,,
"US1ILCK0012","BRIDGEVIEW 1.3 NNW, IL US","2020-07-27",,,,,,
"US1ILCK0012","BRIDGEVIEW 1.3 NNW, IL US","2020-07-28",,,,,,
"US1ILCK0012","BRIDGEVIEW 1.3 NNW, IL US","2020-07-29",,,,,,
"US1ILCK0012","BRIDGEVIEW 1.3 NNW, IL US","2020-07-30",,,,,,
"US1ILCK0012","BRIDGEVIEW 1.3 NNW, IL US","2020-07-31",,,,,,
"US1ILCK0012","BRIDGEVIEW 1.3 NNW, IL US","2020-08-01",,,,,,
"US1ILCK0012","BRIDGEVIEW 1.3 NNW, IL US","2020-08-02",,,,,,
"US1ILCK0012","BRIDGEVIEW 1.3 NNW, IL US","2020-08-03",,,,,,
"US1ILCK0012","BRIDGEVIEW 1.3 NNW, IL US","2020-08-04",,,,,,
"US1ILCK0012","BRIDGEVIEW 1.3 NNW, IL US","2020-08-05",,,,,,
"US1ILCK0012","BRIDGEVIEW 1.3 NNW, IL US","2020-08-06",,,,,,
"US1ILCK0012","BRIDGEVIEW 1.3 NNW, IL US","2020-08-07",,,,,,
"US1ILCK0012","BRIDGEVIEW 1.3 NNW, IL US","2020-08-08",,,,,,
"US1ILCK0012","BRIDGEVIEW 1.3 NNW, IL US","2020-08-09",,,,,,
"US1ILCK0012","BRIDGEVIEW 1.3 NNW, IL US","2020-08-10",,,,,,
"US1ILCK0012","BRIDGEVIEW 1.3 NNW, IL US","2020-08-11",,,,,,
"US1ILCK0012","BRIDGEVIEW 1.3 NNW, IL US","2020-08-12",,,,,,
"US1ILCK0012","BRIDGEVIEW 1.3 NNW, IL US","2020-08-13",,,,,,
"US1ILCK0012","BRIDGEVIEW 1.3 NNW, IL US","2020-08-14",,,,,,
"US1ILCK0012","BRIDGEVIEW 1.3 NNW, IL US","2020-08-15",,,,,,
"US1ILCK0012","BRIDGEVIEW 1.3 NNW, IL US","2020-08-16",,,,,,
"US1ILCK0012","BRIDGEVIEW 1.3 NNW, IL US","2020-08-17",,,,,,
"US1ILCK0012","BRIDGEVIEW 1.3 NNW, IL US","2020-08-18",,,,,,
"US1ILCK0012","BRIDGEVIEW 1.3 NNW, IL US","2020-08-19",,,,,,
"US1ILCK0012","BRIDGEVIEW 1.3 NNW, IL US","2020-08-20",,,,,,
"US1ILCK0012","BRIDGEVIEW 1.3 NNW, IL US","2020-08-21",,,,,,
"US1ILCK0012","BRIDGEVIEW 1.3 NNW, IL US","2020-08-22",,,,,,
"US1ILCK0012","BRIDGEVIEW 1.3 NNW, IL US","2020-08-23",,,,,,
"US1ILCK0012","BRIDGEVIEW 1.3 NNW, IL US","2020-08-24",,,,,,
"US1ILCK0012","BRIDGEVIEW 1.3 NNW, IL US","2020-08-25",,,,,,
"US1ILCK0012","BRIDGEVIEW 1.3 NNW, IL US","2020-08-26",,,,,,
"US1ILCK0012","BRIDGEVIEW 1.3 NNW, IL US","2020-08-27",,,,,,
"US1ILCK0012","BRIDGEVIEW 1.3 NNW, IL US","2020-08-28",,,,,,
"US1ILCK0012","BRIDGEVIEW 1.3 NNW, IL US","2020-08-29",,,,,,
"US1ILCK0012","BRIDGEVIEW 1.3 NNW, IL US","2020-08-30",,,,,,
"US1ILCK0012","BRIDGEVIEW 1.3 NNW, IL US","2020-08-31",,,,,,
"US1ILCK0012","BRIDGEVIEW 1.3 NNW, IL US","2020-09-01",,,,,,
"US1ILCK0012","BRIDGEVIEW 1.3 NNW, IL US","2020-09-02",,,,,,
"US1ILCK0012","BRIDGEVIEW 1.3 NNW, IL US","2020-09-03",,,,,,
"US1ILCK0012","BRIDGEVIEW 1.3 NNW, IL US","2020-09-04",,,,,,
"US1ILCK0012","BRIDGEVIEW 1.3 NNW, IL US","2020-09-05",,,,,,
"US1ILCK0012","BRIDGEVIEW 1.3 NNW, IL US","2020-09-06",,,,,,
"US1ILCK0012","BRIDGEVIEW 1.3 NNW, IL US","2020-09-07",,,,,,
"US1ILCK0012","BRIDGEVIEW 1.3 NNW, IL US","2020-09-08",,,,,,
"US1ILCK0254","BURR RIDGE 1.2 ESE, IL US","2020-05-18",,,,,,
"US1ILCK0254","BURR RIDGE 1.2 ESE, IL US","2020-05-20",,,,,,
"USC00115110","LITTLE RED SCHOOL HOUSE, IL US","2019-10-01",,,,,,
"USC00115110","LITTLE RED SCHOOL HOUSE, IL US","2019-10-02",,,,,,
"USC00115110","LITTLE RED SCHOOL HOUSE, IL US","2019-10-03",,,,,,
"USC00115110","LITTLE RED SCHOOL HOUSE, IL US","2019-10-04",,,,,,
"USC00115110","LITTLE RED SCHOOL HOUSE, IL US","2019-10-05",,,,,,
"USC00115110","LITTLE RED SCHOOL HOUSE, IL US","2019-10-06",,,,,,
"USC00115110","LITTLE RED SCHOOL HOUSE, IL US","2019-10-07",,,,,,
"USC00115110","LITTLE RED SCHOOL HOUSE, IL US","2019-10-08",,,,,,
"USC00115110","LITTLE RED SCHOOL HOUSE, IL US","2019-10-09",,,,,,
"USC00115110","LITTLE RED SCHOOL HOUSE, IL US","2019-10-10",,,,,,
"USC00115110","LITTLE RED SCHOOL HOUSE, IL US","2019-10-11",,,,,,
"USC00115110","LITTLE RED SCHOOL HOUSE, IL US","2019-10-12",,,,,,
"USC00115110","LITTLE RED SCHOOL HOUSE, IL US","2019-10-13",,,,,,
"USC00115110","LITTLE RED SCHOOL HOUSE, IL US","2019-10-14",,,,,,
"USC00115110","LITTLE RED SCHOOL HOUSE, IL US","2019-10-15",,,,,,
"USC00115110","LITTLE RED SCHOOL HOUSE, IL US","2019-10-16",,,,,,
"USC00115110","LITTLE RED SCHOOL HOUSE, IL US","2019-10-17",,,,,,
"USC00115110","LITTLE RED SCHOOL HOUSE, IL US","2019-10-18",,,,,,
"USC00115110","LITTLE RED SCHOOL HOUSE, IL US","2019-10-19",,,,,,
"USC00115110","LITTLE RED SCHOOL HOUSE, IL US","2019-10-20",,,,,,
"USC00115110","LITTLE RED SCHOOL HOUSE, IL US","2019-10-21",,,,,,
"USC00115110","LITTLE RED SCHOOL HOUSE, IL US","2019-10-22",,,,,,
"USC00115110","LITTLE RED SCHOOL HOUSE, IL US","2019-10-23",,,,,,
"USC00115110","LITTLE RED SCHOOL HOUSE, IL US","2019-10-24",,,,,,
"USC00115110","LITTLE RED SCHOOL HOUSE, IL US","2019-10-25",,,,,,
"USC00115110","LITTLE RED SCHOOL HOUSE, IL US","2019-10-26",,,,,,
"USC00115110","LITTLE RED SCHOOL HOUSE, IL US","2019-10-27",,,,,,
"USC00115110","LITTLE RED SCHOOL HOUSE, IL US","2019-10-28",,,,,,
"USC00115110","LITTLE RED SCHOOL HOUSE, IL US","2019-10-29",,,,,,
"USC00115110","LITTLE RED SCHOOL HOUSE, IL US","2019-10-30",,,,,,
"USC00115110","LITTLE RED SCHOOL HOUSE, IL US","2019-10-31",,,,,,
"USC00115110","LITTLE RED SCHOOL HOUSE, IL US","2019-11-01",,,,,,
"USC00115110","LITTLE RED SCHOOL HOUSE, IL US","2019-11-02",,,,,,
"USC00115110","LITTLE RED SCHOOL HOUSE, IL US","2019-11-03",,,,,,
"USC00115110","LITTLE RED SCHOOL HOUSE, IL US","2019-11-04",,,,,,
"USC00115110","LITTLE RED SCHOOL HOUSE, IL US","2019-11-05",,,,,,
"USC00115110","LITTLE RED SCHOOL HOUSE, IL US","2019-11-06",,,,,,
"USC00115110","LITTLE RED SCHOOL HOUSE, IL US","2019-11-07",,,,,,
"USC00115110","LITTLE RED SCHOOL HOUSE, IL US","2019-11-08",,,,,,
"USC00115110","LITTLE RED SCHOOL HOUSE, IL US","2019-11-09",,,,,,
"USC00115110","LITTLE RED SCHOOL HOUSE, IL US","2019-11-10",,,,,,
"USC00115110","LITTLE RED SCHOOL HOUSE, IL US","2019-11-11",,,,,,
"USC00115110","LITTLE RED SCHOOL HOUSE, IL US","2019-11-12",,,,,,
"USC00115110","LITTLE RED SCHOOL HOUSE, IL US","2019-11-13",,,,,,
"USC00115110","LITTLE RED SCHOOL HOUSE, IL US","2019-11-14",,,,,,
"USC00115110","LITTLE RED SCHOOL HOUSE, IL US","2019-11-15",,,,,,
"USC00115110","LITTLE RED SCHOOL HOUSE, IL US","2019-11-16",,,,,,
"USC00115110","LITTLE RED SCHOOL HOUSE, IL US","2019-11-17",,,,,,
"USC00115110","LITTLE RED SCHOOL HOUSE, IL US","2019-11-18",,,,,,
"USC00115110","LITTLE RED SCHOOL HOUSE, IL US","2019-11-19",,,,,,
"USC00115110","LITTLE RED SCHOOL HOUSE, IL US","2019-11-20",,,,,,
"USC00115110","LITTLE RED SCHOOL HOUSE, IL US","2019-11-21",,,,,,
"USC00115110","LITTLE RED SCHOOL HOUSE, IL US","2019-11-22",,,,,,
"USC00115110","LITTLE RED SCHOOL HOUSE, IL US","2019-11-23",,,,,,
"USC00115110","LITTLE RED SCHOOL HOUSE, IL US","2019-11-24",,,,,,
"USC00115110","LITTLE RED SCHOOL HOUSE, IL US","2019-11-25",,,,,,
"USC00115110","LITTLE RED SCHOOL HOUSE, IL US","2019-11-26",,,,,,
"USC00115110","LITTLE RED SCHOOL HOUSE, IL US","2019-11-27",,,,,,
"USC00115110","LITTLE RED SCHOOL HOUSE, IL US","2019-11-28",,,,,,
"USC00115110","LITTLE RED SCHOOL HOUSE, IL US","2019-11-29",,,,,,
"USC00115110","LITTLE RED SCHOOL HOUSE, IL US","2019-11-30",,,,,,
"USC00115110","LITTLE RED SCHOOL HOUSE, IL US","2019-12-01",,,,,,
"USC00115110","LITTLE RED SCHOOL HOUSE, IL US","2019-12-02",,,,,,
"USC00115110","LITTLE RED SCHOOL HOUSE, IL US","2019-12-03",,,,,,
"USC00115110","LITTLE RED SCHOOL HOUSE, IL US","2019-12-04",,,,,,
"USC00115110","LITTLE RED SCHOOL HOUSE, IL US","2019-12-05",,,,,,
"USC00115110","LITTLE RED SCHOOL HOUSE, IL US","2019-12-06",,,,,,
"USC00115110","LITTLE RED SCHOOL HOUSE, IL US","2019-12-07",,,,,,
"USC00115110","LITTLE RED SCHOOL HOUSE, IL US","2019-12-08",,,,,,
"USC00115110","LITTLE RED SCHOOL HOUSE, IL US","2019-12-09",,,,,,
"USC00115110","LITTLE RED SCHOOL HOUSE, IL US","2019-12-10",,,,,,
"USC00115110","LITTLE RED SCHOOL HOUSE, IL US","2019-12-11",,,,,,
"USC00115110","LITTLE RED SCHOOL HOUSE, IL US","2019-12-12",,,,,,
"USC00115110","LITTLE RED SCHOOL HOUSE, IL US","2019-12-13",,,,,,
"USC00115110","LITTLE RED SCHOOL HOUSE, IL US","2019-12-14",,,,,,
"USC00115110","LITTLE RED SCHOOL HOUSE, IL US","2019-12-15",,,,,,
"USC00115110","LITTLE RED SCHOOL HOUSE, IL US","2019-12-16",,,,,,
"USC00115110","LITTLE RED SCHOOL HOUSE, IL US","2019-12-17",,,,,,
"USC00115110","LITTLE RED SCHOOL HOUSE, IL US","2019-12-18",,,,,,
"USC00115110","LITTLE RED SCHOOL HOUSE, IL US","2019-12-19",,,,,,
"USC00115110","LITTLE RED SCHOOL HOUSE, IL US","2019-12-20",,,,,,
"USC00115110","LITTLE RED SCHOOL HOUSE, IL US","2019-12-21",,,,,,
"USC00115110","LITTLE RED SCHOOL HOUSE, IL US","2019-12-22",,,,,,
"USC00115110","LITTLE RED SCHOOL HOUSE, IL US","2019-12-23",,,,,,
"USC00115110","LITTLE RED SCHOOL HOUSE, IL US","2019-12-24",,,,,,
"USC00115110","LITTLE RED SCHOOL HOUSE, IL US","2019-12-25",,,,,,
"USC00115110","LITTLE RED SCHOOL HOUSE, IL US","2019-12-26",,,,,,
"USC00115110","LITTLE RED SCHOOL HOUSE, IL US","2019-12-27",,,,,,
"USC00115110","LITTLE RED SCHOOL HOUSE, IL US","2019-12-28",,,,,,
"USC00115110","LITTLE RED SCHOOL HOUSE, IL US","2019-12-29",,,,,,
"USC00115110","LITTLE RED SCHOOL HOUSE, IL US","2019-12-30",,,,,,
"USC00115110","LITTLE RED SCHOOL HOUSE, IL US","2019-12-31",,,,,,
"USC00115110","LITTLE RED SCHOOL HOUSE, IL US","2020-01-01",,,,,,
"USC00115110","LITTLE RED SCHOOL HOUSE, IL US","2020-01-02",,,,,,
"USC00115110","LITTLE RED SCHOOL HOUSE, IL US","2020-01-03",,,,,,
"USC00115110","LITTLE RED SCHOOL HOUSE, IL US","2020-01-04",,,,,,
"USC00115110","LITTLE RED SCHOOL HOUSE, IL US","2020-01-05",,,,,,
"USC00115110","LITTLE RED SCHOOL HOUSE, IL US","2020-01-06",,,,,,
"USC00115110","LITTLE RED SCHOOL HOUSE, IL US","2020-01-07",,,,,,
"USC00115110","LITTLE RED SCHOOL HOUSE, IL US","2020-01-08",,,,,,
"USC00115110","LITTLE RED SCHOOL HOUSE, IL US","2020-01-09",,,,,,
"USC00115110","LITTLE RED SCHOOL HOUSE, IL US","2020-01-10",,,,,,
"USC00115110","LITTLE RED SCHOOL HOUSE, IL US","2020-01-11",,,,,,
"USC00115110","LITTLE RED SCHOOL HOUSE, IL US","2020-01-12",,,,,,
"USC00115110","LITTLE RED SCHOOL HOUSE, IL US","2020-01-13",,,,,,
"USC00115110","LITTLE RED SCHOOL HOUSE, IL US","2020-01-14",,,,,,
"USC00115110","LITTLE RED SCHOOL HOUSE, IL US","2020-01-15",,,,,,
"USC00115110","LITTLE RED SCHOOL HOUSE, IL US","2020-01-16",,,,,,
"USC00115110","LITTLE RED SCHOOL HOUSE, IL US","2020-01-17",,,,,,
"USC00115110","LITTLE RED SCHOOL HOUSE, IL US","2020-01-18",,,,,,
"USC00115110","LITTLE RED SCHOOL HOUSE, IL US","2020-01-19",,,,,,
"USC00115110","LITTLE RED SCHOOL HOUSE, IL US","2020-01-20",,,,,,
"USC00115110","LITTLE RED SCHOOL HOUSE, IL US","2020-01-21",,,,,,
"USC00115110","LITTLE RED SCHOOL HOUSE, IL US","2020-01-22",,,,,,
"USC00115110","LITTLE RED SCHOOL HOUSE, IL US","2020-01-23",,,,,,
"USC00115110","LITTLE RED SCHOOL HOUSE, IL US","2020-01-24",,,,,,
"USC00115110","LITTLE RED SCHOOL HOUSE, IL US","2020-01-25",,,,,,
"USC00115110","LITTLE RED SCHOOL HOUSE, IL US","2020-01-26",,,,,,
"USC00115110","LITTLE RED SCHOOL HOUSE, IL US","2020-01-27",,,,,,
"USC00115110","LITTLE RED SCHOOL HOUSE, IL US","2020-01-28",,,,,,
"USC00115110","LITTLE RED SCHOOL HOUSE, IL US","2020-01-29",,,,,,
"USC00115110","LITTLE RED SCHOOL HOUSE, IL US","2020-01-30",,,,,,
"USC00115110","LITTLE RED SCHOOL HOUSE, IL US","2020-01-31",,,,,,
"USC00115110","LITTLE RED SCHOOL HOUSE, IL US","2020-02-01",,,,,,
"USC00115110","LITTLE RED SCHOOL HOUSE, IL US","2020-02-02",,,,,,
"USC00115110","LITTLE RED SCHOOL HOUSE, IL US","2020-02-03",,,,,,
"USC00115110","LITTLE RED SCHOOL HOUSE, IL US","2020-02-04",,,,,,
"USC00115110","LITTLE RED SCHOOL HOUSE, IL US","2020-02-05",,,,,,
"USC00115110","LITTLE RED SCHOOL HOUSE, IL US","2020-02-06",,,,,,
"USC00115110","LITTLE RED SCHOOL HOUSE, IL US","2020-02-07",,,,,,
"USC00115110","LITTLE RED SCHOOL HOUSE, IL US","2020-02-08",,,,,,
"USC00115110","LITTLE RED SCHOOL HOUSE, IL US","2020-02-09",,,,,,
"USC00115110","LITTLE RED SCHOOL HOUSE, IL US","2020-02-10",,,,,,
"USC00115110","LITTLE RED SCHOOL HOUSE, IL US","2020-02-11",,,,,,
"USC00115110","LITTLE RED SCHOOL HOUSE, IL US","2020-02-12",,,,,,
"USC00115110","LITTLE RED SCHOOL HOUSE, IL US","2020-02-13",,,,,,
"USC00115110","LITTLE RED SCHOOL HOUSE, IL US","2020-02-14",,,,,,
"USC00115110","LITTLE RED SCHOOL HOUSE, IL US","2020-02-15",,,,,,
"USC00115110","LITTLE RED SCHOOL HOUSE, IL US","2020-02-16",,,,,,
"USC00115110","LITTLE RED SCHOOL HOUSE, IL US","2020-02-17",,,,,,
"USC00115110","LITTLE RED SCHOOL HOUSE, IL US","2020-02-18",,,,,,
"USC00115110","LITTLE RED SCHOOL HOUSE, IL US","2020-02-19",,,,,,
"USC00115110","LITTLE RED SCHOOL HOUSE, IL US","2020-02-20",,,,,,
"USC00115110","LITTLE RED SCHOOL HOUSE, IL US","2020-02-21",,,,,,
"USC00115110","LITTLE RED SCHOOL HOUSE, IL US","2020-02-22",,,,,,
"USC00115110","LITTLE RED SCHOOL HOUSE, IL US","2020-02-23",,,,,,
"USC00115110","LITTLE RED SCHOOL HOUSE, IL US","2020-02-24",,,,,,
"USC00115110","LITTLE RED SCHOOL HOUSE, IL US","2020-02-25",,,,,,
"USC00115110","LITTLE RED SCHOOL HOUSE, IL US","2020-02-26",,,,,,
"USC00115110","LITTLE RED SCHOOL HOUSE, IL US","2020-02-27",,,,,,
"USC00115110","LITTLE RED SCHOOL HOUSE, IL US","2020-02-28",,,,,,
"USC00115110","LITTLE RED SCHOOL HOUSE, IL US","2020-02-29",,,,,,
"USC00115110","LITTLE RED SCHOOL HOUSE, IL US","2020-03-01",,,,,,
"USC00115110","LITTLE RED SCHOOL HOUSE, IL US","2020-03-02",,,,,,
"USC00115110","LITTLE RED SCHOOL HOUSE, IL US","2020-03-03",,,,,,
"USC00115110","LITTLE RED SCHOOL HOUSE, IL US","2020-03-04",,,,,,
"USC00115110","LITTLE RED SCHOOL HOUSE, IL US","2020-03-05",,,,,,
"USC00115110","LITTLE RED SCHOOL HOUSE, IL US","2020-03-06",,,,,,
"USC00115110","LITTLE RED SCHOOL HOUSE, IL US","2020-03-07",,,,,,
"USC00115110","LITTLE RED SCHOOL HOUSE, IL US","2020-03-08",,,,,,
"USC00115110","LITTLE RED SCHOOL HOUSE, IL US","2020-03-09",,,,,,
"USC00115110","LITTLE RED SCHOOL HOUSE, IL US","2020-03-10",,,,,,
"USC00115110","LITTLE RED SCHOOL HOUSE, IL US","2020-03-11",,,,,,
"USC00115110","LITTLE RED SCHOOL HOUSE, IL US","2020-03-12",,,,,,
"USC00115110","LITTLE RED SCHOOL HOUSE, IL US","2020-03-13",,,,,,
"USC00115110","LITTLE RED SCHOOL HOUSE, IL US","2020-03-14",,,,,,
"USC00115110","LITTLE RED SCHOOL HOUSE, IL US","2020-03-15",,,,,,
"USC00115110","LITTLE RED SCHOOL HOUSE, IL US","2020-03-16",,,,,,
"USC00115110","LITTLE RED SCHOOL HOUSE, IL US","2020-03-17",,,,,,
"USC00115110","LITTLE RED SCHOOL HOUSE, IL US","2020-03-18",,,,,,
"USC00115110","LITTLE RED SCHOOL HOUSE, IL US","2020-03-19",,,,,,
"USC00115110","LITTLE RED SCHOOL HOUSE, IL US","2020-03-20",,,,,,
"USC00115110","LITTLE RED SCHOOL HOUSE, IL US","2020-03-21",,,,,,
"USC00115110","LITTLE RED SCHOOL HOUSE, IL US","2020-03-22",,,,,,
"USC00115110","LITTLE RED SCHOOL HOUSE, IL US","2020-03-23",,,,,,
"USC00115110","LITTLE RED SCHOOL HOUSE, IL US","2020-03-24",,,,,,
"USC00115110","LITTLE RED SCHOOL HOUSE, IL US","2020-03-25",,,,,,
"USC00115110","LITTLE RED SCHOOL HOUSE, IL US","2020-03-26",,,,,,
"USC00115110","LITTLE RED SCHOOL HOUSE, IL US","2020-03-27",,,,,,
"USC00115110","LITTLE RED SCHOOL HOUSE, IL US","2020-03-28",,,,,,
"USC00115110","LITTLE RED SCHOOL HOUSE, IL US","2020-03-29",,,,,,
"USC00115110","LITTLE RED SCHOOL HOUSE, IL US","2020-03-30",,,,,,
"USC00115110","LITTLE RED SCHOOL HOUSE, IL US","2020-03-31",,,,,,
"USC00115110","LITTLE RED SCHOOL HOUSE, IL US","2020-04-01",,,,,,
"USC00115110","LITTLE RED SCHOOL HOUSE, IL US","2020-04-02",,,,,,
"USC00115110","LITTLE RED SCHOOL HOUSE, IL US","2020-04-03",,,,,,
"USC00115110","LITTLE RED SCHOOL HOUSE, IL US","2020-04-04",,,,,,
"USC00115110","LITTLE RED SCHOOL HOUSE, IL US","2020-04-05",,,,,,
"USC00115110","LITTLE RED SCHOOL HOUSE, IL US","2020-04-06",,,,,,
"USC00115110","LITTLE RED SCHOOL HOUSE, IL US","2020-04-07",,,,,,
"USC00115110","LITTLE RED SCHOOL HOUSE, IL US","2020-04-08",,,,,,
"USC00115110","LITTLE RED SCHOOL HOUSE, IL US","2020-04-09",,,,,,
"USC00115110","LITTLE RED SCHOOL HOUSE, IL US","2020-04-10",,,,,,
"USC00115110","LITTLE RED SCHOOL HOUSE, IL US","2020-04-11",,,,,,
"USC00115110","LITTLE RED SCHOOL HOUSE, IL US","2020-04-12",,,,,,
"USC00115110","LITTLE RED SCHOOL HOUSE, IL US","2020-04-13",,,,,,
"USC00115110","LITTLE RED SCHOOL HOUSE, IL US","2020-04-14",,,,,,
"USC00115110","LITTLE RED SCHOOL HOUSE, IL US","2020-04-15",,,,,,
"USC00115110","LITTLE RED SCHOOL HOUSE, IL US","2020-04-16",,,,,,
"USC00115110","LITTLE RED SCHOOL HOUSE, IL US","2020-04-17",,,,,,
"USC00115110","LITTLE RED SCHOOL HOUSE, IL US","2020-04-18",,,,,,
"USC00115110","LITTLE RED SCHOOL HOUSE, IL US","2020-04-19",,,,,,
"USC00115110","LITTLE RED SCHOOL HOUSE, IL US","2020-04-20",,,,,,
"USC00115110","LITTLE RED SCHOOL HOUSE, IL US","2020-04-21",,,,,,
"USC00115110","LITTLE RED SCHOOL HOUSE, IL US","2020-04-22",,,,,,
"USC00115110","LITTLE RED SCHOOL HOUSE, IL US","2020-04-23",,,,,,
"USC00115110","LITTLE RED SCHOOL HOUSE, IL US","2020-04-24",,,,,,
"USC00115110","LITTLE RED SCHOOL HOUSE, IL US","2020-04-25",,,,,,
"USC00115110","LITTLE RED SCHOOL HOUSE, IL US","2020-04-26",,,,,,
"USC00115110","LITTLE RED SCHOOL HOUSE, IL US","2020-04-27",,,,,,
"USC00115110","LITTLE RED SCHOOL HOUSE, IL US","2020-04-28",,,,,,
"USC00115110","LITTLE RED SCHOOL HOUSE, IL US","2020-04-29",,,,,,
"USC00115110","LITTLE RED SCHOOL HOUSE, IL US","2020-04-30",,,,,,
"USC00115110","LITTLE RED SCHOOL HOUSE, IL US","2020-05-01",,,,,,
"USC00115110","LITTLE RED SCHOOL HOUSE, IL US","2020-05-02",,,,,,
"USC00115110","LITTLE RED SCHOOL HOUSE, IL US","2020-05-03",,,,,,
"USC00115110","LITTLE RED SCHOOL HOUSE, IL US","2020-05-04",,,,,,
"USC00115110","LITTLE RED SCHOOL HOUSE, IL US","2020-05-05",,,,,,
"USC00115110","LITTLE RED SCHOOL HOUSE, IL US","2020-05-06",,,,,,
"USC00115110","LITTLE RED SCHOOL HOUSE, IL US","2020-05-07",,,,,,
"USC00115110","LITTLE RED SCHOOL HOUSE, IL US","2020-05-08",,,,,,
"USC00115110","LITTLE RED SCHOOL HOUSE, IL US","2020-05-09",,,,,,
"USC00115110","LITTLE RED SCHOOL HOUSE, IL US","2020-05-10",,,,,,
"USC00115110","LITTLE RED SCHOOL HOUSE, IL US","2020-05-11",,,,,,
"USC00115110","LITTLE RED SCHOOL HOUSE, IL US","2020-05-12",,,,,,
"USC00115110","LITTLE RED SCHOOL HOUSE, IL US","2020-05-13",,,,,,
"USC00115110","LITTLE RED SCHOOL HOUSE, IL US","2020-05-14",,,,,,
"USC00115110","LITTLE RED SCHOOL HOUSE, IL US","2020-05-15",,,,,,
"USC00115110","LITTLE RED SCHOOL HOUSE, IL US","2020-05-16",,,,,,
"USC00115110","LITTLE RED SCHOOL HOUSE, IL US","2020-05-17",,,,,,
"USC00115110","LITTLE RED SCHOOL HOUSE, IL US","2020-05-18",,,,,,
"USC00115110","LITTLE RED SCHOOL HOUSE, IL US","2020-05-19",,,,,,
"USC00115110","LITTLE RED SCHOOL HOUSE, IL US","2020-05-20",,,,,,
"USC00115110","LITTLE RED SCHOOL HOUSE, IL US","2020-05-21",,,,,,
"USC00115110","LITTLE RED SCHOOL HOUSE, IL US","2020-05-22",,,,,,
"USC00115110","LITTLE RED SCHOOL HOUSE, IL US","2020-05-23",,,,,,
"USC00115110","LITTLE RED SCHOOL HOUSE, IL US","2020-05-24",,,,,,
"USC00115110","LITTLE RED SCHOOL HOUSE, IL US","2020-05-25",,,,,,
"USC00115110","LITTLE RED SCHOOL HOUSE, IL US","2020-05-26",,,,,,
"USC00115110","LITTLE RED SCHOOL HOUSE, IL US","2020-05-27",,,,,,
"USC00115110","LITTLE RED SCHOOL HOUSE, IL US","2020-05-28",,,,,,
"USC00115110","LITTLE RED SCHOOL HOUSE, IL US","2020-05-29",,,,,,
"USC00115110","LITTLE RED SCHOOL HOUSE, IL US","2020-05-30",,,,,,
"USC00115110","LITTLE RED SCHOOL HOUSE, IL US","2020-05-31",,,,,,
"USC00115110","LITTLE RED SCHOOL HOUSE, IL US","2020-06-01",,,,,,
"USC00115110","LITTLE RED SCHOOL HOUSE, IL US","2020-06-02",,,,,,
"USC00115110","LITTLE RED SCHOOL HOUSE, IL US","2020-06-03",,,,,,
"USC00115110","LITTLE RED SCHOOL HOUSE, IL US","2020-06-04",,,,,,
"USC00115110","LITTLE RED SCHOOL HOUSE, IL US","2020-06-05",,,,,,
"USC00115110","LITTLE RED SCHOOL HOUSE, IL US","2020-06-06",,,,,,
"USC00115110","LITTLE RED SCHOOL HOUSE, IL US","2020-06-07",,,,,,
"USC00115110","LITTLE RED SCHOOL HOUSE, IL US","2020-06-08",,,,,,
"USC00115110","LITTLE RED SCHOOL HOUSE, IL US","2020-06-09",,,,,,
"USC00115110","LITTLE RED SCHOOL HOUSE, IL US","2020-06-10",,,,,,
"USC00115110","LITTLE RED SCHOOL HOUSE, IL US","2020-06-11",,,,,,
"USC00115110","LITTLE RED SCHOOL HOUSE, IL US","2020-06-12",,,,,,
"USC00115110","LITTLE RED SCHOOL HOUSE, IL US","2020-06-13",,,,,,
"USC00115110","LITTLE RED SCHOOL HOUSE, IL US","2020-06-14",,,,,,
"USC00115110","LITTLE RED SCHOOL HOUSE, IL US","2020-06-15",,,,,,
"USC00115110","LITTLE RED SCHOOL HOUSE, IL US","2020-06-16",,,,,,
"USC00115110","LITTLE RED SCHOOL HOUSE, IL US","2020-06-17",,,,,,
"USC00115110","LITTLE RED SCHOOL HOUSE, IL US","2020-06-18",,,,,,
"USC00115110","LITTLE RED SCHOOL HOUSE, IL US","2020-06-19",,,,,,
"USC00115110","LITTLE RED SCHOOL HOUSE, IL US","2020-06-20",,,,,,
"USC00115110","LITTLE RED SCHOOL HOUSE, IL US","2020-06-21",,,,,,
"USC00115110","LITTLE RED SCHOOL HOUSE, IL US","2020-06-22",,,,,,
"USC00115110","LITTLE RED SCHOOL HOUSE, IL US","2020-06-23",,,,,,
"USC00115110","LITTLE RED SCHOOL HOUSE, IL US","2020-06-24",,,,,,
"USC00115110","LITTLE RED SCHOOL HOUSE, IL US","2020-06-25",,,,,,
"USC00115110","LITTLE RED SCHOOL HOUSE, IL US","2020-06-26",,,,,,
"USC00115110","LITTLE RED SCHOOL HOUSE, IL US","2020-06-27",,,,,,
"USC00115110","LITTLE RED SCHOOL HOUSE, IL US","2020-06-28",,,,,,
"USC00115110","LITTLE RED SCHOOL HOUSE, IL US","2020-06-29",,,,,,
"USC00115110","LITTLE RED SCHOOL HOUSE, IL US","2020-06-30",,,,,,
"USC00115110","LITTLE RED SCHOOL HOUSE, IL US","2020-07-01",,,,,,
"USC00115110","LITTLE RED SCHOOL HOUSE, IL US","2020-07-02",,,,,,
"USC00115110","LITTLE RED SCHOOL HOUSE, IL US","2020-07-03",,,,,,
"USC00115110","LITTLE RED SCHOOL HOUSE, IL US","2020-07-05",,,,,,
"USC00115110","LITTLE RED SCHOOL HOUSE, IL US","2020-07-07",,,,,,
"USC00115110","LITTLE RED SCHOOL HOUSE, IL US","2020-07-08",,,,,,
"USC00115110","LITTLE RED SCHOOL HOUSE, IL US","2020-07-09",,,,,,
"USC00115110","LITTLE RED SCHOOL HOUSE, IL US","2020-07-11",,,,,,
"USC00115110","LITTLE RED SCHOOL HOUSE, IL US","2020-07-12",,,,,,
"USC00115110","LITTLE RED SCHOOL HOUSE, IL US","2020-07-14",,,,,,
"USC00115110","LITTLE RED SCHOOL HOUSE, IL US","2020-07-15",,,,,,
"USC00115110","LITTLE RED SCHOOL HOUSE, IL US","2020-07-16",,,,,,
"USC00115110","LITTLE RED SCHOOL HOUSE, IL US","2020-07-17",,,,,,
"USC00115110","LITTLE RED SCHOOL HOUSE, IL US","2020-07-18",,,,,,
"USC00115110","LITTLE RED SCHOOL HOUSE, IL US","2020-07-19",,,,,,
"USC00115110","LITTLE RED SCHOOL HOUSE, IL US","2020-07-25",,,,,,
"USC00115110","LITTLE RED SCHOOL HOUSE, IL US","2020-07-26",,,,,,
"USC00115110","LITTLE RED SCHOOL HOUSE, IL US","2020-07-29",,,,,,
"USC00115110","LITTLE RED SCHOOL HOUSE, IL US","2020-07-30",,,,,,
"USC00115110","LITTLE RED SCHOOL HOUSE, IL US","2020-07-31",,,,,,
"USC00115110","LITTLE RED SCHOOL HOUSE, IL US","2020-08-01",,,,,,
"USC00115110","LITTLE RED SCHOOL HOUSE, IL US","2020-08-02",,,,,,
"USC00115110","LITTLE RED SCHOOL HOUSE, IL US","2020-08-04",,,,,,
"USC00115110","LITTLE RED SCHOOL HOUSE, IL US","2020-08-07",,,,,,
"USC00115110","LITTLE RED SCHOOL HOUSE, IL US","2020-08-08",,,,,,
"USC00115110","LITTLE RED SCHOOL HOUSE, IL US","2020-08-11",,,,,,
"USC00115110","LITTLE RED SCHOOL HOUSE, IL US","2020-08-12",,,,,,
"USC00115110","LITTLE RED SCHOOL HOUSE, IL US","2020-08-14",,,,,,
"USC00115110","LITTLE RED SCHOOL HOUSE, IL US","2020-08-15",,,,,,
"USC00115110","LITTLE RED SCHOOL HOUSE, IL US","2020-08-17",,,,,,
"USC00115110","LITTLE RED SCHOOL HOUSE, IL US","2020-08-18",,,,,,
"USC00115110","LITTLE RED SCHOOL HOUSE, IL US","2020-08-20",,,,,,
"USC00115110","LITTLE RED SCHOOL HOUSE, IL US","2020-08-21",,,,,,
"USC00115110","LITTLE RED SCHOOL HOUSE, IL US","2020-08-22",,,,,,
"USC00115110","LITTLE RED SCHOOL HOUSE, IL US","2020-08-23",,,,,,
"USC00115110","LITTLE RED SCHOOL HOUSE, IL US","2020-08-25",,,,,,
"USC00115110","LITTLE RED SCHOOL HOUSE, IL US","2020-08-26",,,,,,
"USC00115110","LITTLE RED SCHOOL HOUSE, IL US","2020-08-28",,,,,,
"USC00115110","LITTLE RED SCHOOL HOUSE, IL US","2020-08-29",,,,,,
"USC00115110","LITTLE RED SCHOOL HOUSE, IL US","2020-08-30",,,,,,
"USC00115110","LITTLE RED SCHOOL HOUSE, IL US","2020-08-31",,,,,,
"USC00115110","LITTLE RED SCHOOL HOUSE, IL US","2020-09-01",,,,,,
"USC00115110","LITTLE RED SCHOOL HOUSE, IL US","2020-09-02",,,,,,
"USC00115110","LITTLE RED SCHOOL HOUSE, IL US","2020-09-03",,,,,,
"USC00115110","LITTLE RED SCHOOL HOUSE, IL US","2020-09-04",,,,,,
"USC00115110","LITTLE RED SCHOOL HOUSE, IL US","2020-09-05",,,,,,
"USC00115110","LITTLE RED SCHOOL HOUSE, IL US","2020-09-06",,,,,,
"US1ILCK0014","CHICAGO 5.5 ESE, IL US","2019-10-01",,,,,,
"US1ILCK0014","CHICAGO 5.5 ESE, IL US","2019-10-02",,,,,,
"US1ILCK0014","CHICAGO 5.5 ESE, IL US","2019-10-03",,,,,,
"US1ILCK0014","CHICAGO 5.5 ESE, IL US","2019-10-04",,,,,,
"US1ILCK0014","CHICAGO 5.5 ESE, IL US","2019-10-05",,,,,,
"US1ILCK0014","CHICAGO 5.5 ESE, IL US","2019-10-06",,,,,,
"US1ILCK0014","CHICAGO 5.5 ESE, IL US","2019-10-07",,,,,,
"US1ILCK0014","CHICAGO 5.5 ESE, IL US","2019-10-08",,,,,,
"US1ILCK0014","CHICAGO 5.5 ESE, IL US","2019-10-09",,,,,,
"US1ILCK0014","CHICAGO 5.5 ESE, IL US","2019-10-10",,,,,,
"US1ILCK0014","CHICAGO 5.5 ESE, IL US","2019-10-11",,,,,,
"US1ILCK0014","CHICAGO 5.5 ESE, IL US","2019-10-12",,,,,,
"US1ILCK0014","CHICAGO 5.5 ESE, IL US","2019-10-13",,,,,,
"US1ILCK0014","CHICAGO 5.5 ESE, IL US","2019-10-14",,,,,,
"US1ILCK0014","CHICAGO 5.5 ESE, IL US","2019-10-15",,,,,,
"US1ILCK0014","CHICAGO 5.5 ESE, IL US","2019-10-16",,,,,,
"US1ILCK0014","CHICAGO 5.5 ESE, IL US","2019-10-17",,,,,,
"US1ILCK0014","CHICAGO 5.5 ESE, IL US","2019-10-18",,,,,,
"US1ILCK0014","CHICAGO 5.5 ESE, IL US","2019-10-21",,,,,,
"US1ILCK0014","CHICAGO 5.5 ESE, IL US","2019-10-22",,,,,,
"US1ILCK0014","CHICAGO 5.5 ESE, IL US","2019-10-23",,,,,,
"US1ILCK0014","CHICAGO 5.5 ESE, IL US","2019-10-24",,,,,,
"US1ILCK0014","CHICAGO 5.5 ESE, IL US","2019-10-25",,,,,,
"US1ILCK0014","CHICAGO 5.5 ESE, IL US","2019-10-26",,,,,,
"US1ILCK0014","CHICAGO 5.5 ESE, IL US","2019-10-27",,,,,,
"US1ILCK0014","CHICAGO 5.5 ESE, IL US","2019-10-28",,,,,,
"US1ILCK0014","CHICAGO 5.5 ESE, IL US","2019-10-29",,,,,,
"US1ILCK0014","CHICAGO 5.5 ESE, IL US","2019-10-30",,,,,,
"US1ILCK0014","CHICAGO 5.5 ESE, IL US","2019-10-31",,,,,,
"US1ILCK0014","CHICAGO 5.5 ESE, IL US","2019-11-02",,,,,,
"US1ILCK0014","CHICAGO 5.5 ESE, IL US","2019-11-03",,,,,,
"US1ILCK0014","CHICAGO 5.5 ESE, IL US","2019-11-07",,,,,,
"US1ILCK0014","CHICAGO 5.5 ESE, IL US","2019-11-08",,,,,,
"US1ILCK0014","CHICAGO 5.5 ESE, IL US","2019-11-09",,,,,,
"US1ILCK0014","CHICAGO 5.5 ESE, IL US","2019-11-10",,,,,,
"US1ILCK0014","CHICAGO 5.5 ESE, IL US","2019-11-11",,,,,,
"US1ILCK0014","CHICAGO 5.5 ESE, IL US","2019-11-12",,,,,,
"US1ILCK0014","CHICAGO 5.5 ESE, IL US","2019-11-13",,,,,,
"US1ILCK0014","CHICAGO 5.5 ESE, IL US","2019-11-14",,,,,,
"US1ILCK0014","CHICAGO 5.5 ESE, IL US","2019-11-15",,,,,,
"US1ILCK0014","CHICAGO 5.5 ESE, IL US","2019-11-16",,,,,,
"US1ILCK0014","CHICAGO 5.5 ESE, IL US","2019-11-17",,,,,,
"US1ILCK0014","CHICAGO 5.5 ESE, IL US","2019-11-18",,,,,,
"US1ILCK0014","CHICAGO 5.5 ESE, IL US","2019-11-19",,,,,,
"US1ILCK0014","CHICAGO 5.5 ESE, IL US","2019-11-20",,,,,,
"US1ILCK0014","CHICAGO 5.5 ESE, IL US","2019-11-21",,,,,,
"US1ILCK0014","CHICAGO 5.5 ESE, IL US","2019-11-22",,,,,,
"US1ILCK0014","CHICAGO 5.5 ESE, IL US","2019-11-23",,,,,,
"US1ILCK0014","CHICAGO 5.5 ESE, IL US","2019-11-24",,,,,,
"US1ILCK0014","CHICAGO 5.5 ESE, IL US","2019-11-25",,,,,,
"US1ILCK0014","CHICAGO 5.5 ESE, IL US","2019-11-26",,,,,,
"US1ILCK0014","CHICAGO 5.5 ESE, IL US","2019-11-27",,,,,,
"US1ILCK0014","CHICAGO 5.5 ESE, IL US","2019-11-28",,,,,,
"US1ILCK0014","CHICAGO 5.5 ESE, IL US","2019-11-29",,,,,,
"US1ILCK0014","CHICAGO 5.5 ESE, IL US","2019-11-30",,,,,,
"US1ILCK0014","CHICAGO 5.5 ESE, IL US","2019-12-01",,,,,,
"US1ILCK0014","CHICAGO 5.5 ESE, IL US","2019-12-02",,,,,,
"US1ILCK0014","CHICAGO 5.5 ESE, IL US","2019-12-03",,,,,,
"US1ILCK0014","CHICAGO 5.5 ESE, IL US","2019-12-04",,,,,,
"US1ILCK0014","CHICAGO 5.5 ESE, IL US","2019-12-05",,,,,,
"US1ILCK0014","CHICAGO 5.5 ESE, IL US","2019-12-06",,,,,,
"US1ILCK0014","CHICAGO 5.5 ESE, IL US","2019-12-07",,,,,,
"US1ILCK0014","CHICAGO 5.5 ESE, IL US","2019-12-08",,,,,,
"US1ILCK0014","CHICAGO 5.5 ESE, IL US","2019-12-09",,,,,,
"US1ILCK0014","CHICAGO 5.5 ESE, IL US","2019-12-10",,,,,,
"US1ILCK0014","CHICAGO 5.5 ESE, IL US","2019-12-11",,,,,,
"US1ILCK0014","CHICAGO 5.5 ESE, IL US","2019-12-12",,,,,,
"US1ILCK0014","CHICAGO 5.5 ESE, IL US","2019-12-13",,,,,,
"US1ILCK0014","CHICAGO 5.5 ESE, IL US","2019-12-14",,,,,,
"US1ILCK0014","CHICAGO 5.5 ESE, IL US","2019-12-15",,,,,,
"US1ILCK0014","CHICAGO 5.5 ESE, IL US","2019-12-16",,,,,,
"US1ILCK0014","CHICAGO 5.5 ESE, IL US","2019-12-17",,,,,,
"US1ILCK0014","CHICAGO 5.5 ESE, IL US","2019-12-18",,,,,,
"US1ILCK0014","CHICAGO 5.5 ESE, IL US","2019-12-19",,,,,,
"US1ILCK0014","CHICAGO 5.5 ESE, IL US","2019-12-20",,,,,,
"US1ILCK0014","CHICAGO 5.5 ESE, IL US","2019-12-21",,,,,,
"US1ILCK0014","CHICAGO 5.5 ESE, IL US","2019-12-22",,,,,,
"US1ILCK0014","CHICAGO 5.5 ESE, IL US","2019-12-23",,,,,,
"US1ILCK0014","CHICAGO 5.5 ESE, IL US","2019-12-24",,,,,,
"US1ILCK0014","CHICAGO 5.5 ESE, IL US","2019-12-25",,,,,,
"US1ILCK0014","CHICAGO 5.5 ESE, IL US","2019-12-26",,,,,,
"US1ILCK0014","CHICAGO 5.5 ESE, IL US","2019-12-27",,,,,,
"US1ILCK0014","CHICAGO 5.5 ESE, IL US","2019-12-28",,,,,,
"US1ILCK0014","CHICAGO 5.5 ESE, IL US","2019-12-29",,,,,,
"US1ILCK0014","CHICAGO 5.5 ESE, IL US","2019-12-30",,,,,,
"US1ILCK0014","CHICAGO 5.5 ESE, IL US","2019-12-31",,,,,,
"US1ILCK0014","CHICAGO 5.5 ESE, IL US","2020-01-01",,,,,,
"US1ILCK0014","CHICAGO 5.5 ESE, IL US","2020-01-02",,,,,,
"US1ILCK0014","CHICAGO 5.5 ESE, IL US","2020-01-03",,,,,,
"US1ILCK0014","CHICAGO 5.5 ESE, IL US","2020-01-04",,,,,,
"US1ILCK0014","CHICAGO 5.5 ESE, IL US","2020-01-05",,,,,,
"US1ILCK0014","CHICAGO 5.5 ESE, IL US","2020-01-06",,,,,,
"US1ILCK0014","CHICAGO 5.5 ESE, IL US","2020-01-07",,,,,,
"US1ILCK0014","CHICAGO 5.5 ESE, IL US","2020-01-08",,,,,,
"US1ILCK0014","CHICAGO 5.5 ESE, IL US","2020-01-09",,,,,,
"US1ILCK0014","CHICAGO 5.5 ESE, IL US","2020-01-10",,,,,,
"US1ILCK0014","CHICAGO 5.5 ESE, IL US","2020-01-11",,,,,,
"US1ILCK0014","CHICAGO 5.5 ESE, IL US","2020-01-12",,,,,,
"US1ILCK0014","CHICAGO 5.5 ESE, IL US","2020-01-13",,,,,,
"US1ILCK0014","CHICAGO 5.5 ESE, IL US","2020-01-14",,,,,,
"US1ILCK0014","CHICAGO 5.5 ESE, IL US","2020-01-15",,,,,,
"US1ILCK0014","CHICAGO 5.5 ESE, IL US","2020-01-16",,,,,,
"US1ILCK0014","CHICAGO 5.5 ESE, IL US","2020-01-17",,,,,,
"US1ILCK0014","CHICAGO 5.5 ESE, IL US","2020-01-18",,,,,,
"US1ILCK0014","CHICAGO 5.5 ESE, IL US","2020-01-19",,,,,,
"US1ILCK0014","CHICAGO 5.5 ESE, IL US","2020-01-20",,,,,,
"US1ILCK0014","CHICAGO 5.5 ESE, IL US","2020-01-21",,,,,,
"US1ILCK0014","CHICAGO 5.5 ESE, IL US","2020-01-22",,,,,,
"US1ILCK0014","CHICAGO 5.5 ESE, IL US","2020-01-23",,,,,,
"US1ILCK0014","CHICAGO 5.5 ESE, IL US","2020-01-24",,,,,,
"US1ILCK0014","CHICAGO 5.5 ESE, IL US","2020-01-25",,,,,,
"US1ILCK0014","CHICAGO 5.5 ESE, IL US","2020-01-26",,,,,,
"US1ILCK0014","CHICAGO 5.5 ESE, IL US","2020-01-27",,,,,,
"US1ILCK0014","CHICAGO 5.5 ESE, IL US","2020-01-28",,,,,,
"US1ILCK0014","CHICAGO 5.5 ESE, IL US","2020-01-29",,,,,,
"US1ILCK0014","CHICAGO 5.5 ESE, IL US","2020-01-30",,,,,,
"US1ILCK0014","CHICAGO 5.5 ESE, IL US","2020-01-31",,,,,,
"US1ILCK0014","CHICAGO 5.5 ESE, IL US","2020-02-01",,,,,,
"US1ILCK0014","CHICAGO 5.5 ESE, IL US","2020-02-02",,,,,,
"US1ILCK0014","CHICAGO 5.5 ESE, IL US","2020-02-03",,,,,,
"US1ILCK0014","CHICAGO 5.5 ESE, IL US","2020-02-04",,,,,,
"US1ILCK0014","CHICAGO 5.5 ESE, IL US","2020-02-05",,,,,,
"US1ILCK0014","CHICAGO 5.5 ESE, IL US","2020-02-06",,,,,,
"US1ILCK0014","CHICAGO 5.5 ESE, IL US","2020-02-07",,,,,,
"US1ILCK0014","CHICAGO 5.5 ESE, IL US","2020-02-08",,,,,,
"US1ILCK0014","CHICAGO 5.5 ESE, IL US","2020-02-09",,,,,,
"US1ILCK0014","CHICAGO 5.5 ESE, IL US","2020-02-10",,,,,,
"US1ILCK0014","CHICAGO 5.5 ESE, IL US","2020-02-11",,,,,,
"US1ILCK0014","CHICAGO 5.5 ESE, IL US","2020-02-12",,,,,,
"US1ILCK0014","CHICAGO 5.5 ESE, IL US","2020-02-13",,,,,,
"US1ILCK0014","CHICAGO 5.5 ESE, IL US","2020-02-14",,,,,,
"US1ILCK0014","CHICAGO 5.5 ESE, IL US","2020-02-15",,,,,,
"US1ILCK0014","CHICAGO 5.5 ESE, IL US","2020-02-16",,,,,,
"US1ILCK0014","CHICAGO 5.5 ESE, IL US","2020-02-17",,,,,,
"US1ILCK0014","CHICAGO 5.5 ESE, IL US","2020-02-18",,,,,,
"US1ILCK0014","CHICAGO 5.5 ESE, IL US","2020-02-19",,,,,,
"US1ILCK0014","CHICAGO 5.5 ESE, IL US","2020-02-20",,,,,,
"US1ILCK0014","CHICAGO 5.5 ESE, IL US","2020-02-21",,,,,,
"US1ILCK0014","CHICAGO 5.5 ESE, IL US","2020-02-22",,,,,,
"US1ILCK0014","CHICAGO 5.5 ESE, IL US","2020-02-23",,,,,,
"US1ILCK0014","CHICAGO 5.5 ESE, IL US","2020-02-24",,,,,,
"US1ILCK0014","CHICAGO 5.5 ESE, IL US","2020-02-25",,,,,,
"US1ILCK0014","CHICAGO 5.5 ESE, IL US","2020-02-26",,,,,,
"US1ILCK0014","CHICAGO 5.5 ESE, IL US","2020-02-27",,,,,,
"US1ILCK0014","CHICAGO 5.5 ESE, IL US","2020-02-28",,,,,,
"US1ILCK0014","CHICAGO 5.5 ESE, IL US","2020-02-29",,,,,,
"US1ILCK0014","CHICAGO 5.5 ESE, IL US","2020-03-01",,,,,,
"US1ILCK0014","CHICAGO 5.5 ESE, IL US","2020-03-02",,,,,,
"US1ILCK0014","CHICAGO 5.5 ESE, IL US","2020-03-03",,,,,,
"US1ILCK0014","CHICAGO 5.5 ESE, IL US","2020-03-04",,,,,,
"US1ILCK0014","CHICAGO 5.5 ESE, IL US","2020-03-05",,,,,,
"US1ILCK0014","CHICAGO 5.5 ESE, IL US","2020-03-06",,,,,,
"US1ILCK0014","CHICAGO 5.5 ESE, IL US","2020-03-07",,,,,,
"US1ILCK0014","CHICAGO 5.5 ESE, IL US","2020-03-08",,,,,,
"US1ILCK0014","CHICAGO 5.5 ESE, IL US","2020-03-09",,,,,,
"US1ILCK0014","CHICAGO 5.5 ESE, IL US","2020-03-10",,,,,,
"US1ILCK0014","CHICAGO 5.5 ESE, IL US","2020-03-11",,,,,,
"US1ILCK0014","CHICAGO 5.5 ESE, IL US","2020-03-12",,,,,,
"US1ILCK0014","CHICAGO 5.5 ESE, IL US","2020-03-13",,,,,,
"US1ILCK0014","CHICAGO 5.5 ESE, IL US","2020-03-14",,,,,,
"US1ILCK0014","CHICAGO 5.5 ESE, IL US","2020-03-15",,,,,,
"US1ILCK0014","CHICAGO 5.5 ESE, IL US","2020-03-16",,,,,,
"US1ILCK0014","CHICAGO 5.5 ESE, IL US","2020-03-17",,,,,,
"US1ILCK0014","CHICAGO 5.5 ESE, IL US","2020-03-18",,,,,,
"US1ILCK0014","CHICAGO 5.5 ESE, IL US","2020-03-19",,,,,,
"US1ILCK0014","CHICAGO 5.5 ESE, IL US","2020-03-20",,,,,,
"US1ILCK0014","CHICAGO 5.5 ESE, IL US","2020-03-21",,,,,,
"US1ILCK0014","CHICAGO 5.5 ESE, IL US","2020-03-22",,,,,,
"US1ILCK0014","CHICAGO 5.5 ESE, IL US","2020-03-23",,,,,,
"US1ILCK0014","CHICAGO 5.5 ESE, IL US","2020-03-24",,,,,,
"US1ILCK0014","CHICAGO 5.5 ESE, IL US","2020-03-25",,,,,,
"US1ILCK0014","CHICAGO 5.5 ESE, IL US","2020-03-26",,,,,,
"US1ILCK0014","CHICAGO 5.5 ESE, IL US","2020-03-27",,,,,,
"US1ILCK0014","CHICAGO 5.5 ESE, IL US","2020-03-28",,,,,,
"US1ILCK0014","CHICAGO 5.5 ESE, IL US","2020-03-29",,,,,,
"US1ILCK0014","CHICAGO 5.5 ESE, IL US","2020-03-30",,,,,,
"US1ILCK0014","CHICAGO 5.5 ESE, IL US","2020-03-31",,,,,,
"US1ILCK0014","CHICAGO 5.5 ESE, IL US","2020-04-01",,,,,,
"US1ILCK0014","CHICAGO 5.5 ESE, IL US","2020-04-02",,,,,,
"US1ILCK0014","CHICAGO 5.5 ESE, IL US","2020-04-03",,,,,,
"US1ILCK0014","CHICAGO 5.5 ESE, IL US","2020-04-04",,,,,,
"US1ILCK0014","CHICAGO 5.5 ESE, IL US","2020-04-05",,,,,,
"US1ILCK0014","CHICAGO 5.5 ESE, IL US","2020-04-06",,,,,,
"US1ILCK0014","CHICAGO 5.5 ESE, IL US","2020-04-07",,,,,,
"US1ILCK0014","CHICAGO 5.5 ESE, IL US","2020-04-08",,,,,,
"US1ILCK0014","CHICAGO 5.5 ESE, IL US","2020-04-09",,,,,,
"US1ILCK0014","CHICAGO 5.5 ESE, IL US","2020-04-10",,,,,,
"US1ILCK0014","CHICAGO 5.5 ESE, IL US","2020-04-11",,,,,,
"US1ILCK0014","CHICAGO 5.5 ESE, IL US","2020-04-12",,,,,,
"US1ILCK0014","CHICAGO 5.5 ESE, IL US","2020-04-13",,,,,,
"US1ILCK0014","CHICAGO 5.5 ESE, IL US","2020-04-14",,,,,,
"US1ILCK0014","CHICAGO 5.5 ESE, IL US","2020-04-15",,,,,,
"US1ILCK0014","CHICAGO 5.5 ESE, IL US","2020-04-16",,,,,,
"US1ILCK0014","CHICAGO 5.5 ESE, IL US","2020-04-17",,,,,,
"US1ILCK0014","CHICAGO 5.5 ESE, IL US","2020-04-18",,,,,,
"US1ILCK0014","CHICAGO 5.5 ESE, IL US","2020-04-19",,,,,,
"US1ILCK0014","CHICAGO 5.5 ESE, IL US","2020-04-20",,,,,,
"US1ILCK0014","CHICAGO 5.5 ESE, IL US","2020-04-21",,,,,,
"US1ILCK0014","CHICAGO 5.5 ESE, IL US","2020-04-22",,,,,,
"US1ILCK0014","CHICAGO 5.5 ESE, IL US","2020-04-23",,,,,,
"US1ILCK0014","CHICAGO 5.5 ESE, IL US","2020-04-24",,,,,,
"US1ILCK0014","CHICAGO 5.5 ESE, IL US","2020-04-25",,,,,,
"US1ILCK0014","CHICAGO 5.5 ESE, IL US","2020-04-26",,,,,,
"US1ILCK0014","CHICAGO 5.5 ESE, IL US","2020-04-27",,,,,,
"US1ILCK0014","CHICAGO 5.5 ESE, IL US","2020-04-29",,,,,,
"US1ILCK0014","CHICAGO 5.5 ESE, IL US","2020-04-30",,,,,,
"US1ILCK0014","CHICAGO 5.5 ESE, IL US","2020-05-01",,,,,,
"US1ILCK0014","CHICAGO 5.5 ESE, IL US","2020-05-02",,,,,,
"US1ILCK0014","CHICAGO 5.5 ESE, IL US","2020-05-03",,,,,,
"US1ILCK0014","CHICAGO 5.5 ESE, IL US","2020-05-04",,,,,,
"US1ILCK0014","CHICAGO 5.5 ESE, IL US","2020-05-05",,,,,,
"US1ILCK0014","CHICAGO 5.5 ESE, IL US","2020-05-06",,,,,,
"US1ILCK0014","CHICAGO 5.5 ESE, IL US","2020-05-07",,,,,,
"US1ILCK0014","CHICAGO 5.5 ESE, IL US","2020-05-08",,,,,,
"US1ILCK0014","CHICAGO 5.5 ESE, IL US","2020-05-09",,,,,,
"US1ILCK0014","CHICAGO 5.5 ESE, IL US","2020-05-10",,,,,,
"US1ILCK0014","CHICAGO 5.5 ESE, IL US","2020-05-11",,,,,,
"US1ILCK0014","CHICAGO 5.5 ESE, IL US","2020-05-13",,,,,,
"US1ILCK0014","CHICAGO 5.5 ESE, IL US","2020-05-14",,,,,,
"US1ILCK0014","CHICAGO 5.5 ESE, IL US","2020-05-15",,,,,,
"US1ILCK0014","CHICAGO 5.5 ESE, IL US","2020-05-16",,,,,,
"US1ILCK0014","CHICAGO 5.5 ESE, IL US","2020-05-17",,,,,,
"US1ILCK0014","CHICAGO 5.5 ESE, IL US","2020-05-18",,,,,,
"US1ILCK0014","CHICAGO 5.5 ESE, IL US","2020-05-20",,,,,,
"US1ILCK0014","CHICAGO 5.5 ESE, IL US","2020-05-21",,,,,,
"US1ILCK0014","CHICAGO 5.5 ESE, IL US","2020-05-22",,,,,,
"US1ILCK0014","CHICAGO 5.5 ESE, IL US","2020-05-23",,,,,,
"US1ILCK0014","CHICAGO 5.5 ESE, IL US","2020-05-24",,,,,,
"US1ILCK0014","CHICAGO 5.5 ESE, IL US","2020-05-25",,,,,,
"US1ILCK0014","CHICAGO 5.5 ESE, IL US","2020-05-26",,,,,,
"US1ILCK0014","CHICAGO 5.5 ESE, IL US","2020-05-27",,,,,,
"US1ILCK0014","CHICAGO 5.5 ESE, IL US","2020-05-28",,,,,,
"US1ILCK0014","CHICAGO 5.5 ESE, IL US","2020-05-29",,,,,,
"US1ILCK0014","CHICAGO 5.5 ESE, IL US","2020-05-30",,,,,,
"US1ILCK0014","CHICAGO 5.5 ESE, IL US","2020-05-31",,,,,,
"US1ILCK0014","CHICAGO 5.5 ESE, IL US","2020-06-01",,,,,,
"US1ILCK0014","CHICAGO 5.5 ESE, IL US","2020-06-02",,,,,,
"US1ILCK0014","CHICAGO 5.5 ESE, IL US","2020-06-03",,,,,,
"US1ILCK0014","CHICAGO 5.5 ESE, IL US","2020-06-04",,,,,,
"US1ILCK0014","CHICAGO 5.5 ESE, IL US","2020-06-05",,,,,,
"US1ILCK0014","CHICAGO 5.5 ESE, IL US","2020-06-06",,,,,,
"US1ILCK0014","CHICAGO 5.5 ESE, IL US","2020-06-07",,,,,,
"US1ILCK0014","CHICAGO 5.5 ESE, IL US","2020-06-08",,,,,,
"US1ILCK0014","CHICAGO 5.5 ESE, IL US","2020-06-09",,,,,,
"US1ILCK0014","CHICAGO 5.5 ESE, IL US","2020-06-10",,,,,,
"US1ILCK0014","CHICAGO 5.5 ESE, IL US","2020-06-11",,,,,,
"US1ILCK0014","CHICAGO 5.5 ESE, IL US","2020-06-12",,,,,,
"US1ILCK0014","CHICAGO 5.5 ESE, IL US","2020-06-13",,,,,,
"US1ILCK0014","CHICAGO 5.5 ESE, IL US","2020-06-14",,,,,,
"US1ILCK0014","CHICAGO 5.5 ESE, IL US","2020-06-15",,,,,,
"US1ILCK0014","CHICAGO 5.5 ESE, IL US","2020-06-16",,,,,,
"US1ILCK0014","CHICAGO 5.5 ESE, IL US","2020-06-18",,,,,,
"US1ILCK0014","CHICAGO 5.5 ESE, IL US","2020-06-19",,,,,,
"US1ILCK0014","CHICAGO 5.5 ESE, IL US","2020-06-20",,,,,,
"US1ILCK0014","CHICAGO 5.5 ESE, IL US","2020-06-21",,,,,,
"US1ILCK0014","CHICAGO 5.5 ESE, IL US","2020-06-22",,,,,,
"US1ILCK0014","CHICAGO 5.5 ESE, IL US","2020-06-23",,,,,,
"US1ILCK0014","CHICAGO 5.5 ESE, IL US","2020-06-24",,,,,,
"US1ILCK0014","CHICAGO 5.5 ESE, IL US","2020-06-25",,,,,,
"US1ILCK0014","CHICAGO 5.5 ESE, IL US","2020-06-26",,,,,,
"US1ILCK0014","CHICAGO 5.5 ESE, IL US","2020-06-27",,,,,,
"US1ILCK0014","CHICAGO 5.5 ESE, IL US","2020-06-28",,,,,,
"US1ILCK0014","CHICAGO 5.5 ESE, IL US","2020-06-29",,,,,,
"US1ILCK0014","CHICAGO 5.5 ESE, IL US","2020-07-01",,,,,,
"US1ILCK0014","CHICAGO 5.5 ESE, IL US","2020-07-02",,,,,,
"US1ILCK0014","CHICAGO 5.5 ESE, IL US","2020-07-03",,,,,,
"US1ILCK0014","CHICAGO 5.5 ESE, IL US","2020-07-04",,,,,,
"US1ILCK0014","CHICAGO 5.5 ESE, IL US","2020-07-05",,,,,,
"US1ILCK0014","CHICAGO 5.5 ESE, IL US","2020-07-06",,,,,,
"US1ILCK0014","CHICAGO 5.5 ESE, IL US","2020-07-07",,,,,,
"US1ILCK0014","CHICAGO 5.5 ESE, IL US","2020-07-08",,,,,,
"US1ILCK0014","CHICAGO 5.5 ESE, IL US","2020-07-09",,,,,,
"US1ILCK0014","CHICAGO 5.5 ESE, IL US","2020-07-10",,,,,,
"US1ILCK0014","CHICAGO 5.5 ESE, IL US","2020-07-11",,,,,,
"US1ILCK0014","CHICAGO 5.5 ESE, IL US","2020-07-12",,,,,,
"US1ILCK0014","CHICAGO 5.5 ESE, IL US","2020-07-13",,,,,,
"US1ILCK0014","CHICAGO 5.5 ESE, IL US","2020-07-14",,,,,,
"US1ILCK0014","CHICAGO 5.5 ESE, IL US","2020-07-15",,,,,,
"US1ILCK0014","CHICAGO 5.5 ESE, IL US","2020-07-16",,,,,,
"US1ILCK0014","CHICAGO 5.5 ESE, IL US","2020-07-17",,,,,,
"US1ILCK0014","CHICAGO 5.5 ESE, IL US","2020-07-18",,,,,,
"US1ILCK0014","CHICAGO 5.5 ESE, IL US","2020-07-19",,,,,,
"US1ILCK0014","CHICAGO 5.5 ESE, IL US","2020-07-20",,,,,,
"US1ILCK0014","CHICAGO 5.5 ESE, IL US","2020-07-21",,,,,,
"US1ILCK0014","CHICAGO 5.5 ESE, IL US","2020-07-22",,,,,,
"US1ILCK0014","CHICAGO 5.5 ESE, IL US","2020-07-23",,,,,,
"US1ILCK0014","CHICAGO 5.5 ESE, IL US","2020-07-24",,,,,,
"US1ILCK0014","CHICAGO 5.5 ESE, IL US","2020-07-25",,,,,,
"US1ILCK0014","CHICAGO 5.5 ESE, IL US","2020-07-26",,,,,,
"US1ILCK0014","CHICAGO 5.5 ESE, IL US","2020-07-27",,,,,,
"US1ILCK0014","CHICAGO 5.5 ESE, IL US","2020-07-28",,,,,,
"US1ILCK0014","CHICAGO 5.5 ESE, IL US","2020-07-29",,,,,,
"US1ILCK0014","CHICAGO 5.5 ESE, IL US","2020-07-30",,,,,,
"US1ILCK0014","CHICAGO 5.5 ESE, IL US","2020-07-31",,,,,,
"US1ILCK0014","CHICAGO 5.5 ESE, IL US","2020-08-01",,,,,,
"US1ILCK0014","CHICAGO 5.5 ESE, IL US","2020-08-02",,,,,,
"US1ILCK0014","CHICAGO 5.5 ESE, IL US","2020-08-03",,,,,,
"US1ILCK0014","CHICAGO 5.5 ESE, IL US","2020-08-04",,,,,,
"US1ILCK0014","CHICAGO 5.5 ESE, IL US","2020-08-05",,,,,,
"US1ILCK0014","CHICAGO 5.5 ESE, IL US","2020-08-06",,,,,,
"US1ILCK0014","CHICAGO 5.5 ESE, IL US","2020-08-07",,,,,,
"US1ILCK0014","CHICAGO 5.5 ESE, IL US","2020-08-08",,,,,,
"US1ILCK0014","CHICAGO 5.5 ESE, IL US","2020-08-09",,,,,,
"US1ILCK0014","CHICAGO 5.5 ESE, IL US","2020-08-10",,,,,,
"US1ILCK0014","CHICAGO 5.5 ESE, IL US","2020-08-12",,,,,,
"US1ILCK0014","CHICAGO 5.5 ESE, IL US","2020-08-13",,,,,,
"US1ILCK0014","CHICAGO 5.5 ESE, IL US","2020-08-15",,,,,,
"US1ILCK0014","CHICAGO 5.5 ESE, IL US","2020-08-16",,,,,,
"US1ILCK0014","CHICAGO 5.5 ESE, IL US","2020-08-17",,,,,,
"US1ILCK0014","CHICAGO 5.5 ESE, IL US","2020-08-18",,,,,,
"US1ILCK0014","CHICAGO 5.5 ESE, IL US","2020-08-19",,,,,,
"US1ILCK0014","CHICAGO 5.5 ESE, IL US","2020-08-20",,,,,,
"US1ILCK0014","CHICAGO 5.5 ESE, IL US","2020-08-21",,,,,,
"US1ILCK0014","CHICAGO 5.5 ESE, IL US","2020-08-22",,,,,,
"US1ILCK0014","CHICAGO 5.5 ESE, IL US","2020-08-23",,,,,,
"US1ILCK0014","CHICAGO 5.5 ESE, IL US","2020-08-24",,,,,,
"US1ILCK0014","CHICAGO 5.5 ESE, IL US","2020-08-25",,,,,,
"US1ILCK0014","CHICAGO 5.5 ESE, IL US","2020-08-26",,,,,,
"US1ILCK0014","CHICAGO 5.5 ESE, IL US","2020-08-27",,,,,,
"US1ILCK0014","CHICAGO 5.5 ESE, IL US","2020-08-28",,,,,,
"US1ILCK0014","CHICAGO 5.5 ESE, IL US","2020-08-29",,,,,,
"US1ILCK0014","CHICAGO 5.5 ESE, IL US","2020-08-30",,,,,,
"US1ILCK0014","CHICAGO 5.5 ESE, IL US","2020-08-31",,,,,,
"US1ILCK0014","CHICAGO 5.5 ESE, IL US","2020-09-01",,,,,,
"US1ILCK0014","CHICAGO 5.5 ESE, IL US","2020-09-02",,,,,,
"US1ILCK0014","CHICAGO 5.5 ESE, IL US","2020-09-03",,,,,,
"US1ILCK0014","CHICAGO 5.5 ESE, IL US","2020-09-04",,,,,,
"US1ILCK0014","CHICAGO 5.5 ESE, IL US","2020-09-05",,,,,,
"US1ILCK0014","CHICAGO 5.5 ESE, IL US","2020-09-06",,,,,,
"US1ILCK0014","CHICAGO 5.5 ESE, IL US","2020-09-07",,,,,,
"US1ILCK0014","CHICAGO 5.5 ESE, IL US","2020-09-08",,,,,,
"US1ILWL0065","CRETE 2.6 SSW, IL US","2019-10-06",,,,,,
"US1ILWL0065","CRETE 2.6 SSW, IL US","2019-10-12",,,,,,
"US1ILWL0065","CRETE 2.6 SSW, IL US","2019-10-26",,,,,,
"US1ILWL0065","CRETE 2.6 SSW, IL US","2019-10-27",,,,,,
"US1ILWL0065","CRETE 2.6 SSW, IL US","2019-11-01",,,,,,
"US1ILWL0065","CRETE 2.6 SSW, IL US","2019-11-17",,,,,,
"US1ILWL0065","CRETE 2.6 SSW, IL US","2019-12-05",,,,,,
"US1ILWL0065","CRETE 2.6 SSW, IL US","2019-12-27",,,,,,
"US1ILWL0065","CRETE 2.6 SSW, IL US","2019-12-31",,,,,,
"US1ILWL0065","CRETE 2.6 SSW, IL US","2020-01-13",,,,,,
"US1ILWL0065","CRETE 2.6 SSW, IL US","2020-01-26",,,,,,
"US1ILWL0065","CRETE 2.6 SSW, IL US","2020-02-08",,,,,,
"US1ILWL0065","CRETE 2.6 SSW, IL US","2020-02-16",,,,,,
"US1ILWL0065","CRETE 2.6 SSW, IL US","2020-02-23",,,,,,
"US1ILWL0065","CRETE 2.6 SSW, IL US","2020-03-02",,,,,,
"US1ILWL0065","CRETE 2.6 SSW, IL US","2020-03-09",,,,,,
"US1ILWL0065","CRETE 2.6 SSW, IL US","2020-03-11",,,,,,
"US1ILWL0065","CRETE 2.6 SSW, IL US","2020-03-30",,,,,,
"US1ILWL0065","CRETE 2.6 SSW, IL US","2020-04-05",,,,,,
"US1ILWL0065","CRETE 2.6 SSW, IL US","2020-04-08",,,,,,
"US1ILWL0065","CRETE 2.6 SSW, IL US","2020-04-14",,,,,,
"US1ILWL0065","CRETE 2.6 SSW, IL US","2020-04-27",,,,,,
"US1ILWL0065","CRETE 2.6 SSW, IL US","2020-04-30",,,,,,
"US1ILWL0065","CRETE 2.6 SSW, IL US","2020-05-10",,,,,,
"US1ILWL0065","CRETE 2.6 SSW, IL US","2020-05-13",,,,,,
"US1ILWL0065","CRETE 2.6 SSW, IL US","2020-05-15",,,,,,
"US1ILWL0065","CRETE 2.6 SSW, IL US","2020-05-17",,,,,,
"US1ILWL0065","CRETE 2.6 SSW, IL US","2020-05-18",,,,,,
"US1ILWL0065","CRETE 2.6 SSW, IL US","2020-05-24",,,,,,
"US1ILWL0065","CRETE 2.6 SSW, IL US","2020-05-27",,,,,,
"US1ILWL0065","CRETE 2.6 SSW, IL US","2020-06-04",,,,,,
"US1ILWL0065","CRETE 2.6 SSW, IL US","2020-06-13",,,,,,
"US1ILWL0065","CRETE 2.6 SSW, IL US","2020-06-23",,,,,,
"US1ILWL0065","CRETE 2.6 SSW, IL US","2020-06-27",,,,,,
"US1ILWL0065","CRETE 2.6 SSW, IL US","2020-07-06",,,,,,
"US1ILWL0065","CRETE 2.6 SSW, IL US","2020-07-11",,,,,,
"US1ILWL0065","CRETE 2.6 SSW, IL US","2020-07-16",,,,,,
"US1ILWL0065","CRETE 2.6 SSW, IL US","2020-07-22",,,,,,
"US1ILWL0065","CRETE 2.6 SSW, IL US","2020-07-27",,,,,,
"US1ILWL0065","CRETE 2.6 SSW, IL US","2020-08-02",,,,,,
"US1ILWL0065","CRETE 2.6 SSW, IL US","2020-08-03",,,,,,
"US1ILWL0065","CRETE 2.6 SSW, IL US","2020-08-11",,,,,,
"US1ILWL0065","CRETE 2.6 SSW, IL US","2020-08-24",,,,,,
"US1ILWL0065","CRETE 2.6 SSW, IL US","2020-09-02",,,,,,
"US1ILDP0102","BOLINGBROOK 2.7 NE, IL US","2019-10-04",,,,,,
"US1ILDP0102","BOLINGBROOK 2.7 NE, IL US","2019-10-05",,,,,,
"US1ILDP0102","BOLINGBROOK 2.7 NE, IL US","2019-10-06",,,,,,
"US1ILDP0102","BOLINGBROOK 2.7 NE, IL US","2019-10-07",,,,,,
"US1ILDP0102","BOLINGBROOK 2.7 NE, IL US","2019-10-08",,,,,,
"US1ILDP0102","BOLINGBROOK 2.7 NE, IL US","2019-10-11",,,,,,
"US1ILDP0102","BOLINGBROOK 2.7 NE, IL US","2019-10-12",,,,,,
"US1ILDP0102","BOLINGBROOK 2.7 NE, IL US","2019-10-13",,,,,,
"US1ILDP0102","BOLINGBROOK 2.7 NE, IL US","2019-10-14",,,,,,
"US1ILDP0102","BOLINGBROOK 2.7 NE, IL US","2019-10-15",,,,,,
"US1ILDP0102","BOLINGBROOK 2.7 NE, IL US","2019-10-16",,,,,,
"US1ILDP0102","BOLINGBROOK 2.7 NE, IL US","2019-10-17",,,,,,
"US1ILDP0102","BOLINGBROOK 2.7 NE, IL US","2019-10-18",,,,,,
"US1ILDP0102","BOLINGBROOK 2.7 NE, IL US","2019-10-19",,,,,,
"US1ILDP0102","BOLINGBROOK 2.7 NE, IL US","2019-10-20",,,,,,
"US1ILDP0102","BOLINGBROOK 2.7 NE, IL US","2019-10-21",,,,,,
"US1ILDP0102","BOLINGBROOK 2.7 NE, IL US","2019-10-22",,,,,,
"US1ILDP0102","BOLINGBROOK 2.7 NE, IL US","2019-10-23",,,,,,
"US1ILDP0102","BOLINGBROOK 2.7 NE, IL US","2019-10-24",,,,,,
"US1ILDP0102","BOLINGBROOK 2.7 NE, IL US","2019-10-25",,,,,,
"US1ILDP0102","BOLINGBROOK 2.7 NE, IL US","2019-10-26",,,,,,
"US1ILDP0102","BOLINGBROOK 2.7 NE, IL US","2019-10-27",,,,,,
"US1ILDP0102","BOLINGBROOK 2.7 NE, IL US","2019-10-28",,,,,,
"US1ILDP0102","BOLINGBROOK 2.7 NE, IL US","2019-10-29",,,,,,
"US1ILDP0102","BOLINGBROOK 2.7 NE, IL US","2019-10-30",,,,,,
"US1ILDP0102","BOLINGBROOK 2.7 NE, IL US","2019-10-31",,,,,,
"US1ILDP0102","BOLINGBROOK 2.7 NE, IL US","2019-11-01",,,,,,
"US1ILDP0102","BOLINGBROOK 2.7 NE, IL US","2019-11-02",,,,,,
"US1ILDP0102","BOLINGBROOK 2.7 NE, IL US","2019-11-03",,,,,,
"US1ILDP0102","BOLINGBROOK 2.7 NE, IL US","2019-11-04",,,,,,
"US1ILDP0102","BOLINGBROOK 2.7 NE, IL US","2019-11-05",,,,,,
"US1ILDP0102","BOLINGBROOK 2.7 NE, IL US","2019-11-06",,,,,,
"US1ILDP0102","BOLINGBROOK 2.7 NE, IL US","2019-11-07",,,,,,
"US1ILDP0102","BOLINGBROOK 2.7 NE, IL US","2019-11-09",,,,,,
"US1ILDP0102","BOLINGBROOK 2.7 NE, IL US","2019-11-10",,,,,,
"US1ILDP0102","BOLINGBROOK 2.7 NE, IL US","2019-11-11",,,,,,
"US1ILDP0102","BOLINGBROOK 2.7 NE, IL US","2019-11-12",,,,,,
"US1ILDP0102","BOLINGBROOK 2.7 NE, IL US","2019-11-14",,,,,,
"US1ILDP0102","BOLINGBROOK 2.7 NE, IL US","2019-11-15",,,,,,
"US1ILDP0102","BOLINGBROOK 2.7 NE, IL US","2019-11-16",,,,,,
"US1ILDP0102","BOLINGBROOK 2.7 NE, IL US","2019-11-18",,,,,,
"US1ILDP0102","BOLINGBROOK 2.7 NE, IL US","2019-11-19",,,,,,
"US1ILDP0102","BOLINGBROOK 2.7 NE, IL US","2019-11-20",,,,,,
"US1ILDP0102","BOLINGBROOK 2.7 NE, IL US","2019-11-21",,,,,,
"US1ILDP0102","BOLINGBROOK 2.7 NE, IL US","2019-11-23",,,,,,
"US1ILDP0102","BOLINGBROOK 2.7 NE, IL US","2019-11-24",,,,,,
"US1ILDP0102","BOLINGBROOK 2.7 NE, IL US","2019-11-25",,,,,,
"US1ILDP0102","BOLINGBROOK 2.7 NE, IL US","2019-11-26",,,,,,
"US1ILDP0102","BOLINGBROOK 2.7 NE, IL US","2019-11-27",,,,,,
"US1ILDP0102","BOLINGBROOK 2.7 NE, IL US","2019-11-28",,,,,,
"US1ILDP0102","BOLINGBROOK 2.7 NE, IL US","2019-11-29",,,,,,
"US1ILDP0102","BOLINGBROOK 2.7 NE, IL US","2019-11-30",,,,,,
"US1ILDP0102","BOLINGBROOK 2.7 NE, IL US","2019-12-01",,,,,,
"US1ILDP0102","BOLINGBROOK 2.7 NE, IL US","2019-12-02",,,,,,
"US1ILDP0102","BOLINGBROOK 2.7 NE, IL US","2019-12-03",,,,,,
"US1ILDP0102","BOLINGBROOK 2.7 NE, IL US","2019-12-04",,,,,,
"US1ILDP0102","BOLINGBROOK 2.7 NE, IL US","2019-12-05",,,,,,
"US1ILDP0102","BOLINGBROOK 2.7 NE, IL US","2019-12-06",,,,,,
"US1ILDP0102","BOLINGBROOK 2.7 NE, IL US","2019-12-07",,,,,,
"US1ILDP0102","BOLINGBROOK 2.7 NE, IL US","2019-12-08",,,,,,
"US1ILDP0102","BOLINGBROOK 2.7 NE, IL US","2019-12-09",,,,,,
"US1ILDP0102","BOLINGBROOK 2.7 NE, IL US","2019-12-10",,,,,,
"US1ILDP0102","BOLINGBROOK 2.7 NE, IL US","2019-12-11",,,,,,
"US1ILDP0102","BOLINGBROOK 2.7 NE, IL US","2019-12-12",,,,,,
"US1ILDP0102","BOLINGBROOK 2.7 NE, IL US","2019-12-13",,,,,,
"US1ILDP0102","BOLINGBROOK 2.7 NE, IL US","2019-12-14",,,,,,
"US1ILDP0102","BOLINGBROOK 2.7 NE, IL US","2019-12-15",,,,,,
"US1ILDP0102","BOLINGBROOK 2.7 NE, IL US","2019-12-16",,,,,,
"US1ILDP0102","BOLINGBROOK 2.7 NE, IL US","2019-12-17",,,,,,
"US1ILDP0102","BOLINGBROOK 2.7 NE, IL US","2019-12-18",,,,,,
"US1ILDP0102","BOLINGBROOK 2.7 NE, IL US","2019-12-19",,,,,,
"US1ILDP0102","BOLINGBROOK 2.7 NE, IL US","2019-12-20",,,,,,
"US1ILDP0102","BOLINGBROOK 2.7 NE, IL US","2019-12-21",,,,,,
"US1ILDP0102","BOLINGBROOK 2.7 NE, IL US","2019-12-22",,,,,,
"US1ILDP0102","BOLINGBROOK 2.7 NE, IL US","2019-12-24",,,,,,
"US1ILDP0102","BOLINGBROOK 2.7 NE, IL US","2019-12-25",,,,,,
"US1ILDP0102","BOLINGBROOK 2.7 NE, IL US","2019-12-26",,,,,,
"US1ILDP0102","BOLINGBROOK 2.7 NE, IL US","2019-12-27",,,,,,
"US1ILDP0102","BOLINGBROOK 2.7 NE, IL US","2019-12-28",,,,,,
"US1ILDP0102","BOLINGBROOK 2.7 NE, IL US","2019-12-29",,,,,,
"US1ILDP0102","BOLINGBROOK 2.7 NE, IL US","2019-12-30",,,,,,
"US1ILDP0102","BOLINGBROOK 2.7 NE, IL US","2019-12-31",,,,,,
"US1ILDP0102","BOLINGBROOK 2.7 NE, IL US","2020-01-01",,,,,,
"US1ILDP0102","BOLINGBROOK 2.7 NE, IL US","2020-01-02",,,,,,
"US1ILDP0102","BOLINGBROOK 2.7 NE, IL US","2020-01-03",,,,,,
"US1ILDP0102","BOLINGBROOK 2.7 NE, IL US","2020-01-04",,,,,,
"US1ILDP0102","BOLINGBROOK 2.7 NE, IL US","2020-01-05",,,,,,
"US1ILDP0102","BOLINGBROOK 2.7 NE, IL US","2020-01-06",,,,,,
"US1ILDP0102","BOLINGBROOK 2.7 NE, IL US","2020-01-07",,,,,,
"US1ILDP0102","BOLINGBROOK 2.7 NE, IL US","2020-01-08",,,,,,
"US1ILDP0102","BOLINGBROOK 2.7 NE, IL US","2020-01-09",,,,,,
"US1ILDP0102","BOLINGBROOK 2.7 NE, IL US","2020-01-10",,,,,,
"US1ILDP0102","BOLINGBROOK 2.7 NE, IL US","2020-01-11",,,,,,
"US1ILDP0102","BOLINGBROOK 2.7 NE, IL US","2020-01-12",,,,,,
"US1ILDP0102","BOLINGBROOK 2.7 NE, IL US","2020-01-13",,,,,,
"US1ILDP0102","BOLINGBROOK 2.7 NE, IL US","2020-01-14",,,,,,
"US1ILDP0102","BOLINGBROOK 2.7 NE, IL US","2020-01-15",,,,,,
"US1ILDP0102","BOLINGBROOK 2.7 NE, IL US","2020-01-16",,,,,,
"US1ILDP0102","BOLINGBROOK 2.7 NE, IL US","2020-01-17",,,,,,
"US1ILDP0102","BOLINGBROOK 2.7 NE, IL US","2020-01-19",,,,,,
"US1ILDP0102","BOLINGBROOK 2.7 NE, IL US","2020-01-20",,,,,,
"US1ILDP0102","BOLINGBROOK 2.7 NE, IL US","2020-01-21",,,,,,
"US1ILDP0102","BOLINGBROOK 2.7 NE, IL US","2020-01-22",,,,,,
"US1ILDP0102","BOLINGBROOK 2.7 NE, IL US","2020-01-23",,,,,,
"US1ILDP0102","BOLINGBROOK 2.7 NE, IL US","2020-01-24",,,,,,
"US1ILDP0102","BOLINGBROOK 2.7 NE, IL US","2020-01-25",,,,,,
"US1ILDP0102","BOLINGBROOK 2.7 NE, IL US","2020-01-26",,,,,,
"US1ILDP0102","BOLINGBROOK 2.7 NE, IL US","2020-01-27",,,,,,
"US1ILDP0102","BOLINGBROOK 2.7 NE, IL US","2020-01-28",,,,,,
"US1ILDP0102","BOLINGBROOK 2.7 NE, IL US","2020-01-29",,,,,,
"US1ILDP0102","BOLINGBROOK 2.7 NE, IL US","2020-01-30",,,,,,
"US1ILDP0102","BOLINGBROOK 2.7 NE, IL US","2020-01-31",,,,,,
"US1ILDP0102","BOLINGBROOK 2.7 NE, IL US","2020-02-01",,,,,,
"US1ILDP0102","BOLINGBROOK 2.7 NE, IL US","2020-02-02",,,,,,
"US1ILDP0102","BOLINGBROOK 2.7 NE, IL US","2020-02-03",,,,,,
"US1ILDP0102","BOLINGBROOK 2.7 NE, IL US","2020-02-04",,,,,,
"US1ILDP0102","BOLINGBROOK 2.7 NE, IL US","2020-02-05",,,,,,
"US1ILDP0102","BOLINGBROOK 2.7 NE, IL US","2020-02-06",,,,,,
"US1ILDP0102","BOLINGBROOK 2.7 NE, IL US","2020-02-07",,,,,,
"US1ILDP0102","BOLINGBROOK 2.7 NE, IL US","2020-02-08",,,,,,
"US1ILDP0102","BOLINGBROOK 2.7 NE, IL US","2020-02-09",,,,,,
"US1ILDP0102","BOLINGBROOK 2.7 NE, IL US","2020-02-10",,,,,,
"US1ILDP0102","BOLINGBROOK 2.7 NE, IL US","2020-02-11",,,,,,
"US1ILDP0102","BOLINGBROOK 2.7 NE, IL US","2020-02-12",,,,,,
"US1ILDP0102","BOLINGBROOK 2.7 NE, IL US","2020-02-13",,,,,,
"US1ILDP0102","BOLINGBROOK 2.7 NE, IL US","2020-02-14",,,,,,
"US1ILDP0102","BOLINGBROOK 2.7 NE, IL US","2020-02-15",,,,,,
"US1ILDP0102","BOLINGBROOK 2.7 NE, IL US","2020-02-16",,,,,,
"US1ILDP0102","BOLINGBROOK 2.7 NE, IL US","2020-02-17",,,,,,
"US1ILDP0102","BOLINGBROOK 2.7 NE, IL US","2020-02-18",,,,,,
"US1ILDP0102","BOLINGBROOK 2.7 NE, IL US","2020-02-19",,,,,,
"US1ILDP0102","BOLINGBROOK 2.7 NE, IL US","2020-02-20",,,,,,
"US1ILDP0102","BOLINGBROOK 2.7 NE, IL US","2020-02-21",,,,,,
"US1ILDP0102","BOLINGBROOK 2.7 NE, IL US","2020-02-22",,,,,,
"US1ILDP0102","BOLINGBROOK 2.7 NE, IL US","2020-02-23",,,,,,
"US1ILDP0102","BOLINGBROOK 2.7 NE, IL US","2020-02-24",,,,,,
"US1ILDP0102","BOLINGBROOK 2.7 NE, IL US","2020-02-25",,,,,,
"US1ILDP0102","BOLINGBROOK 2.7 NE, IL US","2020-02-26",,,,,,
"US1ILDP0102","BOLINGBROOK 2.7 NE, IL US","2020-02-27",,,,,,
"US1ILDP0102","BOLINGBROOK 2.7 NE, IL US","2020-02-28",,,,,,
"US1ILDP0102","BOLINGBROOK 2.7 NE, IL US","2020-02-29",,,,,,
"US1ILDP0102","BOLINGBROOK 2.7 NE, IL US","2020-03-01",,,,,,
"US1ILDP0102","BOLINGBROOK 2.7 NE, IL US","2020-03-02",,,,,,
"US1ILDP0102","BOLINGBROOK 2.7 NE, IL US","2020-03-03",,,,,,
"US1ILDP0102","BOLINGBROOK 2.7 NE, IL US","2020-03-04",,,,,,
"US1ILDP0102","BOLINGBROOK 2.7 NE, IL US","2020-03-06",,,,,,
"US1ILDP0102","BOLINGBROOK 2.7 NE, IL US","2020-03-08",,,,,,
"US1ILDP0102","BOLINGBROOK 2.7 NE, IL US","2020-03-09",,,,,,
"US1ILDP0102","BOLINGBROOK 2.7 NE, IL US","2020-03-10",,,,,,
"US1ILDP0102","BOLINGBROOK 2.7 NE, IL US","2020-03-11",,,,,,
"US1ILDP0102","BOLINGBROOK 2.7 NE, IL US","2020-03-12",,,,,,
"US1ILDP0102","BOLINGBROOK 2.7 NE, IL US","2020-03-13",,,,,,
"US1ILDP0102","BOLINGBROOK 2.7 NE, IL US","2020-03-14",,,,,,
"US1ILDP0102","BOLINGBROOK 2.7 NE, IL US","2020-03-15",,,,,,
"US1ILDP0102","BOLINGBROOK 2.7 NE, IL US","2020-03-16",,,,,,
"US1ILDP0102","BOLINGBROOK 2.7 NE, IL US","2020-03-17",,,,,,
"US1ILDP0102","BOLINGBROOK 2.7 NE, IL US","2020-03-18",,,,,,
"US1ILDP0102","BOLINGBROOK 2.7 NE, IL US","2020-03-19",,,,,,
"US1ILDP0102","BOLINGBROOK 2.7 NE, IL US","2020-03-20",,,,,,
"US1ILDP0102","BOLINGBROOK 2.7 NE, IL US","2020-03-21",,,,,,
"US1ILDP0102","BOLINGBROOK 2.7 NE, IL US","2020-03-22",,,,,,
"US1ILDP0102","BOLINGBROOK 2.7 NE, IL US","2020-03-23",,,,,,
"US1ILDP0102","BOLINGBROOK 2.7 NE, IL US","2020-03-24",,,,,,
"US1ILDP0102","BOLINGBROOK 2.7 NE, IL US","2020-03-26",,,,,,
"US1ILDP0102","BOLINGBROOK 2.7 NE, IL US","2020-03-27",,,,,,
"US1ILDP0102","BOLINGBROOK 2.7 NE, IL US","2020-03-28",,,,,,
"US1ILDP0102","BOLINGBROOK 2.7 NE, IL US","2020-03-29",,,,,,
"US1ILDP0102","BOLINGBROOK 2.7 NE, IL US","2020-03-30",,,,,,
"US1ILDP0102","BOLINGBROOK 2.7 NE, IL US","2020-04-01",,,,,,
"US1ILDP0102","BOLINGBROOK 2.7 NE, IL US","2020-04-03",,,,,,
"US1ILDP0102","BOLINGBROOK 2.7 NE, IL US","2020-04-04",,,,,,
"US1ILDP0102","BOLINGBROOK 2.7 NE, IL US","2020-04-05",,,,,,
"US1ILDP0102","BOLINGBROOK 2.7 NE, IL US","2020-04-06",,,,,,
"US1ILDP0102","BOLINGBROOK 2.7 NE, IL US","2020-04-07",,,,,,
"US1ILDP0102","BOLINGBROOK 2.7 NE, IL US","2020-04-08",,,,,,
"US1ILDP0102","BOLINGBROOK 2.7 NE, IL US","2020-04-09",,,,,,
"US1ILDP0102","BOLINGBROOK 2.7 NE, IL US","2020-04-10",,,,,,
"US1ILDP0102","BOLINGBROOK 2.7 NE, IL US","2020-04-11",,,,,,
"US1ILDP0102","BOLINGBROOK 2.7 NE, IL US","2020-04-12",,,,,,
"US1ILDP0102","BOLINGBROOK 2.7 NE, IL US","2020-04-13",,,,,,
"US1ILDP0102","BOLINGBROOK 2.7 NE, IL US","2020-04-14",,,,,,
"US1ILDP0102","BOLINGBROOK 2.7 NE, IL US","2020-04-15",,,,,,
"US1ILDP0102","BOLINGBROOK 2.7 NE, IL US","2020-04-16",,,,,,
"US1ILDP0102","BOLINGBROOK 2.7 NE, IL US","2020-04-17",,,,,,
"US1ILDP0102","BOLINGBROOK 2.7 NE, IL US","2020-04-18",,,,,,
"US1ILDP0102","BOLINGBROOK 2.7 NE, IL US","2020-04-19",,,,,,
"US1ILDP0102","BOLINGBROOK 2.7 NE, IL US","2020-04-20",,,,,,
"US1ILDP0102","BOLINGBROOK 2.7 NE, IL US","2020-04-21",,,,,,
"US1ILDP0102","BOLINGBROOK 2.7 NE, IL US","2020-04-22",,,,,,
"US1ILDP0102","BOLINGBROOK 2.7 NE, IL US","2020-04-23",,,,,,
"US1ILDP0102","BOLINGBROOK 2.7 NE, IL US","2020-04-24",,,,,,
"US1ILDP0102","BOLINGBROOK 2.7 NE, IL US","2020-04-25",,,,,,
"US1ILDP0102","BOLINGBROOK 2.7 NE, IL US","2020-04-26",,,,,,
"US1ILDP0102","BOLINGBROOK 2.7 NE, IL US","2020-04-27",,,,,,
"US1ILDP0102","BOLINGBROOK 2.7 NE, IL US","2020-04-28",,,,,,
"US1ILDP0102","BOLINGBROOK 2.7 NE, IL US","2020-04-29",,,,,,
"US1ILDP0102","BOLINGBROOK 2.7 NE, IL US","2020-04-30",,,,,,
"US1ILDP0102","BOLINGBROOK 2.7 NE, IL US","2020-05-01",,,,,,
"US1ILDP0102","BOLINGBROOK 2.7 NE, IL US","2020-05-02",,,,,,
"US1ILDP0102","BOLINGBROOK 2.7 NE, IL US","2020-05-03",,,,,,
"US1ILDP0102","BOLINGBROOK 2.7 NE, IL US","2020-05-05",,,,,,
"US1ILDP0102","BOLINGBROOK 2.7 NE, IL US","2020-05-06",,,,,,
"US1ILDP0102","BOLINGBROOK 2.7 NE, IL US","2020-05-07",,,,,,
"US1ILDP0102","BOLINGBROOK 2.7 NE, IL US","2020-05-08",,,,,,
"US1ILDP0102","BOLINGBROOK 2.7 NE, IL US","2020-05-09",,,,,,
"US1ILDP0102","BOLINGBROOK 2.7 NE, IL US","2020-05-10",,,,,,
"US1ILDP0102","BOLINGBROOK 2.7 NE, IL US","2020-05-11",,,,,,
"US1ILDP0102","BOLINGBROOK 2.7 NE, IL US","2020-05-12",,,,,,
"US1ILDP0102","BOLINGBROOK 2.7 NE, IL US","2020-05-13",,,,,,
"US1ILDP0102","BOLINGBROOK 2.7 NE, IL US","2020-05-14",,,,,,
"US1ILDP0102","BOLINGBROOK 2.7 NE, IL US","2020-05-15",,,,,,
"US1ILDP0102","BOLINGBROOK 2.7 NE, IL US","2020-05-16",,,,,,
"US1ILDP0102","BOLINGBROOK 2.7 NE, IL US","2020-05-17",,,,,,
"US1ILDP0102","BOLINGBROOK 2.7 NE, IL US","2020-05-19",,,,,,
"US1ILDP0102","BOLINGBROOK 2.7 NE, IL US","2020-05-20",,,,,,
"US1ILDP0102","BOLINGBROOK 2.7 NE, IL US","2020-05-21",,,,,,
"US1ILDP0102","BOLINGBROOK 2.7 NE, IL US","2020-05-22",,,,,,
"US1ILDP0102","BOLINGBROOK 2.7 NE, IL US","2020-05-23",,,,,,
"US1ILDP0102","BOLINGBROOK 2.7 NE, IL US","2020-05-24",,,,,,
"US1ILDP0102","BOLINGBROOK 2.7 NE, IL US","2020-05-25",,,,,,
"US1ILDP0102","BOLINGBROOK 2.7 NE, IL US","2020-05-26",,,,,,
"US1ILDP0102","BOLINGBROOK 2.7 NE, IL US","2020-05-27",,,,,,
"US1ILDP0102","BOLINGBROOK 2.7 NE, IL US","2020-05-28",,,,,,
"US1ILDP0102","BOLINGBROOK 2.7 NE, IL US","2020-05-29",,,,,,
"US1ILDP0102","BOLINGBROOK 2.7 NE, IL US","2020-06-01",,,,,,
"US1ILDP0102","BOLINGBROOK 2.7 NE, IL US","2020-06-02",,,,,,
"US1ILDP0102","BOLINGBROOK 2.7 NE, IL US","2020-06-03",,,,,,
"US1ILDP0102","BOLINGBROOK 2.7 NE, IL US","2020-06-04",,,,,,
"US1ILDP0102","BOLINGBROOK 2.7 NE, IL US","2020-06-05",,,,,,
"US1ILDP0102","BOLINGBROOK 2.7 NE, IL US","2020-06-07",,,,,,
"US1ILDP0102","BOLINGBROOK 2.7 NE, IL US","2020-06-08",,,,,,
"US1ILDP0102","BOLINGBROOK 2.7 NE, IL US","2020-06-09",,,,,,
"US1ILDP0102","BOLINGBROOK 2.7 NE, IL US","2020-06-10",,,,,,
"US1ILDP0102","BOLINGBROOK 2.7 NE, IL US","2020-06-11",,,,,,
"US1ILDP0102","BOLINGBROOK 2.7 NE, IL US","2020-06-12",,,,,,
"US1ILDP0102","BOLINGBROOK 2.7 NE, IL US","2020-06-13",,,,,,
"US1ILDP0102","BOLINGBROOK 2.7 NE, IL US","2020-06-14",,,,,,
"US1ILDP0102","BOLINGBROOK 2.7 NE, IL US","2020-06-15",,,,,,
"US1ILDP0102","BOLINGBROOK 2.7 NE, IL US","2020-06-16",,,,,,
"US1ILDP0102","BOLINGBROOK 2.7 NE, IL US","2020-06-17",,,,,,
"US1ILDP0102","BOLINGBROOK 2.7 NE, IL US","2020-06-18",,,,,,
"US1ILDP0102","BOLINGBROOK 2.7 NE, IL US","2020-06-19",,,,,,
"US1ILDP0102","BOLINGBROOK 2.7 NE, IL US","2020-06-21",,,,,,
"US1ILDP0102","BOLINGBROOK 2.7 NE, IL US","2020-06-22",,,,,,
"US1ILDP0102","BOLINGBROOK 2.7 NE, IL US","2020-06-23",,,,,,
"US1ILDP0102","BOLINGBROOK 2.7 NE, IL US","2020-06-24",,,,,,
"US1ILDP0102","BOLINGBROOK 2.7 NE, IL US","2020-06-25",,,,,,
"US1ILDP0102","BOLINGBROOK 2.7 NE, IL US","2020-06-26",,,,,,
"US1ILDP0102","BOLINGBROOK 2.7 NE, IL US","2020-06-27",,,,,,
"US1ILDP0102","BOLINGBROOK 2.7 NE, IL US","2020-06-28",,,,,,
"US1ILDP0102","BOLINGBROOK 2.7 NE, IL US","2020-06-29",,,,,,
"US1ILDP0102","BOLINGBROOK 2.7 NE, IL US","2020-06-30",,,,,,
"US1ILDP0102","BOLINGBROOK 2.7 NE, IL US","2020-07-01",,,,,,
"US1ILDP0102","BOLINGBROOK 2.7 NE, IL US","2020-07-04",,,,,,
"US1ILDP0102","BOLINGBROOK 2.7 NE, IL US","2020-07-06",,,,,,
"US1ILDP0102","BOLINGBROOK 2.7 NE, IL US","2020-07-07",,,,,,
"US1ILDP0102","BOLINGBROOK 2.7 NE, IL US","2020-07-08",,,,,,
"US1ILDP0102","BOLINGBROOK 2.7 NE, IL US","2020-07-09",,,,,,
"US1ILDP0102","BOLINGBROOK 2.7 NE, IL US","2020-07-10",,,,,,
"US1ILDP0102","BOLINGBROOK 2.7 NE, IL US","2020-07-12",,,,,,
"US1ILDP0102","BOLINGBROOK 2.7 NE, IL US","2020-07-13",,,,,,
"US1ILDP0102","BOLINGBROOK 2.7 NE, IL US","2020-07-14",,,,,,
"US1ILDP0102","BOLINGBROOK 2.7 NE, IL US","2020-07-15",,,,,,
"US1ILDP0102","BOLINGBROOK 2.7 NE, IL US","2020-07-16",,,,,,
"US1ILDP0102","BOLINGBROOK 2.7 NE, IL US","2020-07-17",,,,,,
"US1ILDP0102","BOLINGBROOK 2.7 NE, IL US","2020-07-18",,,,,,
"US1ILDP0102","BOLINGBROOK 2.7 NE, IL US","2020-07-19",,,,,,
"US1ILDP0102","BOLINGBROOK 2.7 NE, IL US","2020-07-20",,,,,,
"US1ILDP0102","BOLINGBROOK 2.7 NE, IL US","2020-07-21",,,,,,
"US1ILDP0102","BOLINGBROOK 2.7 NE, IL US","2020-07-22",,,,,,
"US1ILDP0102","BOLINGBROOK 2.7 NE, IL US","2020-07-23",,,,,,
"US1ILDP0102","BOLINGBROOK 2.7 NE, IL US","2020-07-24",,,,,,
"US1ILDP0102","BOLINGBROOK 2.7 NE, IL US","2020-07-25",,,,,,
"US1ILDP0102","BOLINGBROOK 2.7 NE, IL US","2020-07-26",,,,,,
"US1ILDP0102","BOLINGBROOK 2.7 NE, IL US","2020-07-27",,,,,,
"US1ILDP0102","BOLINGBROOK 2.7 NE, IL US","2020-07-28",,,,,,
"US1ILDP0102","BOLINGBROOK 2.7 NE, IL US","2020-07-29",,,,,,
"US1ILDP0102","BOLINGBROOK 2.7 NE, IL US","2020-07-30",,,,,,
"US1ILDP0102","BOLINGBROOK 2.7 NE, IL US","2020-07-31",,,,,,
"US1ILDP0102","BOLINGBROOK 2.7 NE, IL US","2020-08-01",,,,,,
"US1ILDP0102","BOLINGBROOK 2.7 NE, IL US","2020-08-02",,,,,,
"US1ILDP0102","BOLINGBROOK 2.7 NE, IL US","2020-08-03",,,,,,
"US1ILDP0102","BOLINGBROOK 2.7 NE, IL US","2020-08-04",,,,,,
"US1ILDP0102","BOLINGBROOK 2.7 NE, IL US","2020-08-05",,,,,,
"US1ILDP0102","BOLINGBROOK 2.7 NE, IL US","2020-08-06",,,,,,
"US1ILDP0102","BOLINGBROOK 2.7 NE, IL US","2020-08-07",,,,,,
"US1ILDP0102","BOLINGBROOK 2.7 NE, IL US","2020-08-08",,,,,,
"US1ILDP0102","BOLINGBROOK 2.7 NE, IL US","2020-08-09",,,,,,
"US1ILDP0102","BOLINGBROOK 2.7 NE, IL US","2020-08-10",,,,,,
"US1ILDP0102","BOLINGBROOK 2.7 NE, IL US","2020-08-11",,,,,,
"US1ILDP0102","BOLINGBROOK 2.7 NE, IL US","2020-08-12",,,,,,
"US1ILDP0102","BOLINGBROOK 2.7 NE, IL US","2020-08-13",,,,,,
"US1ILDP0102","BOLINGBROOK 2.7 NE, IL US","2020-08-14",,,,,,
"US1ILDP0102","BOLINGBROOK 2.7 NE, IL US","2020-08-16",,,,,,
"US1ILDP0102","BOLINGBROOK 2.7 NE, IL US","2020-08-17",,,,,,
"US1ILDP0102","BOLINGBROOK 2.7 NE, IL US","2020-08-18",,,,,,
"US1ILDP0102","BOLINGBROOK 2.7 NE, IL US","2020-08-19",,,,,,
"US1ILDP0102","BOLINGBROOK 2.7 NE, IL US","2020-08-20",,,,,,
"US1ILDP0102","BOLINGBROOK 2.7 NE, IL US","2020-08-22",,,,,,
"US1ILDP0102","BOLINGBROOK 2.7 NE, IL US","2020-08-24",,,,,,
"US1ILDP0102","BOLINGBROOK 2.7 NE, IL US","2020-08-25",,,,,,
"US1ILDP0102","BOLINGBROOK 2.7 NE, IL US","2020-08-26",,,,,,
"US1ILDP0102","BOLINGBROOK 2.7 NE, IL US","2020-08-27",,,,,,
"US1ILDP0102","BOLINGBROOK 2.7 NE, IL US","2020-08-29",,,,,,
"US1ILDP0102","BOLINGBROOK 2.7 NE, IL US","2020-08-30",,,,,,
"US1ILDP0102","BOLINGBROOK 2.7 NE, IL US","2020-08-31",,,,,,
"US1ILDP0102","BOLINGBROOK 2.7 NE, IL US","2020-09-01",,,,,,
"US1ILDP0102","BOLINGBROOK 2.7 NE, IL US","2020-09-02",,,,,,
"US1ILDP0102","BOLINGBROOK 2.7 NE, IL US","2020-09-03",,,,,,
"US1ILDP0102","BOLINGBROOK 2.7 NE, IL US","2020-09-04",,,,,,
"US1ILDP0102","BOLINGBROOK 2.7 NE, IL US","2020-09-05",,,,,,
"US1ILDP0102","BOLINGBROOK 2.7 NE, IL US","2020-09-06",,,,,,
"US1ILDP0102","BOLINGBROOK 2.7 NE, IL US","2020-09-07",,,,,,
"US1ILDP0102","BOLINGBROOK 2.7 NE, IL US","2020-09-08",,,,,,
"US1INLK0050","HOBART 1.6 E, IN US","2019-10-03",,,,,,
"US1INLK0050","HOBART 1.6 E, IN US","2019-10-08",,,,,,
"US1INLK0050","HOBART 1.6 E, IN US","2019-10-11",,,,,,
"US1INLK0050","HOBART 1.6 E, IN US","2019-10-12",,,,,,
"US1INLK0050","HOBART 1.6 E, IN US","2019-10-20",,,,,,
"US1INLK0050","HOBART 1.6 E, IN US","2019-10-22",,,,,,
"US1INLK0050","HOBART 1.6 E, IN US","2019-10-27",,,,,,
"US1INLK0050","HOBART 1.6 E, IN US","2019-10-29",,,,,,
"US1INLK0050","HOBART 1.6 E, IN US","2019-11-01",,,,,,
"US1INLK0050","HOBART 1.6 E, IN US","2019-11-19",,,,,,
"US1INLK0050","HOBART 1.6 E, IN US","2019-11-22",,,,,,
"US1INLK0050","HOBART 1.6 E, IN US","2019-12-04",,,,,,
"US1INLK0050","HOBART 1.6 E, IN US","2019-12-17",,,,,,
"US1INLK0050","HOBART 1.6 E, IN US","2019-12-29",,,,,,
"US1INLK0050","HOBART 1.6 E, IN US","2019-12-30",,,,,,
"US1INLK0050","HOBART 1.6 E, IN US","2019-12-31",,,,,,
"US1INLK0050","HOBART 1.6 E, IN US","2020-01-04",,,,,,
"US1INLK0050","HOBART 1.6 E, IN US","2020-01-11",,,,,,
"US1INLK0050","HOBART 1.6 E, IN US","2020-01-12",,,,,,
"US1INLK0050","HOBART 1.6 E, IN US","2020-01-18",,,,,,
"US1INLK0050","HOBART 1.6 E, IN US","2020-01-20",,,,,,
"US1INLK0050","HOBART 1.6 E, IN US","2020-01-23",,,,,,
"US1INLK0050","HOBART 1.6 E, IN US","2020-01-24",,,,,,
"US1INLK0050","HOBART 1.6 E, IN US","2020-01-25",,,,,,
"US1INLK0050","HOBART 1.6 E, IN US","2020-01-26",,,,,,
"US1INLK0050","HOBART 1.6 E, IN US","2020-01-27",,,,,,
"US1INLK0050","HOBART 1.6 E, IN US","2020-01-31",,,,,,
"US1INLK0050","HOBART 1.6 E, IN US","2020-02-01",,,,,,
"US1INLK0050","HOBART 1.6 E, IN US","2020-02-06",,,,,,
"US1INLK0050","HOBART 1.6 E, IN US","2020-02-08",,,,,,
"US1INLK0050","HOBART 1.6 E, IN US","2020-02-13",,,,,,
"US1INLK0050","HOBART 1.6 E, IN US","2020-02-14",,,,,,
"US1INLK0050","HOBART 1.6 E, IN US","2020-02-18",,,,,,
"US1INLK0050","HOBART 1.6 E, IN US","2020-02-25",,,,,,
"US1INLK0050","HOBART 1.6 E, IN US","2020-02-26",,,,,,
"US1INLK0050","HOBART 1.6 E, IN US","2020-02-27",,,,,,
"US1INLK0050","HOBART 1.6 E, IN US","2020-03-04",,,,,,
"US1INLK0050","HOBART 1.6 E, IN US","2020-03-10",,,,,,
"US1INLK0050","HOBART 1.6 E, IN US","2020-03-15",,,,,,
"US1INLK0050","HOBART 1.6 E, IN US","2020-03-17",,,,,,
"US1INLK0050","HOBART 1.6 E, IN US","2020-03-20",,,,,,
"US1INLK0050","HOBART 1.6 E, IN US","2020-03-23",,,,,,
"US1INLK0050","HOBART 1.6 E, IN US","2020-03-28",,,,,,
"US1INLK0050","HOBART 1.6 E, IN US","2020-03-29",,,,,,
"US1INLK0050","HOBART 1.6 E, IN US","2020-04-04",,,,,,
"US1INLK0050","HOBART 1.6 E, IN US","2020-04-07",,,,,,
"US1INLK0050","HOBART 1.6 E, IN US","2020-04-08",,,,,,
"US1INLK0050","HOBART 1.6 E, IN US","2020-04-12",,,,,,
"US1INLK0050","HOBART 1.6 E, IN US","2020-04-13",,,,,,
"US1INLK0050","HOBART 1.6 E, IN US","2020-04-15",,,,,,
"US1INLK0050","HOBART 1.6 E, IN US","2020-04-17",,,,,,
"US1INLK0050","HOBART 1.6 E, IN US","2020-04-23",,,,,,
"US1INLK0050","HOBART 1.6 E, IN US","2020-04-24",,,,,,
"US1INLK0050","HOBART 1.6 E, IN US","2020-04-25",,,,,,
"US1INLK0050","HOBART 1.6 E, IN US","2020-04-27",,,,,,
"US1INLK0050","HOBART 1.6 E, IN US","2020-04-28",,,,,,
"US1INLK0050","HOBART 1.6 E, IN US","2020-04-29",,,,,,
"US1INLK0050","HOBART 1.6 E, IN US","2020-04-30",,,,,,
"US1INLK0050","HOBART 1.6 E, IN US","2020-05-01",,,,,,
"US1INLK0050","HOBART 1.6 E, IN US","2020-05-05",,,,,,
"US1INLK0050","HOBART 1.6 E, IN US","2020-05-06",,,,,,
"US1INLK0050","HOBART 1.6 E, IN US","2020-05-11",,,,,,
"US1INLK0050","HOBART 1.6 E, IN US","2020-05-14",,,,,,
"US1INLK0050","HOBART 1.6 E, IN US","2020-05-15",,,,,,
"US1INLK0050","HOBART 1.6 E, IN US","2020-05-17",,,,,,
"US1INLK0050","HOBART 1.6 E, IN US","2020-05-18",,,,,,
"US1INLK0050","HOBART 1.6 E, IN US","2020-05-19",,,,,,
"US1INLK0050","HOBART 1.6 E, IN US","2020-05-20",,,,,,
"US1INLK0050","HOBART 1.6 E, IN US","2020-05-23",,,,,,
"US1INLK0050","HOBART 1.6 E, IN US","2020-05-24",,,,,,
"US1INLK0050","HOBART 1.6 E, IN US","2020-05-27",,,,,,
"US1INLK0050","HOBART 1.6 E, IN US","2020-05-29",,,,,,
"US1INLK0050","HOBART 1.6 E, IN US","2020-06-03",,,,,,
"US1INLK0050","HOBART 1.6 E, IN US","2020-06-05",,,,,,
"US1INLK0050","HOBART 1.6 E, IN US","2020-06-10",,,,,,
"US1INLK0050","HOBART 1.6 E, IN US","2020-06-11",,,,,,
"US1INLK0050","HOBART 1.6 E, IN US","2020-06-13",,,,,,
"US1INLK0050","HOBART 1.6 E, IN US","2020-06-21",,,,,,
"US1INLK0050","HOBART 1.6 E, IN US","2020-06-22",,,,,,
"US1INLK0050","HOBART 1.6 E, IN US","2020-06-23",,,,,,
"US1INLK0050","HOBART 1.6 E, IN US","2020-06-25",,,,,,
"US1INLK0050","HOBART 1.6 E, IN US","2020-06-27",,,,,,
"US1INLK0050","HOBART 1.6 E, IN US","2020-06-29",,,,,,
"US1INLK0050","HOBART 1.6 E, IN US","2020-06-30",,,,,,
"US1INLK0050","HOBART 1.6 E, IN US","2020-07-10",,,,,,
"US1INLK0050","HOBART 1.6 E, IN US","2020-07-12",,,,,,
"US1INLK0050","HOBART 1.6 E, IN US","2020-07-16",,,,,,
"US1INLK0050","HOBART 1.6 E, IN US","2020-07-19",,,,,,
"US1INLK0050","HOBART 1.6 E, IN US","2020-07-21",,,,,,
"US1INLK0050","HOBART 1.6 E, IN US","2020-07-22",,,,,,
"US1INLK0050","HOBART 1.6 E, IN US","2020-07-27",,,,,,
"US1INLK0050","HOBART 1.6 E, IN US","2020-08-02",,,,,,
"US1INLK0050","HOBART 1.6 E, IN US","2020-08-03",,,,,,
"US1INLK0050","HOBART 1.6 E, IN US","2020-08-04",,,,,,
"US1INLK0050","HOBART 1.6 E, IN US","2020-08-05",,,,,,
"US1INLK0050","HOBART 1.6 E, IN US","2020-08-10",,,,,,
"US1INLK0050","HOBART 1.6 E, IN US","2020-08-11",,,,,,
"US1INLK0050","HOBART 1.6 E, IN US","2020-08-28",,,,,,
"US1INLK0050","HOBART 1.6 E, IN US","2020-09-02",,,,,,
"US1INLK0050","HOBART 1.6 E, IN US","2020-09-06",,,,,,
"US1ILDP0100","BARTLETT 1.1 SE, IL US","2020-06-17",,,,,,
"US1ILDP0100","BARTLETT 1.1 SE, IL US","2020-06-18",,,,,,
"US1ILDP0100","BARTLETT 1.1 SE, IL US","2020-06-19",,,,,,
"US1ILDP0100","BARTLETT 1.1 SE, IL US","2020-06-20",,,,,,
"US1ILDP0100","BARTLETT 1.1 SE, IL US","2020-06-21",,,,,,
"US1ILDP0100","BARTLETT 1.1 SE, IL US","2020-06-22",,,,,,
"US1ILDP0100","BARTLETT 1.1 SE, IL US","2020-06-23",,,,,,
"US1ILDP0100","BARTLETT 1.1 SE, IL US","2020-06-24",,,,,,
"US1ILDP0100","BARTLETT 1.1 SE, IL US","2020-06-26",,,,,,
"US1ILDP0100","BARTLETT 1.1 SE, IL US","2020-06-27",,,,,,
"US1ILDP0100","BARTLETT 1.1 SE, IL US","2020-06-28",,,,,,
"US1ILDP0100","BARTLETT 1.1 SE, IL US","2020-06-29",,,,,,
"US1ILDP0100","BARTLETT 1.1 SE, IL US","2020-06-30",,,,,,
"US1ILDP0100","BARTLETT 1.1 SE, IL US","2020-07-01",,,,,,
"US1ILDP0100","BARTLETT 1.1 SE, IL US","2020-07-02",,,,,,
"US1ILDP0100","BARTLETT 1.1 SE, IL US","2020-07-03",,,,,,
"US1ILDP0100","BARTLETT 1.1 SE, IL US","2020-07-04",,,,,,
"US1ILDP0100","BARTLETT 1.1 SE, IL US","2020-07-05",,,,,,
"US1ILDP0100","BARTLETT 1.1 SE, IL US","2020-07-06",,,,,,
"US1ILDP0100","BARTLETT 1.1 SE, IL US","2020-07-07",,,,,,
"US1ILDP0100","BARTLETT 1.1 SE, IL US","2020-07-08",,,,,,
"US1ILDP0100","BARTLETT 1.1 SE, IL US","2020-07-09",,,,,,
"US1ILDP0100","BARTLETT 1.1 SE, IL US","2020-07-10",,,,,,
"US1ILDP0100","BARTLETT 1.1 SE, IL US","2020-07-11",,,,,,
"US1ILDP0100","BARTLETT 1.1 SE, IL US","2020-07-12",,,,,,
"US1ILDP0100","BARTLETT 1.1 SE, IL US","2020-07-13",,,,,,
"US1ILDP0100","BARTLETT 1.1 SE, IL US","2020-07-14",,,,,,
"US1ILDP0100","BARTLETT 1.1 SE, IL US","2020-07-15",,,,,,
"US1ILDP0100","BARTLETT 1.1 SE, IL US","2020-07-16",,,,,,
"US1ILDP0100","BARTLETT 1.1 SE, IL US","2020-07-17",,,,,,
"US1ILDP0100","BARTLETT 1.1 SE, IL US","2020-07-19",,,,,,
"US1ILDP0100","BARTLETT 1.1 SE, IL US","2020-07-20",,,,,,
"US1ILDP0100","BARTLETT 1.1 SE, IL US","2020-07-21",,,,,,
"US1ILDP0100","BARTLETT 1.1 SE, IL US","2020-07-22",,,,,,
"US1ILDP0100","BARTLETT 1.1 SE, IL US","2020-07-23",,,,,,
"US1ILDP0100","BARTLETT 1.1 SE, IL US","2020-07-24",,,,,,
"US1ILDP0100","BARTLETT 1.1 SE, IL US","2020-07-25",,,,,,
"US1ILDP0100","BARTLETT 1.1 SE, IL US","2020-07-26",,,,,,
"US1ILDP0100","BARTLETT 1.1 SE, IL US","2020-07-27",,,,,,
"US1ILCK0098","LA GRANGE PARK 0.7 SSW, IL US","2019-10-01",,,,,,
"US1ILCK0098","LA GRANGE PARK 0.7 SSW, IL US","2019-10-02",,,,,,
"US1ILCK0098","LA GRANGE PARK 0.7 SSW, IL US","2019-10-03",,,,,,
"US1ILCK0098","LA GRANGE PARK 0.7 SSW, IL US","2019-10-04",,,,,,
"US1ILCK0098","LA GRANGE PARK 0.7 SSW, IL US","2019-10-05",,,,,,
"US1ILCK0098","LA GRANGE PARK 0.7 SSW, IL US","2019-10-06",,,,,,
"US1ILCK0098","LA GRANGE PARK 0.7 SSW, IL US","2019-10-07",,,,,,
"US1ILCK0098","LA GRANGE PARK 0.7 SSW, IL US","2019-10-08",,,,,,
"US1ILCK0098","LA GRANGE PARK 0.7 SSW, IL US","2019-10-09",,,,,,
"US1ILCK0098","LA GRANGE PARK 0.7 SSW, IL US","2019-10-10",,,,,,
"US1ILCK0098","LA GRANGE PARK 0.7 SSW, IL US","2019-10-11",,,,,,
"US1ILCK0098","LA GRANGE PARK 0.7 SSW, IL US","2019-10-12",,,,,,
"US1ILCK0098","LA GRANGE PARK 0.7 SSW, IL US","2019-10-13",,,,,,
"US1ILCK0098","LA GRANGE PARK 0.7 SSW, IL US","2019-10-14",,,,,,
"US1ILCK0098","LA GRANGE PARK 0.7 SSW, IL US","2019-10-15",,,,,,
"US1ILCK0098","LA GRANGE PARK 0.7 SSW, IL US","2019-10-16",,,,,,
"US1ILCK0098","LA GRANGE PARK 0.7 SSW, IL US","2019-10-17",,,,,,
"US1ILCK0098","LA GRANGE PARK 0.7 SSW, IL US","2019-10-18",,,,,,
"US1ILCK0098","LA GRANGE PARK 0.7 SSW, IL US","2019-10-19",,,,,,
"US1ILCK0098","LA GRANGE PARK 0.7 SSW, IL US","2019-10-20",,,,,,
"US1ILCK0098","LA GRANGE PARK 0.7 SSW, IL US","2019-10-21",,,,,,
"US1ILCK0098","LA GRANGE PARK 0.7 SSW, IL US","2019-10-22",,,,,,
"US1ILCK0098","LA GRANGE PARK 0.7 SSW, IL US","2019-10-23",,,,,,
"US1ILCK0098","LA GRANGE PARK 0.7 SSW, IL US","2019-10-24",,,,,,
"US1ILCK0098","LA GRANGE PARK 0.7 SSW, IL US","2019-10-25",,,,,,
"US1ILCK0098","LA GRANGE PARK 0.7 SSW, IL US","2019-10-26",,,,,,
"US1ILCK0098","LA GRANGE PARK 0.7 SSW, IL US","2019-10-27",,,,,,
"US1ILCK0098","LA GRANGE PARK 0.7 SSW, IL US","2019-10-28",,,,,,
"US1ILCK0098","LA GRANGE PARK 0.7 SSW, IL US","2019-10-29",,,,,,
"US1ILCK0098","LA GRANGE PARK 0.7 SSW, IL US","2019-10-30",,,,,,
"US1ILCK0098","LA GRANGE PARK 0.7 SSW, IL US","2019-10-31",,,,,,
"US1ILCK0098","LA GRANGE PARK 0.7 SSW, IL US","2019-11-01",,,,,,
"US1ILCK0098","LA GRANGE PARK 0.7 SSW, IL US","2019-11-02",,,,,,
"US1ILCK0098","LA GRANGE PARK 0.7 SSW, IL US","2019-11-03",,,,,,
"US1ILCK0098","LA GRANGE PARK 0.7 SSW, IL US","2019-11-04",,,,,,
"US1ILCK0098","LA GRANGE PARK 0.7 SSW, IL US","2019-11-05",,,,,,
"US1ILCK0098","LA GRANGE PARK 0.7 SSW, IL US","2019-11-06",,,,,,
"US1ILCK0098","LA GRANGE PARK 0.7 SSW, IL US","2019-11-07",,,,,,
"US1ILCK0098","LA GRANGE PARK 0.7 SSW, IL US","2019-11-08",,,,,,
"US1ILCK0098","LA GRANGE PARK 0.7 SSW, IL US","2019-11-09",,,,,,
"US1ILCK0098","LA GRANGE PARK 0.7 SSW, IL US","2019-11-10",,,,,,
"US1ILCK0098","LA GRANGE PARK 0.7 SSW, IL US","2019-11-11",,,,,,
"US1ILCK0098","LA GRANGE PARK 0.7 SSW, IL US","2019-11-12",,,,,,
"US1ILCK0098","LA GRANGE PARK 0.7 SSW, IL US","2019-11-13",,,,,,
"US1ILCK0098","LA GRANGE PARK 0.7 SSW, IL US","2019-11-14",,,,,,
"US1ILCK0098","LA GRANGE PARK 0.7 SSW, IL US","2019-11-15",,,,,,
"US1ILCK0098","LA GRANGE PARK 0.7 SSW, IL US","2019-11-16",,,,,,
"US1ILCK0098","LA GRANGE PARK 0.7 SSW, IL US","2019-11-17",,,,,,
"US1ILCK0098","LA GRANGE PARK 0.7 SSW, IL US","2019-11-18",,,,,,
"US1ILCK0098","LA GRANGE PARK 0.7 SSW, IL US","2019-11-19",,,,,,
"US1ILCK0098","LA GRANGE PARK 0.7 SSW, IL US","2019-11-20",,,,,,
"US1ILCK0098","LA GRANGE PARK 0.7 SSW, IL US","2019-11-21",,,,,,
"US1ILCK0098","LA GRANGE PARK 0.7 SSW, IL US","2019-11-22",,,,,,
"US1ILCK0098","LA GRANGE PARK 0.7 SSW, IL US","2019-11-23",,,,,,
"US1ILCK0098","LA GRANGE PARK 0.7 SSW, IL US","2019-11-24",,,,,,
"US1ILCK0098","LA GRANGE PARK 0.7 SSW, IL US","2019-11-25",,,,,,
"US1ILCK0098","LA GRANGE PARK 0.7 SSW, IL US","2019-11-26",,,,,,
"US1ILCK0098","LA GRANGE PARK 0.7 SSW, IL US","2019-11-27",,,,,,
"US1ILCK0098","LA GRANGE PARK 0.7 SSW, IL US","2019-11-28",,,,,,
"US1ILCK0098","LA GRANGE PARK 0.7 SSW, IL US","2019-11-29",,,,,,
"US1ILCK0098","LA GRANGE PARK 0.7 SSW, IL US","2019-11-30",,,,,,
"US1ILCK0098","LA GRANGE PARK 0.7 SSW, IL US","2019-12-01",,,,,,
"US1ILCK0098","LA GRANGE PARK 0.7 SSW, IL US","2019-12-02",,,,,,
"US1ILCK0098","LA GRANGE PARK 0.7 SSW, IL US","2019-12-03",,,,,,
"US1ILCK0098","LA GRANGE PARK 0.7 SSW, IL US","2019-12-04",,,,,,
"US1ILCK0098","LA GRANGE PARK 0.7 SSW, IL US","2019-12-05",,,,,,
"US1ILCK0098","LA GRANGE PARK 0.7 SSW, IL US","2019-12-06",,,,,,
"US1ILCK0098","LA GRANGE PARK 0.7 SSW, IL US","2019-12-07",,,,,,
"US1ILCK0098","LA GRANGE PARK 0.7 SSW, IL US","2019-12-08",,,,,,
"US1ILCK0098","LA GRANGE PARK 0.7 SSW, IL US","2019-12-09",,,,,,
"US1ILCK0098","LA GRANGE PARK 0.7 SSW, IL US","2019-12-10",,,,,,
"US1ILCK0098","LA GRANGE PARK 0.7 SSW, IL US","2019-12-11",,,,,,
"US1ILCK0098","LA GRANGE PARK 0.7 SSW, IL US","2019-12-12",,,,,,
"US1ILCK0098","LA GRANGE PARK 0.7 SSW, IL US","2019-12-13",,,,,,
"US1ILCK0098","LA GRANGE PARK 0.7 SSW, IL US","2019-12-14",,,,,,
"US1ILCK0098","LA GRANGE PARK 0.7 SSW, IL US","2019-12-15",,,,,,
"US1ILCK0098","LA GRANGE PARK 0.7 SSW, IL US","2019-12-16",,,,,,
"US1ILCK0098","LA GRANGE PARK 0.7 SSW, IL US","2019-12-17",,,,,,
"US1ILCK0098","LA GRANGE PARK 0.7 SSW, IL US","2019-12-18",,,,,,
"US1ILCK0098","LA GRANGE PARK 0.7 SSW, IL US","2019-12-19",,,,,,
"US1ILCK0098","LA GRANGE PARK 0.7 SSW, IL US","2019-12-20",,,,,,
"US1ILCK0098","LA GRANGE PARK 0.7 SSW, IL US","2019-12-21",,,,,,
"US1ILCK0098","LA GRANGE PARK 0.7 SSW, IL US","2019-12-22",,,,,,
"US1ILCK0098","LA GRANGE PARK 0.7 SSW, IL US","2019-12-23",,,,,,
"US1ILCK0098","LA GRANGE PARK 0.7 SSW, IL US","2019-12-24",,,,,,
"US1ILCK0098","LA GRANGE PARK 0.7 SSW, IL US","2019-12-25",,,,,,
"US1ILCK0098","LA GRANGE PARK 0.7 SSW, IL US","2019-12-26",,,,,,
"US1ILCK0098","LA GRANGE PARK 0.7 SSW, IL US","2019-12-27",,,,,,
"US1ILCK0098","LA GRANGE PARK 0.7 SSW, IL US","2019-12-28",,,,,,
"US1ILCK0098","LA GRANGE PARK 0.7 SSW, IL US","2019-12-29",,,,,,
"US1ILCK0098","LA GRANGE PARK 0.7 SSW, IL US","2019-12-30",,,,,,
"US1ILCK0098","LA GRANGE PARK 0.7 SSW, IL US","2019-12-31",,,,,,
"US1ILCK0098","LA GRANGE PARK 0.7 SSW, IL US","2020-01-01",,,,,,
"US1ILCK0098","LA GRANGE PARK 0.7 SSW, IL US","2020-01-02",,,,,,
"US1ILCK0098","LA GRANGE PARK 0.7 SSW, IL US","2020-01-03",,,,,,
"US1ILCK0098","LA GRANGE PARK 0.7 SSW, IL US","2020-01-04",,,,,,
"US1ILCK0098","LA GRANGE PARK 0.7 SSW, IL US","2020-01-05",,,,,,
"US1ILCK0098","LA GRANGE PARK 0.7 SSW, IL US","2020-01-06",,,,,,
"US1ILCK0098","LA GRANGE PARK 0.7 SSW, IL US","2020-01-07",,,,,,
"US1ILCK0098","LA GRANGE PARK 0.7 SSW, IL US","2020-01-08",,,,,,
"US1ILCK0098","LA GRANGE PARK 0.7 SSW, IL US","2020-01-09",,,,,,
"US1ILCK0098","LA GRANGE PARK 0.7 SSW, IL US","2020-01-10",,,,,,
"US1ILCK0098","LA GRANGE PARK 0.7 SSW, IL US","2020-01-11",,,,,,
"US1ILCK0098","LA GRANGE PARK 0.7 SSW, IL US","2020-01-12",,,,,,
"US1ILCK0098","LA GRANGE PARK 0.7 SSW, IL US","2020-01-13",,,,,,
"US1ILCK0098","LA GRANGE PARK 0.7 SSW, IL US","2020-01-14",,,,,,
"US1ILCK0098","LA GRANGE PARK 0.7 SSW, IL US","2020-01-15",,,,,,
"US1ILCK0098","LA GRANGE PARK 0.7 SSW, IL US","2020-01-16",,,,,,
"US1ILCK0098","LA GRANGE PARK 0.7 SSW, IL US","2020-01-17",,,,,,
"US1ILCK0098","LA GRANGE PARK 0.7 SSW, IL US","2020-01-18",,,,,,
"US1ILCK0098","LA GRANGE PARK 0.7 SSW, IL US","2020-01-19",,,,,,
"US1ILCK0098","LA GRANGE PARK 0.7 SSW, IL US","2020-01-20",,,,,,
"US1ILCK0098","LA GRANGE PARK 0.7 SSW, IL US","2020-01-21",,,,,,
"US1ILCK0098","LA GRANGE PARK 0.7 SSW, IL US","2020-01-22",,,,,,
"US1ILCK0098","LA GRANGE PARK 0.7 SSW, IL US","2020-01-23",,,,,,
"US1ILCK0098","LA GRANGE PARK 0.7 SSW, IL US","2020-01-24",,,,,,
"US1ILCK0098","LA GRANGE PARK 0.7 SSW, IL US","2020-01-25",,,,,,
"US1ILCK0098","LA GRANGE PARK 0.7 SSW, IL US","2020-01-26",,,,,,
"US1ILCK0098","LA GRANGE PARK 0.7 SSW, IL US","2020-01-27",,,,,,
"US1ILCK0098","LA GRANGE PARK 0.7 SSW, IL US","2020-01-28",,,,,,
"US1ILCK0098","LA GRANGE PARK 0.7 SSW, IL US","2020-01-29",,,,,,
"US1ILCK0098","LA GRANGE PARK 0.7 SSW, IL US","2020-01-30",,,,,,
"US1ILCK0098","LA GRANGE PARK 0.7 SSW, IL US","2020-01-31",,,,,,
"US1ILCK0098","LA GRANGE PARK 0.7 SSW, IL US","2020-02-04",,,,,,
"US1ILCK0098","LA GRANGE PARK 0.7 SSW, IL US","2020-02-05",,,,,,
"US1ILCK0098","LA GRANGE PARK 0.7 SSW, IL US","2020-02-06",,,,,,
"US1ILCK0098","LA GRANGE PARK 0.7 SSW, IL US","2020-02-07",,,,,,
"US1ILCK0098","LA GRANGE PARK 0.7 SSW, IL US","2020-02-08",,,,,,
"US1ILCK0098","LA GRANGE PARK 0.7 SSW, IL US","2020-02-09",,,,,,
"US1ILCK0098","LA GRANGE PARK 0.7 SSW, IL US","2020-02-10",,,,,,
"US1ILCK0098","LA GRANGE PARK 0.7 SSW, IL US","2020-02-11",,,,,,
"US1ILCK0098","LA GRANGE PARK 0.7 SSW, IL US","2020-02-12",,,,,,
"US1ILCK0098","LA GRANGE PARK 0.7 SSW, IL US","2020-02-13",,,,,,
"US1ILCK0098","LA GRANGE PARK 0.7 SSW, IL US","2020-02-14",,,,,,
"US1ILCK0098","LA GRANGE PARK 0.7 SSW, IL US","2020-02-15",,,,,,
"US1ILCK0098","LA GRANGE PARK 0.7 SSW, IL US","2020-02-16",,,,,,
"US1ILCK0098","LA GRANGE PARK 0.7 SSW, IL US","2020-02-17",,,,,,
"US1ILCK0098","LA GRANGE PARK 0.7 SSW, IL US","2020-02-18",,,,,,
"US1ILCK0098","LA GRANGE PARK 0.7 SSW, IL US","2020-02-19",,,,,,
"US1ILCK0098","LA GRANGE PARK 0.7 SSW, IL US","2020-02-20",,,,,,
"US1ILCK0098","LA GRANGE PARK 0.7 SSW, IL US","2020-02-21",,,,,,
"US1ILCK0098","LA GRANGE PARK 0.7 SSW, IL US","2020-02-22",,,,,,
"US1ILCK0098","LA GRANGE PARK 0.7 SSW, IL US","2020-02-23",,,,,,
"US1ILCK0098","LA GRANGE PARK 0.7 SSW, IL US","2020-02-24",,,,,,
"US1ILCK0098","LA GRANGE PARK 0.7 SSW, IL US","2020-02-25",,,,,,
"US1ILCK0098","LA GRANGE PARK 0.7 SSW, IL US","2020-02-26",,,,,,
"US1ILCK0098","LA GRANGE PARK 0.7 SSW, IL US","2020-03-02",,,,,,
"US1ILCK0098","LA GRANGE PARK 0.7 SSW, IL US","2020-03-03",,,,,,
"US1ILCK0098","LA GRANGE PARK 0.7 SSW, IL US","2020-03-04",,,,,,
"US1ILCK0098","LA GRANGE PARK 0.7 SSW, IL US","2020-03-05",,,,,,
"US1ILCK0098","LA GRANGE PARK 0.7 SSW, IL US","2020-03-06",,,,,,
"US1ILCK0098","LA GRANGE PARK 0.7 SSW, IL US","2020-03-07",,,,,,
"US1ILCK0098","LA GRANGE PARK 0.7 SSW, IL US","2020-03-08",,,,,,
"US1ILCK0098","LA GRANGE PARK 0.7 SSW, IL US","2020-03-09",,,,,,
"US1ILCK0098","LA GRANGE PARK 0.7 SSW, IL US","2020-03-10",,,,,,
"US1ILCK0098","LA GRANGE PARK 0.7 SSW, IL US","2020-03-11",,,,,,
"US1ILCK0098","LA GRANGE PARK 0.7 SSW, IL US","2020-03-12",,,,,,
"US1ILCK0098","LA GRANGE PARK 0.7 SSW, IL US","2020-03-13",,,,,,
"US1ILCK0098","LA GRANGE PARK 0.7 SSW, IL US","2020-03-14",,,,,,
"US1ILCK0098","LA GRANGE PARK 0.7 SSW, IL US","2020-03-15",,,,,,
"US1ILCK0098","LA GRANGE PARK 0.7 SSW, IL US","2020-03-16",,,,,,
"US1ILCK0098","LA GRANGE PARK 0.7 SSW, IL US","2020-03-17",,,,,,
"US1ILCK0098","LA GRANGE PARK 0.7 SSW, IL US","2020-03-18",,,,,,
"US1ILCK0098","LA GRANGE PARK 0.7 SSW, IL US","2020-03-19",,,,,,
"US1ILCK0098","LA GRANGE PARK 0.7 SSW, IL US","2020-03-20",,,,,,
"US1ILCK0098","LA GRANGE PARK 0.7 SSW, IL US","2020-03-21",,,,,,
"US1ILCK0098","LA GRANGE PARK 0.7 SSW, IL US","2020-03-22",,,,,,
"US1ILCK0098","LA GRANGE PARK 0.7 SSW, IL US","2020-03-23",,,,,,
"US1ILCK0098","LA GRANGE PARK 0.7 SSW, IL US","2020-03-24",,,,,,
"US1ILCK0098","LA GRANGE PARK 0.7 SSW, IL US","2020-03-25",,,,,,
"US1ILCK0098","LA GRANGE PARK 0.7 SSW, IL US","2020-03-26",,,,,,
"US1ILCK0098","LA GRANGE PARK 0.7 SSW, IL US","2020-03-27",,,,,,
"US1ILCK0098","LA GRANGE PARK 0.7 SSW, IL US","2020-03-28",,,,,,
"US1ILCK0098","LA GRANGE PARK 0.7 SSW, IL US","2020-03-29",,,,,,
"US1ILCK0098","LA GRANGE PARK 0.7 SSW, IL US","2020-03-30",,,,,,
"US1ILCK0098","LA GRANGE PARK 0.7 SSW, IL US","2020-03-31",,,,,,
"US1ILCK0098","LA GRANGE PARK 0.7 SSW, IL US","2020-04-01",,,,,,
"US1ILCK0098","LA GRANGE PARK 0.7 SSW, IL US","2020-04-02",,,,,,
"US1ILCK0098","LA GRANGE PARK 0.7 SSW, IL US","2020-04-03",,,,,,
"US1ILCK0098","LA GRANGE PARK 0.7 SSW, IL US","2020-04-04",,,,,,
"US1ILCK0098","LA GRANGE PARK 0.7 SSW, IL US","2020-04-05",,,,,,
"US1ILCK0098","LA GRANGE PARK 0.7 SSW, IL US","2020-04-06",,,,,,
"US1ILCK0098","LA GRANGE PARK 0.7 SSW, IL US","2020-04-07",,,,,,
"US1ILCK0098","LA GRANGE PARK 0.7 SSW, IL US","2020-04-08",,,,,,
"US1ILCK0098","LA GRANGE PARK 0.7 SSW, IL US","2020-04-09",,,,,,
"US1ILCK0098","LA GRANGE PARK 0.7 SSW, IL US","2020-04-10",,,,,,
"US1ILCK0098","LA GRANGE PARK 0.7 SSW, IL US","2020-04-11",,,,,,
"US1ILCK0098","LA GRANGE PARK 0.7 SSW, IL US","2020-04-12",,,,,,
"US1ILCK0098","LA GRANGE PARK 0.7 SSW, IL US","2020-04-13",,,,,,
"US1ILCK0098","LA GRANGE PARK 0.7 SSW, IL US","2020-04-14",,,,,,
"US1ILCK0098","LA GRANGE PARK 0.7 SSW, IL US","2020-04-15",,,,,,
"US1ILCK0098","LA GRANGE PARK 0.7 SSW, IL US","2020-04-16",,,,,,
"US1ILCK0098","LA GRANGE PARK 0.7 SSW, IL US","2020-04-17",,,,,,
"US1ILCK0098","LA GRANGE PARK 0.7 SSW, IL US","2020-04-18",,,,,,
"US1ILCK0098","LA GRANGE PARK 0.7 SSW, IL US","2020-04-19",,,,,,
"US1ILCK0098","LA GRANGE PARK 0.7 SSW, IL US","2020-04-20",,,,,,
"US1ILCK0098","LA GRANGE PARK 0.7 SSW, IL US","2020-04-21",,,,,,
"US1ILCK0098","LA GRANGE PARK 0.7 SSW, IL US","2020-04-22",,,,,,
"US1ILCK0098","LA GRANGE PARK 0.7 SSW, IL US","2020-04-23",,,,,,
"US1ILCK0098","LA GRANGE PARK 0.7 SSW, IL US","2020-04-24",,,,,,
"US1ILCK0098","LA GRANGE PARK 0.7 SSW, IL US","2020-04-25",,,,,,
"US1ILCK0098","LA GRANGE PARK 0.7 SSW, IL US","2020-04-26",,,,,,
"US1ILCK0098","LA GRANGE PARK 0.7 SSW, IL US","2020-04-27",,,,,,
"US1ILCK0098","LA GRANGE PARK 0.7 SSW, IL US","2020-04-28",,,,,,
"US1ILCK0098","LA GRANGE PARK 0.7 SSW, IL US","2020-04-29",,,,,,
"US1ILCK0098","LA GRANGE PARK 0.7 SSW, IL US","2020-04-30",,,,,,
"US1ILCK0098","LA GRANGE PARK 0.7 SSW, IL US","2020-05-01",,,,,,
"US1ILCK0098","LA GRANGE PARK 0.7 SSW, IL US","2020-05-02",,,,,,
"US1ILCK0098","LA GRANGE PARK 0.7 SSW, IL US","2020-05-03",,,,,,
"US1ILCK0098","LA GRANGE PARK 0.7 SSW, IL US","2020-05-04",,,,,,
"US1ILCK0098","LA GRANGE PARK 0.7 SSW, IL US","2020-05-05",,,,,,
"US1ILCK0098","LA GRANGE PARK 0.7 SSW, IL US","2020-05-06",,,,,,
"US1ILCK0098","LA GRANGE PARK 0.7 SSW, IL US","2020-05-07",,,,,,
"US1ILCK0098","LA GRANGE PARK 0.7 SSW, IL US","2020-05-08",,,,,,
"US1ILCK0098","LA GRANGE PARK 0.7 SSW, IL US","2020-05-09",,,,,,
"US1ILCK0098","LA GRANGE PARK 0.7 SSW, IL US","2020-05-10",,,,,,
"US1ILCK0098","LA GRANGE PARK 0.7 SSW, IL US","2020-05-11",,,,,,
"US1ILCK0098","LA GRANGE PARK 0.7 SSW, IL US","2020-05-12",,,,,,
"US1ILCK0098","LA GRANGE PARK 0.7 SSW, IL US","2020-05-13",,,,,,
"US1ILCK0098","LA GRANGE PARK 0.7 SSW, IL US","2020-05-14",,,,,,
"US1ILCK0098","LA GRANGE PARK 0.7 SSW, IL US","2020-05-15",,,,,,
"US1ILCK0098","LA GRANGE PARK 0.7 SSW, IL US","2020-05-16",,,,,,
"US1ILCK0098","LA GRANGE PARK 0.7 SSW, IL US","2020-05-17",,,,,,
"US1ILCK0098","LA GRANGE PARK 0.7 SSW, IL US","2020-05-18",,,,,,
"US1ILCK0098","LA GRANGE PARK 0.7 SSW, IL US","2020-05-19",,,,,,
"US1ILCK0098","LA GRANGE PARK 0.7 SSW, IL US","2020-05-20",,,,,,
"US1ILCK0098","LA GRANGE PARK 0.7 SSW, IL US","2020-05-21",,,,,,
"US1ILCK0098","LA GRANGE PARK 0.7 SSW, IL US","2020-05-22",,,,,,
"US1ILCK0098","LA GRANGE PARK 0.7 SSW, IL US","2020-05-23",,,,,,
"US1ILCK0098","LA GRANGE PARK 0.7 SSW, IL US","2020-05-24",,,,,,
"US1ILCK0098","LA GRANGE PARK 0.7 SSW, IL US","2020-05-25",,,,,,
"US1ILCK0098","LA GRANGE PARK 0.7 SSW, IL US","2020-05-26",,,,,,
"US1ILCK0098","LA GRANGE PARK 0.7 SSW, IL US","2020-05-27",,,,,,
"US1ILCK0098","LA GRANGE PARK 0.7 SSW, IL US","2020-05-28",,,,,,
"US1ILCK0098","LA GRANGE PARK 0.7 SSW, IL US","2020-05-29",,,,,,
"US1ILCK0098","LA GRANGE PARK 0.7 SSW, IL US","2020-05-30",,,,,,
"US1ILCK0098","LA GRANGE PARK 0.7 SSW, IL US","2020-05-31",,,,,,
"US1ILCK0098","LA GRANGE PARK 0.7 SSW, IL US","2020-06-01",,,,,,
"US1ILCK0098","LA GRANGE PARK 0.7 SSW, IL US","2020-06-02",,,,,,
"US1ILCK0098","LA GRANGE PARK 0.7 SSW, IL US","2020-06-03",,,,,,
"US1ILCK0098","LA GRANGE PARK 0.7 SSW, IL US","2020-06-04",,,,,,
"US1ILCK0098","LA GRANGE PARK 0.7 SSW, IL US","2020-06-05",,,,,,
"US1ILCK0098","LA GRANGE PARK 0.7 SSW, IL US","2020-06-06",,,,,,
"US1ILCK0098","LA GRANGE PARK 0.7 SSW, IL US","2020-06-07",,,,,,
"US1ILCK0098","LA GRANGE PARK 0.7 SSW, IL US","2020-06-08",,,,,,
"US1ILCK0098","LA GRANGE PARK 0.7 SSW, IL US","2020-06-09",,,,,,
"US1ILCK0098","LA GRANGE PARK 0.7 SSW, IL US","2020-06-10",,,,,,
"US1ILCK0098","LA GRANGE PARK 0.7 SSW, IL US","2020-06-11",,,,,,
"US1ILCK0098","LA GRANGE PARK 0.7 SSW, IL US","2020-06-12",,,,,,
"US1ILCK0098","LA GRANGE PARK 0.7 SSW, IL US","2020-06-13",,,,,,
"US1ILCK0098","LA GRANGE PARK 0.7 SSW, IL US","2020-06-14",,,,,,
"US1ILCK0098","LA GRANGE PARK 0.7 SSW, IL US","2020-06-15",,,,,,
"US1ILCK0098","LA GRANGE PARK 0.7 SSW, IL US","2020-06-16",,,,,,
"US1ILCK0098","LA GRANGE PARK 0.7 SSW, IL US","2020-06-17",,,,,,
"US1ILCK0098","LA GRANGE PARK 0.7 SSW, IL US","2020-06-18",,,,,,
"US1ILCK0098","LA GRANGE PARK 0.7 SSW, IL US","2020-06-19",,,,,,
"US1ILCK0098","LA GRANGE PARK 0.7 SSW, IL US","2020-06-20",,,,,,
"US1ILCK0098","LA GRANGE PARK 0.7 SSW, IL US","2020-06-21",,,,,,
"US1ILCK0098","LA GRANGE PARK 0.7 SSW, IL US","2020-06-22",,,,,,
"US1ILCK0098","LA GRANGE PARK 0.7 SSW, IL US","2020-06-23",,,,,,
"US1ILCK0098","LA GRANGE PARK 0.7 SSW, IL US","2020-06-24",,,,,,
"US1ILCK0098","LA GRANGE PARK 0.7 SSW, IL US","2020-06-25",,,,,,
"US1ILCK0098","LA GRANGE PARK 0.7 SSW, IL US","2020-07-05",,,,,,
"US1ILCK0098","LA GRANGE PARK 0.7 SSW, IL US","2020-07-06",,,,,,
"US1ILCK0098","LA GRANGE PARK 0.7 SSW, IL US","2020-07-07",,,,,,
"US1ILCK0098","LA GRANGE PARK 0.7 SSW, IL US","2020-07-08",,,,,,
"US1ILCK0098","LA GRANGE PARK 0.7 SSW, IL US","2020-07-09",,,,,,
"US1ILCK0098","LA GRANGE PARK 0.7 SSW, IL US","2020-07-10",,,,,,
"US1ILCK0098","LA GRANGE PARK 0.7 SSW, IL US","2020-07-11",,,,,,
"US1ILCK0098","LA GRANGE PARK 0.7 SSW, IL US","2020-07-12",,,,,,
"US1ILCK0098","LA GRANGE PARK 0.7 SSW, IL US","2020-07-13",,,,,,
"US1ILCK0098","LA GRANGE PARK 0.7 SSW, IL US","2020-07-14",,,,,,
"US1ILCK0098","LA GRANGE PARK 0.7 SSW, IL US","2020-07-15",,,,,,
"US1ILCK0098","LA GRANGE PARK 0.7 SSW, IL US","2020-07-16",,,,,,
"US1ILCK0098","LA GRANGE PARK 0.7 SSW, IL US","2020-07-17",,,,,,
"US1ILCK0098","LA GRANGE PARK 0.7 SSW, IL US","2020-07-18",,,,,,
"US1ILCK0098","LA GRANGE PARK 0.7 SSW, IL US","2020-07-19",,,,,,
"US1ILCK0098","LA GRANGE PARK 0.7 SSW, IL US","2020-07-20",,,,,,
"US1ILCK0098","LA GRANGE PARK 0.7 SSW, IL US","2020-07-21",,,,,,
"US1ILCK0098","LA GRANGE PARK 0.7 SSW, IL US","2020-07-22",,,,,,
"US1ILCK0098","LA GRANGE PARK 0.7 SSW, IL US","2020-07-23",,,,,,
"US1ILCK0098","LA GRANGE PARK 0.7 SSW, IL US","2020-07-24",,,,,,
"US1ILCK0098","LA GRANGE PARK 0.7 SSW, IL US","2020-07-25",,,,,,
"US1ILCK0098","LA GRANGE PARK 0.7 SSW, IL US","2020-07-26",,,,,,
"US1ILCK0098","LA GRANGE PARK 0.7 SSW, IL US","2020-07-27",,,,,,
"US1ILCK0098","LA GRANGE PARK 0.7 SSW, IL US","2020-07-28",,,,,,
"US1ILCK0098","LA GRANGE PARK 0.7 SSW, IL US","2020-07-29",,,,,,
"US1ILCK0098","LA GRANGE PARK 0.7 SSW, IL US","2020-07-30",,,,,,
"US1ILCK0098","LA GRANGE PARK 0.7 SSW, IL US","2020-07-31",,,,,,
"US1ILCK0098","LA GRANGE PARK 0.7 SSW, IL US","2020-08-01",,,,,,
"US1ILCK0098","LA GRANGE PARK 0.7 SSW, IL US","2020-08-03",,,,,,
"US1ILCK0098","LA GRANGE PARK 0.7 SSW, IL US","2020-08-04",,,,,,
"US1ILCK0098","LA GRANGE PARK 0.7 SSW, IL US","2020-08-05",,,,,,
"US1ILCK0098","LA GRANGE PARK 0.7 SSW, IL US","2020-08-06",,,,,,
"US1ILCK0098","LA GRANGE PARK 0.7 SSW, IL US","2020-08-07",,,,,,
"US1ILCK0098","LA GRANGE PARK 0.7 SSW, IL US","2020-08-08",,,,,,
"US1ILCK0098","LA GRANGE PARK 0.7 SSW, IL US","2020-08-09",,,,,,
"US1ILCK0098","LA GRANGE PARK 0.7 SSW, IL US","2020-08-10",,,,,,
"US1ILCK0098","LA GRANGE PARK 0.7 SSW, IL US","2020-08-11",,,,,,
"US1ILCK0098","LA GRANGE PARK 0.7 SSW, IL US","2020-08-12",,,,,,
"US1ILCK0098","LA GRANGE PARK 0.7 SSW, IL US","2020-08-13",,,,,,
"US1ILCK0098","LA GRANGE PARK 0.7 SSW, IL US","2020-08-14",,,,,,
"US1ILCK0098","LA GRANGE PARK 0.7 SSW, IL US","2020-08-15",,,,,,
"US1ILCK0098","LA GRANGE PARK 0.7 SSW, IL US","2020-08-16",,,,,,
"US1ILCK0098","LA GRANGE PARK 0.7 SSW, IL US","2020-08-17",,,,,,
"US1ILCK0098","LA GRANGE PARK 0.7 SSW, IL US","2020-08-18",,,,,,
"US1ILCK0098","LA GRANGE PARK 0.7 SSW, IL US","2020-08-19",,,,,,
"US1ILCK0098","LA GRANGE PARK 0.7 SSW, IL US","2020-08-20",,,,,,
"US1ILCK0098","LA GRANGE PARK 0.7 SSW, IL US","2020-08-21",,,,,,
"US1ILCK0098","LA GRANGE PARK 0.7 SSW, IL US","2020-08-22",,,,,,
"US1ILCK0098","LA GRANGE PARK 0.7 SSW, IL US","2020-08-23",,,,,,
"US1ILCK0098","LA GRANGE PARK 0.7 SSW, IL US","2020-08-24",,,,,,
"US1ILCK0098","LA GRANGE PARK 0.7 SSW, IL US","2020-08-25",,,,,,
"US1ILCK0098","LA GRANGE PARK 0.7 SSW, IL US","2020-08-26",,,,,,
"US1ILCK0098","LA GRANGE PARK 0.7 SSW, IL US","2020-08-27",,,,,,
"US1ILCK0098","LA GRANGE PARK 0.7 SSW, IL US","2020-08-28",,,,,,
"US1ILCK0098","LA GRANGE PARK 0.7 SSW, IL US","2020-08-29",,,,,,
"US1ILCK0098","LA GRANGE PARK 0.7 SSW, IL US","2020-08-30",,,,,,
"US1ILCK0098","LA GRANGE PARK 0.7 SSW, IL US","2020-08-31",,,,,,
"US1ILCK0098","LA GRANGE PARK 0.7 SSW, IL US","2020-09-01",,,,,,
"US1ILCK0098","LA GRANGE PARK 0.7 SSW, IL US","2020-09-02",,,,,,
"US1ILCK0098","LA GRANGE PARK 0.7 SSW, IL US","2020-09-03",,,,,,
"US1ILCK0098","LA GRANGE PARK 0.7 SSW, IL US","2020-09-04",,,,,,
"US1ILCK0098","LA GRANGE PARK 0.7 SSW, IL US","2020-09-05",,,,,,
"US1ILCK0098","LA GRANGE PARK 0.7 SSW, IL US","2020-09-06",,,,,,
"US1ILCK0098","LA GRANGE PARK 0.7 SSW, IL US","2020-09-07",,,,,,
"US1ILCK0098","LA GRANGE PARK 0.7 SSW, IL US","2020-09-08",,,,,,
"US1ILCK0131","SCHAUMBURG 2.0 E, IL US","2019-10-01",,,,,,
"US1ILCK0131","SCHAUMBURG 2.0 E, IL US","2019-10-02",,,,,,
"US1ILCK0131","SCHAUMBURG 2.0 E, IL US","2019-10-03",,,,,,
"US1ILCK0131","SCHAUMBURG 2.0 E, IL US","2019-10-04",,,,,,
"US1ILCK0131","SCHAUMBURG 2.0 E, IL US","2019-10-05",,,,,,
"US1ILCK0131","SCHAUMBURG 2.0 E, IL US","2019-10-06",,,,,,
"US1ILCK0131","SCHAUMBURG 2.0 E, IL US","2019-10-07",,,,,,
"US1ILCK0131","SCHAUMBURG 2.0 E, IL US","2019-10-08",,,,,,
"US1ILCK0131","SCHAUMBURG 2.0 E, IL US","2019-10-09",,,,,,
"US1ILCK0131","SCHAUMBURG 2.0 E, IL US","2019-10-10",,,,,,
"US1ILCK0131","SCHAUMBURG 2.0 E, IL US","2019-10-11",,,,,,
"US1ILCK0131","SCHAUMBURG 2.0 E, IL US","2019-10-12",,,,,,
"US1ILCK0131","SCHAUMBURG 2.0 E, IL US","2019-10-13",,,,,,
"US1ILCK0131","SCHAUMBURG 2.0 E, IL US","2019-10-14",,,,,,
"US1ILCK0131","SCHAUMBURG 2.0 E, IL US","2019-10-15",,,,,,
"US1ILCK0131","SCHAUMBURG 2.0 E, IL US","2019-10-16",,,,,,
"US1ILCK0131","SCHAUMBURG 2.0 E, IL US","2019-10-17",,,,,,
"US1ILCK0131","SCHAUMBURG 2.0 E, IL US","2019-10-18",,,,,,
"US1ILCK0131","SCHAUMBURG 2.0 E, IL US","2019-10-19",,,,,,
"US1ILCK0131","SCHAUMBURG 2.0 E, IL US","2019-10-20",,,,,,
"US1ILCK0131","SCHAUMBURG 2.0 E, IL US","2019-10-21",,,,,,
"US1ILCK0131","SCHAUMBURG 2.0 E, IL US","2019-10-22",,,,,,
"US1ILCK0131","SCHAUMBURG 2.0 E, IL US","2019-10-23",,,,,,
"US1ILCK0131","SCHAUMBURG 2.0 E, IL US","2019-10-24",,,,,,
"US1ILCK0131","SCHAUMBURG 2.0 E, IL US","2019-10-25",,,,,,
"US1ILCK0131","SCHAUMBURG 2.0 E, IL US","2019-10-27",,,,,,
"US1ILCK0131","SCHAUMBURG 2.0 E, IL US","2019-10-28",,,,,,
"US1ILCK0131","SCHAUMBURG 2.0 E, IL US","2019-10-29",,,,,,
"US1ILCK0131","SCHAUMBURG 2.0 E, IL US","2019-10-30",,,,,,
"US1ILCK0131","SCHAUMBURG 2.0 E, IL US","2019-10-31",,,,,,
"US1ILCK0131","SCHAUMBURG 2.0 E, IL US","2019-11-01",,,,,,
"US1ILCK0131","SCHAUMBURG 2.0 E, IL US","2019-11-02",,,,,,
"US1ILCK0131","SCHAUMBURG 2.0 E, IL US","2019-11-03",,,,,,
"US1ILCK0131","SCHAUMBURG 2.0 E, IL US","2019-11-04",,,,,,
"US1ILCK0131","SCHAUMBURG 2.0 E, IL US","2019-11-05",,,,,,
"US1ILCK0131","SCHAUMBURG 2.0 E, IL US","2019-11-06",,,,,,
"US1ILCK0131","SCHAUMBURG 2.0 E, IL US","2019-11-07",,,,,,
"US1ILCK0131","SCHAUMBURG 2.0 E, IL US","2019-11-08",,,,,,
"US1ILCK0131","SCHAUMBURG 2.0 E, IL US","2019-11-09",,,,,,
"US1ILCK0131","SCHAUMBURG 2.0 E, IL US","2019-11-10",,,,,,
"US1ILCK0131","SCHAUMBURG 2.0 E, IL US","2019-11-11",,,,,,
"US1ILCK0131","SCHAUMBURG 2.0 E, IL US","2019-11-12",,,,,,
"US1ILCK0131","SCHAUMBURG 2.0 E, IL US","2019-11-13",,,,,,
"US1ILCK0131","SCHAUMBURG 2.0 E, IL US","2019-11-14",,,,,,
"US1ILCK0131","SCHAUMBURG 2.0 E, IL US","2019-11-15",,,,,,
"US1ILCK0131","SCHAUMBURG 2.0 E, IL US","2019-11-16",,,,,,
"US1ILCK0131","SCHAUMBURG 2.0 E, IL US","2019-11-17",,,,,,
"US1ILCK0131","SCHAUMBURG 2.0 E, IL US","2019-11-18",,,,,,
"US1ILCK0131","SCHAUMBURG 2.0 E, IL US","2019-11-19",,,,,,
"US1ILCK0131","SCHAUMBURG 2.0 E, IL US","2019-11-20",,,,,,
"US1ILCK0131","SCHAUMBURG 2.0 E, IL US","2019-11-21",,,,,,
"US1ILCK0131","SCHAUMBURG 2.0 E, IL US","2019-11-22",,,,,,
"US1ILCK0131","SCHAUMBURG 2.0 E, IL US","2019-11-23",,,,,,
"US1ILCK0131","SCHAUMBURG 2.0 E, IL US","2019-11-24",,,,,,
"US1ILCK0131","SCHAUMBURG 2.0 E, IL US","2019-11-25",,,,,,
"US1ILCK0131","SCHAUMBURG 2.0 E, IL US","2019-11-26",,,,,,
"US1ILCK0131","SCHAUMBURG 2.0 E, IL US","2019-11-27",,,,,,
"US1ILCK0131","SCHAUMBURG 2.0 E, IL US","2019-11-28",,,,,,
"US1ILCK0131","SCHAUMBURG 2.0 E, IL US","2019-11-29",,,,,,
"US1ILCK0131","SCHAUMBURG 2.0 E, IL US","2019-11-30",,,,,,
"US1ILCK0131","SCHAUMBURG 2.0 E, IL US","2019-12-01",,,,,,
"US1ILCK0131","SCHAUMBURG 2.0 E, IL US","2019-12-02",,,,,,
"US1ILCK0131","SCHAUMBURG 2.0 E, IL US","2019-12-03",,,,,,
"US1ILCK0131","SCHAUMBURG 2.0 E, IL US","2019-12-04",,,,,,
"US1ILCK0131","SCHAUMBURG 2.0 E, IL US","2019-12-05",,,,,,
"US1ILCK0131","SCHAUMBURG 2.0 E, IL US","2019-12-06",,,,,,
"US1ILCK0131","SCHAUMBURG 2.0 E, IL US","2019-12-07",,,,,,
"US1ILCK0131","SCHAUMBURG 2.0 E, IL US","2019-12-08",,,,,,
"US1ILCK0131","SCHAUMBURG 2.0 E, IL US","2019-12-09",,,,,,
"US1ILCK0131","SCHAUMBURG 2.0 E, IL US","2019-12-10",,,,,,
"US1ILCK0131","SCHAUMBURG 2.0 E, IL US","2019-12-11",,,,,,
"US1ILCK0131","SCHAUMBURG 2.0 E, IL US","2019-12-12",,,,,,
"US1ILCK0131","SCHAUMBURG 2.0 E, IL US","2019-12-13",,,,,,
"US1ILCK0131","SCHAUMBURG 2.0 E, IL US","2019-12-14",,,,,,
"US1ILCK0131","SCHAUMBURG 2.0 E, IL US","2019-12-15",,,,,,
"US1ILCK0131","SCHAUMBURG 2.0 E, IL US","2019-12-16",,,,,,
"US1ILCK0131","SCHAUMBURG 2.0 E, IL US","2019-12-17",,,,,,
"US1ILCK0131","SCHAUMBURG 2.0 E, IL US","2019-12-18",,,,,,
"US1ILCK0131","SCHAUMBURG 2.0 E, IL US","2019-12-19",,,,,,
"US1ILCK0131","SCHAUMBURG 2.0 E, IL US","2019-12-20",,,,,,
"US1ILCK0131","SCHAUMBURG 2.0 E, IL US","2019-12-21",,,,,,
"US1ILCK0131","SCHAUMBURG 2.0 E, IL US","2019-12-22",,,,,,
"US1ILCK0131","SCHAUMBURG 2.0 E, IL US","2019-12-23",,,,,,
"US1ILCK0131","SCHAUMBURG 2.0 E, IL US","2019-12-24",,,,,,
"US1ILCK0131","SCHAUMBURG 2.0 E, IL US","2019-12-25",,,,,,
"US1ILCK0131","SCHAUMBURG 2.0 E, IL US","2019-12-26",,,,,,
"US1ILCK0131","SCHAUMBURG 2.0 E, IL US","2019-12-27",,,,,,
"US1ILCK0131","SCHAUMBURG 2.0 E, IL US","2019-12-28",,,,,,
"US1ILCK0131","SCHAUMBURG 2.0 E, IL US","2019-12-29",,,,,,
"US1ILCK0131","SCHAUMBURG 2.0 E, IL US","2019-12-30",,,,,,
"US1ILCK0131","SCHAUMBURG 2.0 E, IL US","2019-12-31",,,,,,
"US1ILCK0131","SCHAUMBURG 2.0 E, IL US","2020-01-01",,,,,,
"US1ILCK0131","SCHAUMBURG 2.0 E, IL US","2020-01-02",,,,,,
"US1ILCK0131","SCHAUMBURG 2.0 E, IL US","2020-01-03",,,,,,
"US1ILCK0131","SCHAUMBURG 2.0 E, IL US","2020-01-04",,,,,,
"US1ILCK0131","SCHAUMBURG 2.0 E, IL US","2020-01-05",,,,,,
"US1ILCK0131","SCHAUMBURG 2.0 E, IL US","2020-01-06",,,,,,
"US1ILCK0131","SCHAUMBURG 2.0 E, IL US","2020-01-07",,,,,,
"US1ILCK0131","SCHAUMBURG 2.0 E, IL US","2020-01-08",,,,,,
"US1ILCK0131","SCHAUMBURG 2.0 E, IL US","2020-01-09",,,,,,
"US1ILCK0131","SCHAUMBURG 2.0 E, IL US","2020-01-10",,,,,,
"US1ILCK0131","SCHAUMBURG 2.0 E, IL US","2020-01-11",,,,,,
"US1ILCK0131","SCHAUMBURG 2.0 E, IL US","2020-01-12",,,,,,
"US1ILCK0131","SCHAUMBURG 2.0 E, IL US","2020-01-13",,,,,,
"US1ILCK0131","SCHAUMBURG 2.0 E, IL US","2020-01-14",,,,,,
"US1ILCK0131","SCHAUMBURG 2.0 E, IL US","2020-01-15",,,,,,
"US1ILCK0131","SCHAUMBURG 2.0 E, IL US","2020-01-16",,,,,,
"US1ILCK0131","SCHAUMBURG 2.0 E, IL US","2020-01-17",,,,,,
"US1ILCK0131","SCHAUMBURG 2.0 E, IL US","2020-01-18",,,,,,
"US1ILCK0131","SCHAUMBURG 2.0 E, IL US","2020-01-19",,,,,,
"US1ILCK0131","SCHAUMBURG 2.0 E, IL US","2020-01-20",,,,,,
"US1ILCK0131","SCHAUMBURG 2.0 E, IL US","2020-01-21",,,,,,
"US1ILCK0131","SCHAUMBURG 2.0 E, IL US","2020-01-22",,,,,,
"US1ILCK0131","SCHAUMBURG 2.0 E, IL US","2020-01-23",,,,,,
"US1ILCK0131","SCHAUMBURG 2.0 E, IL US","2020-01-24",,,,,,
"US1ILCK0131","SCHAUMBURG 2.0 E, IL US","2020-01-25",,,,,,
"US1ILCK0131","SCHAUMBURG 2.0 E, IL US","2020-01-26",,,,,,
"US1ILCK0131","SCHAUMBURG 2.0 E, IL US","2020-01-27",,,,,,
"US1ILCK0131","SCHAUMBURG 2.0 E, IL US","2020-01-28",,,,,,
"US1ILCK0131","SCHAUMBURG 2.0 E, IL US","2020-01-29",,,,,,
"US1ILCK0131","SCHAUMBURG 2.0 E, IL US","2020-01-30",,,,,,
"US1ILCK0131","SCHAUMBURG 2.0 E, IL US","2020-01-31",,,,,,
"US1ILCK0131","SCHAUMBURG 2.0 E, IL US","2020-02-01",,,,,,
"US1ILCK0131","SCHAUMBURG 2.0 E, IL US","2020-02-02",,,,,,
"US1ILCK0131","SCHAUMBURG 2.0 E, IL US","2020-02-03",,,,,,
"US1ILCK0131","SCHAUMBURG 2.0 E, IL US","2020-02-04",,,,,,
"US1ILCK0131","SCHAUMBURG 2.0 E, IL US","2020-02-05",,,,,,
"US1ILCK0131","SCHAUMBURG 2.0 E, IL US","2020-02-06",,,,,,
"US1ILCK0131","SCHAUMBURG 2.0 E, IL US","2020-02-07",,,,,,
"US1ILCK0131","SCHAUMBURG 2.0 E, IL US","2020-02-08",,,,,,
"US1ILCK0131","SCHAUMBURG 2.0 E, IL US","2020-02-09",,,,,,
"US1ILCK0131","SCHAUMBURG 2.0 E, IL US","2020-02-10",,,,,,
"US1ILCK0131","SCHAUMBURG 2.0 E, IL US","2020-02-11",,,,,,
"US1ILCK0131","SCHAUMBURG 2.0 E, IL US","2020-02-12",,,,,,
"US1ILCK0131","SCHAUMBURG 2.0 E, IL US","2020-02-13",,,,,,
"US1ILCK0131","SCHAUMBURG 2.0 E, IL US","2020-02-14",,,,,,
"US1ILCK0131","SCHAUMBURG 2.0 E, IL US","2020-02-15",,,,,,
"US1ILCK0131","SCHAUMBURG 2.0 E, IL US","2020-02-16",,,,,,
"US1ILCK0131","SCHAUMBURG 2.0 E, IL US","2020-02-17",,,,,,
"US1ILCK0131","SCHAUMBURG 2.0 E, IL US","2020-02-18",,,,,,
"US1ILCK0131","SCHAUMBURG 2.0 E, IL US","2020-02-19",,,,,,
"US1ILCK0131","SCHAUMBURG 2.0 E, IL US","2020-02-20",,,,,,
"US1ILCK0131","SCHAUMBURG 2.0 E, IL US","2020-02-21",,,,,,
"US1ILCK0131","SCHAUMBURG 2.0 E, IL US","2020-02-22",,,,,,
"US1ILCK0131","SCHAUMBURG 2.0 E, IL US","2020-02-23",,,,,,
"US1ILCK0131","SCHAUMBURG 2.0 E, IL US","2020-02-24",,,,,,
"US1ILCK0131","SCHAUMBURG 2.0 E, IL US","2020-02-25",,,,,,
"US1ILCK0131","SCHAUMBURG 2.0 E, IL US","2020-02-26",,,,,,
"US1ILCK0131","SCHAUMBURG 2.0 E, IL US","2020-02-27",,,,,,
"US1ILCK0131","SCHAUMBURG 2.0 E, IL US","2020-02-28",,,,,,
"US1ILCK0131","SCHAUMBURG 2.0 E, IL US","2020-02-29",,,,,,
"US1ILCK0131","SCHAUMBURG 2.0 E, IL US","2020-03-01",,,,,,
"US1ILCK0131","SCHAUMBURG 2.0 E, IL US","2020-03-02",,,,,,
"US1ILCK0131","SCHAUMBURG 2.0 E, IL US","2020-03-03",,,,,,
"US1ILCK0131","SCHAUMBURG 2.0 E, IL US","2020-03-04",,,,,,
"US1ILCK0131","SCHAUMBURG 2.0 E, IL US","2020-03-05",,,,,,
"US1ILCK0131","SCHAUMBURG 2.0 E, IL US","2020-03-06",,,,,,
"US1ILCK0131","SCHAUMBURG 2.0 E, IL US","2020-03-07",,,,,,
"US1ILCK0131","SCHAUMBURG 2.0 E, IL US","2020-03-08",,,,,,
"US1ILCK0131","SCHAUMBURG 2.0 E, IL US","2020-03-09",,,,,,
"US1ILCK0131","SCHAUMBURG 2.0 E, IL US","2020-03-10",,,,,,
"US1ILCK0131","SCHAUMBURG 2.0 E, IL US","2020-03-11",,,,,,
"US1ILCK0131","SCHAUMBURG 2.0 E, IL US","2020-03-12",,,,,,
"US1ILCK0131","SCHAUMBURG 2.0 E, IL US","2020-03-13",,,,,,
"US1ILCK0131","SCHAUMBURG 2.0 E, IL US","2020-03-14",,,,,,
"US1ILCK0131","SCHAUMBURG 2.0 E, IL US","2020-03-15",,,,,,
"US1ILCK0131","SCHAUMBURG 2.0 E, IL US","2020-03-16",,,,,,
"US1ILCK0131","SCHAUMBURG 2.0 E, IL US","2020-03-17",,,,,,
"US1ILCK0131","SCHAUMBURG 2.0 E, IL US","2020-03-18",,,,,,
"US1ILCK0131","SCHAUMBURG 2.0 E, IL US","2020-03-19",,,,,,
"US1ILCK0131","SCHAUMBURG 2.0 E, IL US","2020-03-20",,,,,,
"US1ILCK0131","SCHAUMBURG 2.0 E, IL US","2020-03-21",,,,,,
"US1ILCK0131","SCHAUMBURG 2.0 E, IL US","2020-03-22",,,,,,
"US1ILCK0131","SCHAUMBURG 2.0 E, IL US","2020-03-23",,,,,,
"US1ILCK0131","SCHAUMBURG 2.0 E, IL US","2020-03-24",,,,,,
"US1ILCK0131","SCHAUMBURG 2.0 E, IL US","2020-03-25",,,,,,
"US1ILCK0131","SCHAUMBURG 2.0 E, IL US","2020-03-26",,,,,,
"US1ILCK0131","SCHAUMBURG 2.0 E, IL US","2020-03-27",,,,,,
"US1ILCK0131","SCHAUMBURG 2.0 E, IL US","2020-03-28",,,,,,
"US1ILCK0131","SCHAUMBURG 2.0 E, IL US","2020-03-29",,,,,,
"US1ILCK0131","SCHAUMBURG 2.0 E, IL US","2020-03-30",,,,,,
"US1ILCK0131","SCHAUMBURG 2.0 E, IL US","2020-03-31",,,,,,
"US1ILCK0131","SCHAUMBURG 2.0 E, IL US","2020-04-01",,,,,,
"US1ILCK0131","SCHAUMBURG 2.0 E, IL US","2020-04-02",,,,,,
"US1ILCK0131","SCHAUMBURG 2.0 E, IL US","2020-04-03",,,,,,
"US1ILCK0131","SCHAUMBURG 2.0 E, IL US","2020-04-04",,,,,,
"US1ILCK0131","SCHAUMBURG 2.0 E, IL US","2020-04-05",,,,,,
"US1ILCK0131","SCHAUMBURG 2.0 E, IL US","2020-04-06",,,,,,
"US1ILCK0131","SCHAUMBURG 2.0 E, IL US","2020-04-07",,,,,,
"US1ILCK0131","SCHAUMBURG 2.0 E, IL US","2020-04-08",,,,,,
"US1ILCK0131","SCHAUMBURG 2.0 E, IL US","2020-04-09",,,,,,
"US1ILCK0131","SCHAUMBURG 2.0 E, IL US","2020-04-10",,,,,,
"US1ILCK0131","SCHAUMBURG 2.0 E, IL US","2020-04-11",,,,,,
"US1ILCK0131","SCHAUMBURG 2.0 E, IL US","2020-04-12",,,,,,
"US1ILCK0131","SCHAUMBURG 2.0 E, IL US","2020-04-13",,,,,,
"US1ILCK0131","SCHAUMBURG 2.0 E, IL US","2020-04-14",,,,,,
"US1ILCK0131","SCHAUMBURG 2.0 E, IL US","2020-04-15",,,,,,
"US1ILCK0131","SCHAUMBURG 2.0 E, IL US","2020-04-16",,,,,,
"US1ILCK0131","SCHAUMBURG 2.0 E, IL US","2020-04-17",,,,,,
"US1ILCK0131","SCHAUMBURG 2.0 E, IL US","2020-04-18",,,,,,
"US1ILCK0131","SCHAUMBURG 2.0 E, IL US","2020-04-19",,,,,,
"US1ILCK0131","SCHAUMBURG 2.0 E, IL US","2020-04-20",,,,,,
"US1ILCK0131","SCHAUMBURG 2.0 E, IL US","2020-04-21",,,,,,
"US1ILCK0131","SCHAUMBURG 2.0 E, IL US","2020-04-22",,,,,,
"US1ILCK0131","SCHAUMBURG 2.0 E, IL US","2020-04-23",,,,,,
"US1ILCK0131","SCHAUMBURG 2.0 E, IL US","2020-04-24",,,,,,
"US1ILCK0131","SCHAUMBURG 2.0 E, IL US","2020-04-25",,,,,,
"US1ILCK0131","SCHAUMBURG 2.0 E, IL US","2020-04-26",,,,,,
"US1ILCK0131","SCHAUMBURG 2.0 E, IL US","2020-04-27",,,,,,
"US1ILCK0131","SCHAUMBURG 2.0 E, IL US","2020-04-28",,,,,,
"US1ILCK0131","SCHAUMBURG 2.0 E, IL US","2020-04-29",,,,,,
"US1ILCK0131","SCHAUMBURG 2.0 E, IL US","2020-04-30",,,,,,
"US1ILCK0131","SCHAUMBURG 2.0 E, IL US","2020-05-01",,,,,,
"US1ILCK0131","SCHAUMBURG 2.0 E, IL US","2020-05-02",,,,,,
"US1ILCK0131","SCHAUMBURG 2.0 E, IL US","2020-05-03",,,,,,
"US1ILCK0131","SCHAUMBURG 2.0 E, IL US","2020-05-04",,,,,,
"US1ILCK0131","SCHAUMBURG 2.0 E, IL US","2020-05-05",,,,,,
"US1ILCK0131","SCHAUMBURG 2.0 E, IL US","2020-05-06",,,,,,
"US1ILCK0131","SCHAUMBURG 2.0 E, IL US","2020-05-07",,,,,,
"US1ILCK0131","SCHAUMBURG 2.0 E, IL US","2020-05-08",,,,,,
"US1ILCK0131","SCHAUMBURG 2.0 E, IL US","2020-05-09",,,,,,
"US1ILCK0131","SCHAUMBURG 2.0 E, IL US","2020-05-10",,,,,,
"US1ILCK0131","SCHAUMBURG 2.0 E, IL US","2020-05-11",,,,,,
"US1ILCK0131","SCHAUMBURG 2.0 E, IL US","2020-05-12",,,,,,
"US1ILCK0131","SCHAUMBURG 2.0 E, IL US","2020-05-13",,,,,,
"US1ILCK0131","SCHAUMBURG 2.0 E, IL US","2020-05-14",,,,,,
"US1ILCK0131","SCHAUMBURG 2.0 E, IL US","2020-05-15",,,,,,
"US1ILCK0131","SCHAUMBURG 2.0 E, IL US","2020-05-16",,,,,,
"US1ILCK0131","SCHAUMBURG 2.0 E, IL US","2020-05-17",,,,,,
"US1ILCK0131","SCHAUMBURG 2.0 E, IL US","2020-05-18",,,,,,
"US1ILCK0131","SCHAUMBURG 2.0 E, IL US","2020-05-19",,,,,,
"US1ILCK0131","SCHAUMBURG 2.0 E, IL US","2020-05-20",,,,,,
"US1ILCK0131","SCHAUMBURG 2.0 E, IL US","2020-05-21",,,,,,
"US1ILCK0131","SCHAUMBURG 2.0 E, IL US","2020-05-22",,,,,,
"US1ILCK0131","SCHAUMBURG 2.0 E, IL US","2020-05-23",,,,,,
"US1ILCK0131","SCHAUMBURG 2.0 E, IL US","2020-05-24",,,,,,
"US1ILCK0131","SCHAUMBURG 2.0 E, IL US","2020-05-25",,,,,,
"US1ILCK0131","SCHAUMBURG 2.0 E, IL US","2020-05-26",,,,,,
"US1ILCK0131","SCHAUMBURG 2.0 E, IL US","2020-05-27",,,,,,
"US1ILCK0131","SCHAUMBURG 2.0 E, IL US","2020-05-28",,,,,,
"US1ILCK0131","SCHAUMBURG 2.0 E, IL US","2020-05-29",,,,,,
"US1ILCK0131","SCHAUMBURG 2.0 E, IL US","2020-05-30",,,,,,
"US1ILCK0131","SCHAUMBURG 2.0 E, IL US","2020-05-31",,,,,,
"US1ILCK0131","SCHAUMBURG 2.0 E, IL US","2020-06-01",,,,,,
"US1ILCK0131","SCHAUMBURG 2.0 E, IL US","2020-06-02",,,,,,
"US1ILCK0131","SCHAUMBURG 2.0 E, IL US","2020-06-03",,,,,,
"US1ILCK0131","SCHAUMBURG 2.0 E, IL US","2020-06-04",,,,,,
"US1ILCK0131","SCHAUMBURG 2.0 E, IL US","2020-06-05",,,,,,
"US1ILCK0131","SCHAUMBURG 2.0 E, IL US","2020-06-06",,,,,,
"US1ILCK0131","SCHAUMBURG 2.0 E, IL US","2020-06-07",,,,,,
"US1ILCK0131","SCHAUMBURG 2.0 E, IL US","2020-06-08",,,,,,
"US1ILCK0131","SCHAUMBURG 2.0 E, IL US","2020-06-09",,,,,,
"US1ILCK0131","SCHAUMBURG 2.0 E, IL US","2020-06-10",,,,,,
"US1ILCK0131","SCHAUMBURG 2.0 E, IL US","2020-06-11",,,,,,
"US1ILCK0131","SCHAUMBURG 2.0 E, IL US","2020-06-12",,,,,,
"US1ILCK0131","SCHAUMBURG 2.0 E, IL US","2020-06-13",,,,,,
"US1ILCK0131","SCHAUMBURG 2.0 E, IL US","2020-06-14",,,,,,
"US1ILCK0131","SCHAUMBURG 2.0 E, IL US","2020-06-15",,,,,,
"US1ILCK0131","SCHAUMBURG 2.0 E, IL US","2020-06-16",,,,,,
"US1ILCK0131","SCHAUMBURG 2.0 E, IL US","2020-06-17",,,,,,
"US1ILCK0131","SCHAUMBURG 2.0 E, IL US","2020-06-18",,,,,,
"US1ILCK0131","SCHAUMBURG 2.0 E, IL US","2020-06-19",,,,,,
"US1ILCK0131","SCHAUMBURG 2.0 E, IL US","2020-06-20",,,,,,
"US1ILCK0131","SCHAUMBURG 2.0 E, IL US","2020-06-21",,,,,,
"US1ILCK0131","SCHAUMBURG 2.0 E, IL US","2020-06-22",,,,,,
"US1ILCK0131","SCHAUMBURG 2.0 E, IL US","2020-06-23",,,,,,
"US1ILCK0131","SCHAUMBURG 2.0 E, IL US","2020-06-24",,,,,,
"US1ILCK0131","SCHAUMBURG 2.0 E, IL US","2020-06-25",,,,,,
"US1ILCK0131","SCHAUMBURG 2.0 E, IL US","2020-06-26",,,,,,
"US1ILCK0131","SCHAUMBURG 2.0 E, IL US","2020-06-27",,,,,,
"US1ILCK0131","SCHAUMBURG 2.0 E, IL US","2020-06-28",,,,,,
"US1ILCK0131","SCHAUMBURG 2.0 E, IL US","2020-06-29",,,,,,
"US1ILCK0131","SCHAUMBURG 2.0 E, IL US","2020-06-30",,,,,,
"US1ILCK0131","SCHAUMBURG 2.0 E, IL US","2020-07-01",,,,,,
"US1ILCK0131","SCHAUMBURG 2.0 E, IL US","2020-07-02",,,,,,
"US1ILCK0131","SCHAUMBURG 2.0 E, IL US","2020-07-03",,,,,,
"US1ILCK0131","SCHAUMBURG 2.0 E, IL US","2020-07-04",,,,,,
"US1ILCK0131","SCHAUMBURG 2.0 E, IL US","2020-07-05",,,,,,
"US1ILCK0131","SCHAUMBURG 2.0 E, IL US","2020-07-06",,,,,,
"US1ILCK0131","SCHAUMBURG 2.0 E, IL US","2020-07-07",,,,,,
"US1ILCK0131","SCHAUMBURG 2.0 E, IL US","2020-07-08",,,,,,
"US1ILCK0131","SCHAUMBURG 2.0 E, IL US","2020-07-09",,,,,,
"US1ILCK0131","SCHAUMBURG 2.0 E, IL US","2020-07-10",,,,,,
"US1ILCK0131","SCHAUMBURG 2.0 E, IL US","2020-07-11",,,,,,
"US1ILCK0131","SCHAUMBURG 2.0 E, IL US","2020-07-12",,,,,,
"US1ILCK0131","SCHAUMBURG 2.0 E, IL US","2020-07-13",,,,,,
"US1ILCK0131","SCHAUMBURG 2.0 E, IL US","2020-07-14",,,,,,
"US1ILCK0131","SCHAUMBURG 2.0 E, IL US","2020-07-15",,,,,,
"US1ILCK0131","SCHAUMBURG 2.0 E, IL US","2020-07-16",,,,,,
"US1ILCK0131","SCHAUMBURG 2.0 E, IL US","2020-07-17",,,,,,
"US1ILCK0131","SCHAUMBURG 2.0 E, IL US","2020-07-18",,,,,,
"US1ILCK0131","SCHAUMBURG 2.0 E, IL US","2020-07-19",,,,,,
"US1ILCK0131","SCHAUMBURG 2.0 E, IL US","2020-07-20",,,,,,
"US1ILCK0131","SCHAUMBURG 2.0 E, IL US","2020-07-21",,,,,,
"US1ILCK0131","SCHAUMBURG 2.0 E, IL US","2020-07-22",,,,,,
"US1ILCK0131","SCHAUMBURG 2.0 E, IL US","2020-07-23",,,,,,
"US1ILCK0131","SCHAUMBURG 2.0 E, IL US","2020-07-24",,,,,,
"US1ILCK0131","SCHAUMBURG 2.0 E, IL US","2020-07-25",,,,,,
"US1ILCK0131","SCHAUMBURG 2.0 E, IL US","2020-07-26",,,,,,
"US1ILCK0131","SCHAUMBURG 2.0 E, IL US","2020-07-27",,,,,,
"US1ILCK0131","SCHAUMBURG 2.0 E, IL US","2020-07-28",,,,,,
"US1ILCK0131","SCHAUMBURG 2.0 E, IL US","2020-07-29",,,,,,
"US1ILCK0131","SCHAUMBURG 2.0 E, IL US","2020-07-30",,,,,,
"US1ILCK0131","SCHAUMBURG 2.0 E, IL US","2020-07-31",,,,,,
"US1ILCK0131","SCHAUMBURG 2.0 E, IL US","2020-08-01",,,,,,
"US1ILCK0131","SCHAUMBURG 2.0 E, IL US","2020-08-02",,,,,,
"US1ILCK0131","SCHAUMBURG 2.0 E, IL US","2020-08-03",,,,,,
"US1ILCK0131","SCHAUMBURG 2.0 E, IL US","2020-08-04",,,,,,
"US1ILCK0131","SCHAUMBURG 2.0 E, IL US","2020-08-05",,,,,,
"US1ILCK0131","SCHAUMBURG 2.0 E, IL US","2020-08-06",,,,,,
"US1ILCK0131","SCHAUMBURG 2.0 E, IL US","2020-08-07",,,,,,
"US1ILCK0131","SCHAUMBURG 2.0 E, IL US","2020-08-08",,,,,,
"US1ILCK0131","SCHAUMBURG 2.0 E, IL US","2020-08-09",,,,,,
"US1ILCK0131","SCHAUMBURG 2.0 E, IL US","2020-08-10",,,,,,
"US1ILCK0131","SCHAUMBURG 2.0 E, IL US","2020-08-11",,,,,,
"US1ILCK0131","SCHAUMBURG 2.0 E, IL US","2020-08-12",,,,,,
"US1ILCK0131","SCHAUMBURG 2.0 E, IL US","2020-08-13",,,,,,
"US1ILCK0131","SCHAUMBURG 2.0 E, IL US","2020-08-14",,,,,,
"US1ILCK0131","SCHAUMBURG 2.0 E, IL US","2020-08-15",,,,,,
"US1ILCK0131","SCHAUMBURG 2.0 E, IL US","2020-08-16",,,,,,
"US1ILCK0131","SCHAUMBURG 2.0 E, IL US","2020-08-17",,,,,,
"US1ILCK0131","SCHAUMBURG 2.0 E, IL US","2020-08-18",,,,,,
"US1ILCK0131","SCHAUMBURG 2.0 E, IL US","2020-08-19",,,,,,
"US1ILCK0131","SCHAUMBURG 2.0 E, IL US","2020-08-20",,,,,,
"US1ILCK0131","SCHAUMBURG 2.0 E, IL US","2020-08-21",,,,,,
"US1ILCK0131","SCHAUMBURG 2.0 E, IL US","2020-08-22",,,,,,
"US1ILCK0131","SCHAUMBURG 2.0 E, IL US","2020-08-23",,,,,,
"US1ILCK0131","SCHAUMBURG 2.0 E, IL US","2020-08-24",,,,,,
"US1ILCK0131","SCHAUMBURG 2.0 E, IL US","2020-08-25",,,,,,
"US1ILCK0131","SCHAUMBURG 2.0 E, IL US","2020-08-26",,,,,,
"US1ILCK0131","SCHAUMBURG 2.0 E, IL US","2020-08-27",,,,,,
"US1ILCK0131","SCHAUMBURG 2.0 E, IL US","2020-08-28",,,,,,
"US1ILCK0131","SCHAUMBURG 2.0 E, IL US","2020-08-29",,,,,,
"US1ILCK0131","SCHAUMBURG 2.0 E, IL US","2020-08-30",,,,,,
"US1ILCK0131","SCHAUMBURG 2.0 E, IL US","2020-08-31",,,,,,
"US1ILCK0131","SCHAUMBURG 2.0 E, IL US","2020-09-01",,,,,,
"US1ILCK0131","SCHAUMBURG 2.0 E, IL US","2020-09-02",,,,,,
"US1ILCK0131","SCHAUMBURG 2.0 E, IL US","2020-09-03",,,,,,
"US1ILCK0131","SCHAUMBURG 2.0 E, IL US","2020-09-04",,,,,,
"US1ILCK0131","SCHAUMBURG 2.0 E, IL US","2020-09-05",,,,,,
"US1ILCK0131","SCHAUMBURG 2.0 E, IL US","2020-09-06",,,,,,
"US1ILCK0131","SCHAUMBURG 2.0 E, IL US","2020-09-07",,,,,,
"US1ILCK0131","SCHAUMBURG 2.0 E, IL US","2020-09-08",,,,,,
"US1ILDP0087","ROSELLE 1.2 ESE, IL US","2019-10-01",,,,,,
"US1ILDP0087","ROSELLE 1.2 ESE, IL US","2019-10-02",,,,,,
"US1ILDP0087","ROSELLE 1.2 ESE, IL US","2019-10-03",,,,,,
"US1ILDP0087","ROSELLE 1.2 ESE, IL US","2019-10-04",,,,,,
"US1ILDP0087","ROSELLE 1.2 ESE, IL US","2019-10-05",,,,,,
"US1ILDP0087","ROSELLE 1.2 ESE, IL US","2019-10-06",,,,,,
"US1ILDP0087","ROSELLE 1.2 ESE, IL US","2019-10-07",,,,,,
"US1ILDP0087","ROSELLE 1.2 ESE, IL US","2019-10-08",,,,,,
"US1ILDP0087","ROSELLE 1.2 ESE, IL US","2019-10-09",,,,,,
"US1ILDP0087","ROSELLE 1.2 ESE, IL US","2019-10-10",,,,,,
"US1ILDP0087","ROSELLE 1.2 ESE, IL US","2019-10-11",,,,,,
"US1ILDP0087","ROSELLE 1.2 ESE, IL US","2019-10-12",,,,,,
"US1ILDP0087","ROSELLE 1.2 ESE, IL US","2019-10-13",,,,,,
"US1ILDP0087","ROSELLE 1.2 ESE, IL US","2019-10-14",,,,,,
"US1ILDP0087","ROSELLE 1.2 ESE, IL US","2019-10-15",,,,,,
"US1ILDP0087","ROSELLE 1.2 ESE, IL US","2019-10-16",,,,,,
"US1ILDP0087","ROSELLE 1.2 ESE, IL US","2019-10-17",,,,,,
"US1ILDP0087","ROSELLE 1.2 ESE, IL US","2019-10-18",,,,,,
"US1ILDP0087","ROSELLE 1.2 ESE, IL US","2019-10-19",,,,,,
"US1ILDP0087","ROSELLE 1.2 ESE, IL US","2019-10-20",,,,,,
"US1ILDP0087","ROSELLE 1.2 ESE, IL US","2019-10-21",,,,,,
"US1ILDP0087","ROSELLE 1.2 ESE, IL US","2019-10-22",,,,,,
"US1ILDP0087","ROSELLE 1.2 ESE, IL US","2019-10-23",,,,,,
"US1ILDP0087","ROSELLE 1.2 ESE, IL US","2019-10-24",,,,,,
"US1ILDP0087","ROSELLE 1.2 ESE, IL US","2019-10-25",,,,,,
"US1ILDP0087","ROSELLE 1.2 ESE, IL US","2019-10-26",,,,,,
"US1ILDP0087","ROSELLE 1.2 ESE, IL US","2019-10-27",,,,,,
"US1ILDP0087","ROSELLE 1.2 ESE, IL US","2019-10-28",,,,,,
"US1ILDP0087","ROSELLE 1.2 ESE, IL US","2019-10-29",,,,,,
"US1ILDP0087","ROSELLE 1.2 ESE, IL US","2019-10-30",,,,,,
"US1ILDP0087","ROSELLE 1.2 ESE, IL US","2019-10-31",,,,,,
"US1ILDP0087","ROSELLE 1.2 ESE, IL US","2019-11-01",,,,,,
"US1ILDP0087","ROSELLE 1.2 ESE, IL US","2019-11-02",,,,,,
"US1ILDP0087","ROSELLE 1.2 ESE, IL US","2019-11-03",,,,,,
"US1ILDP0087","ROSELLE 1.2 ESE, IL US","2019-11-04",,,,,,
"US1ILDP0087","ROSELLE 1.2 ESE, IL US","2019-11-05",,,,,,
"US1ILDP0087","ROSELLE 1.2 ESE, IL US","2019-11-06",,,,,,
"US1ILDP0087","ROSELLE 1.2 ESE, IL US","2019-11-07",,,,,,
"US1ILDP0087","ROSELLE 1.2 ESE, IL US","2019-11-08",,,,,,
"US1ILDP0087","ROSELLE 1.2 ESE, IL US","2019-11-09",,,,,,
"US1ILDP0087","ROSELLE 1.2 ESE, IL US","2019-11-10",,,,,,
"US1ILDP0087","ROSELLE 1.2 ESE, IL US","2019-11-11",,,,,,
"US1ILDP0087","ROSELLE 1.2 ESE, IL US","2019-11-12",,,,,,
"US1ILDP0087","ROSELLE 1.2 ESE, IL US","2019-11-13",,,,,,
"US1ILDP0087","ROSELLE 1.2 ESE, IL US","2019-11-14",,,,,,
"US1ILDP0087","ROSELLE 1.2 ESE, IL US","2019-11-15",,,,,,
"US1ILDP0087","ROSELLE 1.2 ESE, IL US","2019-11-16",,,,,,
"US1ILDP0087","ROSELLE 1.2 ESE, IL US","2019-11-17",,,,,,
"US1ILDP0087","ROSELLE 1.2 ESE, IL US","2019-11-18",,,,,,
"US1ILDP0087","ROSELLE 1.2 ESE, IL US","2019-11-19",,,,,,
"US1ILDP0087","ROSELLE 1.2 ESE, IL US","2019-11-20",,,,,,
"US1ILDP0087","ROSELLE 1.2 ESE, IL US","2019-11-21",,,,,,
"US1ILDP0087","ROSELLE 1.2 ESE, IL US","2019-11-22",,,,,,
"US1ILDP0087","ROSELLE 1.2 ESE, IL US","2019-11-23",,,,,,
"US1ILDP0087","ROSELLE 1.2 ESE, IL US","2019-11-24",,,,,,
"US1ILDP0087","ROSELLE 1.2 ESE, IL US","2019-11-25",,,,,,
"US1ILDP0087","ROSELLE 1.2 ESE, IL US","2019-11-26",,,,,,
"US1ILDP0087","ROSELLE 1.2 ESE, IL US","2019-11-27",,,,,,
"US1ILDP0087","ROSELLE 1.2 ESE, IL US","2019-11-28",,,,,,
"US1ILDP0087","ROSELLE 1.2 ESE, IL US","2019-11-29",,,,,,
"US1ILDP0087","ROSELLE 1.2 ESE, IL US","2019-11-30",,,,,,
"US1ILDP0087","ROSELLE 1.2 ESE, IL US","2019-12-01",,,,,,
"US1ILDP0087","ROSELLE 1.2 ESE, IL US","2019-12-02",,,,,,
"US1ILDP0087","ROSELLE 1.2 ESE, IL US","2019-12-03",,,,,,
"US1ILDP0087","ROSELLE 1.2 ESE, IL US","2019-12-04",,,,,,
"US1ILDP0087","ROSELLE 1.2 ESE, IL US","2019-12-05",,,,,,
"US1ILDP0087","ROSELLE 1.2 ESE, IL US","2019-12-06",,,,,,
"US1ILDP0087","ROSELLE 1.2 ESE, IL US","2019-12-07",,,,,,
"US1ILDP0087","ROSELLE 1.2 ESE, IL US","2019-12-08",,,,,,
"US1ILDP0087","ROSELLE 1.2 ESE, IL US","2019-12-09",,,,,,
"US1ILDP0087","ROSELLE 1.2 ESE, IL US","2019-12-10",,,,,,
"US1ILDP0087","ROSELLE 1.2 ESE, IL US","2019-12-11",,,,,,
"US1ILDP0087","ROSELLE 1.2 ESE, IL US","2019-12-12",,,,,,
"US1ILDP0087","ROSELLE 1.2 ESE, IL US","2019-12-13",,,,,,
"US1ILDP0087","ROSELLE 1.2 ESE, IL US","2019-12-14",,,,,,
"US1ILDP0087","ROSELLE 1.2 ESE, IL US","2019-12-15",,,,,,
"US1ILDP0087","ROSELLE 1.2 ESE, IL US","2019-12-16",,,,,,
"US1ILDP0087","ROSELLE 1.2 ESE, IL US","2019-12-17",,,,,,
"US1ILDP0087","ROSELLE 1.2 ESE, IL US","2019-12-18",,,,,,
"US1ILDP0087","ROSELLE 1.2 ESE, IL US","2019-12-19",,,,,,
"US1ILDP0087","ROSELLE 1.2 ESE, IL US","2019-12-20",,,,,,
"US1ILDP0087","ROSELLE 1.2 ESE, IL US","2019-12-21",,,,,,
"US1ILDP0087","ROSELLE 1.2 ESE, IL US","2019-12-22",,,,,,
"US1ILDP0087","ROSELLE 1.2 ESE, IL US","2019-12-23",,,,,,
"US1ILDP0087","ROSELLE 1.2 ESE, IL US","2019-12-24",,,,,,
"US1ILDP0087","ROSELLE 1.2 ESE, IL US","2019-12-25",,,,,,
"US1ILDP0087","ROSELLE 1.2 ESE, IL US","2019-12-26",,,,,,
"US1ILDP0087","ROSELLE 1.2 ESE, IL US","2019-12-27",,,,,,
"US1ILDP0087","ROSELLE 1.2 ESE, IL US","2019-12-28",,,,,,
"US1ILDP0087","ROSELLE 1.2 ESE, IL US","2019-12-29",,,,,,
"US1ILDP0087","ROSELLE 1.2 ESE, IL US","2019-12-30",,,,,,
"US1ILDP0087","ROSELLE 1.2 ESE, IL US","2019-12-31",,,,,,
"US1ILDP0087","ROSELLE 1.2 ESE, IL US","2020-01-01",,,,,,
"US1ILDP0087","ROSELLE 1.2 ESE, IL US","2020-01-02",,,,,,
"US1ILDP0087","ROSELLE 1.2 ESE, IL US","2020-01-03",,,,,,
"US1ILDP0087","ROSELLE 1.2 ESE, IL US","2020-01-04",,,,,,
"US1ILDP0087","ROSELLE 1.2 ESE, IL US","2020-01-05",,,,,,
"US1ILDP0087","ROSELLE 1.2 ESE, IL US","2020-01-06",,,,,,
"US1ILDP0087","ROSELLE 1.2 ESE, IL US","2020-01-07",,,,,,
"US1ILDP0087","ROSELLE 1.2 ESE, IL US","2020-01-09",,,,,,
"US1ILDP0087","ROSELLE 1.2 ESE, IL US","2020-01-10",,,,,,
"US1ILDP0087","ROSELLE 1.2 ESE, IL US","2020-01-11",,,,,,
"US1ILDP0087","ROSELLE 1.2 ESE, IL US","2020-01-12",,,,,,
"US1ILDP0087","ROSELLE 1.2 ESE, IL US","2020-01-13",,,,,,
"US1ILDP0087","ROSELLE 1.2 ESE, IL US","2020-01-14",,,,,,
"US1ILDP0087","ROSELLE 1.2 ESE, IL US","2020-01-15",,,,,,
"US1ILDP0087","ROSELLE 1.2 ESE, IL US","2020-01-16",,,,,,
"US1ILDP0087","ROSELLE 1.2 ESE, IL US","2020-01-17",,,,,,
"US1ILDP0087","ROSELLE 1.2 ESE, IL US","2020-01-18",,,,,,
"US1ILDP0087","ROSELLE 1.2 ESE, IL US","2020-01-19",,,,,,
"US1ILDP0087","ROSELLE 1.2 ESE, IL US","2020-01-20",,,,,,
"US1ILDP0087","ROSELLE 1.2 ESE, IL US","2020-01-21",,,,,,
"US1ILDP0087","ROSELLE 1.2 ESE, IL US","2020-01-22",,,,,,
"US1ILDP0087","ROSELLE 1.2 ESE, IL US","2020-01-23",,,,,,
"US1ILDP0087","ROSELLE 1.2 ESE, IL US","2020-01-24",,,,,,
"US1ILDP0087","ROSELLE 1.2 ESE, IL US","2020-01-25",,,,,,
"US1ILDP0087","ROSELLE 1.2 ESE, IL US","2020-01-26",,,,,,
"US1ILDP0087","ROSELLE 1.2 ESE, IL US","2020-01-27",,,,,,
"US1ILDP0087","ROSELLE 1.2 ESE, IL US","2020-01-28",,,,,,
"US1ILDP0087","ROSELLE 1.2 ESE, IL US","2020-01-29",,,,,,
"US1ILDP0087","ROSELLE 1.2 ESE, IL US","2020-01-30",,,,,,
"US1ILDP0087","ROSELLE 1.2 ESE, IL US","2020-01-31",,,,,,
"US1ILDP0087","ROSELLE 1.2 ESE, IL US","2020-02-01",,,,,,
"US1ILDP0087","ROSELLE 1.2 ESE, IL US","2020-02-02",,,,,,
"US1ILDP0087","ROSELLE 1.2 ESE, IL US","2020-02-03",,,,,,
"US1ILDP0087","ROSELLE 1.2 ESE, IL US","2020-02-04",,,,,,
"US1ILDP0087","ROSELLE 1.2 ESE, IL US","2020-02-05",,,,,,
"US1ILDP0087","ROSELLE 1.2 ESE, IL US","2020-02-06",,,,,,
"US1ILDP0087","ROSELLE 1.2 ESE, IL US","2020-02-07",,,,,,
"US1ILDP0087","ROSELLE 1.2 ESE, IL US","2020-02-08",,,,,,
"US1ILDP0087","ROSELLE 1.2 ESE, IL US","2020-02-09",,,,,,
"US1ILDP0087","ROSELLE 1.2 ESE, IL US","2020-02-10",,,,,,
"US1ILDP0087","ROSELLE 1.2 ESE, IL US","2020-02-11",,,,,,
"US1ILDP0087","ROSELLE 1.2 ESE, IL US","2020-02-12",,,,,,
"US1ILDP0087","ROSELLE 1.2 ESE, IL US","2020-02-13",,,,,,
"US1ILDP0087","ROSELLE 1.2 ESE, IL US","2020-02-14",,,,,,
"US1ILDP0087","ROSELLE 1.2 ESE, IL US","2020-02-15",,,,,,
"US1ILDP0087","ROSELLE 1.2 ESE, IL US","2020-02-16",,,,,,
"US1ILDP0087","ROSELLE 1.2 ESE, IL US","2020-02-17",,,,,,
"US1ILDP0087","ROSELLE 1.2 ESE, IL US","2020-02-18",,,,,,
"US1ILDP0087","ROSELLE 1.2 ESE, IL US","2020-02-19",,,,,,
"US1ILDP0087","ROSELLE 1.2 ESE, IL US","2020-02-20",,,,,,
"US1ILDP0087","ROSELLE 1.2 ESE, IL US","2020-02-21",,,,,,
"US1ILDP0087","ROSELLE 1.2 ESE, IL US","2020-02-22",,,,,,
"US1ILDP0087","ROSELLE 1.2 ESE, IL US","2020-02-23",,,,,,
"US1ILDP0087","ROSELLE 1.2 ESE, IL US","2020-02-24",,,,,,
"US1ILDP0087","ROSELLE 1.2 ESE, IL US","2020-02-25",,,,,,
"US1ILDP0087","ROSELLE 1.2 ESE, IL US","2020-02-26",,,,,,
"US1ILDP0087","ROSELLE 1.2 ESE, IL US","2020-02-27",,,,,,
"US1ILDP0087","ROSELLE 1.2 ESE, IL US","2020-02-28",,,,,,
"US1ILDP0087","ROSELLE 1.2 ESE, IL US","2020-02-29",,,,,,
"US1ILDP0087","ROSELLE 1.2 ESE, IL US","2020-03-01",,,,,,
"US1ILDP0087","ROSELLE 1.2 ESE, IL US","2020-03-02",,,,,,
"US1ILDP0087","ROSELLE 1.2 ESE, IL US","2020-03-03",,,,,,
"US1ILDP0087","ROSELLE 1.2 ESE, IL US","2020-03-04",,,,,,
"US1ILDP0087","ROSELLE 1.2 ESE, IL US","2020-03-05",,,,,,
"US1ILDP0087","ROSELLE 1.2 ESE, IL US","2020-03-06",,,,,,
"US1ILDP0087","ROSELLE 1.2 ESE, IL US","2020-03-07",,,,,,
"US1ILDP0087","ROSELLE 1.2 ESE, IL US","2020-03-08",,,,,,
"US1ILDP0087","ROSELLE 1.2 ESE, IL US","2020-03-09",,,,,,
"US1ILDP0087","ROSELLE 1.2 ESE, IL US","2020-03-10",,,,,,
"US1ILDP0087","ROSELLE 1.2 ESE, IL US","2020-03-11",,,,,,
"US1ILDP0087","ROSELLE 1.2 ESE, IL US","2020-03-12",,,,,,
"US1ILDP0087","ROSELLE 1.2 ESE, IL US","2020-03-13",,,,,,
"US1ILDP0087","ROSELLE 1.2 ESE, IL US","2020-03-14",,,,,,
"US1ILDP0087","ROSELLE 1.2 ESE, IL US","2020-03-15",,,,,,
"US1ILDP0087","ROSELLE 1.2 ESE, IL US","2020-03-16",,,,,,
"US1ILDP0087","ROSELLE 1.2 ESE, IL US","2020-03-17",,,,,,
"US1ILDP0087","ROSELLE 1.2 ESE, IL US","2020-03-18",,,,,,
"US1ILDP0087","ROSELLE 1.2 ESE, IL US","2020-03-19",,,,,,
"US1ILDP0087","ROSELLE 1.2 ESE, IL US","2020-03-20",,,,,,
"US1ILDP0087","ROSELLE 1.2 ESE, IL US","2020-03-21",,,,,,
"US1ILDP0087","ROSELLE 1.2 ESE, IL US","2020-03-22",,,,,,
"US1ILDP0087","ROSELLE 1.2 ESE, IL US","2020-03-23",,,,,,
"US1ILDP0087","ROSELLE 1.2 ESE, IL US","2020-03-24",,,,,,
"US1ILDP0087","ROSELLE 1.2 ESE, IL US","2020-03-25",,,,,,
"US1ILDP0087","ROSELLE 1.2 ESE, IL US","2020-03-26",,,,,,
"US1ILDP0087","ROSELLE 1.2 ESE, IL US","2020-03-27",,,,,,
"US1ILDP0087","ROSELLE 1.2 ESE, IL US","2020-03-28",,,,,,
"US1ILDP0087","ROSELLE 1.2 ESE, IL US","2020-03-29",,,,,,
"US1ILDP0087","ROSELLE 1.2 ESE, IL US","2020-03-30",,,,,,
"US1ILDP0087","ROSELLE 1.2 ESE, IL US","2020-03-31",,,,,,
"US1ILDP0087","ROSELLE 1.2 ESE, IL US","2020-04-01",,,,,,
"US1ILDP0087","ROSELLE 1.2 ESE, IL US","2020-04-02",,,,,,
"US1ILDP0087","ROSELLE 1.2 ESE, IL US","2020-04-03",,,,,,
"US1ILDP0087","ROSELLE 1.2 ESE, IL US","2020-04-04",,,,,,
"US1ILDP0087","ROSELLE 1.2 ESE, IL US","2020-04-05",,,,,,
"US1ILDP0087","ROSELLE 1.2 ESE, IL US","2020-04-06",,,,,,
"US1ILDP0087","ROSELLE 1.2 ESE, IL US","2020-04-07",,,,,,
"US1ILDP0087","ROSELLE 1.2 ESE, IL US","2020-04-08",,,,,,
"US1ILDP0087","ROSELLE 1.2 ESE, IL US","2020-04-09",,,,,,
"US1ILDP0087","ROSELLE 1.2 ESE, IL US","2020-04-10",,,,,,
"US1ILDP0087","ROSELLE 1.2 ESE, IL US","2020-04-11",,,,,,
"US1ILDP0087","ROSELLE 1.2 ESE, IL US","2020-04-12",,,,,,
"US1ILDP0087","ROSELLE 1.2 ESE, IL US","2020-04-13",,,,,,
"US1ILDP0087","ROSELLE 1.2 ESE, IL US","2020-04-14",,,,,,
"US1ILDP0087","ROSELLE 1.2 ESE, IL US","2020-04-15",,,,,,
"US1ILDP0087","ROSELLE 1.2 ESE, IL US","2020-04-16",,,,,,
"US1ILDP0087","ROSELLE 1.2 ESE, IL US","2020-04-17",,,,,,
"US1ILDP0087","ROSELLE 1.2 ESE, IL US","2020-04-18",,,,,,
"US1ILDP0087","ROSELLE 1.2 ESE, IL US","2020-04-19",,,,,,
"US1ILDP0087","ROSELLE 1.2 ESE, IL US","2020-04-20",,,,,,
"US1ILDP0087","ROSELLE 1.2 ESE, IL US","2020-04-21",,,,,,
"US1ILDP0087","ROSELLE 1.2 ESE, IL US","2020-04-22",,,,,,
"US1ILDP0087","ROSELLE 1.2 ESE, IL US","2020-04-23",,,,,,
"US1ILDP0087","ROSELLE 1.2 ESE, IL US","2020-04-24",,,,,,
"US1ILDP0087","ROSELLE 1.2 ESE, IL US","2020-04-25",,,,,,
"US1ILDP0087","ROSELLE 1.2 ESE, IL US","2020-04-26",,,,,,
"US1ILDP0087","ROSELLE 1.2 ESE, IL US","2020-04-28",,,,,,
"US1ILDP0087","ROSELLE 1.2 ESE, IL US","2020-04-29",,,,,,
"US1ILDP0087","ROSELLE 1.2 ESE, IL US","2020-04-30",,,,,,
"US1ILDP0087","ROSELLE 1.2 ESE, IL US","2020-05-01",,,,,,
"US1ILDP0087","ROSELLE 1.2 ESE, IL US","2020-05-02",,,,,,
"US1ILDP0087","ROSELLE 1.2 ESE, IL US","2020-05-03",,,,,,
"US1ILDP0087","ROSELLE 1.2 ESE, IL US","2020-05-04",,,,,,
"US1ILDP0087","ROSELLE 1.2 ESE, IL US","2020-05-05",,,,,,
"US1ILDP0087","ROSELLE 1.2 ESE, IL US","2020-05-06",,,,,,
"US1ILDP0087","ROSELLE 1.2 ESE, IL US","2020-05-07",,,,,,
"US1ILDP0087","ROSELLE 1.2 ESE, IL US","2020-05-08",,,,,,
"US1ILDP0087","ROSELLE 1.2 ESE, IL US","2020-05-09",,,,,,
"US1ILDP0087","ROSELLE 1.2 ESE, IL US","2020-05-10",,,,,,
"US1ILDP0087","ROSELLE 1.2 ESE, IL US","2020-05-11",,,,,,
"US1ILDP0087","ROSELLE 1.2 ESE, IL US","2020-05-12",,,,,,
"US1ILDP0087","ROSELLE 1.2 ESE, IL US","2020-05-13",,,,,,
"US1ILDP0087","ROSELLE 1.2 ESE, IL US","2020-05-14",,,,,,
"US1ILDP0087","ROSELLE 1.2 ESE, IL US","2020-05-15",,,,,,
"US1ILDP0087","ROSELLE 1.2 ESE, IL US","2020-05-16",,,,,,
"US1ILDP0087","ROSELLE 1.2 ESE, IL US","2020-05-17",,,,,,
"US1ILDP0087","ROSELLE 1.2 ESE, IL US","2020-05-18",,,,,,
"US1ILDP0087","ROSELLE 1.2 ESE, IL US","2020-05-19",,,,,,
"US1ILDP0087","ROSELLE 1.2 ESE, IL US","2020-05-20",,,,,,
"US1ILDP0087","ROSELLE 1.2 ESE, IL US","2020-05-21",,,,,,
"US1ILDP0087","ROSELLE 1.2 ESE, IL US","2020-05-22",,,,,,
"US1ILDP0087","ROSELLE 1.2 ESE, IL US","2020-05-23",,,,,,
"US1ILDP0087","ROSELLE 1.2 ESE, IL US","2020-05-24",,,,,,
"US1ILDP0087","ROSELLE 1.2 ESE, IL US","2020-05-25",,,,,,
"US1ILDP0087","ROSELLE 1.2 ESE, IL US","2020-05-26",,,,,,
"US1ILDP0087","ROSELLE 1.2 ESE, IL US","2020-05-27",,,,,,
"US1ILDP0087","ROSELLE 1.2 ESE, IL US","2020-05-28",,,,,,
"US1ILDP0087","ROSELLE 1.2 ESE, IL US","2020-05-29",,,,,,
"US1ILDP0087","ROSELLE 1.2 ESE, IL US","2020-05-30",,,,,,
"US1ILDP0087","ROSELLE 1.2 ESE, IL US","2020-05-31",,,,,,
"US1ILDP0087","ROSELLE 1.2 ESE, IL US","2020-06-01",,,,,,
"US1ILDP0087","ROSELLE 1.2 ESE, IL US","2020-06-02",,,,,,
"US1ILDP0087","ROSELLE 1.2 ESE, IL US","2020-06-03",,,,,,
"US1ILDP0087","ROSELLE 1.2 ESE, IL US","2020-06-04",,,,,,
"US1ILDP0087","ROSELLE 1.2 ESE, IL US","2020-06-05",,,,,,
"US1ILDP0087","ROSELLE 1.2 ESE, IL US","2020-06-06",,,,,,
"US1ILDP0087","ROSELLE 1.2 ESE, IL US","2020-06-07",,,,,,
"US1ILDP0087","ROSELLE 1.2 ESE, IL US","2020-06-08",,,,,,
"US1ILDP0087","ROSELLE 1.2 ESE, IL US","2020-06-09",,,,,,
"US1ILDP0087","ROSELLE 1.2 ESE, IL US","2020-06-10",,,,,,
"US1ILDP0087","ROSELLE 1.2 ESE, IL US","2020-06-11",,,,,,
"US1ILDP0087","ROSELLE 1.2 ESE, IL US","2020-06-12",,,,,,
"US1ILDP0087","ROSELLE 1.2 ESE, IL US","2020-06-13",,,,,,
"US1ILDP0087","ROSELLE 1.2 ESE, IL US","2020-06-14",,,,,,
"US1ILDP0087","ROSELLE 1.2 ESE, IL US","2020-06-15",,,,,,
"US1ILDP0087","ROSELLE 1.2 ESE, IL US","2020-06-16",,,,,,
"US1ILDP0087","ROSELLE 1.2 ESE, IL US","2020-06-17",,,,,,
"US1ILDP0087","ROSELLE 1.2 ESE, IL US","2020-06-18",,,,,,
"US1ILDP0087","ROSELLE 1.2 ESE, IL US","2020-06-19",,,,,,
"US1ILDP0087","ROSELLE 1.2 ESE, IL US","2020-06-20",,,,,,
"US1ILDP0087","ROSELLE 1.2 ESE, IL US","2020-06-21",,,,,,
"US1ILDP0087","ROSELLE 1.2 ESE, IL US","2020-06-22",,,,,,
"US1ILDP0087","ROSELLE 1.2 ESE, IL US","2020-06-23",,,,,,
"US1ILDP0087","ROSELLE 1.2 ESE, IL US","2020-06-24",,,,,,
"US1ILDP0087","ROSELLE 1.2 ESE, IL US","2020-06-25",,,,,,
"US1ILDP0087","ROSELLE 1.2 ESE, IL US","2020-06-26",,,,,,
"US1ILDP0087","ROSELLE 1.2 ESE, IL US","2020-06-27",,,,,,
"US1ILDP0087","ROSELLE 1.2 ESE, IL US","2020-06-28",,,,,,
"US1ILDP0087","ROSELLE 1.2 ESE, IL US","2020-06-29",,,,,,
"US1ILDP0087","ROSELLE 1.2 ESE, IL US","2020-06-30",,,,,,
"US1ILDP0087","ROSELLE 1.2 ESE, IL US","2020-07-01",,,,,,
"US1ILDP0087","ROSELLE 1.2 ESE, IL US","2020-07-02",,,,,,
"US1ILDP0087","ROSELLE 1.2 ESE, IL US","2020-07-03",,,,,,
"US1ILDP0087","ROSELLE 1.2 ESE, IL US","2020-07-04",,,,,,
"US1ILDP0087","ROSELLE 1.2 ESE, IL US","2020-07-05",,,,,,
"US1ILDP0087","ROSELLE 1.2 ESE, IL US","2020-07-06",,,,,,
"US1ILDP0087","ROSELLE 1.2 ESE, IL US","2020-07-07",,,,,,
"US1ILDP0087","ROSELLE 1.2 ESE, IL US","2020-07-08",,,,,,
"US1ILDP0087","ROSELLE 1.2 ESE, IL US","2020-07-09",,,,,,
"US1ILDP0087","ROSELLE 1.2 ESE, IL US","2020-07-10",,,,,,
"US1ILDP0087","ROSELLE 1.2 ESE, IL US","2020-07-11",,,,,,
"US1ILDP0087","ROSELLE 1.2 ESE, IL US","2020-07-12",,,,,,
"US1ILDP0087","ROSELLE 1.2 ESE, IL US","2020-07-13",,,,,,
"US1ILDP0087","ROSELLE 1.2 ESE, IL US","2020-07-14",,,,,,
"US1ILDP0087","ROSELLE 1.2 ESE, IL US","2020-07-15",,,,,,
"US1ILDP0087","ROSELLE 1.2 ESE, IL US","2020-07-16",,,,,,
"US1ILDP0087","ROSELLE 1.2 ESE, IL US","2020-07-17",,,,,,
"US1ILDP0087","ROSELLE 1.2 ESE, IL US","2020-07-18",,,,,,
"US1ILDP0087","ROSELLE 1.2 ESE, IL US","2020-07-19",,,,,,
"US1ILDP0087","ROSELLE 1.2 ESE, IL US","2020-07-20",,,,,,
"US1ILDP0087","ROSELLE 1.2 ESE, IL US","2020-07-21",,,,,,
"US1ILDP0087","ROSELLE 1.2 ESE, IL US","2020-07-22",,,,,,
"US1ILDP0087","ROSELLE 1.2 ESE, IL US","2020-07-23",,,,,,
"US1ILDP0087","ROSELLE 1.2 ESE, IL US","2020-07-24",,,,,,
"US1ILDP0087","ROSELLE 1.2 ESE, IL US","2020-07-25",,,,,,
"US1ILDP0087","ROSELLE 1.2 ESE, IL US","2020-07-26",,,,,,
"US1ILDP0087","ROSELLE 1.2 ESE, IL US","2020-07-27",,,,,,
"US1ILDP0087","ROSELLE 1.2 ESE, IL US","2020-07-28",,,,,,
"US1ILDP0087","ROSELLE 1.2 ESE, IL US","2020-07-29",,,,,,
"US1ILDP0087","ROSELLE 1.2 ESE, IL US","2020-07-30",,,,,,
"US1ILDP0087","ROSELLE 1.2 ESE, IL US","2020-07-31",,,,,,
"US1ILDP0087","ROSELLE 1.2 ESE, IL US","2020-08-01",,,,,,
"US1ILDP0087","ROSELLE 1.2 ESE, IL US","2020-08-02",,,,,,
"US1ILDP0087","ROSELLE 1.2 ESE, IL US","2020-08-03",,,,,,
"US1ILDP0087","ROSELLE 1.2 ESE, IL US","2020-08-04",,,,,,
"US1ILDP0087","ROSELLE 1.2 ESE, IL US","2020-08-05",,,,,,
"US1ILDP0087","ROSELLE 1.2 ESE, IL US","2020-08-06",,,,,,
"US1ILDP0087","ROSELLE 1.2 ESE, IL US","2020-08-07",,,,,,
"US1ILDP0087","ROSELLE 1.2 ESE, IL US","2020-08-08",,,,,,
"US1ILDP0087","ROSELLE 1.2 ESE, IL US","2020-08-09",,,,,,
"US1ILDP0087","ROSELLE 1.2 ESE, IL US","2020-08-10",,,,,,
"US1ILDP0087","ROSELLE 1.2 ESE, IL US","2020-08-11",,,,,,
"US1ILDP0087","ROSELLE 1.2 ESE, IL US","2020-08-12",,,,,,
"US1ILDP0087","ROSELLE 1.2 ESE, IL US","2020-08-13",,,,,,
"US1ILDP0087","ROSELLE 1.2 ESE, IL US","2020-08-14",,,,,,
"US1ILDP0087","ROSELLE 1.2 ESE, IL US","2020-08-15",,,,,,
"US1ILDP0087","ROSELLE 1.2 ESE, IL US","2020-08-16",,,,,,
"US1ILDP0087","ROSELLE 1.2 ESE, IL US","2020-08-17",,,,,,
"US1ILDP0087","ROSELLE 1.2 ESE, IL US","2020-08-18",,,,,,
"US1ILDP0087","ROSELLE 1.2 ESE, IL US","2020-08-19",,,,,,
"US1ILDP0087","ROSELLE 1.2 ESE, IL US","2020-08-20",,,,,,
"US1ILDP0087","ROSELLE 1.2 ESE, IL US","2020-08-21",,,,,,
"US1ILDP0087","ROSELLE 1.2 ESE, IL US","2020-08-22",,,,,,
"US1ILDP0087","ROSELLE 1.2 ESE, IL US","2020-08-23",,,,,,
"US1ILDP0087","ROSELLE 1.2 ESE, IL US","2020-08-24",,,,,,
"US1ILDP0087","ROSELLE 1.2 ESE, IL US","2020-08-25",,,,,,
"US1ILDP0087","ROSELLE 1.2 ESE, IL US","2020-08-26",,,,,,
"US1ILDP0087","ROSELLE 1.2 ESE, IL US","2020-08-27",,,,,,
"US1ILDP0087","ROSELLE 1.2 ESE, IL US","2020-08-28",,,,,,
"US1ILDP0087","ROSELLE 1.2 ESE, IL US","2020-08-29",,,,,,
"US1ILDP0087","ROSELLE 1.2 ESE, IL US","2020-08-30",,,,,,
"US1ILDP0087","ROSELLE 1.2 ESE, IL US","2020-08-31",,,,,,
"US1ILDP0087","ROSELLE 1.2 ESE, IL US","2020-09-01",,,,,,
"US1ILDP0087","ROSELLE 1.2 ESE, IL US","2020-09-02",,,,,,
"US1ILDP0087","ROSELLE 1.2 ESE, IL US","2020-09-03",,,,,,
"US1ILDP0087","ROSELLE 1.2 ESE, IL US","2020-09-04",,,,,,
"US1ILDP0087","ROSELLE 1.2 ESE, IL US","2020-09-05",,,,,,
"US1ILDP0087","ROSELLE 1.2 ESE, IL US","2020-09-06",,,,,,
"US1ILDP0087","ROSELLE 1.2 ESE, IL US","2020-09-07",,,,,,
"US1ILDP0087","ROSELLE 1.2 ESE, IL US","2020-09-08",,,,,,
"US1ILDP0086","LISLE 0.5 W, IL US","2019-10-01",,,,,,
"US1ILDP0086","LISLE 0.5 W, IL US","2019-10-02",,,,,,
"US1ILDP0086","LISLE 0.5 W, IL US","2019-10-03",,,,,,
"US1ILDP0086","LISLE 0.5 W, IL US","2019-10-04",,,,,,
"US1ILDP0086","LISLE 0.5 W, IL US","2019-10-06",,,,,,
"US1ILDP0086","LISLE 0.5 W, IL US","2019-10-11",,,,,,
"US1ILDP0086","LISLE 0.5 W, IL US","2019-10-16",,,,,,
"US1ILDP0086","LISLE 0.5 W, IL US","2019-10-19",,,,,,
"US1ILDP0086","LISLE 0.5 W, IL US","2019-10-20",,,,,,
"US1ILDP0086","LISLE 0.5 W, IL US","2019-10-25",,,,,,
"US1ILDP0086","LISLE 0.5 W, IL US","2019-11-01",,,,,,
"US1ILDP0086","LISLE 0.5 W, IL US","2019-11-11",,,,,,
"US1ILDP0086","LISLE 0.5 W, IL US","2019-11-12",,,,,,
"US1ILDP0086","LISLE 0.5 W, IL US","2019-11-13",,,,,,
"US1ILDP0086","LISLE 0.5 W, IL US","2019-11-17",,,,,,
"US1ILDP0086","LISLE 0.5 W, IL US","2019-11-19",,,,,,
"US1ILDP0086","LISLE 0.5 W, IL US","2019-11-21",,,,,,
"US1ILDP0086","LISLE 0.5 W, IL US","2019-11-25",,,,,,
"US1ILDP0086","LISLE 0.5 W, IL US","2019-12-08",,,,,,
"US1ILDP0086","LISLE 0.5 W, IL US","2019-12-13",,,,,,
"US1ILDP0086","LISLE 0.5 W, IL US","2019-12-17",,,,,,
"US1ILDP0086","LISLE 0.5 W, IL US","2019-12-19",,,,,,
"US1ILDP0086","LISLE 0.5 W, IL US","2020-02-18",,,,,,
"US1ILDP0086","LISLE 0.5 W, IL US","2020-02-21",,,,,,
"US1ILDP0086","LISLE 0.5 W, IL US","2020-02-22",,,,,,
"US1ILDP0086","LISLE 0.5 W, IL US","2020-03-01",,,,,,
"US1ILDP0086","LISLE 0.5 W, IL US","2020-03-08",,,,,,
"US1ILDP0086","LISLE 0.5 W, IL US","2020-03-21",,,,,,
"US1ILDP0086","LISLE 0.5 W, IL US","2020-03-30",,,,,,
"US1ILDP0086","LISLE 0.5 W, IL US","2020-04-01",,,,,,
"US1ILDP0086","LISLE 0.5 W, IL US","2020-04-03",,,,,,
"US1ILDP0086","LISLE 0.5 W, IL US","2020-04-05",,,,,,
"US1ILDP0086","LISLE 0.5 W, IL US","2020-04-08",,,,,,
"US1ILDP0086","LISLE 0.5 W, IL US","2020-04-13",,,,,,
"US1ILDP0086","LISLE 0.5 W, IL US","2020-04-15",,,,,,
"US1ILDP0086","LISLE 0.5 W, IL US","2020-04-17",,,,,,
"US1ILDP0086","LISLE 0.5 W, IL US","2020-04-18",,,,,,
"US1ILDP0086","LISLE 0.5 W, IL US","2020-04-20",,,,,,
"US1ILDP0086","LISLE 0.5 W, IL US","2020-04-21",,,,,,
"US1ILDP0086","LISLE 0.5 W, IL US","2020-04-24",,,,,,
"US1ILDP0086","LISLE 0.5 W, IL US","2020-04-26",,,,,,
"US1ILDP0086","LISLE 0.5 W, IL US","2020-04-27",,,,,,
"US1ILDP0086","LISLE 0.5 W, IL US","2020-04-28",,,,,,
"US1ILDP0086","LISLE 0.5 W, IL US","2020-04-29",,,,,,
"US1ILDP0086","LISLE 0.5 W, IL US","2020-04-30",,,,,,
"US1ILDP0086","LISLE 0.5 W, IL US","2020-05-01",,,,,,
"US1ILDP0086","LISLE 0.5 W, IL US","2020-05-02",,,,,,
"US1ILDP0086","LISLE 0.5 W, IL US","2020-05-05",,,,,,
"US1ILDP0086","LISLE 0.5 W, IL US","2020-05-06",,,,,,
"US1ILDP0086","LISLE 0.5 W, IL US","2020-05-07",,,,,,
"US1ILDP0086","LISLE 0.5 W, IL US","2020-05-09",,,,,,
"US1ILDP0086","LISLE 0.5 W, IL US","2020-05-11",,,,,,
"US1ILDP0086","LISLE 0.5 W, IL US","2020-05-12",,,,,,
"US1ILDP0086","LISLE 0.5 W, IL US","2020-05-13",,,,,,
"US1ILDP0086","LISLE 0.5 W, IL US","2020-05-14",,,,,,
"US1ILDP0086","LISLE 0.5 W, IL US","2020-05-15",,,,,,
"US1ILDP0086","LISLE 0.5 W, IL US","2020-05-16",,,,,,
"US1ILDP0086","LISLE 0.5 W, IL US","2020-05-17",,,,,,
"US1ILDP0086","LISLE 0.5 W, IL US","2020-05-18",,,,,,
"US1ILDP0086","LISLE 0.5 W, IL US","2020-05-20",,,,,,
"US1ILDP0086","LISLE 0.5 W, IL US","2020-05-26",,,,,,
"US1ILDP0086","LISLE 0.5 W, IL US","2020-05-27",,,,,,
"US1ILDP0086","LISLE 0.5 W, IL US","2020-05-29",,,,,,
"US1ILDP0086","LISLE 0.5 W, IL US","2020-05-30",,,,,,
"US1ILDP0086","LISLE 0.5 W, IL US","2020-05-31",,,,,,
"US1ILDP0086","LISLE 0.5 W, IL US","2020-06-01",,,,,,
"US1ILDP0086","LISLE 0.5 W, IL US","2020-06-02",,,,,,
"US1ILDP0086","LISLE 0.5 W, IL US","2020-06-03",,,,,,
"US1ILDP0086","LISLE 0.5 W, IL US","2020-06-04",,,,,,
"US1ILDP0086","LISLE 0.5 W, IL US","2020-06-05",,,,,,
"US1ILDP0086","LISLE 0.5 W, IL US","2020-06-06",,,,,,
"US1ILDP0086","LISLE 0.5 W, IL US","2020-06-07",,,,,,
"US1ILDP0086","LISLE 0.5 W, IL US","2020-06-08",,,,,,
"US1ILDP0086","LISLE 0.5 W, IL US","2020-06-09",,,,,,
"US1ILDP0086","LISLE 0.5 W, IL US","2020-06-10",,,,,,
"US1ILDP0086","LISLE 0.5 W, IL US","2020-06-11",,,,,,
"US1ILDP0086","LISLE 0.5 W, IL US","2020-06-12",,,,,,
"US1ILDP0086","LISLE 0.5 W, IL US","2020-06-13",,,,,,
"US1ILDP0086","LISLE 0.5 W, IL US","2020-06-14",,,,,,
"US1ILDP0086","LISLE 0.5 W, IL US","2020-06-15",,,,,,
"US1ILDP0086","LISLE 0.5 W, IL US","2020-06-16",,,,,,
"US1ILDP0086","LISLE 0.5 W, IL US","2020-06-17",,,,,,
"US1ILDP0086","LISLE 0.5 W, IL US","2020-07-06",,,,,,
"US1ILDP0086","LISLE 0.5 W, IL US","2020-07-07",,,,,,
"US1ILDP0086","LISLE 0.5 W, IL US","2020-07-12",,,,,,
"US1ILDP0086","LISLE 0.5 W, IL US","2020-07-13",,,,,,
"US1ILDP0086","LISLE 0.5 W, IL US","2020-07-14",,,,,,
"US1ILDP0086","LISLE 0.5 W, IL US","2020-07-15",,,,,,
"US1ILDP0086","LISLE 0.5 W, IL US","2020-07-16",,,,,,
"US1ILDP0086","LISLE 0.5 W, IL US","2020-07-17",,,,,,
"US1ILDP0086","LISLE 0.5 W, IL US","2020-07-18",,,,,,
"US1ILDP0086","LISLE 0.5 W, IL US","2020-07-19",,,,,,
"US1ILDP0086","LISLE 0.5 W, IL US","2020-07-20",,,,,,
"US1ILDP0086","LISLE 0.5 W, IL US","2020-07-21",,,,,,
"US1ILDP0086","LISLE 0.5 W, IL US","2020-07-22",,,,,,
"US1ILDP0086","LISLE 0.5 W, IL US","2020-07-23",,,,,,
"US1ILDP0086","LISLE 0.5 W, IL US","2020-07-24",,,,,,
"US1ILDP0086","LISLE 0.5 W, IL US","2020-07-25",,,,,,
"US1ILDP0086","LISLE 0.5 W, IL US","2020-07-26",,,,,,
"US1ILDP0086","LISLE 0.5 W, IL US","2020-07-27",,,,,,
"US1ILDP0086","LISLE 0.5 W, IL US","2020-07-28",,,,,,
"US1ILDP0086","LISLE 0.5 W, IL US","2020-07-29",,,,,,
"US1ILDP0086","LISLE 0.5 W, IL US","2020-07-30",,,,,,
"US1ILDP0086","LISLE 0.5 W, IL US","2020-07-31",,,,,,
"US1ILDP0086","LISLE 0.5 W, IL US","2020-08-01",,,,,,
"US1ILDP0086","LISLE 0.5 W, IL US","2020-08-02",,,,,,
"US1ILDP0086","LISLE 0.5 W, IL US","2020-08-05",,,,,,
"US1ILDP0086","LISLE 0.5 W, IL US","2020-08-07",,,,,,
"US1ILDP0086","LISLE 0.5 W, IL US","2020-08-08",,,,,,
"US1ILDP0086","LISLE 0.5 W, IL US","2020-08-09",,,,,,
"US1ILDP0086","LISLE 0.5 W, IL US","2020-08-11",,,,,,
"US1ILDP0086","LISLE 0.5 W, IL US","2020-08-18",,,,,,
"US1ILDP0086","LISLE 0.5 W, IL US","2020-08-19",,,,,,
"US1ILDP0086","LISLE 0.5 W, IL US","2020-08-21",,,,,,
"US1ILDP0086","LISLE 0.5 W, IL US","2020-08-30",,,,,,
"US1ILDP0086","LISLE 0.5 W, IL US","2020-08-31",,,,,,
"US1ILDP0086","LISLE 0.5 W, IL US","2020-09-03",,,,,,
"US1ILDP0086","LISLE 0.5 W, IL US","2020-09-04",,,,,,
"US1ILWL0119","HOMER GLEN 1.6 NW, IL US","2019-10-01",,,,,,
"US1ILWL0119","HOMER GLEN 1.6 NW, IL US","2019-10-03",,,,,,
"US1ILWL0119","HOMER GLEN 1.6 NW, IL US","2019-10-05",,,,,,
"US1ILWL0119","HOMER GLEN 1.6 NW, IL US","2019-10-07",,,,,,
"US1ILWL0119","HOMER GLEN 1.6 NW, IL US","2019-10-08",,,,,,
"US1ILWL0119","HOMER GLEN 1.6 NW, IL US","2019-10-09",,,,,,
"US1ILWL0119","HOMER GLEN 1.6 NW, IL US","2019-10-10",,,,,,
"US1ILWL0119","HOMER GLEN 1.6 NW, IL US","2019-10-13",,,,,,
"US1ILWL0119","HOMER GLEN 1.6 NW, IL US","2019-10-14",,,,,,
"US1ILWL0119","HOMER GLEN 1.6 NW, IL US","2019-10-15",,,,,,
"US1ILWL0119","HOMER GLEN 1.6 NW, IL US","2019-10-16",,,,,,
"US1ILWL0119","HOMER GLEN 1.6 NW, IL US","2019-10-17",,,,,,
"US1ILWL0119","HOMER GLEN 1.6 NW, IL US","2019-10-18",,,,,,
"US1ILWL0119","HOMER GLEN 1.6 NW, IL US","2019-10-19",,,,,,
"US1ILWL0119","HOMER GLEN 1.6 NW, IL US","2019-10-20",,,,,,
"US1ILWL0119","HOMER GLEN 1.6 NW, IL US","2019-10-21",,,,,,
"US1ILWL0119","HOMER GLEN 1.6 NW, IL US","2019-10-26",,,,,,
"US1ILWL0119","HOMER GLEN 1.6 NW, IL US","2019-10-27",,,,,,
"US1ILWL0119","HOMER GLEN 1.6 NW, IL US","2019-10-28",,,,,,
"US1ILWL0119","HOMER GLEN 1.6 NW, IL US","2019-10-29",,,,,,
"US1ILWL0119","HOMER GLEN 1.6 NW, IL US","2019-11-01",,,,,,
"US1ILWL0119","HOMER GLEN 1.6 NW, IL US","2019-11-02",,,,,,
"US1ILWL0119","HOMER GLEN 1.6 NW, IL US","2019-11-03",,,,,,
"US1ILWL0119","HOMER GLEN 1.6 NW, IL US","2019-11-04",,,,,,
"US1ILWL0119","HOMER GLEN 1.6 NW, IL US","2019-11-05",,,,,,
"US1ILWL0119","HOMER GLEN 1.6 NW, IL US","2019-11-06",,,,,,
"US1ILWL0119","HOMER GLEN 1.6 NW, IL US","2019-11-07",,,,,,
"US1ILWL0119","HOMER GLEN 1.6 NW, IL US","2019-11-08",,,,,,
"US1ILWL0119","HOMER GLEN 1.6 NW, IL US","2019-11-09",,,,,,
"US1ILWL0119","HOMER GLEN 1.6 NW, IL US","2019-11-10",,,,,,
"US1ILWL0119","HOMER GLEN 1.6 NW, IL US","2019-11-20",,,,,,
"US1ILWL0119","HOMER GLEN 1.6 NW, IL US","2020-01-07",,,,,,
"US1ILWL0119","HOMER GLEN 1.6 NW, IL US","2020-01-08",,,,,,
"US1ILWL0119","HOMER GLEN 1.6 NW, IL US","2020-01-09",,,,,,
"US1ILWL0119","HOMER GLEN 1.6 NW, IL US","2020-01-10",,,,,,
"US1ILWL0119","HOMER GLEN 1.6 NW, IL US","2020-01-11",,,,,,
"US1ILWL0119","HOMER GLEN 1.6 NW, IL US","2020-01-14",,,,,,
"US1ILWL0119","HOMER GLEN 1.6 NW, IL US","2020-01-15",,,,,,
"US1ILWL0119","HOMER GLEN 1.6 NW, IL US","2020-01-16",,,,,,
"US1ILWL0119","HOMER GLEN 1.6 NW, IL US","2020-01-17",,,,,,
"US1ILWL0119","HOMER GLEN 1.6 NW, IL US","2020-01-18",,,,,,
"US1ILWL0119","HOMER GLEN 1.6 NW, IL US","2020-01-21",,,,,,
"US1ILWL0119","HOMER GLEN 1.6 NW, IL US","2020-01-22",,,,,,
"US1ILWL0119","HOMER GLEN 1.6 NW, IL US","2020-01-24",,,,,,
"US1ILWL0119","HOMER GLEN 1.6 NW, IL US","2020-03-04",,,,,,
"US1ILWL0119","HOMER GLEN 1.6 NW, IL US","2020-03-27",,,,,,
"US1ILWL0119","HOMER GLEN 1.6 NW, IL US","2020-04-26",,,,,,
"US1ILWL0119","HOMER GLEN 1.6 NW, IL US","2020-05-02",,,,,,
"US1ILWL0119","HOMER GLEN 1.6 NW, IL US","2020-05-19",,,,,,
"US1ILWL0119","HOMER GLEN 1.6 NW, IL US","2020-05-24",,,,,,
"US1ILWL0119","HOMER GLEN 1.6 NW, IL US","2020-06-01",,,,,,
"US1ILWL0119","HOMER GLEN 1.6 NW, IL US","2020-06-02",,,,,,
"US1ILWL0119","HOMER GLEN 1.6 NW, IL US","2020-06-03",,,,,,
"US1ILWL0119","HOMER GLEN 1.6 NW, IL US","2020-06-13",,,,,,
"US1ILWL0119","HOMER GLEN 1.6 NW, IL US","2020-06-14",,,,,,
"US1ILWL0119","HOMER GLEN 1.6 NW, IL US","2020-06-15",,,,,,
"US1ILWL0119","HOMER GLEN 1.6 NW, IL US","2020-06-16",,,,,,
"US1ILWL0119","HOMER GLEN 1.6 NW, IL US","2020-06-17",,,,,,
"US1ILWL0119","HOMER GLEN 1.6 NW, IL US","2020-06-18",,,,,,
"US1ILWL0119","HOMER GLEN 1.6 NW, IL US","2020-06-19",,,,,,
"US1ILWL0119","HOMER GLEN 1.6 NW, IL US","2020-06-20",,,,,,
"US1ILWL0119","HOMER GLEN 1.6 NW, IL US","2020-06-21",,,,,,
"US1ILWL0119","HOMER GLEN 1.6 NW, IL US","2020-06-22",,,,,,
"US1ILWL0119","HOMER GLEN 1.6 NW, IL US","2020-06-23",,,,,,
"US1ILWL0119","HOMER GLEN 1.6 NW, IL US","2020-06-24",,,,,,
"US1ILWL0119","HOMER GLEN 1.6 NW, IL US","2020-06-25",,,,,,
"US1ILWL0119","HOMER GLEN 1.6 NW, IL US","2020-06-26",,,,,,
"US1ILWL0119","HOMER GLEN 1.6 NW, IL US","2020-06-27",,,,,,
"US1ILWL0119","HOMER GLEN 1.6 NW, IL US","2020-06-28",,,,,,
"US1ILWL0119","HOMER GLEN 1.6 NW, IL US","2020-06-29",,,,,,
"US1ILWL0119","HOMER GLEN 1.6 NW, IL US","2020-06-30",,,,,,
"US1ILWL0119","HOMER GLEN 1.6 NW, IL US","2020-07-01",,,,,,
"US1ILWL0119","HOMER GLEN 1.6 NW, IL US","2020-07-02",,,,,,
"US1ILWL0119","HOMER GLEN 1.6 NW, IL US","2020-07-03",,,,,,
"US1ILWL0119","HOMER GLEN 1.6 NW, IL US","2020-07-04",,,,,,
"US1ILWL0119","HOMER GLEN 1.6 NW, IL US","2020-07-05",,,,,,
"US1ILWL0119","HOMER GLEN 1.6 NW, IL US","2020-07-06",,,,,,
"US1ILWL0119","HOMER GLEN 1.6 NW, IL US","2020-07-07",,,,,,
"US1ILWL0119","HOMER GLEN 1.6 NW, IL US","2020-07-08",,,,,,
"US1ILWL0119","HOMER GLEN 1.6 NW, IL US","2020-07-09",,,,,,
"US1ILWL0119","HOMER GLEN 1.6 NW, IL US","2020-07-10",,,,,,
"US1ILWL0119","HOMER GLEN 1.6 NW, IL US","2020-07-11",,,,,,
"US1ILWL0119","HOMER GLEN 1.6 NW, IL US","2020-07-12",,,,,,
"US1ILWL0119","HOMER GLEN 1.6 NW, IL US","2020-07-13",,,,,,
"US1ILWL0119","HOMER GLEN 1.6 NW, IL US","2020-07-14",,,,,,
"US1ILWL0119","HOMER GLEN 1.6 NW, IL US","2020-07-15",,,,,,
"US1ILWL0119","HOMER GLEN 1.6 NW, IL US","2020-07-16",,,,,,
"US1ILWL0119","HOMER GLEN 1.6 NW, IL US","2020-07-17",,,,,,
"US1ILWL0119","HOMER GLEN 1.6 NW, IL US","2020-07-19",,,,,,
"US1ILWL0119","HOMER GLEN 1.6 NW, IL US","2020-07-20",,,,,,
"US1ILWL0119","HOMER GLEN 1.6 NW, IL US","2020-07-21",,,,,,
"US1ILWL0119","HOMER GLEN 1.6 NW, IL US","2020-07-22",,,,,,
"US1ILWL0119","HOMER GLEN 1.6 NW, IL US","2020-07-23",,,,,,
"US1ILWL0119","HOMER GLEN 1.6 NW, IL US","2020-07-24",,,,,,
"US1ILWL0119","HOMER GLEN 1.6 NW, IL US","2020-07-25",,,,,,
"US1ILWL0119","HOMER GLEN 1.6 NW, IL US","2020-07-26",,,,,,
"US1ILWL0119","HOMER GLEN 1.6 NW, IL US","2020-07-27",,,,,,
"US1ILWL0119","HOMER GLEN 1.6 NW, IL US","2020-07-31",,,,,,
"US1ILWL0119","HOMER GLEN 1.6 NW, IL US","2020-08-01",,,,,,
"US1ILWL0119","HOMER GLEN 1.6 NW, IL US","2020-08-02",,,,,,
"US1ILWL0119","HOMER GLEN 1.6 NW, IL US","2020-08-03",,,,,,
"US1ILWL0119","HOMER GLEN 1.6 NW, IL US","2020-08-04",,,,,,
"US1ILWL0119","HOMER GLEN 1.6 NW, IL US","2020-08-05",,,,,,
"US1ILWL0119","HOMER GLEN 1.6 NW, IL US","2020-08-06",,,,,,
"US1ILWL0119","HOMER GLEN 1.6 NW, IL US","2020-08-07",,,,,,
"US1ILWL0119","HOMER GLEN 1.6 NW, IL US","2020-08-08",,,,,,
"US1ILWL0119","HOMER GLEN 1.6 NW, IL US","2020-08-09",,,,,,
"US1ILWL0119","HOMER GLEN 1.6 NW, IL US","2020-08-10",,,,,,
"US1ILWL0119","HOMER GLEN 1.6 NW, IL US","2020-08-11",,,,,,
"US1ILWL0119","HOMER GLEN 1.6 NW, IL US","2020-08-12",,,,,,
"US1ILWL0119","HOMER GLEN 1.6 NW, IL US","2020-08-13",,,,,,
"US1ILWL0119","HOMER GLEN 1.6 NW, IL US","2020-08-14",,,,,,
"US1ILWL0119","HOMER GLEN 1.6 NW, IL US","2020-08-15",,,,,,
"US1ILWL0119","HOMER GLEN 1.6 NW, IL US","2020-08-16",,,,,,
"US1ILWL0119","HOMER GLEN 1.6 NW, IL US","2020-08-17",,,,,,
"US1ILWL0119","HOMER GLEN 1.6 NW, IL US","2020-08-18",,,,,,
"US1ILWL0119","HOMER GLEN 1.6 NW, IL US","2020-08-19",,,,,,
"US1ILWL0119","HOMER GLEN 1.6 NW, IL US","2020-08-20",,,,,,
"US1ILWL0119","HOMER GLEN 1.6 NW, IL US","2020-08-21",,,,,,
"US1ILWL0119","HOMER GLEN 1.6 NW, IL US","2020-08-22",,,,,,
"US1ILWL0119","HOMER GLEN 1.6 NW, IL US","2020-08-23",,,,,,
"US1ILWL0119","HOMER GLEN 1.6 NW, IL US","2020-08-24",,,,,,
"US1ILWL0119","HOMER GLEN 1.6 NW, IL US","2020-08-25",,,,,,
"US1ILWL0119","HOMER GLEN 1.6 NW, IL US","2020-08-26",,,,,,
"US1ILWL0119","HOMER GLEN 1.6 NW, IL US","2020-08-27",,,,,,
"US1ILWL0119","HOMER GLEN 1.6 NW, IL US","2020-08-28",,,,,,
"US1ILWL0119","HOMER GLEN 1.6 NW, IL US","2020-08-29",,,,,,
"US1ILDP0085","VILLA PARK 1.0 NW, IL US","2019-10-01",,,,,,
"US1ILDP0085","VILLA PARK 1.0 NW, IL US","2019-10-02",,,,,,
"US1ILDP0085","VILLA PARK 1.0 NW, IL US","2019-10-03",,,,,,
"US1ILDP0085","VILLA PARK 1.0 NW, IL US","2019-10-04",,,,,,
"US1ILDP0085","VILLA PARK 1.0 NW, IL US","2019-10-05",,,,,,
"US1ILDP0085","VILLA PARK 1.0 NW, IL US","2019-10-06",,,,,,
"US1ILDP0085","VILLA PARK 1.0 NW, IL US","2019-10-07",,,,,,
"US1ILDP0085","VILLA PARK 1.0 NW, IL US","2019-10-08",,,,,,
"US1ILDP0085","VILLA PARK 1.0 NW, IL US","2019-10-09",,,,,,
"US1ILDP0085","VILLA PARK 1.0 NW, IL US","2019-10-10",,,,,,
"US1ILDP0085","VILLA PARK 1.0 NW, IL US","2019-10-11",,,,,,
"US1ILDP0085","VILLA PARK 1.0 NW, IL US","2019-10-12",,,,,,
"US1ILDP0085","VILLA PARK 1.0 NW, IL US","2019-10-13",,,,,,
"US1ILDP0085","VILLA PARK 1.0 NW, IL US","2019-10-14",,,,,,
"US1ILDP0085","VILLA PARK 1.0 NW, IL US","2019-10-15",,,,,,
"US1ILDP0085","VILLA PARK 1.0 NW, IL US","2019-10-16",,,,,,
"US1ILDP0085","VILLA PARK 1.0 NW, IL US","2019-10-17",,,,,,
"US1ILDP0085","VILLA PARK 1.0 NW, IL US","2019-10-18",,,,,,
"US1ILDP0085","VILLA PARK 1.0 NW, IL US","2019-10-19",,,,,,
"US1ILDP0085","VILLA PARK 1.0 NW, IL US","2019-10-20",,,,,,
"US1ILDP0085","VILLA PARK 1.0 NW, IL US","2019-10-21",,,,,,
"US1ILDP0085","VILLA PARK 1.0 NW, IL US","2019-10-23",,,,,,
"US1ILDP0085","VILLA PARK 1.0 NW, IL US","2019-10-24",,,,,,
"US1ILDP0085","VILLA PARK 1.0 NW, IL US","2019-10-25",,,,,,
"US1ILDP0085","VILLA PARK 1.0 NW, IL US","2019-10-26",,,,,,
"US1ILDP0085","VILLA PARK 1.0 NW, IL US","2019-10-27",,,,,,
"US1ILDP0085","VILLA PARK 1.0 NW, IL US","2019-10-28",,,,,,
"US1ILDP0085","VILLA PARK 1.0 NW, IL US","2019-10-29",,,,,,
"US1ILDP0085","VILLA PARK 1.0 NW, IL US","2019-10-30",,,,,,
"US1ILDP0085","VILLA PARK 1.0 NW, IL US","2019-10-31",,,,,,
"US1ILDP0085","VILLA PARK 1.0 NW, IL US","2019-11-01",,,,,,
"US1ILDP0085","VILLA PARK 1.0 NW, IL US","2019-11-02",,,,,,
"US1ILDP0085","VILLA PARK 1.0 NW, IL US","2019-11-03",,,,,,
"US1ILDP0085","VILLA PARK 1.0 NW, IL US","2019-11-04",,,,,,
"US1ILDP0085","VILLA PARK 1.0 NW, IL US","2019-11-05",,,,,,
"US1ILDP0085","VILLA PARK 1.0 NW, IL US","2019-11-06",,,,,,
"US1ILDP0085","VILLA PARK 1.0 NW, IL US","2019-11-07",,,,,,
"US1ILDP0085","VILLA PARK 1.0 NW, IL US","2019-11-08",,,,,,
"US1ILDP0085","VILLA PARK 1.0 NW, IL US","2019-11-09",,,,,,
"US1ILDP0085","VILLA PARK 1.0 NW, IL US","2019-11-10",,,,,,
"US1ILDP0085","VILLA PARK 1.0 NW, IL US","2019-11-11",,,,,,
"US1ILDP0085","VILLA PARK 1.0 NW, IL US","2019-11-12",,,,,,
"US1ILDP0085","VILLA PARK 1.0 NW, IL US","2019-11-13",,,,,,
"US1ILDP0085","VILLA PARK 1.0 NW, IL US","2019-11-14",,,,,,
"US1ILDP0085","VILLA PARK 1.0 NW, IL US","2019-11-15",,,,,,
"US1ILDP0085","VILLA PARK 1.0 NW, IL US","2019-11-16",,,,,,
"US1ILDP0085","VILLA PARK 1.0 NW, IL US","2019-11-17",,,,,,
"US1ILDP0085","VILLA PARK 1.0 NW, IL US","2019-11-18",,,,,,
"US1ILDP0085","VILLA PARK 1.0 NW, IL US","2019-11-19",,,,,,
"US1ILDP0085","VILLA PARK 1.0 NW, IL US","2019-11-20",,,,,,
"US1ILDP0085","VILLA PARK 1.0 NW, IL US","2019-11-21",,,,,,
"US1ILDP0085","VILLA PARK 1.0 NW, IL US","2019-11-22",,,,,,
"US1ILDP0085","VILLA PARK 1.0 NW, IL US","2019-11-23",,,,,,
"US1ILDP0085","VILLA PARK 1.0 NW, IL US","2019-11-29",,,,,,
"US1ILDP0085","VILLA PARK 1.0 NW, IL US","2019-11-30",,,,,,
"US1ILDP0085","VILLA PARK 1.0 NW, IL US","2019-12-01",,,,,,
"US1ILDP0085","VILLA PARK 1.0 NW, IL US","2019-12-02",,,,,,
"US1ILDP0085","VILLA PARK 1.0 NW, IL US","2019-12-03",,,,,,
"US1ILDP0085","VILLA PARK 1.0 NW, IL US","2019-12-04",,,,,,
"US1ILDP0085","VILLA PARK 1.0 NW, IL US","2019-12-05",,,,,,
"US1ILDP0085","VILLA PARK 1.0 NW, IL US","2019-12-06",,,,,,
"US1ILDP0085","VILLA PARK 1.0 NW, IL US","2019-12-07",,,,,,
"US1ILDP0085","VILLA PARK 1.0 NW, IL US","2019-12-08",,,,,,
"US1ILDP0085","VILLA PARK 1.0 NW, IL US","2019-12-09",,,,,,
"US1ILDP0085","VILLA PARK 1.0 NW, IL US","2019-12-10",,,,,,
"US1ILDP0085","VILLA PARK 1.0 NW, IL US","2019-12-11",,,,,,
"US1ILDP0085","VILLA PARK 1.0 NW, IL US","2019-12-12",,,,,,
"US1ILDP0085","VILLA PARK 1.0 NW, IL US","2019-12-13",,,,,,
"US1ILDP0085","VILLA PARK 1.0 NW, IL US","2019-12-14",,,,,,
"US1ILDP0085","VILLA PARK 1.0 NW, IL US","2019-12-15",,,,,,
"US1ILDP0085","VILLA PARK 1.0 NW, IL US","2019-12-16",,,,,,
"US1ILDP0085","VILLA PARK 1.0 NW, IL US","2019-12-17",,,,,,
"US1ILDP0085","VILLA PARK 1.0 NW, IL US","2019-12-18",,,,,,
"US1ILDP0085","VILLA PARK 1.0 NW, IL US","2019-12-19",,,,,,
"US1ILDP0085","VILLA PARK 1.0 NW, IL US","2019-12-20",,,,,,
"US1ILDP0085","VILLA PARK 1.0 NW, IL US","2019-12-21",,,,,,
"US1ILDP0085","VILLA PARK 1.0 NW, IL US","2019-12-22",,,,,,
"US1ILDP0085","VILLA PARK 1.0 NW, IL US","2019-12-23",,,,,,
"US1ILDP0085","VILLA PARK 1.0 NW, IL US","2019-12-24",,,,,,
"US1ILDP0085","VILLA PARK 1.0 NW, IL US","2019-12-25",,,,,,
"US1ILDP0085","VILLA PARK 1.0 NW, IL US","2019-12-26",,,,,,
"US1ILDP0085","VILLA PARK 1.0 NW, IL US","2019-12-27",,,,,,
"US1ILDP0085","VILLA PARK 1.0 NW, IL US","2019-12-28",,,,,,
"US1ILDP0085","VILLA PARK 1.0 NW, IL US","2019-12-29",,,,,,
"US1ILDP0085","VILLA PARK 1.0 NW, IL US","2019-12-30",,,,,,
"US1ILDP0085","VILLA PARK 1.0 NW, IL US","2019-12-31",,,,,,
"US1ILDP0085","VILLA PARK 1.0 NW, IL US","2020-01-01",,,,,,
"US1ILDP0085","VILLA PARK 1.0 NW, IL US","2020-01-02",,,,,,
"US1ILDP0085","VILLA PARK 1.0 NW, IL US","2020-01-03",,,,,,
"US1ILDP0085","VILLA PARK 1.0 NW, IL US","2020-01-04",,,,,,
"US1ILDP0085","VILLA PARK 1.0 NW, IL US","2020-01-05",,,,,,
"US1ILDP0085","VILLA PARK 1.0 NW, IL US","2020-01-06",,,,,,
"US1ILDP0085","VILLA PARK 1.0 NW, IL US","2020-01-07",,,,,,
"US1ILDP0085","VILLA PARK 1.0 NW, IL US","2020-01-08",,,,,,
"US1ILDP0085","VILLA PARK 1.0 NW, IL US","2020-01-09",,,,,,
"US1ILDP0085","VILLA PARK 1.0 NW, IL US","2020-01-10",,,,,,
"US1ILDP0085","VILLA PARK 1.0 NW, IL US","2020-01-11",,,,,,
"US1ILDP0085","VILLA PARK 1.0 NW, IL US","2020-01-12",,,,,,
"US1ILDP0085","VILLA PARK 1.0 NW, IL US","2020-01-13",,,,,,
"US1ILDP0085","VILLA PARK 1.0 NW, IL US","2020-01-14",,,,,,
"US1ILDP0085","VILLA PARK 1.0 NW, IL US","2020-01-15",,,,,,
"US1ILDP0085","VILLA PARK 1.0 NW, IL US","2020-01-16",,,,,,
"US1ILDP0085","VILLA PARK 1.0 NW, IL US","2020-01-17",,,,,,
"US1ILDP0085","VILLA PARK 1.0 NW, IL US","2020-01-18",,,,,,
"US1ILDP0085","VILLA PARK 1.0 NW, IL US","2020-01-19",,,,,,
"US1ILDP0085","VILLA PARK 1.0 NW, IL US","2020-01-20",,,,,,
"US1ILDP0085","VILLA PARK 1.0 NW, IL US","2020-01-21",,,,,,
"US1ILDP0085","VILLA PARK 1.0 NW, IL US","2020-01-22",,,,,,
"US1ILDP0085","VILLA PARK 1.0 NW, IL US","2020-01-23",,,,,,
"US1ILDP0085","VILLA PARK 1.0 NW, IL US","2020-01-24",,,,,,
"US1ILDP0085","VILLA PARK 1.0 NW, IL US","2020-01-25",,,,,,
"US1ILDP0085","VILLA PARK 1.0 NW, IL US","2020-01-26",,,,,,
"US1ILDP0085","VILLA PARK 1.0 NW, IL US","2020-01-27",,,,,,
"US1ILDP0085","VILLA PARK 1.0 NW, IL US","2020-01-28",,,,,,
"US1ILDP0085","VILLA PARK 1.0 NW, IL US","2020-01-29",,,,,,
"US1ILDP0085","VILLA PARK 1.0 NW, IL US","2020-01-30",,,,,,
"US1ILDP0085","VILLA PARK 1.0 NW, IL US","2020-01-31",,,,,,
"US1ILDP0085","VILLA PARK 1.0 NW, IL US","2020-02-01",,,,,,
"US1ILDP0085","VILLA PARK 1.0 NW, IL US","2020-02-02",,,,,,
"US1ILDP0085","VILLA PARK 1.0 NW, IL US","2020-02-03",,,,,,
"US1ILDP0085","VILLA PARK 1.0 NW, IL US","2020-02-04",,,,,,
"US1ILDP0085","VILLA PARK 1.0 NW, IL US","2020-02-05",,,,,,
"US1ILDP0085","VILLA PARK 1.0 NW, IL US","2020-02-06",,,,,,
"US1ILDP0085","VILLA PARK 1.0 NW, IL US","2020-02-07",,,,,,
"US1ILDP0085","VILLA PARK 1.0 NW, IL US","2020-02-08",,,,,,
"US1ILDP0085","VILLA PARK 1.0 NW, IL US","2020-02-09",,,,,,
"US1ILDP0085","VILLA PARK 1.0 NW, IL US","2020-02-10",,,,,,
"US1ILDP0085","VILLA PARK 1.0 NW, IL US","2020-02-11",,,,,,
"US1ILDP0085","VILLA PARK 1.0 NW, IL US","2020-02-12",,,,,,
"US1ILDP0085","VILLA PARK 1.0 NW, IL US","2020-02-13",,,,,,
"US1ILDP0085","VILLA PARK 1.0 NW, IL US","2020-02-14",,,,,,
"US1ILDP0085","VILLA PARK 1.0 NW, IL US","2020-02-15",,,,,,
"US1ILDP0085","VILLA PARK 1.0 NW, IL US","2020-02-16",,,,,,
"US1ILDP0085","VILLA PARK 1.0 NW, IL US","2020-02-17",,,,,,
"US1ILDP0085","VILLA PARK 1.0 NW, IL US","2020-02-18",,,,,,
"US1ILDP0085","VILLA PARK 1.0 NW, IL US","2020-02-19",,,,,,
"US1ILDP0085","VILLA PARK 1.0 NW, IL US","2020-02-20",,,,,,
"US1ILDP0085","VILLA PARK 1.0 NW, IL US","2020-02-21",,,,,,
"US1ILDP0085","VILLA PARK 1.0 NW, IL US","2020-02-22",,,,,,
"US1ILDP0085","VILLA PARK 1.0 NW, IL US","2020-02-23",,,,,,
"US1ILDP0085","VILLA PARK 1.0 NW, IL US","2020-02-24",,,,,,
"US1ILDP0085","VILLA PARK 1.0 NW, IL US","2020-02-25",,,,,,
"US1ILDP0085","VILLA PARK 1.0 NW, IL US","2020-02-26",,,,,,
"US1ILDP0085","VILLA PARK 1.0 NW, IL US","2020-02-27",,,,,,
"US1ILDP0085","VILLA PARK 1.0 NW, IL US","2020-02-28",,,,,,
"US1ILDP0085","VILLA PARK 1.0 NW, IL US","2020-02-29",,,,,,
"US1ILDP0085","VILLA PARK 1.0 NW, IL US","2020-03-01",,,,,,
"US1ILDP0085","VILLA PARK 1.0 NW, IL US","2020-03-02",,,,,,
"US1ILDP0085","VILLA PARK 1.0 NW, IL US","2020-03-03",,,,,,
"US1ILDP0085","VILLA PARK 1.0 NW, IL US","2020-03-04",,,,,,
"US1ILDP0085","VILLA PARK 1.0 NW, IL US","2020-03-05",,,,,,
"US1ILDP0085","VILLA PARK 1.0 NW, IL US","2020-03-06",,,,,,
"US1ILDP0085","VILLA PARK 1.0 NW, IL US","2020-03-07",,,,,,
"US1ILDP0085","VILLA PARK 1.0 NW, IL US","2020-03-08",,,,,,
"US1ILDP0085","VILLA PARK 1.0 NW, IL US","2020-03-09",,,,,,
"US1ILDP0085","VILLA PARK 1.0 NW, IL US","2020-03-10",,,,,,
"US1ILDP0085","VILLA PARK 1.0 NW, IL US","2020-03-11",,,,,,
"US1ILDP0085","VILLA PARK 1.0 NW, IL US","2020-03-12",,,,,,
"US1ILDP0085","VILLA PARK 1.0 NW, IL US","2020-03-13",,,,,,
"US1ILDP0085","VILLA PARK 1.0 NW, IL US","2020-03-14",,,,,,
"US1ILDP0085","VILLA PARK 1.0 NW, IL US","2020-03-15",,,,,,
"US1ILDP0085","VILLA PARK 1.0 NW, IL US","2020-03-16",,,,,,
"US1ILDP0085","VILLA PARK 1.0 NW, IL US","2020-03-17",,,,,,
"US1ILDP0085","VILLA PARK 1.0 NW, IL US","2020-03-18",,,,,,
"US1ILDP0085","VILLA PARK 1.0 NW, IL US","2020-03-19",,,,,,
"US1ILDP0085","VILLA PARK 1.0 NW, IL US","2020-03-20",,,,,,
"US1ILDP0085","VILLA PARK 1.0 NW, IL US","2020-03-21",,,,,,
"US1ILDP0085","VILLA PARK 1.0 NW, IL US","2020-03-22",,,,,,
"US1ILDP0085","VILLA PARK 1.0 NW, IL US","2020-03-23",,,,,,
"US1ILDP0085","VILLA PARK 1.0 NW, IL US","2020-03-24",,,,,,
"US1ILDP0085","VILLA PARK 1.0 NW, IL US","2020-03-25",,,,,,
"US1ILDP0085","VILLA PARK 1.0 NW, IL US","2020-03-26",,,,,,
"US1ILDP0085","VILLA PARK 1.0 NW, IL US","2020-03-27",,,,,,
"US1ILDP0085","VILLA PARK 1.0 NW, IL US","2020-03-28",,,,,,
"US1ILDP0085","VILLA PARK 1.0 NW, IL US","2020-03-29",,,,,,
"US1ILDP0085","VILLA PARK 1.0 NW, IL US","2020-03-30",,,,,,
"US1ILDP0085","VILLA PARK 1.0 NW, IL US","2020-03-31",,,,,,
"US1ILDP0085","VILLA PARK 1.0 NW, IL US","2020-04-01",,,,,,
"US1ILDP0085","VILLA PARK 1.0 NW, IL US","2020-04-02",,,,,,
"US1ILDP0085","VILLA PARK 1.0 NW, IL US","2020-04-03",,,,,,
"US1ILDP0085","VILLA PARK 1.0 NW, IL US","2020-04-04",,,,,,
"US1ILDP0085","VILLA PARK 1.0 NW, IL US","2020-04-05",,,,,,
"US1ILDP0085","VILLA PARK 1.0 NW, IL US","2020-04-06",,,,,,
"US1ILDP0085","VILLA PARK 1.0 NW, IL US","2020-04-07",,,,,,
"US1ILDP0085","VILLA PARK 1.0 NW, IL US","2020-04-08",,,,,,
"US1ILDP0085","VILLA PARK 1.0 NW, IL US","2020-04-09",,,,,,
"US1ILDP0085","VILLA PARK 1.0 NW, IL US","2020-04-10",,,,,,
"US1ILDP0085","VILLA PARK 1.0 NW, IL US","2020-04-11",,,,,,
"US1ILDP0085","VILLA PARK 1.0 NW, IL US","2020-04-12",,,,,,
"US1ILDP0085","VILLA PARK 1.0 NW, IL US","2020-04-13",,,,,,
"US1ILDP0085","VILLA PARK 1.0 NW, IL US","2020-04-14",,,,,,
"US1ILDP0085","VILLA PARK 1.0 NW, IL US","2020-04-15",,,,,,
"US1ILDP0085","VILLA PARK 1.0 NW, IL US","2020-04-16",,,,,,
"US1ILDP0085","VILLA PARK 1.0 NW, IL US","2020-04-17",,,,,,
"US1ILDP0085","VILLA PARK 1.0 NW, IL US","2020-04-18",,,,,,
"US1ILDP0085","VILLA PARK 1.0 NW, IL US","2020-04-19",,,,,,
"US1ILDP0085","VILLA PARK 1.0 NW, IL US","2020-04-20",,,,,,
"US1ILDP0085","VILLA PARK 1.0 NW, IL US","2020-04-21",,,,,,
"US1ILDP0085","VILLA PARK 1.0 NW, IL US","2020-04-22",,,,,,
"US1ILDP0085","VILLA PARK 1.0 NW, IL US","2020-04-23",,,,,,
"US1ILDP0085","VILLA PARK 1.0 NW, IL US","2020-04-24",,,,,,
"US1ILDP0085","VILLA PARK 1.0 NW, IL US","2020-04-25",,,,,,
"US1ILDP0085","VILLA PARK 1.0 NW, IL US","2020-04-26",,,,,,
"US1ILDP0085","VILLA PARK 1.0 NW, IL US","2020-04-27",,,,,,
"US1ILDP0085","VILLA PARK 1.0 NW, IL US","2020-04-28",,,,,,
"US1ILDP0085","VILLA PARK 1.0 NW, IL US","2020-04-29",,,,,,
"US1ILDP0085","VILLA PARK 1.0 NW, IL US","2020-04-30",,,,,,
"US1ILDP0085","VILLA PARK 1.0 NW, IL US","2020-05-01",,,,,,
"US1ILDP0085","VILLA PARK 1.0 NW, IL US","2020-05-02",,,,,,
"US1ILDP0085","VILLA PARK 1.0 NW, IL US","2020-05-03",,,,,,
"US1ILDP0085","VILLA PARK 1.0 NW, IL US","2020-05-04",,,,,,
"US1ILDP0085","VILLA PARK 1.0 NW, IL US","2020-05-05",,,,,,
"US1ILDP0085","VILLA PARK 1.0 NW, IL US","2020-05-06",,,,,,
"US1ILDP0085","VILLA PARK 1.0 NW, IL US","2020-05-07",,,,,,
"US1ILDP0085","VILLA PARK 1.0 NW, IL US","2020-05-08",,,,,,
"US1ILDP0085","VILLA PARK 1.0 NW, IL US","2020-05-09",,,,,,
"US1ILDP0085","VILLA PARK 1.0 NW, IL US","2020-05-10",,,,,,
"US1ILDP0085","VILLA PARK 1.0 NW, IL US","2020-05-11",,,,,,
"US1ILDP0085","VILLA PARK 1.0 NW, IL US","2020-05-12",,,,,,
"US1ILDP0085","VILLA PARK 1.0 NW, IL US","2020-05-13",,,,,,
"US1ILDP0085","VILLA PARK 1.0 NW, IL US","2020-05-14",,,,,,
"US1ILDP0085","VILLA PARK 1.0 NW, IL US","2020-05-15",,,,,,
"US1ILDP0085","VILLA PARK 1.0 NW, IL US","2020-05-16",,,,,,
"US1ILDP0085","VILLA PARK 1.0 NW, IL US","2020-05-17",,,,,,
"US1ILDP0085","VILLA PARK 1.0 NW, IL US","2020-05-18",,,,,,
"US1ILDP0085","VILLA PARK 1.0 NW, IL US","2020-05-19",,,,,,
"US1ILDP0085","VILLA PARK 1.0 NW, IL US","2020-05-20",,,,,,
"US1ILDP0085","VILLA PARK 1.0 NW, IL US","2020-05-21",,,,,,
"US1ILDP0085","VILLA PARK 1.0 NW, IL US","2020-05-22",,,,,,
"US1ILDP0085","VILLA PARK 1.0 NW, IL US","2020-05-23",,,,,,
"US1ILDP0085","VILLA PARK 1.0 NW, IL US","2020-05-24",,,,,,
"US1ILDP0085","VILLA PARK 1.0 NW, IL US","2020-05-25",,,,,,
"US1ILDP0085","VILLA PARK 1.0 NW, IL US","2020-05-26",,,,,,
"US1ILDP0085","VILLA PARK 1.0 NW, IL US","2020-05-27",,,,,,
"US1ILDP0085","VILLA PARK 1.0 NW, IL US","2020-05-28",,,,,,
"US1ILDP0085","VILLA PARK 1.0 NW, IL US","2020-05-29",,,,,,
"US1ILDP0085","VILLA PARK 1.0 NW, IL US","2020-05-30",,,,,,
"US1ILDP0085","VILLA PARK 1.0 NW, IL US","2020-05-31",,,,,,
"US1ILDP0085","VILLA PARK 1.0 NW, IL US","2020-06-01",,,,,,
"US1ILDP0085","VILLA PARK 1.0 NW, IL US","2020-06-02",,,,,,
"US1ILDP0085","VILLA PARK 1.0 NW, IL US","2020-06-03",,,,,,
"US1ILDP0085","VILLA PARK 1.0 NW, IL US","2020-06-04",,,,,,
"US1ILDP0085","VILLA PARK 1.0 NW, IL US","2020-06-05",,,,,,
"US1ILDP0085","VILLA PARK 1.0 NW, IL US","2020-06-06",,,,,,
"US1ILDP0085","VILLA PARK 1.0 NW, IL US","2020-06-07",,,,,,
"US1ILDP0085","VILLA PARK 1.0 NW, IL US","2020-06-08",,,,,,
"US1ILDP0085","VILLA PARK 1.0 NW, IL US","2020-06-09",,,,,,
"US1ILDP0085","VILLA PARK 1.0 NW, IL US","2020-06-10",,,,,,
"US1ILDP0085","VILLA PARK 1.0 NW, IL US","2020-06-11",,,,,,
"US1ILDP0085","VILLA PARK 1.0 NW, IL US","2020-06-12",,,,,,
"US1ILDP0085","VILLA PARK 1.0 NW, IL US","2020-06-13",,,,,,
"US1ILDP0085","VILLA PARK 1.0 NW, IL US","2020-06-14",,,,,,
"US1ILDP0085","VILLA PARK 1.0 NW, IL US","2020-06-15",,,,,,
"US1ILDP0085","VILLA PARK 1.0 NW, IL US","2020-06-16",,,,,,
"US1ILDP0085","VILLA PARK 1.0 NW, IL US","2020-06-17",,,,,,
"US1ILDP0085","VILLA PARK 1.0 NW, IL US","2020-06-18",,,,,,
"US1ILDP0085","VILLA PARK 1.0 NW, IL US","2020-06-19",,,,,,
"US1ILDP0085","VILLA PARK 1.0 NW, IL US","2020-06-20",,,,,,
"US1ILDP0085","VILLA PARK 1.0 NW, IL US","2020-06-21",,,,,,
"US1ILDP0085","VILLA PARK 1.0 NW, IL US","2020-06-22",,,,,,
"US1ILDP0085","VILLA PARK 1.0 NW, IL US","2020-06-23",,,,,,
"US1ILDP0085","VILLA PARK 1.0 NW, IL US","2020-06-24",,,,,,
"US1ILDP0085","VILLA PARK 1.0 NW, IL US","2020-06-25",,,,,,
"US1ILDP0085","VILLA PARK 1.0 NW, IL US","2020-06-26",,,,,,
"US1ILDP0085","VILLA PARK 1.0 NW, IL US","2020-06-27",,,,,,
"US1ILDP0085","VILLA PARK 1.0 NW, IL US","2020-06-28",,,,,,
"US1ILDP0085","VILLA PARK 1.0 NW, IL US","2020-06-29",,,,,,
"US1ILDP0085","VILLA PARK 1.0 NW, IL US","2020-06-30",,,,,,
"US1ILDP0085","VILLA PARK 1.0 NW, IL US","2020-07-01",,,,,,
"US1ILDP0085","VILLA PARK 1.0 NW, IL US","2020-07-02",,,,,,
"US1ILDP0085","VILLA PARK 1.0 NW, IL US","2020-07-03",,,,,,
"US1ILDP0085","VILLA PARK 1.0 NW, IL US","2020-07-04",,,,,,
"US1ILDP0085","VILLA PARK 1.0 NW, IL US","2020-07-05",,,,,,
"US1ILDP0085","VILLA PARK 1.0 NW, IL US","2020-07-06",,,,,,
"US1ILDP0085","VILLA PARK 1.0 NW, IL US","2020-07-07",,,,,,
"US1ILDP0085","VILLA PARK 1.0 NW, IL US","2020-07-08",,,,,,
"US1ILDP0085","VILLA PARK 1.0 NW, IL US","2020-07-09",,,,,,
"US1ILDP0085","VILLA PARK 1.0 NW, IL US","2020-07-10",,,,,,
"US1ILDP0085","VILLA PARK 1.0 NW, IL US","2020-07-11",,,,,,
"US1ILDP0085","VILLA PARK 1.0 NW, IL US","2020-07-12",,,,,,
"US1ILDP0085","VILLA PARK 1.0 NW, IL US","2020-07-13",,,,,,
"US1ILDP0085","VILLA PARK 1.0 NW, IL US","2020-07-14",,,,,,
"US1ILDP0085","VILLA PARK 1.0 NW, IL US","2020-07-15",,,,,,
"US1ILDP0085","VILLA PARK 1.0 NW, IL US","2020-07-16",,,,,,
"US1ILDP0085","VILLA PARK 1.0 NW, IL US","2020-07-17",,,,,,
"US1ILDP0085","VILLA PARK 1.0 NW, IL US","2020-07-18",,,,,,
"US1ILDP0085","VILLA PARK 1.0 NW, IL US","2020-07-19",,,,,,
"US1ILDP0085","VILLA PARK 1.0 NW, IL US","2020-07-20",,,,,,
"US1ILDP0085","VILLA PARK 1.0 NW, IL US","2020-07-21",,,,,,
"US1ILDP0085","VILLA PARK 1.0 NW, IL US","2020-07-22",,,,,,
"US1ILDP0085","VILLA PARK 1.0 NW, IL US","2020-07-23",,,,,,
"US1ILDP0085","VILLA PARK 1.0 NW, IL US","2020-07-24",,,,,,
"US1ILDP0085","VILLA PARK 1.0 NW, IL US","2020-07-25",,,,,,
"US1ILDP0085","VILLA PARK 1.0 NW, IL US","2020-07-26",,,,,,
"US1ILDP0085","VILLA PARK 1.0 NW, IL US","2020-07-27",,,,,,
"US1ILDP0085","VILLA PARK 1.0 NW, IL US","2020-07-28",,,,,,
"US1ILDP0085","VILLA PARK 1.0 NW, IL US","2020-07-29",,,,,,
"US1ILDP0085","VILLA PARK 1.0 NW, IL US","2020-07-30",,,,,,
"US1ILDP0085","VILLA PARK 1.0 NW, IL US","2020-07-31",,,,,,
"US1ILDP0085","VILLA PARK 1.0 NW, IL US","2020-08-01",,,,,,
"US1ILDP0085","VILLA PARK 1.0 NW, IL US","2020-08-02",,,,,,
"US1ILDP0085","VILLA PARK 1.0 NW, IL US","2020-08-03",,,,,,
"US1ILDP0085","VILLA PARK 1.0 NW, IL US","2020-08-05",,,,,,
"US1ILDP0085","VILLA PARK 1.0 NW, IL US","2020-08-06",,,,,,
"US1ILDP0085","VILLA PARK 1.0 NW, IL US","2020-08-07",,,,,,
"US1ILDP0085","VILLA PARK 1.0 NW, IL US","2020-08-08",,,,,,
"US1ILDP0085","VILLA PARK 1.0 NW, IL US","2020-08-09",,,,,,
"US1ILDP0085","VILLA PARK 1.0 NW, IL US","2020-08-10",,,,,,
"US1ILDP0085","VILLA PARK 1.0 NW, IL US","2020-08-11",,,,,,
"US1ILDP0085","VILLA PARK 1.0 NW, IL US","2020-08-12",,,,,,
"US1ILDP0085","VILLA PARK 1.0 NW, IL US","2020-08-13",,,,,,
"US1ILDP0085","VILLA PARK 1.0 NW, IL US","2020-08-14",,,,,,
"US1ILDP0085","VILLA PARK 1.0 NW, IL US","2020-08-15",,,,,,
"US1ILDP0085","VILLA PARK 1.0 NW, IL US","2020-08-16",,,,,,
"US1ILDP0085","VILLA PARK 1.0 NW, IL US","2020-08-17",,,,,,
"US1ILDP0085","VILLA PARK 1.0 NW, IL US","2020-08-18",,,,,,
"US1ILDP0085","VILLA PARK 1.0 NW, IL US","2020-08-19",,,,,,
"US1ILDP0085","VILLA PARK 1.0 NW, IL US","2020-08-20",,,,,,
"US1ILDP0085","VILLA PARK 1.0 NW, IL US","2020-08-21",,,,,,
"US1ILDP0085","VILLA PARK 1.0 NW, IL US","2020-08-22",,,,,,
"US1ILDP0085","VILLA PARK 1.0 NW, IL US","2020-08-23",,,,,,
"US1ILDP0085","VILLA PARK 1.0 NW, IL US","2020-08-24",,,,,,
"US1ILDP0085","VILLA PARK 1.0 NW, IL US","2020-08-25",,,,,,
"US1ILDP0085","VILLA PARK 1.0 NW, IL US","2020-08-26",,,,,,
"US1ILDP0085","VILLA PARK 1.0 NW, IL US","2020-08-27",,,,,,
"US1ILDP0085","VILLA PARK 1.0 NW, IL US","2020-08-28",,,,,,
"US1ILDP0085","VILLA PARK 1.0 NW, IL US","2020-08-29",,,,,,
"US1ILDP0085","VILLA PARK 1.0 NW, IL US","2020-08-30",,,,,,
"US1ILDP0085","VILLA PARK 1.0 NW, IL US","2020-08-31",,,,,,
"US1ILDP0085","VILLA PARK 1.0 NW, IL US","2020-09-01",,,,,,
"US1ILDP0085","VILLA PARK 1.0 NW, IL US","2020-09-02",,,,,,
"US1ILDP0085","VILLA PARK 1.0 NW, IL US","2020-09-03",,,,,,
"US1ILDP0085","VILLA PARK 1.0 NW, IL US","2020-09-04",,,,,,
"US1ILDP0085","VILLA PARK 1.0 NW, IL US","2020-09-05",,,,,,
"US1ILDP0085","VILLA PARK 1.0 NW, IL US","2020-09-06",,,,,,
"US1ILDP0085","VILLA PARK 1.0 NW, IL US","2020-09-07",,,,,,
"US1ILDP0085","VILLA PARK 1.0 NW, IL US","2020-09-08",,,,,,
"US1ILLK0016","BUFFALO GROVE 1.5 N, IL US","2019-10-01",,,,,,
"US1ILLK0016","BUFFALO GROVE 1.5 N, IL US","2019-10-02",,,,,,
"US1ILLK0016","BUFFALO GROVE 1.5 N, IL US","2019-10-03",,,,,,
"US1ILLK0016","BUFFALO GROVE 1.5 N, IL US","2019-10-04",,,,,,
"US1ILLK0016","BUFFALO GROVE 1.5 N, IL US","2019-10-05",,,,,,
"US1ILLK0016","BUFFALO GROVE 1.5 N, IL US","2019-10-06",,,,,,
"US1ILLK0016","BUFFALO GROVE 1.5 N, IL US","2019-10-07",,,,,,
"US1ILLK0016","BUFFALO GROVE 1.5 N, IL US","2019-10-08",,,,,,
"US1ILLK0016","BUFFALO GROVE 1.5 N, IL US","2019-10-09",,,,,,
"US1ILLK0016","BUFFALO GROVE 1.5 N, IL US","2019-10-10",,,,,,
"US1ILLK0016","BUFFALO GROVE 1.5 N, IL US","2019-10-11",,,,,,
"US1ILLK0016","BUFFALO GROVE 1.5 N, IL US","2019-10-12",,,,,,
"US1ILLK0016","BUFFALO GROVE 1.5 N, IL US","2019-10-13",,,,,,
"US1ILLK0016","BUFFALO GROVE 1.5 N, IL US","2019-10-14",,,,,,
"US1ILLK0016","BUFFALO GROVE 1.5 N, IL US","2019-10-15",,,,,,
"US1ILLK0016","BUFFALO GROVE 1.5 N, IL US","2019-10-16",,,,,,
"US1ILLK0016","BUFFALO GROVE 1.5 N, IL US","2019-10-17",,,,,,
"US1ILLK0016","BUFFALO GROVE 1.5 N, IL US","2019-10-18",,,,,,
"US1ILLK0016","BUFFALO GROVE 1.5 N, IL US","2019-10-19",,,,,,
"US1ILLK0016","BUFFALO GROVE 1.5 N, IL US","2019-10-20",,,,,,
"US1ILLK0016","BUFFALO GROVE 1.5 N, IL US","2019-10-21",,,,,,
"US1ILLK0016","BUFFALO GROVE 1.5 N, IL US","2019-10-22",,,,,,
"US1ILLK0016","BUFFALO GROVE 1.5 N, IL US","2019-10-23",,,,,,
"US1ILLK0016","BUFFALO GROVE 1.5 N, IL US","2019-10-24",,,,,,
"US1ILLK0016","BUFFALO GROVE 1.5 N, IL US","2019-10-25",,,,,,
"US1ILLK0016","BUFFALO GROVE 1.5 N, IL US","2019-10-26",,,,,,
"US1ILLK0016","BUFFALO GROVE 1.5 N, IL US","2019-10-27",,,,,,
"US1ILLK0016","BUFFALO GROVE 1.5 N, IL US","2019-10-28",,,,,,
"US1ILLK0016","BUFFALO GROVE 1.5 N, IL US","2019-10-29",,,,,,
"US1ILLK0016","BUFFALO GROVE 1.5 N, IL US","2019-10-30",,,,,,
"US1ILLK0016","BUFFALO GROVE 1.5 N, IL US","2019-10-31",,,,,,
"US1ILLK0016","BUFFALO GROVE 1.5 N, IL US","2019-11-01",,,,,,
"US1ILLK0016","BUFFALO GROVE 1.5 N, IL US","2019-11-02",,,,,,
"US1ILLK0016","BUFFALO GROVE 1.5 N, IL US","2019-11-03",,,,,,
"US1ILLK0016","BUFFALO GROVE 1.5 N, IL US","2019-11-04",,,,,,
"US1ILLK0016","BUFFALO GROVE 1.5 N, IL US","2019-11-05",,,,,,
"US1ILLK0016","BUFFALO GROVE 1.5 N, IL US","2019-11-06",,,,,,
"US1ILLK0016","BUFFALO GROVE 1.5 N, IL US","2019-11-07",,,,,,
"US1ILLK0016","BUFFALO GROVE 1.5 N, IL US","2019-11-08",,,,,,
"US1ILLK0016","BUFFALO GROVE 1.5 N, IL US","2019-11-09",,,,,,
"US1ILLK0016","BUFFALO GROVE 1.5 N, IL US","2019-11-10",,,,,,
"US1ILLK0016","BUFFALO GROVE 1.5 N, IL US","2019-11-11",,,,,,
"US1ILLK0016","BUFFALO GROVE 1.5 N, IL US","2019-11-12",,,,,,
"US1ILLK0016","BUFFALO GROVE 1.5 N, IL US","2019-11-13",,,,,,
"US1ILLK0016","BUFFALO GROVE 1.5 N, IL US","2019-11-14",,,,,,
"US1ILLK0016","BUFFALO GROVE 1.5 N, IL US","2019-11-15",,,,,,
"US1ILLK0016","BUFFALO GROVE 1.5 N, IL US","2019-11-16",,,,,,
"US1ILLK0016","BUFFALO GROVE 1.5 N, IL US","2019-11-17",,,,,,
"US1ILLK0016","BUFFALO GROVE 1.5 N, IL US","2019-11-18",,,,,,
"US1ILLK0016","BUFFALO GROVE 1.5 N, IL US","2019-11-19",,,,,,
"US1ILLK0016","BUFFALO GROVE 1.5 N, IL US","2019-11-20",,,,,,
"US1ILLK0016","BUFFALO GROVE 1.5 N, IL US","2019-11-21",,,,,,
"US1ILLK0016","BUFFALO GROVE 1.5 N, IL US","2019-11-22",,,,,,
"US1ILLK0016","BUFFALO GROVE 1.5 N, IL US","2019-11-23",,,,,,
"US1ILLK0016","BUFFALO GROVE 1.5 N, IL US","2019-11-24",,,,,,
"US1ILLK0016","BUFFALO GROVE 1.5 N, IL US","2019-11-25",,,,,,
"US1ILLK0016","BUFFALO GROVE 1.5 N, IL US","2019-11-26",,,,,,
"US1ILLK0016","BUFFALO GROVE 1.5 N, IL US","2019-11-27",,,,,,
"US1ILLK0016","BUFFALO GROVE 1.5 N, IL US","2019-11-28",,,,,,
"US1ILLK0016","BUFFALO GROVE 1.5 N, IL US","2019-11-29",,,,,,
"US1ILLK0016","BUFFALO GROVE 1.5 N, IL US","2019-11-30",,,,,,
"US1ILLK0016","BUFFALO GROVE 1.5 N, IL US","2019-12-01",,,,,,
"US1ILLK0016","BUFFALO GROVE 1.5 N, IL US","2019-12-02",,,,,,
"US1ILLK0016","BUFFALO GROVE 1.5 N, IL US","2019-12-03",,,,,,
"US1ILLK0016","BUFFALO GROVE 1.5 N, IL US","2019-12-04",,,,,,
"US1ILLK0016","BUFFALO GROVE 1.5 N, IL US","2019-12-05",,,,,,
"US1ILLK0016","BUFFALO GROVE 1.5 N, IL US","2019-12-06",,,,,,
"US1ILLK0016","BUFFALO GROVE 1.5 N, IL US","2019-12-07",,,,,,
"US1ILLK0016","BUFFALO GROVE 1.5 N, IL US","2019-12-08",,,,,,
"US1ILLK0016","BUFFALO GROVE 1.5 N, IL US","2019-12-09",,,,,,
"US1ILLK0016","BUFFALO GROVE 1.5 N, IL US","2019-12-10",,,,,,
"US1ILLK0016","BUFFALO GROVE 1.5 N, IL US","2019-12-11",,,,,,
"US1ILLK0016","BUFFALO GROVE 1.5 N, IL US","2019-12-12",,,,,,
"US1ILLK0016","BUFFALO GROVE 1.5 N, IL US","2019-12-13",,,,,,
"US1ILLK0016","BUFFALO GROVE 1.5 N, IL US","2019-12-14",,,,,,
"US1ILLK0016","BUFFALO GROVE 1.5 N, IL US","2019-12-15",,,,,,
"US1ILLK0016","BUFFALO GROVE 1.5 N, IL US","2019-12-16",,,,,,
"US1ILLK0016","BUFFALO GROVE 1.5 N, IL US","2019-12-17",,,,,,
"US1ILLK0016","BUFFALO GROVE 1.5 N, IL US","2019-12-18",,,,,,
"US1ILLK0016","BUFFALO GROVE 1.5 N, IL US","2019-12-19",,,,,,
"US1ILLK0016","BUFFALO GROVE 1.5 N, IL US","2019-12-20",,,,,,
"US1ILLK0016","BUFFALO GROVE 1.5 N, IL US","2019-12-21",,,,,,
"US1ILLK0016","BUFFALO GROVE 1.5 N, IL US","2019-12-22",,,,,,
"US1ILLK0016","BUFFALO GROVE 1.5 N, IL US","2019-12-23",,,,,,
"US1ILLK0016","BUFFALO GROVE 1.5 N, IL US","2019-12-24",,,,,,
"US1ILLK0016","BUFFALO GROVE 1.5 N, IL US","2019-12-25",,,,,,
"US1ILLK0016","BUFFALO GROVE 1.5 N, IL US","2019-12-26",,,,,,
"US1ILLK0016","BUFFALO GROVE 1.5 N, IL US","2019-12-27",,,,,,
"US1ILLK0016","BUFFALO GROVE 1.5 N, IL US","2019-12-28",,,,,,
"US1ILLK0016","BUFFALO GROVE 1.5 N, IL US","2019-12-29",,,,,,
"US1ILLK0016","BUFFALO GROVE 1.5 N, IL US","2019-12-30",,,,,,
"US1ILLK0016","BUFFALO GROVE 1.5 N, IL US","2019-12-31",,,,,,
"US1ILLK0016","BUFFALO GROVE 1.5 N, IL US","2020-01-01",,,,,,
"US1ILLK0016","BUFFALO GROVE 1.5 N, IL US","2020-01-02",,,,,,
"US1ILLK0016","BUFFALO GROVE 1.5 N, IL US","2020-01-03",,,,,,
"US1ILLK0016","BUFFALO GROVE 1.5 N, IL US","2020-01-04",,,,,,
"US1ILLK0016","BUFFALO GROVE 1.5 N, IL US","2020-01-05",,,,,,
"US1ILLK0016","BUFFALO GROVE 1.5 N, IL US","2020-01-06",,,,,,
"US1ILLK0016","BUFFALO GROVE 1.5 N, IL US","2020-01-07",,,,,,
"US1ILLK0016","BUFFALO GROVE 1.5 N, IL US","2020-01-08",,,,,,
"US1ILLK0016","BUFFALO GROVE 1.5 N, IL US","2020-01-09",,,,,,
"US1ILLK0016","BUFFALO GROVE 1.5 N, IL US","2020-01-10",,,,,,
"US1ILLK0016","BUFFALO GROVE 1.5 N, IL US","2020-01-11",,,,,,
"US1ILLK0016","BUFFALO GROVE 1.5 N, IL US","2020-01-12",,,,,,
"US1ILLK0016","BUFFALO GROVE 1.5 N, IL US","2020-01-13",,,,,,
"US1ILLK0016","BUFFALO GROVE 1.5 N, IL US","2020-01-14",,,,,,
"US1ILLK0016","BUFFALO GROVE 1.5 N, IL US","2020-01-15",,,,,,
"US1ILLK0016","BUFFALO GROVE 1.5 N, IL US","2020-01-16",,,,,,
"US1ILLK0016","BUFFALO GROVE 1.5 N, IL US","2020-01-17",,,,,,
"US1ILLK0016","BUFFALO GROVE 1.5 N, IL US","2020-01-18",,,,,,
"US1ILLK0016","BUFFALO GROVE 1.5 N, IL US","2020-01-19",,,,,,
"US1ILLK0016","BUFFALO GROVE 1.5 N, IL US","2020-01-20",,,,,,
"US1ILLK0016","BUFFALO GROVE 1.5 N, IL US","2020-01-21",,,,,,
"US1ILLK0016","BUFFALO GROVE 1.5 N, IL US","2020-01-22",,,,,,
"US1ILLK0016","BUFFALO GROVE 1.5 N, IL US","2020-01-23",,,,,,
"US1ILLK0016","BUFFALO GROVE 1.5 N, IL US","2020-01-24",,,,,,
"US1ILLK0016","BUFFALO GROVE 1.5 N, IL US","2020-01-25",,,,,,
"US1ILLK0016","BUFFALO GROVE 1.5 N, IL US","2020-01-26",,,,,,
"US1ILLK0016","BUFFALO GROVE 1.5 N, IL US","2020-01-27",,,,,,
"US1ILLK0016","BUFFALO GROVE 1.5 N, IL US","2020-01-28",,,,,,
"US1ILLK0016","BUFFALO GROVE 1.5 N, IL US","2020-01-29",,,,,,
"US1ILLK0016","BUFFALO GROVE 1.5 N, IL US","2020-01-30",,,,,,
"US1ILLK0016","BUFFALO GROVE 1.5 N, IL US","2020-01-31",,,,,,
"US1ILLK0016","BUFFALO GROVE 1.5 N, IL US","2020-02-01",,,,,,
"US1ILLK0016","BUFFALO GROVE 1.5 N, IL US","2020-02-02",,,,,,
"US1ILLK0016","BUFFALO GROVE 1.5 N, IL US","2020-02-03",,,,,,
"US1ILLK0016","BUFFALO GROVE 1.5 N, IL US","2020-02-04",,,,,,
"US1ILLK0016","BUFFALO GROVE 1.5 N, IL US","2020-02-05",,,,,,
"US1ILLK0016","BUFFALO GROVE 1.5 N, IL US","2020-02-06",,,,,,
"US1ILLK0016","BUFFALO GROVE 1.5 N, IL US","2020-02-07",,,,,,
"US1ILLK0016","BUFFALO GROVE 1.5 N, IL US","2020-02-08",,,,,,
"US1ILLK0016","BUFFALO GROVE 1.5 N, IL US","2020-02-09",,,,,,
"US1ILLK0016","BUFFALO GROVE 1.5 N, IL US","2020-02-10",,,,,,
"US1ILLK0016","BUFFALO GROVE 1.5 N, IL US","2020-02-11",,,,,,
"US1ILLK0016","BUFFALO GROVE 1.5 N, IL US","2020-02-12",,,,,,
"US1ILLK0016","BUFFALO GROVE 1.5 N, IL US","2020-02-13",,,,,,
"US1ILLK0016","BUFFALO GROVE 1.5 N, IL US","2020-02-14",,,,,,
"US1ILLK0016","BUFFALO GROVE 1.5 N, IL US","2020-02-15",,,,,,
"US1ILLK0016","BUFFALO GROVE 1.5 N, IL US","2020-02-16",,,,,,
"US1ILLK0016","BUFFALO GROVE 1.5 N, IL US","2020-02-17",,,,,,
"US1ILLK0016","BUFFALO GROVE 1.5 N, IL US","2020-02-18",,,,,,
"US1ILLK0016","BUFFALO GROVE 1.5 N, IL US","2020-02-19",,,,,,
"US1ILLK0016","BUFFALO GROVE 1.5 N, IL US","2020-02-20",,,,,,
"US1ILLK0016","BUFFALO GROVE 1.5 N, IL US","2020-02-21",,,,,,
"US1ILLK0016","BUFFALO GROVE 1.5 N, IL US","2020-02-22",,,,,,
"US1ILLK0016","BUFFALO GROVE 1.5 N, IL US","2020-02-23",,,,,,
"US1ILLK0016","BUFFALO GROVE 1.5 N, IL US","2020-02-24",,,,,,
"US1ILLK0016","BUFFALO GROVE 1.5 N, IL US","2020-02-25",,,,,,
"US1ILLK0016","BUFFALO GROVE 1.5 N, IL US","2020-02-26",,,,,,
"US1ILLK0016","BUFFALO GROVE 1.5 N, IL US","2020-02-27",,,,,,
"US1ILLK0016","BUFFALO GROVE 1.5 N, IL US","2020-02-28",,,,,,
"US1ILLK0016","BUFFALO GROVE 1.5 N, IL US","2020-02-29",,,,,,
"US1ILLK0016","BUFFALO GROVE 1.5 N, IL US","2020-03-01",,,,,,
"US1ILLK0016","BUFFALO GROVE 1.5 N, IL US","2020-03-02",,,,,,
"US1ILLK0016","BUFFALO GROVE 1.5 N, IL US","2020-03-03",,,,,,
"US1ILLK0016","BUFFALO GROVE 1.5 N, IL US","2020-03-04",,,,,,
"US1ILLK0016","BUFFALO GROVE 1.5 N, IL US","2020-03-05",,,,,,
"US1ILLK0016","BUFFALO GROVE 1.5 N, IL US","2020-03-06",,,,,,
"US1ILLK0016","BUFFALO GROVE 1.5 N, IL US","2020-03-07",,,,,,
"US1ILLK0016","BUFFALO GROVE 1.5 N, IL US","2020-03-08",,,,,,
"US1ILLK0016","BUFFALO GROVE 1.5 N, IL US","2020-03-09",,,,,,
"US1ILLK0016","BUFFALO GROVE 1.5 N, IL US","2020-03-10",,,,,,
"US1ILLK0016","BUFFALO GROVE 1.5 N, IL US","2020-03-11",,,,,,
"US1ILLK0016","BUFFALO GROVE 1.5 N, IL US","2020-03-12",,,,,,
"US1ILLK0016","BUFFALO GROVE 1.5 N, IL US","2020-03-13",,,,,,
"US1ILLK0016","BUFFALO GROVE 1.5 N, IL US","2020-03-14",,,,,,
"US1ILLK0016","BUFFALO GROVE 1.5 N, IL US","2020-03-15",,,,,,
"US1ILLK0016","BUFFALO GROVE 1.5 N, IL US","2020-03-16",,,,,,
"US1ILLK0016","BUFFALO GROVE 1.5 N, IL US","2020-03-17",,,,,,
"US1ILLK0016","BUFFALO GROVE 1.5 N, IL US","2020-03-18",,,,,,
"US1ILLK0016","BUFFALO GROVE 1.5 N, IL US","2020-03-19",,,,,,
"US1ILLK0016","BUFFALO GROVE 1.5 N, IL US","2020-03-20",,,,,,
"US1ILLK0016","BUFFALO GROVE 1.5 N, IL US","2020-03-21",,,,,,
"US1ILLK0016","BUFFALO GROVE 1.5 N, IL US","2020-03-22",,,,,,
"US1ILLK0016","BUFFALO GROVE 1.5 N, IL US","2020-03-23",,,,,,
"US1ILLK0016","BUFFALO GROVE 1.5 N, IL US","2020-03-24",,,,,,
"US1ILLK0016","BUFFALO GROVE 1.5 N, IL US","2020-03-25",,,,,,
"US1ILLK0016","BUFFALO GROVE 1.5 N, IL US","2020-03-26",,,,,,
"US1ILLK0016","BUFFALO GROVE 1.5 N, IL US","2020-03-27",,,,,,
"US1ILLK0016","BUFFALO GROVE 1.5 N, IL US","2020-03-28",,,,,,
"US1ILLK0016","BUFFALO GROVE 1.5 N, IL US","2020-03-29",,,,,,
"US1ILLK0016","BUFFALO GROVE 1.5 N, IL US","2020-03-30",,,,,,
"US1ILLK0016","BUFFALO GROVE 1.5 N, IL US","2020-03-31",,,,,,
"US1ILLK0016","BUFFALO GROVE 1.5 N, IL US","2020-04-01",,,,,,
"US1ILLK0016","BUFFALO GROVE 1.5 N, IL US","2020-04-02",,,,,,
"US1ILLK0016","BUFFALO GROVE 1.5 N, IL US","2020-04-03",,,,,,
"US1ILLK0016","BUFFALO GROVE 1.5 N, IL US","2020-04-04",,,,,,
"US1ILLK0016","BUFFALO GROVE 1.5 N, IL US","2020-04-05",,,,,,
"US1ILLK0016","BUFFALO GROVE 1.5 N, IL US","2020-04-06",,,,,,
"US1ILLK0016","BUFFALO GROVE 1.5 N, IL US","2020-04-07",,,,,,
"US1ILLK0016","BUFFALO GROVE 1.5 N, IL US","2020-04-08",,,,,,
"US1ILLK0016","BUFFALO GROVE 1.5 N, IL US","2020-04-09",,,,,,
"US1ILLK0016","BUFFALO GROVE 1.5 N, IL US","2020-04-10",,,,,,
"US1ILLK0016","BUFFALO GROVE 1.5 N, IL US","2020-04-11",,,,,,
"US1ILLK0016","BUFFALO GROVE 1.5 N, IL US","2020-04-12",,,,,,
"US1ILLK0016","BUFFALO GROVE 1.5 N, IL US","2020-04-13",,,,,,
"US1ILLK0016","BUFFALO GROVE 1.5 N, IL US","2020-04-14",,,,,,
"US1ILLK0016","BUFFALO GROVE 1.5 N, IL US","2020-04-15",,,,,,
"US1ILLK0016","BUFFALO GROVE 1.5 N, IL US","2020-04-16",,,,,,
"US1ILLK0016","BUFFALO GROVE 1.5 N, IL US","2020-04-17",,,,,,
"US1ILLK0016","BUFFALO GROVE 1.5 N, IL US","2020-04-18",,,,,,
"US1ILLK0016","BUFFALO GROVE 1.5 N, IL US","2020-04-19",,,,,,
"US1ILLK0016","BUFFALO GROVE 1.5 N, IL US","2020-04-20",,,,,,
"US1ILLK0016","BUFFALO GROVE 1.5 N, IL US","2020-04-21",,,,,,
"US1ILLK0016","BUFFALO GROVE 1.5 N, IL US","2020-04-22",,,,,,
"US1ILLK0016","BUFFALO GROVE 1.5 N, IL US","2020-04-23",,,,,,
"US1ILLK0016","BUFFALO GROVE 1.5 N, IL US","2020-04-24",,,,,,
"US1ILLK0016","BUFFALO GROVE 1.5 N, IL US","2020-04-25",,,,,,
"US1ILLK0016","BUFFALO GROVE 1.5 N, IL US","2020-04-26",,,,,,
"US1ILLK0016","BUFFALO GROVE 1.5 N, IL US","2020-04-27",,,,,,
"US1ILLK0016","BUFFALO GROVE 1.5 N, IL US","2020-04-28",,,,,,
"US1ILLK0016","BUFFALO GROVE 1.5 N, IL US","2020-04-29",,,,,,
"US1ILLK0016","BUFFALO GROVE 1.5 N, IL US","2020-04-30",,,,,,
"US1ILLK0016","BUFFALO GROVE 1.5 N, IL US","2020-05-01",,,,,,
"US1ILLK0016","BUFFALO GROVE 1.5 N, IL US","2020-05-02",,,,,,
"US1ILLK0016","BUFFALO GROVE 1.5 N, IL US","2020-05-03",,,,,,
"US1ILLK0016","BUFFALO GROVE 1.5 N, IL US","2020-05-04",,,,,,
"US1ILLK0016","BUFFALO GROVE 1.5 N, IL US","2020-05-05",,,,,,
"US1ILLK0016","BUFFALO GROVE 1.5 N, IL US","2020-05-06",,,,,,
"US1ILLK0016","BUFFALO GROVE 1.5 N, IL US","2020-05-07",,,,,,
"US1ILLK0016","BUFFALO GROVE 1.5 N, IL US","2020-05-08",,,,,,
"US1ILLK0016","BUFFALO GROVE 1.5 N, IL US","2020-05-09",,,,,,
"US1ILLK0016","BUFFALO GROVE 1.5 N, IL US","2020-05-10",,,,,,
"US1ILLK0016","BUFFALO GROVE 1.5 N, IL US","2020-05-11",,,,,,
"US1ILLK0016","BUFFALO GROVE 1.5 N, IL US","2020-05-12",,,,,,
"US1ILLK0016","BUFFALO GROVE 1.5 N, IL US","2020-05-13",,,,,,
"US1ILLK0016","BUFFALO GROVE 1.5 N, IL US","2020-05-14",,,,,,
"US1ILLK0016","BUFFALO GROVE 1.5 N, IL US","2020-05-15",,,,,,
"US1ILLK0016","BUFFALO GROVE 1.5 N, IL US","2020-05-16",,,,,,
"US1ILLK0016","BUFFALO GROVE 1.5 N, IL US","2020-05-17",,,,,,
"US1ILLK0016","BUFFALO GROVE 1.5 N, IL US","2020-05-18",,,,,,
"US1ILLK0016","BUFFALO GROVE 1.5 N, IL US","2020-05-19",,,,,,
"US1ILLK0016","BUFFALO GROVE 1.5 N, IL US","2020-05-20",,,,,,
"US1ILLK0016","BUFFALO GROVE 1.5 N, IL US","2020-05-21",,,,,,
"US1ILLK0016","BUFFALO GROVE 1.5 N, IL US","2020-05-22",,,,,,
"US1ILLK0016","BUFFALO GROVE 1.5 N, IL US","2020-05-23",,,,,,
"US1ILLK0016","BUFFALO GROVE 1.5 N, IL US","2020-05-24",,,,,,
"US1ILLK0016","BUFFALO GROVE 1.5 N, IL US","2020-05-25",,,,,,
"US1ILLK0016","BUFFALO GROVE 1.5 N, IL US","2020-05-26",,,,,,
"US1ILLK0016","BUFFALO GROVE 1.5 N, IL US","2020-05-27",,,,,,
"US1ILLK0016","BUFFALO GROVE 1.5 N, IL US","2020-05-28",,,,,,
"US1ILLK0016","BUFFALO GROVE 1.5 N, IL US","2020-05-29",,,,,,
"US1ILLK0016","BUFFALO GROVE 1.5 N, IL US","2020-05-30",,,,,,
"US1ILLK0016","BUFFALO GROVE 1.5 N, IL US","2020-05-31",,,,,,
"US1ILLK0016","BUFFALO GROVE 1.5 N, IL US","2020-06-01",,,,,,
"US1ILLK0016","BUFFALO GROVE 1.5 N, IL US","2020-06-02",,,,,,
"US1ILLK0016","BUFFALO GROVE 1.5 N, IL US","2020-06-03",,,,,,
"US1ILLK0016","BUFFALO GROVE 1.5 N, IL US","2020-06-04",,,,,,
"US1ILLK0016","BUFFALO GROVE 1.5 N, IL US","2020-06-05",,,,,,
"US1ILLK0016","BUFFALO GROVE 1.5 N, IL US","2020-06-06",,,,,,
"US1ILLK0016","BUFFALO GROVE 1.5 N, IL US","2020-06-07",,,,,,
"US1ILLK0016","BUFFALO GROVE 1.5 N, IL US","2020-06-08",,,,,,
"US1ILLK0016","BUFFALO GROVE 1.5 N, IL US","2020-06-09",,,,,,
"US1ILLK0016","BUFFALO GROVE 1.5 N, IL US","2020-06-10",,,,,,
"US1ILLK0016","BUFFALO GROVE 1.5 N, IL US","2020-06-11",,,,,,
"US1ILLK0016","BUFFALO GROVE 1.5 N, IL US","2020-06-12",,,,,,
"US1ILLK0016","BUFFALO GROVE 1.5 N, IL US","2020-06-13",,,,,,
"US1ILLK0016","BUFFALO GROVE 1.5 N, IL US","2020-06-14",,,,,,
"US1ILLK0016","BUFFALO GROVE 1.5 N, IL US","2020-06-15",,,,,,
"US1ILLK0016","BUFFALO GROVE 1.5 N, IL US","2020-06-16",,,,,,
"US1ILLK0016","BUFFALO GROVE 1.5 N, IL US","2020-06-17",,,,,,
"US1ILLK0016","BUFFALO GROVE 1.5 N, IL US","2020-06-18",,,,,,
"US1ILLK0016","BUFFALO GROVE 1.5 N, IL US","2020-06-19",,,,,,
"US1ILLK0016","BUFFALO GROVE 1.5 N, IL US","2020-06-20",,,,,,
"US1ILLK0016","BUFFALO GROVE 1.5 N, IL US","2020-06-21",,,,,,
"US1ILLK0016","BUFFALO GROVE 1.5 N, IL US","2020-06-22",,,,,,
"US1ILLK0016","BUFFALO GROVE 1.5 N, IL US","2020-06-23",,,,,,
"US1ILLK0016","BUFFALO GROVE 1.5 N, IL US","2020-06-24",,,,,,
"US1ILLK0016","BUFFALO GROVE 1.5 N, IL US","2020-06-25",,,,,,
"US1ILLK0016","BUFFALO GROVE 1.5 N, IL US","2020-06-26",,,,,,
"US1ILLK0016","BUFFALO GROVE 1.5 N, IL US","2020-06-27",,,,,,
"US1ILLK0016","BUFFALO GROVE 1.5 N, IL US","2020-06-28",,,,,,
"US1ILLK0016","BUFFALO GROVE 1.5 N, IL US","2020-06-29",,,,,,
"US1ILLK0016","BUFFALO GROVE 1.5 N, IL US","2020-06-30",,,,,,
"US1ILLK0016","BUFFALO GROVE 1.5 N, IL US","2020-07-01",,,,,,
"US1ILLK0016","BUFFALO GROVE 1.5 N, IL US","2020-07-02",,,,,,
"US1ILLK0016","BUFFALO GROVE 1.5 N, IL US","2020-07-03",,,,,,
"US1ILLK0016","BUFFALO GROVE 1.5 N, IL US","2020-07-04",,,,,,
"US1ILLK0016","BUFFALO GROVE 1.5 N, IL US","2020-07-05",,,,,,
"US1ILLK0016","BUFFALO GROVE 1.5 N, IL US","2020-07-06",,,,,,
"US1ILLK0016","BUFFALO GROVE 1.5 N, IL US","2020-07-07",,,,,,
"US1ILLK0016","BUFFALO GROVE 1.5 N, IL US","2020-07-08",,,,,,
"US1ILLK0016","BUFFALO GROVE 1.5 N, IL US","2020-07-09",,,,,,
"US1ILLK0016","BUFFALO GROVE 1.5 N, IL US","2020-07-10",,,,,,
"US1ILLK0016","BUFFALO GROVE 1.5 N, IL US","2020-07-11",,,,,,
"US1ILLK0016","BUFFALO GROVE 1.5 N, IL US","2020-07-12",,,,,,
"US1ILLK0016","BUFFALO GROVE 1.5 N, IL US","2020-07-13",,,,,,
"US1ILLK0016","BUFFALO GROVE 1.5 N, IL US","2020-07-14",,,,,,
"US1ILLK0016","BUFFALO GROVE 1.5 N, IL US","2020-07-15",,,,,,
"US1ILLK0016","BUFFALO GROVE 1.5 N, IL US","2020-07-16",,,,,,
"US1ILLK0016","BUFFALO GROVE 1.5 N, IL US","2020-07-17",,,,,,
"US1ILLK0016","BUFFALO GROVE 1.5 N, IL US","2020-07-18",,,,,,
"US1ILLK0016","BUFFALO GROVE 1.5 N, IL US","2020-07-19",,,,,,
"US1ILLK0016","BUFFALO GROVE 1.5 N, IL US","2020-07-20",,,,,,
"US1ILLK0016","BUFFALO GROVE 1.5 N, IL US","2020-07-21",,,,,,
"US1ILLK0016","BUFFALO GROVE 1.5 N, IL US","2020-07-22",,,,,,
"US1ILLK0016","BUFFALO GROVE 1.5 N, IL US","2020-07-23",,,,,,
"US1ILLK0016","BUFFALO GROVE 1.5 N, IL US","2020-07-24",,,,,,
"US1ILLK0016","BUFFALO GROVE 1.5 N, IL US","2020-07-25",,,,,,
"US1ILLK0016","BUFFALO GROVE 1.5 N, IL US","2020-07-26",,,,,,
"US1ILLK0016","BUFFALO GROVE 1.5 N, IL US","2020-07-27",,,,,,
"US1ILLK0016","BUFFALO GROVE 1.5 N, IL US","2020-07-28",,,,,,
"US1ILLK0016","BUFFALO GROVE 1.5 N, IL US","2020-07-29",,,,,,
"US1ILLK0016","BUFFALO GROVE 1.5 N, IL US","2020-07-30",,,,,,
"US1ILLK0016","BUFFALO GROVE 1.5 N, IL US","2020-07-31",,,,,,
"US1ILLK0016","BUFFALO GROVE 1.5 N, IL US","2020-08-01",,,,,,
"US1ILLK0016","BUFFALO GROVE 1.5 N, IL US","2020-08-02",,,,,,
"US1ILLK0016","BUFFALO GROVE 1.5 N, IL US","2020-08-03",,,,,,
"US1ILLK0016","BUFFALO GROVE 1.5 N, IL US","2020-08-04",,,,,,
"US1ILLK0016","BUFFALO GROVE 1.5 N, IL US","2020-08-05",,,,,,
"US1ILLK0016","BUFFALO GROVE 1.5 N, IL US","2020-08-06",,,,,,
"US1ILLK0016","BUFFALO GROVE 1.5 N, IL US","2020-08-07",,,,,,
"US1ILLK0016","BUFFALO GROVE 1.5 N, IL US","2020-08-08",,,,,,
"US1ILLK0016","BUFFALO GROVE 1.5 N, IL US","2020-08-09",,,,,,
"US1ILLK0016","BUFFALO GROVE 1.5 N, IL US","2020-08-10",,,,,,
"US1ILLK0016","BUFFALO GROVE 1.5 N, IL US","2020-08-11",,,,,,
"US1ILLK0016","BUFFALO GROVE 1.5 N, IL US","2020-08-12",,,,,,
"US1ILLK0016","BUFFALO GROVE 1.5 N, IL US","2020-08-13",,,,,,
"US1ILLK0016","BUFFALO GROVE 1.5 N, IL US","2020-08-14",,,,,,
"US1ILLK0016","BUFFALO GROVE 1.5 N, IL US","2020-08-15",,,,,,
"US1ILLK0016","BUFFALO GROVE 1.5 N, IL US","2020-08-16",,,,,,
"US1ILLK0016","BUFFALO GROVE 1.5 N, IL US","2020-08-17",,,,,,
"US1ILLK0016","BUFFALO GROVE 1.5 N, IL US","2020-08-18",,,,,,
"US1ILLK0016","BUFFALO GROVE 1.5 N, IL US","2020-08-19",,,,,,
"US1ILLK0016","BUFFALO GROVE 1.5 N, IL US","2020-08-20",,,,,,
"US1ILLK0016","BUFFALO GROVE 1.5 N, IL US","2020-08-21",,,,,,
"US1ILLK0016","BUFFALO GROVE 1.5 N, IL US","2020-08-22",,,,,,
"US1ILLK0016","BUFFALO GROVE 1.5 N, IL US","2020-08-23",,,,,,
"US1ILLK0016","BUFFALO GROVE 1.5 N, IL US","2020-08-24",,,,,,
"US1ILLK0016","BUFFALO GROVE 1.5 N, IL US","2020-08-25",,,,,,
"US1ILLK0016","BUFFALO GROVE 1.5 N, IL US","2020-08-26",,,,,,
"US1ILLK0016","BUFFALO GROVE 1.5 N, IL US","2020-08-27",,,,,,
"US1ILLK0016","BUFFALO GROVE 1.5 N, IL US","2020-08-28",,,,,,
"US1ILLK0016","BUFFALO GROVE 1.5 N, IL US","2020-08-29",,,,,,
"US1ILLK0016","BUFFALO GROVE 1.5 N, IL US","2020-08-30",,,,,,
"US1ILLK0016","BUFFALO GROVE 1.5 N, IL US","2020-08-31",,,,,,
"US1ILLK0016","BUFFALO GROVE 1.5 N, IL US","2020-09-01",,,,,,
"US1ILLK0016","BUFFALO GROVE 1.5 N, IL US","2020-09-02",,,,,,
"US1ILLK0016","BUFFALO GROVE 1.5 N, IL US","2020-09-03",,,,,,
"US1ILLK0016","BUFFALO GROVE 1.5 N, IL US","2020-09-04",,,,,,
"US1ILLK0016","BUFFALO GROVE 1.5 N, IL US","2020-09-05",,,,,,
"US1ILLK0016","BUFFALO GROVE 1.5 N, IL US","2020-09-06",,,,,,
"US1ILLK0016","BUFFALO GROVE 1.5 N, IL US","2020-09-07",,,,,,
"US1ILLK0016","BUFFALO GROVE 1.5 N, IL US","2020-09-08",,,,,,
"US1ILLK0015","BANNOCKBURN 0.5 ESE, IL US","2019-10-01",,,,,,
"US1ILLK0015","BANNOCKBURN 0.5 ESE, IL US","2019-10-02",,,,,,
"US1ILLK0015","BANNOCKBURN 0.5 ESE, IL US","2019-10-03",,,,,,
"US1ILLK0015","BANNOCKBURN 0.5 ESE, IL US","2019-10-04",,,,,,
"US1ILLK0015","BANNOCKBURN 0.5 ESE, IL US","2019-10-05",,,,,,
"US1ILLK0015","BANNOCKBURN 0.5 ESE, IL US","2019-10-06",,,,,,
"US1ILLK0015","BANNOCKBURN 0.5 ESE, IL US","2019-10-07",,,,,,
"US1ILLK0015","BANNOCKBURN 0.5 ESE, IL US","2019-10-08",,,,,,
"US1ILLK0015","BANNOCKBURN 0.5 ESE, IL US","2019-10-09",,,,,,
"US1ILLK0015","BANNOCKBURN 0.5 ESE, IL US","2019-10-10",,,,,,
"US1ILLK0015","BANNOCKBURN 0.5 ESE, IL US","2019-10-11",,,,,,
"US1ILLK0015","BANNOCKBURN 0.5 ESE, IL US","2019-10-12",,,,,,
"US1ILLK0015","BANNOCKBURN 0.5 ESE, IL US","2019-10-13",,,,,,
"US1ILLK0015","BANNOCKBURN 0.5 ESE, IL US","2019-10-14",,,,,,
"US1ILLK0015","BANNOCKBURN 0.5 ESE, IL US","2019-10-15",,,,,,
"US1ILLK0015","BANNOCKBURN 0.5 ESE, IL US","2019-10-16",,,,,,
"US1ILLK0015","BANNOCKBURN 0.5 ESE, IL US","2019-10-17",,,,,,
"US1ILLK0015","BANNOCKBURN 0.5 ESE, IL US","2019-10-18",,,,,,
"US1ILLK0015","BANNOCKBURN 0.5 ESE, IL US","2019-10-19",,,,,,
"US1ILLK0015","BANNOCKBURN 0.5 ESE, IL US","2019-10-20",,,,,,
"US1ILLK0015","BANNOCKBURN 0.5 ESE, IL US","2019-10-21",,,,,,
"US1ILLK0015","BANNOCKBURN 0.5 ESE, IL US","2019-10-22",,,,,,
"US1ILLK0015","BANNOCKBURN 0.5 ESE, IL US","2019-10-23",,,,,,
"US1ILLK0015","BANNOCKBURN 0.5 ESE, IL US","2019-10-24",,,,,,
"US1ILLK0015","BANNOCKBURN 0.5 ESE, IL US","2019-10-25",,,,,,
"US1ILLK0015","BANNOCKBURN 0.5 ESE, IL US","2019-10-26",,,,,,
"US1ILLK0015","BANNOCKBURN 0.5 ESE, IL US","2019-10-27",,,,,,
"US1ILLK0015","BANNOCKBURN 0.5 ESE, IL US","2019-10-28",,,,,,
"US1ILLK0015","BANNOCKBURN 0.5 ESE, IL US","2019-10-29",,,,,,
"US1ILLK0015","BANNOCKBURN 0.5 ESE, IL US","2019-10-30",,,,,,
"US1ILLK0015","BANNOCKBURN 0.5 ESE, IL US","2020-05-17",,,,,,
"US1ILLK0015","BANNOCKBURN 0.5 ESE, IL US","2020-05-18",,,,,,
"US1ILLK0015","BANNOCKBURN 0.5 ESE, IL US","2020-05-19",,,,,,
"US1ILLK0015","BANNOCKBURN 0.5 ESE, IL US","2020-05-20",,,,,,
"US1ILLK0015","BANNOCKBURN 0.5 ESE, IL US","2020-06-04",,,,,,
"US1ILLK0015","BANNOCKBURN 0.5 ESE, IL US","2020-06-05",,,,,,
"US1ILLK0015","BANNOCKBURN 0.5 ESE, IL US","2020-06-06",,,,,,
"US1ILLK0015","BANNOCKBURN 0.5 ESE, IL US","2020-06-07",,,,,,
"US1ILLK0015","BANNOCKBURN 0.5 ESE, IL US","2020-06-08",,,,,,
"US1ILLK0015","BANNOCKBURN 0.5 ESE, IL US","2020-06-09",,,,,,
"US1ILLK0015","BANNOCKBURN 0.5 ESE, IL US","2020-06-10",,,,,,
"US1ILLK0015","BANNOCKBURN 0.5 ESE, IL US","2020-06-11",,,,,,
"US1ILLK0015","BANNOCKBURN 0.5 ESE, IL US","2020-06-12",,,,,,
"US1ILLK0015","BANNOCKBURN 0.5 ESE, IL US","2020-06-13",,,,,,
"US1ILLK0015","BANNOCKBURN 0.5 ESE, IL US","2020-06-14",,,,,,
"US1ILLK0015","BANNOCKBURN 0.5 ESE, IL US","2020-06-15",,,,,,
"US1ILLK0015","BANNOCKBURN 0.5 ESE, IL US","2020-06-16",,,,,,
"US1ILLK0015","BANNOCKBURN 0.5 ESE, IL US","2020-06-17",,,,,,
"US1ILLK0015","BANNOCKBURN 0.5 ESE, IL US","2020-06-18",,,,,,
"US1ILLK0015","BANNOCKBURN 0.5 ESE, IL US","2020-06-19",,,,,,
"US1ILLK0015","BANNOCKBURN 0.5 ESE, IL US","2020-06-20",,,,,,
"US1ILLK0015","BANNOCKBURN 0.5 ESE, IL US","2020-06-21",,,,,,
"US1ILLK0015","BANNOCKBURN 0.5 ESE, IL US","2020-06-22",,,,,,
"US1ILLK0015","BANNOCKBURN 0.5 ESE, IL US","2020-06-23",,,,,,
"US1ILLK0015","BANNOCKBURN 0.5 ESE, IL US","2020-06-24",,,,,,
"US1ILLK0015","BANNOCKBURN 0.5 ESE, IL US","2020-06-25",,,,,,
"US1ILLK0015","BANNOCKBURN 0.5 ESE, IL US","2020-06-26",,,,,,
"US1ILLK0015","BANNOCKBURN 0.5 ESE, IL US","2020-06-27",,,,,,
"US1ILLK0015","BANNOCKBURN 0.5 ESE, IL US","2020-06-28",,,,,,
"US1ILLK0015","BANNOCKBURN 0.5 ESE, IL US","2020-06-29",,,,,,
"US1ILLK0015","BANNOCKBURN 0.5 ESE, IL US","2020-06-30",,,,,,
"US1ILLK0015","BANNOCKBURN 0.5 ESE, IL US","2020-07-01",,,,,,
"US1ILLK0015","BANNOCKBURN 0.5 ESE, IL US","2020-07-02",,,,,,
"US1ILLK0015","BANNOCKBURN 0.5 ESE, IL US","2020-07-03",,,,,,
"US1ILLK0015","BANNOCKBURN 0.5 ESE, IL US","2020-07-04",,,,,,
"US1ILLK0015","BANNOCKBURN 0.5 ESE, IL US","2020-07-05",,,,,,
"US1ILLK0015","BANNOCKBURN 0.5 ESE, IL US","2020-07-06",,,,,,
"US1ILLK0015","BANNOCKBURN 0.5 ESE, IL US","2020-07-07",,,,,,
"US1ILLK0015","BANNOCKBURN 0.5 ESE, IL US","2020-07-08",,,,,,
"US1ILLK0015","BANNOCKBURN 0.5 ESE, IL US","2020-07-09",,,,,,
"US1ILLK0015","BANNOCKBURN 0.5 ESE, IL US","2020-07-10",,,,,,
"US1ILLK0015","BANNOCKBURN 0.5 ESE, IL US","2020-07-11",,,,,,
"US1ILLK0015","BANNOCKBURN 0.5 ESE, IL US","2020-07-12",,,,,,
"US1ILLK0015","BANNOCKBURN 0.5 ESE, IL US","2020-07-13",,,,,,
"US1ILLK0015","BANNOCKBURN 0.5 ESE, IL US","2020-07-14",,,,,,
"US1ILLK0015","BANNOCKBURN 0.5 ESE, IL US","2020-07-15",,,,,,
"US1ILLK0015","BANNOCKBURN 0.5 ESE, IL US","2020-07-16",,,,,,
"US1ILLK0015","BANNOCKBURN 0.5 ESE, IL US","2020-07-17",,,,,,
"US1ILLK0015","BANNOCKBURN 0.5 ESE, IL US","2020-07-18",,,,,,
"US1ILLK0015","BANNOCKBURN 0.5 ESE, IL US","2020-07-19",,,,,,
"US1ILLK0015","BANNOCKBURN 0.5 ESE, IL US","2020-07-20",,,,,,
"US1ILLK0015","BANNOCKBURN 0.5 ESE, IL US","2020-07-21",,,,,,
"US1ILLK0015","BANNOCKBURN 0.5 ESE, IL US","2020-07-22",,,,,,
"US1ILLK0015","BANNOCKBURN 0.5 ESE, IL US","2020-07-23",,,,,,
"US1ILLK0015","BANNOCKBURN 0.5 ESE, IL US","2020-07-24",,,,,,
"US1ILLK0015","BANNOCKBURN 0.5 ESE, IL US","2020-07-25",,,,,,
"US1ILLK0015","BANNOCKBURN 0.5 ESE, IL US","2020-07-26",,,,,,
"US1ILLK0015","BANNOCKBURN 0.5 ESE, IL US","2020-07-27",,,,,,
"US1ILLK0011","LINCOLNSHIRE 0.9 N, IL US","2019-10-01",,,,,,
"US1ILLK0011","LINCOLNSHIRE 0.9 N, IL US","2019-10-02",,,,,,
"US1ILLK0011","LINCOLNSHIRE 0.9 N, IL US","2019-10-03",,,,,,
"US1ILLK0011","LINCOLNSHIRE 0.9 N, IL US","2019-10-04",,,,,,
"US1ILLK0011","LINCOLNSHIRE 0.9 N, IL US","2019-10-05",,,,,,
"US1ILLK0011","LINCOLNSHIRE 0.9 N, IL US","2019-10-06",,,,,,
"US1ILLK0011","LINCOLNSHIRE 0.9 N, IL US","2019-10-07",,,,,,
"US1ILLK0011","LINCOLNSHIRE 0.9 N, IL US","2019-10-08",,,,,,
"US1ILLK0011","LINCOLNSHIRE 0.9 N, IL US","2019-10-09",,,,,,
"US1ILLK0011","LINCOLNSHIRE 0.9 N, IL US","2019-10-10",,,,,,
"US1ILLK0011","LINCOLNSHIRE 0.9 N, IL US","2019-10-11",,,,,,
"US1ILLK0011","LINCOLNSHIRE 0.9 N, IL US","2019-10-12",,,,,,
"US1ILLK0011","LINCOLNSHIRE 0.9 N, IL US","2019-10-13",,,,,,
"US1ILLK0011","LINCOLNSHIRE 0.9 N, IL US","2019-10-14",,,,,,
"US1ILLK0011","LINCOLNSHIRE 0.9 N, IL US","2019-10-15",,,,,,
"US1ILLK0011","LINCOLNSHIRE 0.9 N, IL US","2019-10-16",,,,,,
"US1ILLK0011","LINCOLNSHIRE 0.9 N, IL US","2019-10-17",,,,,,
"US1ILLK0011","LINCOLNSHIRE 0.9 N, IL US","2019-10-18",,,,,,
"US1ILLK0011","LINCOLNSHIRE 0.9 N, IL US","2019-10-19",,,,,,
"US1ILLK0011","LINCOLNSHIRE 0.9 N, IL US","2019-10-20",,,,,,
"US1ILLK0011","LINCOLNSHIRE 0.9 N, IL US","2019-10-21",,,,,,
"US1ILLK0011","LINCOLNSHIRE 0.9 N, IL US","2019-10-22",,,,,,
"US1ILLK0011","LINCOLNSHIRE 0.9 N, IL US","2019-10-23",,,,,,
"US1ILLK0011","LINCOLNSHIRE 0.9 N, IL US","2019-10-24",,,,,,
"US1ILLK0011","LINCOLNSHIRE 0.9 N, IL US","2019-10-25",,,,,,
"US1ILLK0011","LINCOLNSHIRE 0.9 N, IL US","2019-10-26",,,,,,
"US1ILLK0011","LINCOLNSHIRE 0.9 N, IL US","2019-10-27",,,,,,
"US1ILLK0011","LINCOLNSHIRE 0.9 N, IL US","2019-10-28",,,,,,
"US1ILLK0011","LINCOLNSHIRE 0.9 N, IL US","2019-10-29",,,,,,
"US1ILLK0011","LINCOLNSHIRE 0.9 N, IL US","2019-10-30",,,,,,
"US1ILLK0011","LINCOLNSHIRE 0.9 N, IL US","2019-10-31",,,,,,
"US1ILLK0011","LINCOLNSHIRE 0.9 N, IL US","2019-11-01",,,,,,
"US1ILLK0011","LINCOLNSHIRE 0.9 N, IL US","2019-11-02",,,,,,
"US1ILLK0011","LINCOLNSHIRE 0.9 N, IL US","2019-11-03",,,,,,
"US1ILLK0011","LINCOLNSHIRE 0.9 N, IL US","2019-11-04",,,,,,
"US1ILLK0011","LINCOLNSHIRE 0.9 N, IL US","2019-11-05",,,,,,
"US1ILLK0011","LINCOLNSHIRE 0.9 N, IL US","2019-11-06",,,,,,
"US1ILLK0011","LINCOLNSHIRE 0.9 N, IL US","2019-11-07",,,,,,
"US1ILLK0011","LINCOLNSHIRE 0.9 N, IL US","2019-11-08",,,,,,
"US1ILLK0011","LINCOLNSHIRE 0.9 N, IL US","2019-11-09",,,,,,
"US1ILLK0011","LINCOLNSHIRE 0.9 N, IL US","2019-11-10",,,,,,
"US1ILLK0011","LINCOLNSHIRE 0.9 N, IL US","2019-11-11",,,,,,
"US1ILLK0011","LINCOLNSHIRE 0.9 N, IL US","2019-11-12",,,,,,
"US1ILLK0011","LINCOLNSHIRE 0.9 N, IL US","2019-11-13",,,,,,
"US1ILLK0011","LINCOLNSHIRE 0.9 N, IL US","2019-11-14",,,,,,
"US1ILLK0011","LINCOLNSHIRE 0.9 N, IL US","2019-11-15",,,,,,
"US1ILLK0011","LINCOLNSHIRE 0.9 N, IL US","2019-11-16",,,,,,
"US1ILLK0011","LINCOLNSHIRE 0.9 N, IL US","2019-11-17",,,,,,
"US1ILLK0011","LINCOLNSHIRE 0.9 N, IL US","2019-11-18",,,,,,
"US1ILLK0011","LINCOLNSHIRE 0.9 N, IL US","2019-11-19",,,,,,
"US1ILLK0011","LINCOLNSHIRE 0.9 N, IL US","2019-11-20",,,,,,
"US1ILLK0011","LINCOLNSHIRE 0.9 N, IL US","2019-11-21",,,,,,
"US1ILLK0011","LINCOLNSHIRE 0.9 N, IL US","2019-11-22",,,,,,
"US1ILLK0011","LINCOLNSHIRE 0.9 N, IL US","2019-11-23",,,,,,
"US1ILLK0011","LINCOLNSHIRE 0.9 N, IL US","2019-11-24",,,,,,
"US1ILLK0011","LINCOLNSHIRE 0.9 N, IL US","2019-11-25",,,,,,
"US1ILLK0011","LINCOLNSHIRE 0.9 N, IL US","2019-11-26",,,,,,
"US1ILLK0011","LINCOLNSHIRE 0.9 N, IL US","2019-11-27",,,,,,
"US1ILLK0011","LINCOLNSHIRE 0.9 N, IL US","2019-11-28",,,,,,
"US1ILLK0011","LINCOLNSHIRE 0.9 N, IL US","2019-11-29",,,,,,
"US1ILLK0011","LINCOLNSHIRE 0.9 N, IL US","2019-11-30",,,,,,
"US1ILLK0011","LINCOLNSHIRE 0.9 N, IL US","2019-12-01",,,,,,
"US1ILLK0011","LINCOLNSHIRE 0.9 N, IL US","2019-12-02",,,,,,
"US1ILLK0011","LINCOLNSHIRE 0.9 N, IL US","2019-12-03",,,,,,
"US1ILLK0011","LINCOLNSHIRE 0.9 N, IL US","2019-12-04",,,,,,
"US1ILLK0011","LINCOLNSHIRE 0.9 N, IL US","2019-12-05",,,,,,
"US1ILLK0011","LINCOLNSHIRE 0.9 N, IL US","2019-12-06",,,,,,
"US1ILLK0011","LINCOLNSHIRE 0.9 N, IL US","2019-12-07",,,,,,
"US1ILLK0011","LINCOLNSHIRE 0.9 N, IL US","2019-12-08",,,,,,
"US1ILLK0011","LINCOLNSHIRE 0.9 N, IL US","2020-02-14",,,,,,
"US1ILLK0011","LINCOLNSHIRE 0.9 N, IL US","2020-02-15",,,,,,
"US1ILLK0011","LINCOLNSHIRE 0.9 N, IL US","2020-02-16",,,,,,
"US1ILLK0011","LINCOLNSHIRE 0.9 N, IL US","2020-02-17",,,,,,
"US1ILLK0011","LINCOLNSHIRE 0.9 N, IL US","2020-02-18",,,,,,
"US1ILLK0011","LINCOLNSHIRE 0.9 N, IL US","2020-02-19",,,,,,
"US1ILLK0011","LINCOLNSHIRE 0.9 N, IL US","2020-02-20",,,,,,
"US1ILLK0011","LINCOLNSHIRE 0.9 N, IL US","2020-02-21",,,,,,
"US1ILLK0011","LINCOLNSHIRE 0.9 N, IL US","2020-02-22",,,,,,
"US1ILLK0011","LINCOLNSHIRE 0.9 N, IL US","2020-02-23",,,,,,
"US1ILLK0011","LINCOLNSHIRE 0.9 N, IL US","2020-02-24",,,,,,
"US1ILLK0011","LINCOLNSHIRE 0.9 N, IL US","2020-02-25",,,,,,
"US1ILLK0011","LINCOLNSHIRE 0.9 N, IL US","2020-02-26",,,,,,
"US1ILLK0011","LINCOLNSHIRE 0.9 N, IL US","2020-02-27",,,,,,
"US1ILLK0011","LINCOLNSHIRE 0.9 N, IL US","2020-02-28",,,,,,
"US1ILLK0011","LINCOLNSHIRE 0.9 N, IL US","2020-02-29",,,,,,
"US1ILLK0011","LINCOLNSHIRE 0.9 N, IL US","2020-03-01",,,,,,
"US1ILLK0011","LINCOLNSHIRE 0.9 N, IL US","2020-03-02",,,,,,
"US1ILLK0011","LINCOLNSHIRE 0.9 N, IL US","2020-03-03",,,,,,
"US1ILLK0011","LINCOLNSHIRE 0.9 N, IL US","2020-03-04",,,,,,
"US1ILLK0011","LINCOLNSHIRE 0.9 N, IL US","2020-03-05",,,,,,
"US1ILLK0011","LINCOLNSHIRE 0.9 N, IL US","2020-03-06",,,,,,
"US1ILLK0011","LINCOLNSHIRE 0.9 N, IL US","2020-03-07",,,,,,
"US1ILLK0011","LINCOLNSHIRE 0.9 N, IL US","2020-03-08",,,,,,
"US1ILLK0011","LINCOLNSHIRE 0.9 N, IL US","2020-03-09",,,,,,
"US1ILLK0011","LINCOLNSHIRE 0.9 N, IL US","2020-03-10",,,,,,
"US1ILLK0011","LINCOLNSHIRE 0.9 N, IL US","2020-03-11",,,,,,
"US1ILLK0011","LINCOLNSHIRE 0.9 N, IL US","2020-03-12",,,,,,
"US1ILLK0011","LINCOLNSHIRE 0.9 N, IL US","2020-03-13",,,,,,
"US1ILLK0011","LINCOLNSHIRE 0.9 N, IL US","2020-03-15",,,,,,
"US1ILLK0011","LINCOLNSHIRE 0.9 N, IL US","2020-03-16",,,,,,
"US1ILLK0011","LINCOLNSHIRE 0.9 N, IL US","2020-03-17",,,,,,
"US1ILLK0011","LINCOLNSHIRE 0.9 N, IL US","2020-03-18",,,,,,
"US1ILLK0011","LINCOLNSHIRE 0.9 N, IL US","2020-03-19",,,,,,
"US1ILLK0011","LINCOLNSHIRE 0.9 N, IL US","2020-03-20",,,,,,
"US1ILLK0011","LINCOLNSHIRE 0.9 N, IL US","2020-03-21",,,,,,
"US1ILLK0011","LINCOLNSHIRE 0.9 N, IL US","2020-03-22",,,,,,
"US1ILLK0011","LINCOLNSHIRE 0.9 N, IL US","2020-03-23",,,,,,
"US1ILLK0011","LINCOLNSHIRE 0.9 N, IL US","2020-03-24",,,,,,
"US1ILLK0011","LINCOLNSHIRE 0.9 N, IL US","2020-03-25",,,,,,
"US1ILLK0011","LINCOLNSHIRE 0.9 N, IL US","2020-03-26",,,,,,
"US1ILLK0011","LINCOLNSHIRE 0.9 N, IL US","2020-03-27",,,,,,
"US1ILLK0011","LINCOLNSHIRE 0.9 N, IL US","2020-03-28",,,,,,
"US1ILLK0011","LINCOLNSHIRE 0.9 N, IL US","2020-03-29",,,,,,
"US1ILLK0011","LINCOLNSHIRE 0.9 N, IL US","2020-03-30",,,,,,
"US1ILLK0011","LINCOLNSHIRE 0.9 N, IL US","2020-03-31",,,,,,
"US1ILLK0011","LINCOLNSHIRE 0.9 N, IL US","2020-04-01",,,,,,
"US1ILLK0011","LINCOLNSHIRE 0.9 N, IL US","2020-04-02",,,,,,
"US1ILLK0011","LINCOLNSHIRE 0.9 N, IL US","2020-06-24",,,,,,
"US1ILLK0011","LINCOLNSHIRE 0.9 N, IL US","2020-06-25",,,,,,
"US1ILLK0011","LINCOLNSHIRE 0.9 N, IL US","2020-06-27",,,,,,
"US1ILLK0011","LINCOLNSHIRE 0.9 N, IL US","2020-06-28",,,,,,
"US1ILLK0011","LINCOLNSHIRE 0.9 N, IL US","2020-06-29",,,,,,
"US1ILLK0011","LINCOLNSHIRE 0.9 N, IL US","2020-06-30",,,,,,
"US1ILLK0011","LINCOLNSHIRE 0.9 N, IL US","2020-07-01",,,,,,
"US1ILLK0011","LINCOLNSHIRE 0.9 N, IL US","2020-07-02",,,,,,
"US1ILLK0011","LINCOLNSHIRE 0.9 N, IL US","2020-07-03",,,,,,
"US1ILLK0011","LINCOLNSHIRE 0.9 N, IL US","2020-07-04",,,,,,
"US1ILLK0011","LINCOLNSHIRE 0.9 N, IL US","2020-07-05",,,,,,
"US1ILLK0011","LINCOLNSHIRE 0.9 N, IL US","2020-07-06",,,,,,
"US1ILLK0011","LINCOLNSHIRE 0.9 N, IL US","2020-07-07",,,,,,
"US1ILLK0011","LINCOLNSHIRE 0.9 N, IL US","2020-07-08",,,,,,
"US1ILLK0011","LINCOLNSHIRE 0.9 N, IL US","2020-07-09",,,,,,
"US1ILLK0011","LINCOLNSHIRE 0.9 N, IL US","2020-07-10",,,,,,
"US1ILLK0011","LINCOLNSHIRE 0.9 N, IL US","2020-07-11",,,,,,
"US1ILLK0011","LINCOLNSHIRE 0.9 N, IL US","2020-07-12",,,,,,
"US1ILLK0011","LINCOLNSHIRE 0.9 N, IL US","2020-07-13",,,,,,
"US1ILLK0011","LINCOLNSHIRE 0.9 N, IL US","2020-07-14",,,,,,
"US1ILLK0011","LINCOLNSHIRE 0.9 N, IL US","2020-07-15",,,,,,
"US1ILLK0011","LINCOLNSHIRE 0.9 N, IL US","2020-07-16",,,,,,
"US1ILLK0011","LINCOLNSHIRE 0.9 N, IL US","2020-07-17",,,,,,
"US1ILLK0011","LINCOLNSHIRE 0.9 N, IL US","2020-07-18",,,,,,
"US1ILLK0011","LINCOLNSHIRE 0.9 N, IL US","2020-07-19",,,,,,
"US1ILLK0011","LINCOLNSHIRE 0.9 N, IL US","2020-07-20",,,,,,
"US1ILLK0011","LINCOLNSHIRE 0.9 N, IL US","2020-07-21",,,,,,
"US1ILLK0011","LINCOLNSHIRE 0.9 N, IL US","2020-07-22",,,,,,
"US1ILLK0011","LINCOLNSHIRE 0.9 N, IL US","2020-07-23",,,,,,
"US1ILLK0011","LINCOLNSHIRE 0.9 N, IL US","2020-07-24",,,,,,
"US1ILLK0011","LINCOLNSHIRE 0.9 N, IL US","2020-07-25",,,,,,
"US1ILLK0011","LINCOLNSHIRE 0.9 N, IL US","2020-07-26",,,,,,
"US1ILLK0011","LINCOLNSHIRE 0.9 N, IL US","2020-07-27",,,,,,
"US1ILLK0011","LINCOLNSHIRE 0.9 N, IL US","2020-07-28",,,,,,
"US1ILLK0011","LINCOLNSHIRE 0.9 N, IL US","2020-07-29",,,,,,
"US1ILLK0011","LINCOLNSHIRE 0.9 N, IL US","2020-07-30",,,,,,
"US1ILLK0011","LINCOLNSHIRE 0.9 N, IL US","2020-07-31",,,,,,
"US1ILLK0011","LINCOLNSHIRE 0.9 N, IL US","2020-08-01",,,,,,
"US1ILLK0011","LINCOLNSHIRE 0.9 N, IL US","2020-08-02",,,,,,
"US1ILLK0011","LINCOLNSHIRE 0.9 N, IL US","2020-08-03",,,,,,
"US1ILLK0011","LINCOLNSHIRE 0.9 N, IL US","2020-08-04",,,,,,
"US1ILLK0011","LINCOLNSHIRE 0.9 N, IL US","2020-08-05",,,,,,
"US1ILLK0011","LINCOLNSHIRE 0.9 N, IL US","2020-08-06",,,,,,
"US1ILLK0011","LINCOLNSHIRE 0.9 N, IL US","2020-08-07",,,,,,
"US1ILLK0011","LINCOLNSHIRE 0.9 N, IL US","2020-08-08",,,,,,
"US1ILLK0011","LINCOLNSHIRE 0.9 N, IL US","2020-08-10",,,,,,
"US1ILLK0011","LINCOLNSHIRE 0.9 N, IL US","2020-08-11",,,,,,
"US1ILLK0011","LINCOLNSHIRE 0.9 N, IL US","2020-08-12",,,,,,
"US1ILLK0011","LINCOLNSHIRE 0.9 N, IL US","2020-08-13",,,,,,
"US1ILLK0011","LINCOLNSHIRE 0.9 N, IL US","2020-08-14",,,,,,
"US1ILLK0011","LINCOLNSHIRE 0.9 N, IL US","2020-08-15",,,,,,
"US1ILLK0011","LINCOLNSHIRE 0.9 N, IL US","2020-08-16",,,,,,
"US1ILLK0011","LINCOLNSHIRE 0.9 N, IL US","2020-08-17",,,,,,
"US1ILLK0011","LINCOLNSHIRE 0.9 N, IL US","2020-08-18",,,,,,
"US1ILLK0011","LINCOLNSHIRE 0.9 N, IL US","2020-08-19",,,,,,
"US1ILLK0011","LINCOLNSHIRE 0.9 N, IL US","2020-08-20",,,,,,
"US1ILLK0011","LINCOLNSHIRE 0.9 N, IL US","2020-08-21",,,,,,
"US1ILLK0011","LINCOLNSHIRE 0.9 N, IL US","2020-08-22",,,,,,
"US1ILLK0011","LINCOLNSHIRE 0.9 N, IL US","2020-08-23",,,,,,
"US1ILLK0011","LINCOLNSHIRE 0.9 N, IL US","2020-08-24",,,,,,
"US1ILLK0011","LINCOLNSHIRE 0.9 N, IL US","2020-08-25",,,,,,
"US1ILLK0011","LINCOLNSHIRE 0.9 N, IL US","2020-08-26",,,,,,
"US1ILLK0011","LINCOLNSHIRE 0.9 N, IL US","2020-08-27",,,,,,
"US1ILLK0011","LINCOLNSHIRE 0.9 N, IL US","2020-08-28",,,,,,
"US1ILLK0011","LINCOLNSHIRE 0.9 N, IL US","2020-08-29",,,,,,
"US1ILLK0011","LINCOLNSHIRE 0.9 N, IL US","2020-08-30",,,,,,
"US1ILLK0011","LINCOLNSHIRE 0.9 N, IL US","2020-08-31",,,,,,
"US1ILLK0011","LINCOLNSHIRE 0.9 N, IL US","2020-09-01",,,,,,
"US1ILLK0011","LINCOLNSHIRE 0.9 N, IL US","2020-09-02",,,,,,
"US1ILLK0011","LINCOLNSHIRE 0.9 N, IL US","2020-09-03",,,,,,
"US1ILLK0011","LINCOLNSHIRE 0.9 N, IL US","2020-09-04",,,,,,
"US1ILLK0011","LINCOLNSHIRE 0.9 N, IL US","2020-09-05",,,,,,
"US1ILLK0011","LINCOLNSHIRE 0.9 N, IL US","2020-09-06",,,,,,
"US1ILLK0011","LINCOLNSHIRE 0.9 N, IL US","2020-09-07",,,,,,
"US1INLK0102","W9MAL MERRILLVILLE 2.0 NNW, IN US","2019-10-01",,,,,,
"US1INLK0102","W9MAL MERRILLVILLE 2.0 NNW, IN US","2019-10-02",,,,,,
"US1INLK0102","W9MAL MERRILLVILLE 2.0 NNW, IN US","2019-10-03",,,,,,
"US1INLK0102","W9MAL MERRILLVILLE 2.0 NNW, IN US","2019-10-04",,,,,,
"US1INLK0102","W9MAL MERRILLVILLE 2.0 NNW, IN US","2019-10-05",,,,,,
"US1INLK0102","W9MAL MERRILLVILLE 2.0 NNW, IN US","2019-10-06",,,,,,
"US1INLK0102","W9MAL MERRILLVILLE 2.0 NNW, IN US","2019-10-07",,,,,,
"US1INLK0102","W9MAL MERRILLVILLE 2.0 NNW, IN US","2019-10-08",,,,,,
"US1INLK0102","W9MAL MERRILLVILLE 2.0 NNW, IN US","2019-10-09",,,,,,
"US1INLK0102","W9MAL MERRILLVILLE 2.0 NNW, IN US","2019-10-10",,,,,,
"US1INLK0102","W9MAL MERRILLVILLE 2.0 NNW, IN US","2019-10-11",,,,,,
"US1INLK0102","W9MAL MERRILLVILLE 2.0 NNW, IN US","2019-10-12",,,,,,
"US1INLK0102","W9MAL MERRILLVILLE 2.0 NNW, IN US","2019-10-14",,,,,,
"US1INLK0102","W9MAL MERRILLVILLE 2.0 NNW, IN US","2019-10-15",,,,,,
"US1INLK0102","W9MAL MERRILLVILLE 2.0 NNW, IN US","2019-10-16",,,,,,
"US1INLK0102","W9MAL MERRILLVILLE 2.0 NNW, IN US","2019-10-17",,,,,,
"US1INLK0102","W9MAL MERRILLVILLE 2.0 NNW, IN US","2019-10-18",,,,,,
"US1INLK0102","W9MAL MERRILLVILLE 2.0 NNW, IN US","2019-10-19",,,,,,
"US1INLK0102","W9MAL MERRILLVILLE 2.0 NNW, IN US","2019-10-20",,,,,,
"US1INLK0102","W9MAL MERRILLVILLE 2.0 NNW, IN US","2019-10-21",,,,,,
"US1INLK0102","W9MAL MERRILLVILLE 2.0 NNW, IN US","2019-10-22",,,,,,
"US1INLK0102","W9MAL MERRILLVILLE 2.0 NNW, IN US","2019-10-23",,,,,,
"US1INLK0102","W9MAL MERRILLVILLE 2.0 NNW, IN US","2019-10-24",,,,,,
"US1INLK0102","W9MAL MERRILLVILLE 2.0 NNW, IN US","2019-10-25",,,,,,
"US1INLK0102","W9MAL MERRILLVILLE 2.0 NNW, IN US","2019-10-26",,,,,,
"US1INLK0102","W9MAL MERRILLVILLE 2.0 NNW, IN US","2019-10-27",,,,,,
"US1INLK0102","W9MAL MERRILLVILLE 2.0 NNW, IN US","2019-10-28",,,,,,
"US1INLK0102","W9MAL MERRILLVILLE 2.0 NNW, IN US","2019-10-29",,,,,,
"US1INLK0102","W9MAL MERRILLVILLE 2.0 NNW, IN US","2019-10-30",,,,,,
"US1INLK0102","W9MAL MERRILLVILLE 2.0 NNW, IN US","2019-10-31",,,,,,
"US1INLK0102","W9MAL MERRILLVILLE 2.0 NNW, IN US","2019-11-01",,,,,,
"US1INLK0102","W9MAL MERRILLVILLE 2.0 NNW, IN US","2019-11-02",,,,,,
"US1INLK0102","W9MAL MERRILLVILLE 2.0 NNW, IN US","2019-11-03",,,,,,
"US1INLK0102","W9MAL MERRILLVILLE 2.0 NNW, IN US","2019-11-04",,,,,,
"US1INLK0102","W9MAL MERRILLVILLE 2.0 NNW, IN US","2019-11-05",,,,,,
"US1INLK0102","W9MAL MERRILLVILLE 2.0 NNW, IN US","2019-11-06",,,,,,
"US1INLK0102","W9MAL MERRILLVILLE 2.0 NNW, IN US","2019-11-07",,,,,,
"US1INLK0102","W9MAL MERRILLVILLE 2.0 NNW, IN US","2019-11-08",,,,,,
"US1INLK0102","W9MAL MERRILLVILLE 2.0 NNW, IN US","2019-11-09",,,,,,
"US1INLK0102","W9MAL MERRILLVILLE 2.0 NNW, IN US","2019-11-10",,,,,,
"US1INLK0102","W9MAL MERRILLVILLE 2.0 NNW, IN US","2019-11-11",,,,,,
"US1INLK0102","W9MAL MERRILLVILLE 2.0 NNW, IN US","2019-11-12",,,,,,
"US1INLK0102","W9MAL MERRILLVILLE 2.0 NNW, IN US","2019-11-13",,,,,,
"US1INLK0102","W9MAL MERRILLVILLE 2.0 NNW, IN US","2019-11-14",,,,,,
"US1INLK0102","W9MAL MERRILLVILLE 2.0 NNW, IN US","2019-11-15",,,,,,
"US1INLK0102","W9MAL MERRILLVILLE 2.0 NNW, IN US","2019-11-16",,,,,,
"US1INLK0102","W9MAL MERRILLVILLE 2.0 NNW, IN US","2019-11-17",,,,,,
"US1INLK0102","W9MAL MERRILLVILLE 2.0 NNW, IN US","2019-11-18",,,,,,
"US1INLK0102","W9MAL MERRILLVILLE 2.0 NNW, IN US","2019-11-19",,,,,,
"US1INLK0102","W9MAL MERRILLVILLE 2.0 NNW, IN US","2019-11-20",,,,,,
"US1INLK0102","W9MAL MERRILLVILLE 2.0 NNW, IN US","2019-11-21",,,,,,
"US1INLK0102","W9MAL MERRILLVILLE 2.0 NNW, IN US","2019-11-22",,,,,,
"US1INLK0102","W9MAL MERRILLVILLE 2.0 NNW, IN US","2019-11-23",,,,,,
"US1INLK0102","W9MAL MERRILLVILLE 2.0 NNW, IN US","2019-11-24",,,,,,
"US1INLK0102","W9MAL MERRILLVILLE 2.0 NNW, IN US","2019-11-25",,,,,,
"US1INLK0102","W9MAL MERRILLVILLE 2.0 NNW, IN US","2019-11-26",,,,,,
"US1INLK0102","W9MAL MERRILLVILLE 2.0 NNW, IN US","2019-11-27",,,,,,
"US1INLK0102","W9MAL MERRILLVILLE 2.0 NNW, IN US","2019-11-28",,,,,,
"US1INLK0102","W9MAL MERRILLVILLE 2.0 NNW, IN US","2019-11-29",,,,,,
"US1INLK0102","W9MAL MERRILLVILLE 2.0 NNW, IN US","2019-11-30",,,,,,
"US1INLK0102","W9MAL MERRILLVILLE 2.0 NNW, IN US","2019-12-01",,,,,,
"US1INLK0102","W9MAL MERRILLVILLE 2.0 NNW, IN US","2019-12-03",,,,,,
"US1INLK0102","W9MAL MERRILLVILLE 2.0 NNW, IN US","2019-12-04",,,,,,
"US1INLK0102","W9MAL MERRILLVILLE 2.0 NNW, IN US","2019-12-05",,,,,,
"US1INLK0102","W9MAL MERRILLVILLE 2.0 NNW, IN US","2019-12-06",,,,,,
"US1INLK0102","W9MAL MERRILLVILLE 2.0 NNW, IN US","2019-12-07",,,,,,
"US1INLK0102","W9MAL MERRILLVILLE 2.0 NNW, IN US","2019-12-08",,,,,,
"US1INLK0102","W9MAL MERRILLVILLE 2.0 NNW, IN US","2019-12-09",,,,,,
"US1INLK0102","W9MAL MERRILLVILLE 2.0 NNW, IN US","2019-12-10",,,,,,
"US1INLK0102","W9MAL MERRILLVILLE 2.0 NNW, IN US","2019-12-11",,,,,,
"US1INLK0102","W9MAL MERRILLVILLE 2.0 NNW, IN US","2019-12-12",,,,,,
"US1INLK0102","W9MAL MERRILLVILLE 2.0 NNW, IN US","2019-12-13",,,,,,
"US1INLK0102","W9MAL MERRILLVILLE 2.0 NNW, IN US","2019-12-14",,,,,,
"US1INLK0102","W9MAL MERRILLVILLE 2.0 NNW, IN US","2019-12-15",,,,,,
"US1INLK0102","W9MAL MERRILLVILLE 2.0 NNW, IN US","2019-12-16",,,,,,
"US1INLK0102","W9MAL MERRILLVILLE 2.0 NNW, IN US","2019-12-17",,,,,,
"US1INLK0102","W9MAL MERRILLVILLE 2.0 NNW, IN US","2019-12-18",,,,,,
"US1INLK0102","W9MAL MERRILLVILLE 2.0 NNW, IN US","2019-12-19",,,,,,
"US1INLK0102","W9MAL MERRILLVILLE 2.0 NNW, IN US","2019-12-20",,,,,,
"US1INLK0102","W9MAL MERRILLVILLE 2.0 NNW, IN US","2019-12-21",,,,,,
"US1INLK0102","W9MAL MERRILLVILLE 2.0 NNW, IN US","2019-12-22",,,,,,
"US1INLK0102","W9MAL MERRILLVILLE 2.0 NNW, IN US","2019-12-23",,,,,,
"US1INLK0102","W9MAL MERRILLVILLE 2.0 NNW, IN US","2019-12-24",,,,,,
"US1INLK0102","W9MAL MERRILLVILLE 2.0 NNW, IN US","2019-12-25",,,,,,
"US1INLK0102","W9MAL MERRILLVILLE 2.0 NNW, IN US","2019-12-26",,,,,,
"US1INLK0102","W9MAL MERRILLVILLE 2.0 NNW, IN US","2019-12-27",,,,,,
"US1INLK0102","W9MAL MERRILLVILLE 2.0 NNW, IN US","2019-12-28",,,,,,
"US1INLK0102","W9MAL MERRILLVILLE 2.0 NNW, IN US","2019-12-29",,,,,,
"US1INLK0102","W9MAL MERRILLVILLE 2.0 NNW, IN US","2019-12-30",,,,,,
"US1INLK0102","W9MAL MERRILLVILLE 2.0 NNW, IN US","2019-12-31",,,,,,
"US1INLK0102","W9MAL MERRILLVILLE 2.0 NNW, IN US","2020-01-01",,,,,,
"US1INLK0102","W9MAL MERRILLVILLE 2.0 NNW, IN US","2020-01-02",,,,,,
"US1INLK0102","W9MAL MERRILLVILLE 2.0 NNW, IN US","2020-01-03",,,,,,
"US1INLK0102","W9MAL MERRILLVILLE 2.0 NNW, IN US","2020-01-04",,,,,,
"US1INLK0102","W9MAL MERRILLVILLE 2.0 NNW, IN US","2020-01-05",,,,,,
"US1INLK0102","W9MAL MERRILLVILLE 2.0 NNW, IN US","2020-01-06",,,,,,
"US1INLK0102","W9MAL MERRILLVILLE 2.0 NNW, IN US","2020-01-07",,,,,,
"US1INLK0102","W9MAL MERRILLVILLE 2.0 NNW, IN US","2020-01-08",,,,,,
"US1INLK0102","W9MAL MERRILLVILLE 2.0 NNW, IN US","2020-01-09",,,,,,
"US1INLK0102","W9MAL MERRILLVILLE 2.0 NNW, IN US","2020-01-10",,,,,,
"US1INLK0102","W9MAL MERRILLVILLE 2.0 NNW, IN US","2020-01-11",,,,,,
"US1INLK0102","W9MAL MERRILLVILLE 2.0 NNW, IN US","2020-01-12",,,,,,
"US1INLK0102","W9MAL MERRILLVILLE 2.0 NNW, IN US","2020-01-13",,,,,,
"US1INLK0102","W9MAL MERRILLVILLE 2.0 NNW, IN US","2020-01-14",,,,,,
"US1INLK0102","W9MAL MERRILLVILLE 2.0 NNW, IN US","2020-05-11",,,,,,
"US1INLK0102","W9MAL MERRILLVILLE 2.0 NNW, IN US","2020-05-14",,,,,,
"US1INLK0102","W9MAL MERRILLVILLE 2.0 NNW, IN US","2020-05-15",,,,,,
"US1INLK0102","W9MAL MERRILLVILLE 2.0 NNW, IN US","2020-05-16",,,,,,
"US1INLK0102","W9MAL MERRILLVILLE 2.0 NNW, IN US","2020-05-17",,,,,,
"US1INLK0102","W9MAL MERRILLVILLE 2.0 NNW, IN US","2020-05-18",,,,,,
"US1INLK0102","W9MAL MERRILLVILLE 2.0 NNW, IN US","2020-05-19",,,,,,
"US1INLK0102","W9MAL MERRILLVILLE 2.0 NNW, IN US","2020-05-20",,,,,,
"US1INLK0102","W9MAL MERRILLVILLE 2.0 NNW, IN US","2020-05-22",,,,,,
"US1INLK0102","W9MAL MERRILLVILLE 2.0 NNW, IN US","2020-05-24",,,,,,
"US1INLK0102","W9MAL MERRILLVILLE 2.0 NNW, IN US","2020-05-27",,,,,,
"US1INLK0102","W9MAL MERRILLVILLE 2.0 NNW, IN US","2020-05-28",,,,,,
"US1INLK0102","W9MAL MERRILLVILLE 2.0 NNW, IN US","2020-05-29",,,,,,
"US1INLK0102","W9MAL MERRILLVILLE 2.0 NNW, IN US","2020-06-02",,,,,,
"US1INLK0102","W9MAL MERRILLVILLE 2.0 NNW, IN US","2020-06-05",,,,,,
"US1INLK0102","W9MAL MERRILLVILLE 2.0 NNW, IN US","2020-06-10",,,,,,
"US1INLK0102","W9MAL MERRILLVILLE 2.0 NNW, IN US","2020-06-11",,,,,,
"US1INLK0102","W9MAL MERRILLVILLE 2.0 NNW, IN US","2020-06-12",,,,,,
"US1INLK0102","W9MAL MERRILLVILLE 2.0 NNW, IN US","2020-06-13",,,,,,
"US1INLK0102","W9MAL MERRILLVILLE 2.0 NNW, IN US","2020-06-14",,,,,,
"US1INLK0102","W9MAL MERRILLVILLE 2.0 NNW, IN US","2020-06-15",,,,,,
"US1INLK0102","W9MAL MERRILLVILLE 2.0 NNW, IN US","2020-06-16",,,,,,
"US1INLK0102","W9MAL MERRILLVILLE 2.0 NNW, IN US","2020-06-17",,,,,,
"US1INLK0102","W9MAL MERRILLVILLE 2.0 NNW, IN US","2020-06-18",,,,,,
"US1INLK0102","W9MAL MERRILLVILLE 2.0 NNW, IN US","2020-06-19",,,,,,
"US1INLK0102","W9MAL MERRILLVILLE 2.0 NNW, IN US","2020-06-20",,,,,,
"US1INLK0102","W9MAL MERRILLVILLE 2.0 NNW, IN US","2020-06-21",,,,,,
"US1INLK0102","W9MAL MERRILLVILLE 2.0 NNW, IN US","2020-06-22",,,,,,
"US1INLK0102","W9MAL MERRILLVILLE 2.0 NNW, IN US","2020-06-23",,,,,,
"US1INLK0102","W9MAL MERRILLVILLE 2.0 NNW, IN US","2020-06-24",,,,,,
"US1INLK0102","W9MAL MERRILLVILLE 2.0 NNW, IN US","2020-06-25",,,,,,
"US1INLK0102","W9MAL MERRILLVILLE 2.0 NNW, IN US","2020-06-26",,,,,,
"US1INLK0102","W9MAL MERRILLVILLE 2.0 NNW, IN US","2020-06-27",,,,,,
"US1INLK0102","W9MAL MERRILLVILLE 2.0 NNW, IN US","2020-06-28",,,,,,
"US1INLK0102","W9MAL MERRILLVILLE 2.0 NNW, IN US","2020-06-29",,,,,,
"US1INLK0102","W9MAL MERRILLVILLE 2.0 NNW, IN US","2020-06-30",,,,,,
"US1INLK0102","W9MAL MERRILLVILLE 2.0 NNW, IN US","2020-07-01",,,,,,
"US1INLK0102","W9MAL MERRILLVILLE 2.0 NNW, IN US","2020-07-05",,,,,,
"US1INLK0102","W9MAL MERRILLVILLE 2.0 NNW, IN US","2020-07-06",,,,,,
"US1INLK0102","W9MAL MERRILLVILLE 2.0 NNW, IN US","2020-07-07",,,,,,
"US1INLK0102","W9MAL MERRILLVILLE 2.0 NNW, IN US","2020-07-08",,,,,,
"US1INLK0102","W9MAL MERRILLVILLE 2.0 NNW, IN US","2020-07-09",,,,,,
"US1INLK0102","W9MAL MERRILLVILLE 2.0 NNW, IN US","2020-07-10",,,,,,
"US1INLK0102","W9MAL MERRILLVILLE 2.0 NNW, IN US","2020-07-11",,,,,,
"US1INLK0102","W9MAL MERRILLVILLE 2.0 NNW, IN US","2020-07-13",,,,,,
"US1INLK0102","W9MAL MERRILLVILLE 2.0 NNW, IN US","2020-07-15",,,,,,
"US1INLK0102","W9MAL MERRILLVILLE 2.0 NNW, IN US","2020-07-16",,,,,,
"US1INLK0102","W9MAL MERRILLVILLE 2.0 NNW, IN US","2020-07-17",,,,,,
"US1INLK0102","W9MAL MERRILLVILLE 2.0 NNW, IN US","2020-07-18",,,,,,
"US1INLK0102","W9MAL MERRILLVILLE 2.0 NNW, IN US","2020-07-19",,,,,,
"US1INLK0102","W9MAL MERRILLVILLE 2.0 NNW, IN US","2020-08-06",,,,,,
"US1INLK0102","W9MAL MERRILLVILLE 2.0 NNW, IN US","2020-08-07",,,,,,
"US1INLK0102","W9MAL MERRILLVILLE 2.0 NNW, IN US","2020-08-09",,,,,,
"US1INLK0102","W9MAL MERRILLVILLE 2.0 NNW, IN US","2020-08-10",,,,,,
"US1INLK0102","W9MAL MERRILLVILLE 2.0 NNW, IN US","2020-08-11",,,,,,
"US1INLK0102","W9MAL MERRILLVILLE 2.0 NNW, IN US","2020-08-12",,,,,,
"US1INLK0102","W9MAL MERRILLVILLE 2.0 NNW, IN US","2020-08-13",,,,,,
"US1INLK0102","W9MAL MERRILLVILLE 2.0 NNW, IN US","2020-08-14",,,,,,
"US1INLK0102","W9MAL MERRILLVILLE 2.0 NNW, IN US","2020-08-15",,,,,,
"US1INLK0102","W9MAL MERRILLVILLE 2.0 NNW, IN US","2020-08-16",,,,,,
"US1INLK0102","W9MAL MERRILLVILLE 2.0 NNW, IN US","2020-08-17",,,,,,
"US1INLK0102","W9MAL MERRILLVILLE 2.0 NNW, IN US","2020-08-18",,,,,,
"US1INLK0102","W9MAL MERRILLVILLE 2.0 NNW, IN US","2020-08-19",,,,,,
"US1INLK0102","W9MAL MERRILLVILLE 2.0 NNW, IN US","2020-08-21",,,,,,
"US1INLK0102","W9MAL MERRILLVILLE 2.0 NNW, IN US","2020-08-22",,,,,,
"US1INLK0102","W9MAL MERRILLVILLE 2.0 NNW, IN US","2020-08-23",,,,,,
"US1INLK0102","W9MAL MERRILLVILLE 2.0 NNW, IN US","2020-08-24",,,,,,
"US1INLK0102","W9MAL MERRILLVILLE 2.0 NNW, IN US","2020-08-25",,,,,,
"US1INLK0102","W9MAL MERRILLVILLE 2.0 NNW, IN US","2020-08-26",,,,,,
"US1INLK0102","W9MAL MERRILLVILLE 2.0 NNW, IN US","2020-08-27",,,,,,
"US1INLK0102","W9MAL MERRILLVILLE 2.0 NNW, IN US","2020-08-28",,,,,,
"US1INLK0102","W9MAL MERRILLVILLE 2.0 NNW, IN US","2020-08-29",,,,,,
"US1INLK0102","W9MAL MERRILLVILLE 2.0 NNW, IN US","2020-09-01",,,,,,
"US1INLK0102","W9MAL MERRILLVILLE 2.0 NNW, IN US","2020-09-02",,,,,,
"US1INLK0102","W9MAL MERRILLVILLE 2.0 NNW, IN US","2020-09-03",,,,,,
"US1INLK0102","W9MAL MERRILLVILLE 2.0 NNW, IN US","2020-09-04",,,,,,
"US1INLK0102","W9MAL MERRILLVILLE 2.0 NNW, IN US","2020-09-05",,,,,,
"US1INLK0102","W9MAL MERRILLVILLE 2.0 NNW, IN US","2020-09-06",,,,,,
"US1INLK0102","W9MAL MERRILLVILLE 2.0 NNW, IN US","2020-09-07",,,,,,
"US1ILDP0118","DARIEN 0.4 SSE, IL US","2019-10-01",,,,,,
"US1ILDP0118","DARIEN 0.4 SSE, IL US","2019-10-02",,,,,,
"US1ILDP0118","DARIEN 0.4 SSE, IL US","2019-10-03",,,,,,
"US1ILDP0118","DARIEN 0.4 SSE, IL US","2019-10-04",,,,,,
"US1ILDP0118","DARIEN 0.4 SSE, IL US","2019-10-05",,,,,,
"US1ILDP0118","DARIEN 0.4 SSE, IL US","2019-10-06",,,,,,
"US1ILDP0118","DARIEN 0.4 SSE, IL US","2019-10-07",,,,,,
"US1ILDP0118","DARIEN 0.4 SSE, IL US","2019-10-08",,,,,,
"US1ILDP0118","DARIEN 0.4 SSE, IL US","2019-10-09",,,,,,
"US1ILDP0118","DARIEN 0.4 SSE, IL US","2019-10-10",,,,,,
"US1ILDP0118","DARIEN 0.4 SSE, IL US","2019-10-11",,,,,,
"US1ILDP0118","DARIEN 0.4 SSE, IL US","2019-10-12",,,,,,
"US1ILDP0118","DARIEN 0.4 SSE, IL US","2019-10-13",,,,,,
"US1ILDP0118","DARIEN 0.4 SSE, IL US","2019-10-14",,,,,,
"US1ILDP0118","DARIEN 0.4 SSE, IL US","2019-10-15",,,,,,
"US1ILDP0118","DARIEN 0.4 SSE, IL US","2019-10-16",,,,,,
"US1ILDP0118","DARIEN 0.4 SSE, IL US","2019-10-17",,,,,,
"US1ILDP0118","DARIEN 0.4 SSE, IL US","2019-10-18",,,,,,
"US1ILDP0118","DARIEN 0.4 SSE, IL US","2019-10-19",,,,,,
"US1ILDP0118","DARIEN 0.4 SSE, IL US","2019-10-20",,,,,,
"US1ILDP0118","DARIEN 0.4 SSE, IL US","2019-10-21",,,,,,
"US1ILDP0118","DARIEN 0.4 SSE, IL US","2019-10-22",,,,,,
"US1ILDP0118","DARIEN 0.4 SSE, IL US","2019-10-23",,,,,,
"US1ILDP0118","DARIEN 0.4 SSE, IL US","2019-10-24",,,,,,
"US1ILDP0118","DARIEN 0.4 SSE, IL US","2019-10-25",,,,,,
"US1ILDP0118","DARIEN 0.4 SSE, IL US","2019-10-26",,,,,,
"US1ILDP0118","DARIEN 0.4 SSE, IL US","2019-10-27",,,,,,
"US1ILDP0118","DARIEN 0.4 SSE, IL US","2019-10-28",,,,,,
"US1ILDP0118","DARIEN 0.4 SSE, IL US","2019-10-29",,,,,,
"US1ILDP0118","DARIEN 0.4 SSE, IL US","2019-10-30",,,,,,
"US1ILDP0118","DARIEN 0.4 SSE, IL US","2019-10-31",,,,,,
"US1ILDP0118","DARIEN 0.4 SSE, IL US","2019-11-01",,,,,,
"US1ILDP0118","DARIEN 0.4 SSE, IL US","2019-11-02",,,,,,
"US1ILDP0118","DARIEN 0.4 SSE, IL US","2019-11-03",,,,,,
"US1ILDP0118","DARIEN 0.4 SSE, IL US","2019-11-04",,,,,,
"US1ILDP0118","DARIEN 0.4 SSE, IL US","2019-11-05",,,,,,
"US1ILDP0118","DARIEN 0.4 SSE, IL US","2019-11-06",,,,,,
"US1ILDP0118","DARIEN 0.4 SSE, IL US","2019-11-07",,,,,,
"US1ILDP0118","DARIEN 0.4 SSE, IL US","2019-11-08",,,,,,
"US1ILDP0118","DARIEN 0.4 SSE, IL US","2019-11-09",,,,,,
"US1ILDP0118","DARIEN 0.4 SSE, IL US","2019-11-10",,,,,,
"US1ILDP0118","DARIEN 0.4 SSE, IL US","2019-11-11",,,,,,
"US1ILDP0118","DARIEN 0.4 SSE, IL US","2019-11-12",,,,,,
"US1ILDP0118","DARIEN 0.4 SSE, IL US","2019-11-13",,,,,,
"US1ILDP0118","DARIEN 0.4 SSE, IL US","2019-11-14",,,,,,
"US1ILDP0118","DARIEN 0.4 SSE, IL US","2019-11-15",,,,,,
"US1ILDP0118","DARIEN 0.4 SSE, IL US","2019-11-16",,,,,,
"US1ILDP0118","DARIEN 0.4 SSE, IL US","2019-11-17",,,,,,
"US1ILDP0118","DARIEN 0.4 SSE, IL US","2019-11-18",,,,,,
"US1ILDP0118","DARIEN 0.4 SSE, IL US","2019-11-19",,,,,,
"US1ILDP0118","DARIEN 0.4 SSE, IL US","2019-11-20",,,,,,
"US1ILDP0118","DARIEN 0.4 SSE, IL US","2019-11-21",,,,,,
"US1ILDP0118","DARIEN 0.4 SSE, IL US","2019-11-22",,,,,,
"US1ILDP0118","DARIEN 0.4 SSE, IL US","2019-11-23",,,,,,
"US1ILDP0118","DARIEN 0.4 SSE, IL US","2019-11-24",,,,,,
"US1ILDP0118","DARIEN 0.4 SSE, IL US","2019-11-25",,,,,,
"US1ILDP0118","DARIEN 0.4 SSE, IL US","2019-11-26",,,,,,
"US1ILDP0118","DARIEN 0.4 SSE, IL US","2019-11-27",,,,,,
"US1ILDP0118","DARIEN 0.4 SSE, IL US","2019-11-28",,,,,,
"US1ILDP0118","DARIEN 0.4 SSE, IL US","2019-11-29",,,,,,
"US1ILDP0118","DARIEN 0.4 SSE, IL US","2019-11-30",,,,,,
"US1ILDP0118","DARIEN 0.4 SSE, IL US","2019-12-01",,,,,,
"US1ILDP0118","DARIEN 0.4 SSE, IL US","2019-12-02",,,,,,
"US1ILDP0118","DARIEN 0.4 SSE, IL US","2019-12-03",,,,,,
"US1ILDP0118","DARIEN 0.4 SSE, IL US","2019-12-04",,,,,,
"US1ILDP0118","DARIEN 0.4 SSE, IL US","2019-12-05",,,,,,
"US1ILDP0118","DARIEN 0.4 SSE, IL US","2019-12-06",,,,,,
"US1ILDP0118","DARIEN 0.4 SSE, IL US","2019-12-07",,,,,,
"US1ILDP0118","DARIEN 0.4 SSE, IL US","2019-12-08",,,,,,
"US1ILDP0118","DARIEN 0.4 SSE, IL US","2019-12-09",,,,,,
"US1ILDP0118","DARIEN 0.4 SSE, IL US","2019-12-10",,,,,,
"US1ILDP0118","DARIEN 0.4 SSE, IL US","2019-12-11",,,,,,
"US1ILDP0118","DARIEN 0.4 SSE, IL US","2019-12-12",,,,,,
"US1ILDP0118","DARIEN 0.4 SSE, IL US","2019-12-13",,,,,,
"US1ILDP0118","DARIEN 0.4 SSE, IL US","2019-12-14",,,,,,
"US1ILDP0118","DARIEN 0.4 SSE, IL US","2019-12-15",,,,,,
"US1ILDP0118","DARIEN 0.4 SSE, IL US","2019-12-16",,,,,,
"US1ILDP0118","DARIEN 0.4 SSE, IL US","2019-12-17",,,,,,
"US1ILDP0118","DARIEN 0.4 SSE, IL US","2019-12-18",,,,,,
"US1ILDP0118","DARIEN 0.4 SSE, IL US","2019-12-19",,,,,,
"US1ILDP0118","DARIEN 0.4 SSE, IL US","2019-12-20",,,,,,
"US1ILDP0118","DARIEN 0.4 SSE, IL US","2019-12-21",,,,,,
"US1ILDP0118","DARIEN 0.4 SSE, IL US","2019-12-22",,,,,,
"US1ILDP0118","DARIEN 0.4 SSE, IL US","2019-12-23",,,,,,
"US1ILDP0118","DARIEN 0.4 SSE, IL US","2019-12-24",,,,,,
"US1ILDP0118","DARIEN 0.4 SSE, IL US","2019-12-25",,,,,,
"US1ILDP0118","DARIEN 0.4 SSE, IL US","2019-12-26",,,,,,
"US1ILDP0118","DARIEN 0.4 SSE, IL US","2019-12-27",,,,,,
"US1ILDP0118","DARIEN 0.4 SSE, IL US","2019-12-28",,,,,,
"US1ILDP0118","DARIEN 0.4 SSE, IL US","2019-12-29",,,,,,
"US1ILDP0118","DARIEN 0.4 SSE, IL US","2019-12-30",,,,,,
"US1ILDP0118","DARIEN 0.4 SSE, IL US","2019-12-31",,,,,,
"US1ILDP0118","DARIEN 0.4 SSE, IL US","2020-01-01",,,,,,
"US1ILDP0118","DARIEN 0.4 SSE, IL US","2020-01-02",,,,,,
"US1ILDP0118","DARIEN 0.4 SSE, IL US","2020-01-03",,,,,,
"US1ILDP0118","DARIEN 0.4 SSE, IL US","2020-01-04",,,,,,
"US1ILDP0118","DARIEN 0.4 SSE, IL US","2020-01-05",,,,,,
"US1ILDP0118","DARIEN 0.4 SSE, IL US","2020-01-06",,,,,,
"US1ILDP0118","DARIEN 0.4 SSE, IL US","2020-01-07",,,,,,
"US1ILDP0118","DARIEN 0.4 SSE, IL US","2020-01-08",,,,,,
"US1ILDP0118","DARIEN 0.4 SSE, IL US","2020-01-09",,,,,,
"US1ILDP0118","DARIEN 0.4 SSE, IL US","2020-01-10",,,,,,
"US1ILDP0118","DARIEN 0.4 SSE, IL US","2020-01-11",,,,,,
"US1ILDP0118","DARIEN 0.4 SSE, IL US","2020-01-12",,,,,,
"US1ILDP0118","DARIEN 0.4 SSE, IL US","2020-01-13",,,,,,
"US1ILDP0118","DARIEN 0.4 SSE, IL US","2020-01-14",,,,,,
"US1ILDP0118","DARIEN 0.4 SSE, IL US","2020-01-15",,,,,,
"US1ILDP0118","DARIEN 0.4 SSE, IL US","2020-01-16",,,,,,
"US1ILDP0118","DARIEN 0.4 SSE, IL US","2020-01-17",,,,,,
"US1ILDP0118","DARIEN 0.4 SSE, IL US","2020-01-18",,,,,,
"US1ILDP0118","DARIEN 0.4 SSE, IL US","2020-01-19",,,,,,
"US1ILDP0118","DARIEN 0.4 SSE, IL US","2020-01-20",,,,,,
"US1ILDP0118","DARIEN 0.4 SSE, IL US","2020-01-21",,,,,,
"US1ILDP0118","DARIEN 0.4 SSE, IL US","2020-01-22",,,,,,
"US1ILDP0118","DARIEN 0.4 SSE, IL US","2020-01-23",,,,,,
"US1ILDP0118","DARIEN 0.4 SSE, IL US","2020-01-24",,,,,,
"US1ILDP0118","DARIEN 0.4 SSE, IL US","2020-01-25",,,,,,
"US1ILDP0118","DARIEN 0.4 SSE, IL US","2020-01-26",,,,,,
"US1ILDP0118","DARIEN 0.4 SSE, IL US","2020-01-27",,,,,,
"US1ILDP0118","DARIEN 0.4 SSE, IL US","2020-01-28",,,,,,
"US1ILDP0118","DARIEN 0.4 SSE, IL US","2020-01-29",,,,,,
"US1ILDP0118","DARIEN 0.4 SSE, IL US","2020-01-30",,,,,,
"US1ILDP0118","DARIEN 0.4 SSE, IL US","2020-01-31",,,,,,
"US1ILDP0118","DARIEN 0.4 SSE, IL US","2020-02-01",,,,,,
"US1ILDP0118","DARIEN 0.4 SSE, IL US","2020-02-02",,,,,,
"US1ILDP0118","DARIEN 0.4 SSE, IL US","2020-02-03",,,,,,
"US1ILDP0118","DARIEN 0.4 SSE, IL US","2020-02-04",,,,,,
"US1ILDP0118","DARIEN 0.4 SSE, IL US","2020-02-05",,,,,,
"US1ILDP0118","DARIEN 0.4 SSE, IL US","2020-02-06",,,,,,
"US1ILDP0118","DARIEN 0.4 SSE, IL US","2020-02-07",,,,,,
"US1ILDP0118","DARIEN 0.4 SSE, IL US","2020-02-08",,,,,,
"US1ILDP0118","DARIEN 0.4 SSE, IL US","2020-02-09",,,,,,
"US1ILDP0118","DARIEN 0.4 SSE, IL US","2020-02-10",,,,,,
"US1ILDP0118","DARIEN 0.4 SSE, IL US","2020-02-11",,,,,,
"US1ILDP0118","DARIEN 0.4 SSE, IL US","2020-02-12",,,,,,
"US1ILDP0118","DARIEN 0.4 SSE, IL US","2020-02-13",,,,,,
"US1ILDP0118","DARIEN 0.4 SSE, IL US","2020-02-14",,,,,,
"US1ILDP0118","DARIEN 0.4 SSE, IL US","2020-02-15",,,,,,
"US1ILDP0118","DARIEN 0.4 SSE, IL US","2020-02-16",,,,,,
"US1ILDP0118","DARIEN 0.4 SSE, IL US","2020-02-17",,,,,,
"US1ILDP0118","DARIEN 0.4 SSE, IL US","2020-02-18",,,,,,
"US1ILDP0118","DARIEN 0.4 SSE, IL US","2020-02-19",,,,,,
"US1ILDP0118","DARIEN 0.4 SSE, IL US","2020-02-20",,,,,,
"US1ILDP0118","DARIEN 0.4 SSE, IL US","2020-02-21",,,,,,
"US1ILDP0118","DARIEN 0.4 SSE, IL US","2020-02-22",,,,,,
"US1ILDP0118","DARIEN 0.4 SSE, IL US","2020-02-23",,,,,,
"US1ILDP0118","DARIEN 0.4 SSE, IL US","2020-02-24",,,,,,
"US1ILDP0118","DARIEN 0.4 SSE, IL US","2020-02-25",,,,,,
"US1ILDP0118","DARIEN 0.4 SSE, IL US","2020-02-26",,,,,,
"US1ILDP0118","DARIEN 0.4 SSE, IL US","2020-02-27",,,,,,
"US1ILDP0118","DARIEN 0.4 SSE, IL US","2020-02-28",,,,,,
"US1ILDP0118","DARIEN 0.4 SSE, IL US","2020-02-29",,,,,,
"US1ILDP0118","DARIEN 0.4 SSE, IL US","2020-03-01",,,,,,
"US1ILDP0118","DARIEN 0.4 SSE, IL US","2020-03-02",,,,,,
"US1ILDP0118","DARIEN 0.4 SSE, IL US","2020-03-03",,,,,,
"US1ILDP0118","DARIEN 0.4 SSE, IL US","2020-03-04",,,,,,
"US1ILDP0118","DARIEN 0.4 SSE, IL US","2020-03-05",,,,,,
"US1ILDP0118","DARIEN 0.4 SSE, IL US","2020-03-06",,,,,,
"US1ILDP0118","DARIEN 0.4 SSE, IL US","2020-03-07",,,,,,
"US1ILDP0118","DARIEN 0.4 SSE, IL US","2020-03-08",,,,,,
"US1ILDP0118","DARIEN 0.4 SSE, IL US","2020-03-09",,,,,,
"US1ILDP0118","DARIEN 0.4 SSE, IL US","2020-03-10",,,,,,
"US1ILDP0118","DARIEN 0.4 SSE, IL US","2020-03-11",,,,,,
"US1ILDP0118","DARIEN 0.4 SSE, IL US","2020-03-12",,,,,,
"US1ILDP0118","DARIEN 0.4 SSE, IL US","2020-03-13",,,,,,
"US1ILDP0118","DARIEN 0.4 SSE, IL US","2020-03-14",,,,,,
"US1ILDP0118","DARIEN 0.4 SSE, IL US","2020-03-15",,,,,,
"US1ILDP0118","DARIEN 0.4 SSE, IL US","2020-03-16",,,,,,
"US1ILDP0118","DARIEN 0.4 SSE, IL US","2020-03-17",,,,,,
"US1ILDP0118","DARIEN 0.4 SSE, IL US","2020-03-18",,,,,,
"US1ILDP0118","DARIEN 0.4 SSE, IL US","2020-03-19",,,,,,
"US1ILDP0118","DARIEN 0.4 SSE, IL US","2020-03-20",,,,,,
"US1ILDP0118","DARIEN 0.4 SSE, IL US","2020-03-21",,,,,,
"US1ILDP0118","DARIEN 0.4 SSE, IL US","2020-03-22",,,,,,
"US1ILDP0118","DARIEN 0.4 SSE, IL US","2020-03-23",,,,,,
"US1ILDP0118","DARIEN 0.4 SSE, IL US","2020-03-24",,,,,,
"US1ILDP0118","DARIEN 0.4 SSE, IL US","2020-03-25",,,,,,
"US1ILDP0118","DARIEN 0.4 SSE, IL US","2020-03-26",,,,,,
"US1ILDP0118","DARIEN 0.4 SSE, IL US","2020-03-27",,,,,,
"US1ILDP0118","DARIEN 0.4 SSE, IL US","2020-03-28",,,,,,
"US1ILDP0118","DARIEN 0.4 SSE, IL US","2020-03-29",,,,,,
"US1ILDP0118","DARIEN 0.4 SSE, IL US","2020-03-30",,,,,,
"US1ILDP0118","DARIEN 0.4 SSE, IL US","2020-03-31",,,,,,
"US1ILDP0118","DARIEN 0.4 SSE, IL US","2020-04-01",,,,,,
"US1ILDP0118","DARIEN 0.4 SSE, IL US","2020-04-02",,,,,,
"US1ILDP0118","DARIEN 0.4 SSE, IL US","2020-04-03",,,,,,
"US1ILDP0118","DARIEN 0.4 SSE, IL US","2020-04-05",,,,,,
"US1ILDP0118","DARIEN 0.4 SSE, IL US","2020-04-06",,,,,,
"US1ILDP0118","DARIEN 0.4 SSE, IL US","2020-04-07",,,,,,
"US1ILDP0118","DARIEN 0.4 SSE, IL US","2020-04-08",,,,,,
"US1ILDP0118","DARIEN 0.4 SSE, IL US","2020-04-09",,,,,,
"US1ILDP0118","DARIEN 0.4 SSE, IL US","2020-04-10",,,,,,
"US1ILDP0118","DARIEN 0.4 SSE, IL US","2020-04-11",,,,,,
"US1ILDP0118","DARIEN 0.4 SSE, IL US","2020-04-12",,,,,,
"US1ILDP0118","DARIEN 0.4 SSE, IL US","2020-04-13",,,,,,
"US1ILDP0118","DARIEN 0.4 SSE, IL US","2020-04-14",,,,,,
"US1ILDP0118","DARIEN 0.4 SSE, IL US","2020-04-15",,,,,,
"US1ILDP0118","DARIEN 0.4 SSE, IL US","2020-04-16",,,,,,
"US1ILDP0118","DARIEN 0.4 SSE, IL US","2020-04-17",,,,,,
"US1ILDP0118","DARIEN 0.4 SSE, IL US","2020-04-18",,,,,,
"US1ILDP0118","DARIEN 0.4 SSE, IL US","2020-04-19",,,,,,
"US1ILDP0118","DARIEN 0.4 SSE, IL US","2020-04-20",,,,,,
"US1ILDP0118","DARIEN 0.4 SSE, IL US","2020-04-21",,,,,,
"US1ILDP0118","DARIEN 0.4 SSE, IL US","2020-04-22",,,,,,
"US1ILDP0118","DARIEN 0.4 SSE, IL US","2020-04-23",,,,,,
"US1ILDP0118","DARIEN 0.4 SSE, IL US","2020-04-24",,,,,,
"US1ILDP0118","DARIEN 0.4 SSE, IL US","2020-04-25",,,,,,
"US1ILDP0118","DARIEN 0.4 SSE, IL US","2020-04-26",,,,,,
"US1ILDP0118","DARIEN 0.4 SSE, IL US","2020-04-27",,,,,,
"US1ILDP0118","DARIEN 0.4 SSE, IL US","2020-04-28",,,,,,
"US1ILDP0118","DARIEN 0.4 SSE, IL US","2020-04-29",,,,,,
"US1ILDP0118","DARIEN 0.4 SSE, IL US","2020-04-30",,,,,,
"US1ILDP0118","DARIEN 0.4 SSE, IL US","2020-05-01",,,,,,
"US1ILDP0118","DARIEN 0.4 SSE, IL US","2020-05-02",,,,,,
"US1ILDP0118","DARIEN 0.4 SSE, IL US","2020-05-03",,,,,,
"US1ILDP0118","DARIEN 0.4 SSE, IL US","2020-05-04",,,,,,
"US1ILDP0118","DARIEN 0.4 SSE, IL US","2020-05-05",,,,,,
"US1ILDP0118","DARIEN 0.4 SSE, IL US","2020-05-06",,,,,,
"US1ILDP0118","DARIEN 0.4 SSE, IL US","2020-05-07",,,,,,
"US1ILDP0118","DARIEN 0.4 SSE, IL US","2020-05-08",,,,,,
"US1ILDP0118","DARIEN 0.4 SSE, IL US","2020-05-09",,,,,,
"US1ILDP0118","DARIEN 0.4 SSE, IL US","2020-05-10",,,,,,
"US1ILDP0118","DARIEN 0.4 SSE, IL US","2020-05-11",,,,,,
"US1ILDP0118","DARIEN 0.4 SSE, IL US","2020-05-12",,,,,,
"US1ILDP0118","DARIEN 0.4 SSE, IL US","2020-05-13",,,,,,
"US1ILDP0118","DARIEN 0.4 SSE, IL US","2020-05-14",,,,,,
"US1ILDP0118","DARIEN 0.4 SSE, IL US","2020-05-15",,,,,,
"US1ILDP0118","DARIEN 0.4 SSE, IL US","2020-05-16",,,,,,
"US1ILDP0118","DARIEN 0.4 SSE, IL US","2020-05-17",,,,,,
"US1ILDP0118","DARIEN 0.4 SSE, IL US","2020-05-18",,,,,,
"US1ILDP0118","DARIEN 0.4 SSE, IL US","2020-05-19",,,,,,
"US1ILDP0118","DARIEN 0.4 SSE, IL US","2020-05-20",,,,,,
"US1ILDP0118","DARIEN 0.4 SSE, IL US","2020-05-21",,,,,,
"US1ILDP0118","DARIEN 0.4 SSE, IL US","2020-05-22",,,,,,
"US1ILDP0118","DARIEN 0.4 SSE, IL US","2020-05-23",,,,,,
"US1ILDP0118","DARIEN 0.4 SSE, IL US","2020-05-24",,,,,,
"US1ILDP0118","DARIEN 0.4 SSE, IL US","2020-05-25",,,,,,
"US1ILDP0118","DARIEN 0.4 SSE, IL US","2020-05-26",,,,,,
"US1ILDP0118","DARIEN 0.4 SSE, IL US","2020-05-27",,,,,,
"US1ILDP0118","DARIEN 0.4 SSE, IL US","2020-05-28",,,,,,
"US1ILDP0118","DARIEN 0.4 SSE, IL US","2020-05-29",,,,,,
"US1ILDP0118","DARIEN 0.4 SSE, IL US","2020-05-30",,,,,,
"US1ILDP0118","DARIEN 0.4 SSE, IL US","2020-05-31",,,,,,
"US1ILDP0118","DARIEN 0.4 SSE, IL US","2020-06-01",,,,,,
"US1ILDP0118","DARIEN 0.4 SSE, IL US","2020-06-02",,,,,,
"US1ILDP0118","DARIEN 0.4 SSE, IL US","2020-06-03",,,,,,
"US1ILDP0118","DARIEN 0.4 SSE, IL US","2020-06-04",,,,,,
"US1ILDP0118","DARIEN 0.4 SSE, IL US","2020-06-05",,,,,,
"US1ILDP0118","DARIEN 0.4 SSE, IL US","2020-06-06",,,,,,
"US1ILDP0118","DARIEN 0.4 SSE, IL US","2020-06-08",,,,,,
"US1ILDP0118","DARIEN 0.4 SSE, IL US","2020-06-10",,,,,,
"US1ILDP0118","DARIEN 0.4 SSE, IL US","2020-06-11",,,,,,
"US1ILDP0118","DARIEN 0.4 SSE, IL US","2020-06-12",,,,,,
"US1ILDP0118","DARIEN 0.4 SSE, IL US","2020-06-13",,,,,,
"US1ILDP0118","DARIEN 0.4 SSE, IL US","2020-06-14",,,,,,
"US1ILDP0118","DARIEN 0.4 SSE, IL US","2020-06-15",,,,,,
"US1ILDP0118","DARIEN 0.4 SSE, IL US","2020-06-16",,,,,,
"US1ILDP0118","DARIEN 0.4 SSE, IL US","2020-06-17",,,,,,
"US1ILDP0118","DARIEN 0.4 SSE, IL US","2020-06-18",,,,,,
"US1ILDP0118","DARIEN 0.4 SSE, IL US","2020-06-19",,,,,,
"US1ILDP0118","DARIEN 0.4 SSE, IL US","2020-06-20",,,,,,
"US1ILDP0118","DARIEN 0.4 SSE, IL US","2020-06-21",,,,,,
"US1ILDP0118","DARIEN 0.4 SSE, IL US","2020-06-22",,,,,,
"US1ILDP0118","DARIEN 0.4 SSE, IL US","2020-06-23",,,,,,
"US1ILDP0118","DARIEN 0.4 SSE, IL US","2020-06-24",,,,,,
"US1ILDP0118","DARIEN 0.4 SSE, IL US","2020-06-25",,,,,,
"US1ILDP0118","DARIEN 0.4 SSE, IL US","2020-06-26",,,,,,
"US1ILDP0118","DARIEN 0.4 SSE, IL US","2020-06-27",,,,,,
"US1ILDP0118","DARIEN 0.4 SSE, IL US","2020-06-28",,,,,,
"US1ILDP0118","DARIEN 0.4 SSE, IL US","2020-06-29",,,,,,
"US1ILDP0118","DARIEN 0.4 SSE, IL US","2020-06-30",,,,,,
"US1ILDP0118","DARIEN 0.4 SSE, IL US","2020-07-01",,,,,,
"US1ILDP0118","DARIEN 0.4 SSE, IL US","2020-07-02",,,,,,
"US1ILDP0118","DARIEN 0.4 SSE, IL US","2020-07-03",,,,,,
"US1ILDP0118","DARIEN 0.4 SSE, IL US","2020-07-04",,,,,,
"US1ILDP0118","DARIEN 0.4 SSE, IL US","2020-07-05",,,,,,
"US1ILDP0118","DARIEN 0.4 SSE, IL US","2020-07-06",,,,,,
"US1ILDP0118","DARIEN 0.4 SSE, IL US","2020-07-07",,,,,,
"US1ILDP0118","DARIEN 0.4 SSE, IL US","2020-07-08",,,,,,
"US1ILDP0118","DARIEN 0.4 SSE, IL US","2020-07-09",,,,,,
"US1ILDP0118","DARIEN 0.4 SSE, IL US","2020-07-10",,,,,,
"US1ILDP0118","DARIEN 0.4 SSE, IL US","2020-07-11",,,,,,
"US1ILDP0118","DARIEN 0.4 SSE, IL US","2020-07-12",,,,,,
"US1ILDP0118","DARIEN 0.4 SSE, IL US","2020-07-13",,,,,,
"US1ILDP0118","DARIEN 0.4 SSE, IL US","2020-07-14",,,,,,
"US1ILDP0118","DARIEN 0.4 SSE, IL US","2020-07-15",,,,,,
"US1ILDP0118","DARIEN 0.4 SSE, IL US","2020-07-16",,,,,,
"US1ILDP0118","DARIEN 0.4 SSE, IL US","2020-07-17",,,,,,
"US1ILDP0118","DARIEN 0.4 SSE, IL US","2020-07-18",,,,,,
"US1ILDP0118","DARIEN 0.4 SSE, IL US","2020-07-19",,,,,,
"US1ILDP0118","DARIEN 0.4 SSE, IL US","2020-07-20",,,,,,
"US1ILDP0118","DARIEN 0.4 SSE, IL US","2020-07-21",,,,,,
"US1ILDP0118","DARIEN 0.4 SSE, IL US","2020-07-22",,,,,,
"US1ILDP0118","DARIEN 0.4 SSE, IL US","2020-07-23",,,,,,
"US1ILDP0118","DARIEN 0.4 SSE, IL US","2020-07-24",,,,,,
"US1ILDP0118","DARIEN 0.4 SSE, IL US","2020-07-25",,,,,,
"US1ILDP0118","DARIEN 0.4 SSE, IL US","2020-07-26",,,,,,
"US1ILDP0118","DARIEN 0.4 SSE, IL US","2020-07-27",,,,,,
"US1ILDP0118","DARIEN 0.4 SSE, IL US","2020-07-28",,,,,,
"US1ILDP0118","DARIEN 0.4 SSE, IL US","2020-07-29",,,,,,
"US1ILDP0118","DARIEN 0.4 SSE, IL US","2020-07-30",,,,,,
"US1ILDP0118","DARIEN 0.4 SSE, IL US","2020-07-31",,,,,,
"US1ILDP0118","DARIEN 0.4 SSE, IL US","2020-08-01",,,,,,
"US1ILDP0118","DARIEN 0.4 SSE, IL US","2020-08-02",,,,,,
"US1ILDP0118","DARIEN 0.4 SSE, IL US","2020-08-03",,,,,,
"US1ILDP0118","DARIEN 0.4 SSE, IL US","2020-08-04",,,,,,
"US1ILDP0118","DARIEN 0.4 SSE, IL US","2020-08-05",,,,,,
"US1ILDP0118","DARIEN 0.4 SSE, IL US","2020-08-06",,,,,,
"US1ILDP0118","DARIEN 0.4 SSE, IL US","2020-08-07",,,,,,
"US1ILDP0118","DARIEN 0.4 SSE, IL US","2020-08-08",,,,,,
"US1ILDP0118","DARIEN 0.4 SSE, IL US","2020-08-09",,,,,,
"US1ILDP0118","DARIEN 0.4 SSE, IL US","2020-08-10",,,,,,
"US1ILDP0118","DARIEN 0.4 SSE, IL US","2020-08-11",,,,,,
"US1ILDP0118","DARIEN 0.4 SSE, IL US","2020-08-12",,,,,,
"US1ILDP0118","DARIEN 0.4 SSE, IL US","2020-08-13",,,,,,
"US1ILDP0118","DARIEN 0.4 SSE, IL US","2020-08-14",,,,,,
"US1ILDP0118","DARIEN 0.4 SSE, IL US","2020-08-15",,,,,,
"US1ILDP0118","DARIEN 0.4 SSE, IL US","2020-08-16",,,,,,
"US1ILDP0118","DARIEN 0.4 SSE, IL US","2020-08-17",,,,,,
"US1ILDP0118","DARIEN 0.4 SSE, IL US","2020-08-18",,,,,,
"US1ILDP0118","DARIEN 0.4 SSE, IL US","2020-08-19",,,,,,
"US1ILDP0118","DARIEN 0.4 SSE, IL US","2020-08-20",,,,,,
"US1ILDP0118","DARIEN 0.4 SSE, IL US","2020-08-21",,,,,,
"US1ILDP0118","DARIEN 0.4 SSE, IL US","2020-08-22",,,,,,
"US1ILDP0118","DARIEN 0.4 SSE, IL US","2020-08-23",,,,,,
"US1ILDP0118","DARIEN 0.4 SSE, IL US","2020-08-24",,,,,,
"US1ILDP0118","DARIEN 0.4 SSE, IL US","2020-08-25",,,,,,
"US1ILDP0118","DARIEN 0.4 SSE, IL US","2020-08-26",,,,,,
"US1ILDP0118","DARIEN 0.4 SSE, IL US","2020-08-27",,,,,,
"US1ILDP0118","DARIEN 0.4 SSE, IL US","2020-08-28",,,,,,
"US1ILDP0118","DARIEN 0.4 SSE, IL US","2020-08-29",,,,,,
"US1ILDP0118","DARIEN 0.4 SSE, IL US","2020-08-30",,,,,,
"US1ILDP0118","DARIEN 0.4 SSE, IL US","2020-08-31",,,,,,
"US1ILDP0118","DARIEN 0.4 SSE, IL US","2020-09-01",,,,,,
"US1ILDP0118","DARIEN 0.4 SSE, IL US","2020-09-02",,,,,,
"US1ILDP0118","DARIEN 0.4 SSE, IL US","2020-09-03",,,,,,
"US1ILDP0118","DARIEN 0.4 SSE, IL US","2020-09-04",,,,,,
"US1ILDP0118","DARIEN 0.4 SSE, IL US","2020-09-05",,,,,,
"US1ILDP0118","DARIEN 0.4 SSE, IL US","2020-09-06",,,,,,
"US1ILDP0118","DARIEN 0.4 SSE, IL US","2020-09-07",,,,,,
"US1ILWL0072","NEW LENOX 2.9 ENE, IL US","2019-10-02",,,,,,
"US1ILWL0072","NEW LENOX 2.9 ENE, IL US","2019-10-03",,,,,,
"US1ILWL0072","NEW LENOX 2.9 ENE, IL US","2019-10-06",,,,,,
"US1ILWL0072","NEW LENOX 2.9 ENE, IL US","2019-10-11",,,,,,
"US1ILWL0072","NEW LENOX 2.9 ENE, IL US","2019-10-16",,,,,,
"US1ILWL0072","NEW LENOX 2.9 ENE, IL US","2019-10-22",,,,,,
"US1ILWL0072","NEW LENOX 2.9 ENE, IL US","2019-10-27",,,,,,
"US1ILWL0072","NEW LENOX 2.9 ENE, IL US","2019-10-29",,,,,,
"US1ILWL0072","NEW LENOX 2.9 ENE, IL US","2019-10-30",,,,,,
"US1ILWL0072","NEW LENOX 2.9 ENE, IL US","2019-10-31",,,,,,
"US1ILWL0072","NEW LENOX 2.9 ENE, IL US","2019-11-20",,,,,,
"US1ILWL0072","NEW LENOX 2.9 ENE, IL US","2019-11-21",,,,,,
"US1ILWL0072","NEW LENOX 2.9 ENE, IL US","2019-11-27",,,,,,
"US1ILWL0072","NEW LENOX 2.9 ENE, IL US","2019-11-29",,,,,,
"US1ILWL0072","NEW LENOX 2.9 ENE, IL US","2019-11-30",,,,,,
"US1ILWL0072","NEW LENOX 2.9 ENE, IL US","2019-12-01",,,,,,
"US1ILWL0072","NEW LENOX 2.9 ENE, IL US","2019-12-09",,,,,,
"US1ILWL0072","NEW LENOX 2.9 ENE, IL US","2019-12-30",,,,,,
"US1ILWL0072","NEW LENOX 2.9 ENE, IL US","2020-02-06",,,,,,
"US1ILWL0072","NEW LENOX 2.9 ENE, IL US","2020-03-20",,,,,,
"US1ILWL0072","NEW LENOX 2.9 ENE, IL US","2020-03-29",,,,,,
"US1ILWL0072","NEW LENOX 2.9 ENE, IL US","2020-04-04",,,,,,
"US1ILWL0072","NEW LENOX 2.9 ENE, IL US","2020-04-07",,,,,,
"US1ILWL0072","NEW LENOX 2.9 ENE, IL US","2020-04-08",,,,,,
"US1ILWL0072","NEW LENOX 2.9 ENE, IL US","2020-04-09",,,,,,
"US1ILWL0072","NEW LENOX 2.9 ENE, IL US","2020-04-12",,,,,,
"US1ILWL0072","NEW LENOX 2.9 ENE, IL US","2020-04-26",,,,,,
"US1ILWL0072","NEW LENOX 2.9 ENE, IL US","2020-04-28",,,,,,
"US1ILWL0072","NEW LENOX 2.9 ENE, IL US","2020-04-30",,,,,,
"US1ILWL0072","NEW LENOX 2.9 ENE, IL US","2020-05-01",,,,,,
"US1ILWL0072","NEW LENOX 2.9 ENE, IL US","2020-05-05",,,,,,
"US1ILWL0072","NEW LENOX 2.9 ENE, IL US","2020-05-06",,,,,,
"US1ILWL0072","NEW LENOX 2.9 ENE, IL US","2020-05-11",,,,,,
"US1ILWL0072","NEW LENOX 2.9 ENE, IL US","2020-05-14",,,,,,
"US1ILWL0072","NEW LENOX 2.9 ENE, IL US","2020-05-15",,,,,,
"US1ILWL0072","NEW LENOX 2.9 ENE, IL US","2020-05-16",,,,,,
"US1ILWL0072","NEW LENOX 2.9 ENE, IL US","2020-05-17",,,,,,
"US1ILWL0072","NEW LENOX 2.9 ENE, IL US","2020-05-18",,,,,,
"US1ILWL0072","NEW LENOX 2.9 ENE, IL US","2020-05-19",,,,,,
"US1ILWL0072","NEW LENOX 2.9 ENE, IL US","2020-05-20",,,,,,
"US1ILWL0072","NEW LENOX 2.9 ENE, IL US","2020-05-22",,,,,,
"US1ILWL0072","NEW LENOX 2.9 ENE, IL US","2020-05-24",,,,,,
"US1ILWL0072","NEW LENOX 2.9 ENE, IL US","2020-05-25",,,,,,
"US1ILWL0072","NEW LENOX 2.9 ENE, IL US","2020-05-28",,,,,,
"US1ILWL0072","NEW LENOX 2.9 ENE, IL US","2020-05-29",,,,,,
"US1ILWL0072","NEW LENOX 2.9 ENE, IL US","2020-06-04",,,,,,
"US1ILWL0072","NEW LENOX 2.9 ENE, IL US","2020-06-10",,,,,,
"US1ILWL0072","NEW LENOX 2.9 ENE, IL US","2020-06-11",,,,,,
"US1ILWL0072","NEW LENOX 2.9 ENE, IL US","2020-06-13",,,,,,
"US1ILWL0072","NEW LENOX 2.9 ENE, IL US","2020-06-21",,,,,,
"US1ILWL0072","NEW LENOX 2.9 ENE, IL US","2020-06-23",,,,,,
"US1ILWL0072","NEW LENOX 2.9 ENE, IL US","2020-06-24",,,,,,
"US1ILWL0072","NEW LENOX 2.9 ENE, IL US","2020-06-26",,,,,,
"US1ILWL0072","NEW LENOX 2.9 ENE, IL US","2020-06-27",,,,,,
"US1ILWL0072","NEW LENOX 2.9 ENE, IL US","2020-06-28",,,,,,
"US1ILWL0072","NEW LENOX 2.9 ENE, IL US","2020-06-30",,,,,,
"US1ILWL0072","NEW LENOX 2.9 ENE, IL US","2020-07-01",,,,,,
"US1ILWL0072","NEW LENOX 2.9 ENE, IL US","2020-07-09",,,,,,
"US1ILWL0072","NEW LENOX 2.9 ENE, IL US","2020-07-10",,,,,,
"US1ILWL0072","NEW LENOX 2.9 ENE, IL US","2020-07-12",,,,,,
"US1ILWL0072","NEW LENOX 2.9 ENE, IL US","2020-07-16",,,,,,
"US1ILWL0072","NEW LENOX 2.9 ENE, IL US","2020-07-19",,,,,,
"US1ILWL0072","NEW LENOX 2.9 ENE, IL US","2020-07-20",,,,,,
"US1ILWL0072","NEW LENOX 2.9 ENE, IL US","2020-07-22",,,,,,
"US1ILWL0072","NEW LENOX 2.9 ENE, IL US","2020-07-27",,,,,,
"US1ILWL0072","NEW LENOX 2.9 ENE, IL US","2020-07-28",,,,,,
"US1ILWL0072","NEW LENOX 2.9 ENE, IL US","2020-07-31",,,,,,
"US1ILWL0072","NEW LENOX 2.9 ENE, IL US","2020-08-02",,,,,,
"US1ILWL0072","NEW LENOX 2.9 ENE, IL US","2020-08-03",,,,,,
"US1ILWL0072","NEW LENOX 2.9 ENE, IL US","2020-08-10",,,,,,
"US1ILWL0072","NEW LENOX 2.9 ENE, IL US","2020-08-11",,,,,,
"US1ILWL0072","NEW LENOX 2.9 ENE, IL US","2020-08-17",,,,,,
"US1ILWL0072","NEW LENOX 2.9 ENE, IL US","2020-08-24",,,,,,
"US1ILWL0072","NEW LENOX 2.9 ENE, IL US","2020-08-29",,,,,,
"US1ILWL0072","NEW LENOX 2.9 ENE, IL US","2020-09-02",,,,,,
"US1ILWL0072","NEW LENOX 2.9 ENE, IL US","2020-09-03",,,,,,
"US1ILWL0072","NEW LENOX 2.9 ENE, IL US","2020-09-06",,,,,,
"US1ILWL0072","NEW LENOX 2.9 ENE, IL US","2020-09-07",,,,,,
"US1ILWL0072","NEW LENOX 2.9 ENE, IL US","2020-09-08",,,,,,
"US1ILCK0088","COUNTRYSIDE 0.8 ENE, IL US","2019-10-01",,,,,,
"US1ILCK0088","COUNTRYSIDE 0.8 ENE, IL US","2019-10-02",,,,,,
"US1ILCK0088","COUNTRYSIDE 0.8 ENE, IL US","2019-10-03",,,,,,
"US1ILCK0088","COUNTRYSIDE 0.8 ENE, IL US","2019-10-05",,,,,,
"US1ILCK0088","COUNTRYSIDE 0.8 ENE, IL US","2019-10-06",,,,,,
"US1ILCK0088","COUNTRYSIDE 0.8 ENE, IL US","2019-10-07",,,,,,
"US1ILCK0088","COUNTRYSIDE 0.8 ENE, IL US","2019-10-09",,,,,,
"US1ILCK0088","COUNTRYSIDE 0.8 ENE, IL US","2019-10-12",,,,,,
"US1ILCK0088","COUNTRYSIDE 0.8 ENE, IL US","2019-10-14",,,,,,
"US1ILCK0088","COUNTRYSIDE 0.8 ENE, IL US","2019-10-15",,,,,,
"US1ILCK0088","COUNTRYSIDE 0.8 ENE, IL US","2019-10-16",,,,,,
"US1ILCK0088","COUNTRYSIDE 0.8 ENE, IL US","2019-10-17",,,,,,
"US1ILCK0088","COUNTRYSIDE 0.8 ENE, IL US","2019-10-19",,,,,,
"US1ILCK0088","COUNTRYSIDE 0.8 ENE, IL US","2019-10-20",,,,,,
"US1ILCK0088","COUNTRYSIDE 0.8 ENE, IL US","2019-10-21",,,,,,
"US1ILCK0088","COUNTRYSIDE 0.8 ENE, IL US","2019-10-22",,,,,,
"US1ILCK0088","COUNTRYSIDE 0.8 ENE, IL US","2019-10-23",,,,,,
"US1ILCK0088","COUNTRYSIDE 0.8 ENE, IL US","2019-10-24",,,,,,
"US1ILCK0088","COUNTRYSIDE 0.8 ENE, IL US","2019-10-25",,,,,,
"US1ILCK0088","COUNTRYSIDE 0.8 ENE, IL US","2019-10-26",,,,,,
"US1ILCK0088","COUNTRYSIDE 0.8 ENE, IL US","2019-10-27",,,,,,
"US1ILCK0088","COUNTRYSIDE 0.8 ENE, IL US","2019-10-28",,,,,,
"US1ILCK0088","COUNTRYSIDE 0.8 ENE, IL US","2019-10-29",,,,,,
"US1ILCK0088","COUNTRYSIDE 0.8 ENE, IL US","2019-10-30",,,,,,
"US1ILCK0088","COUNTRYSIDE 0.8 ENE, IL US","2019-11-05",,,,,,
"US1ILCK0088","COUNTRYSIDE 0.8 ENE, IL US","2019-11-06",,,,,,
"US1ILCK0088","COUNTRYSIDE 0.8 ENE, IL US","2019-11-07",,,,,,
"US1ILCK0088","COUNTRYSIDE 0.8 ENE, IL US","2019-11-08",,,,,,
"US1ILCK0088","COUNTRYSIDE 0.8 ENE, IL US","2019-11-09",,,,,,
"US1ILCK0088","COUNTRYSIDE 0.8 ENE, IL US","2019-11-10",,,,,,
"US1ILCK0088","COUNTRYSIDE 0.8 ENE, IL US","2019-11-12",,,,,,
"US1ILCK0088","COUNTRYSIDE 0.8 ENE, IL US","2019-11-14",,,,,,
"US1ILCK0088","COUNTRYSIDE 0.8 ENE, IL US","2019-11-16",,,,,,
"US1ILCK0088","COUNTRYSIDE 0.8 ENE, IL US","2019-11-17",,,,,,
"US1ILCK0088","COUNTRYSIDE 0.8 ENE, IL US","2019-11-18",,,,,,
"US1ILCK0088","COUNTRYSIDE 0.8 ENE, IL US","2019-11-21",,,,,,
"US1ILCK0088","COUNTRYSIDE 0.8 ENE, IL US","2019-11-22",,,,,,
"US1ILCK0088","COUNTRYSIDE 0.8 ENE, IL US","2019-11-23",,,,,,
"US1ILCK0088","COUNTRYSIDE 0.8 ENE, IL US","2019-11-24",,,,,,
"US1ILCK0088","COUNTRYSIDE 0.8 ENE, IL US","2019-11-27",,,,,,
"US1ILCK0088","COUNTRYSIDE 0.8 ENE, IL US","2019-11-28",,,,,,
"US1ILCK0088","COUNTRYSIDE 0.8 ENE, IL US","2019-11-29",,,,,,
"US1ILCK0088","COUNTRYSIDE 0.8 ENE, IL US","2019-11-30",,,,,,
"US1ILCK0088","COUNTRYSIDE 0.8 ENE, IL US","2019-12-01",,,,,,
"US1ILCK0088","COUNTRYSIDE 0.8 ENE, IL US","2019-12-02",,,,,,
"US1ILCK0088","COUNTRYSIDE 0.8 ENE, IL US","2019-12-06",,,,,,
"US1ILCK0088","COUNTRYSIDE 0.8 ENE, IL US","2019-12-08",,,,,,
"US1ILCK0088","COUNTRYSIDE 0.8 ENE, IL US","2019-12-09",,,,,,
"US1ILCK0088","COUNTRYSIDE 0.8 ENE, IL US","2019-12-10",,,,,,
"US1ILCK0088","COUNTRYSIDE 0.8 ENE, IL US","2019-12-11",,,,,,
"US1ILCK0088","COUNTRYSIDE 0.8 ENE, IL US","2019-12-13",,,,,,
"US1ILCK0088","COUNTRYSIDE 0.8 ENE, IL US","2019-12-14",,,,,,
"US1ILCK0088","COUNTRYSIDE 0.8 ENE, IL US","2019-12-15",,,,,,
"US1ILCK0088","COUNTRYSIDE 0.8 ENE, IL US","2019-12-16",,,,,,
"US1ILCK0088","COUNTRYSIDE 0.8 ENE, IL US","2019-12-17",,,,,,
"US1ILCK0088","COUNTRYSIDE 0.8 ENE, IL US","2019-12-18",,,,,,
"US1ILCK0088","COUNTRYSIDE 0.8 ENE, IL US","2019-12-20",,,,,,
"US1ILCK0088","COUNTRYSIDE 0.8 ENE, IL US","2019-12-21",,,,,,
"US1ILCK0088","COUNTRYSIDE 0.8 ENE, IL US","2019-12-22",,,,,,
"US1ILCK0088","COUNTRYSIDE 0.8 ENE, IL US","2019-12-25",,,,,,
"US1ILCK0088","COUNTRYSIDE 0.8 ENE, IL US","2019-12-27",,,,,,
"US1ILCK0088","COUNTRYSIDE 0.8 ENE, IL US","2019-12-28",,,,,,
"US1ILCK0088","COUNTRYSIDE 0.8 ENE, IL US","2019-12-29",,,,,,
"US1ILCK0088","COUNTRYSIDE 0.8 ENE, IL US","2019-12-30",,,,,,
"US1ILCK0088","COUNTRYSIDE 0.8 ENE, IL US","2019-12-31",,,,,,
"US1ILCK0088","COUNTRYSIDE 0.8 ENE, IL US","2020-01-01",,,,,,
"US1ILCK0088","COUNTRYSIDE 0.8 ENE, IL US","2020-01-02",,,,,,
"US1ILCK0088","COUNTRYSIDE 0.8 ENE, IL US","2020-01-03",,,,,,
"US1ILCK0088","COUNTRYSIDE 0.8 ENE, IL US","2020-01-04",,,,,,
"US1ILCK0088","COUNTRYSIDE 0.8 ENE, IL US","2020-01-05",,,,,,
"US1ILCK0088","COUNTRYSIDE 0.8 ENE, IL US","2020-01-08",,,,,,
"US1ILCK0088","COUNTRYSIDE 0.8 ENE, IL US","2020-01-10",,,,,,
"US1ILCK0088","COUNTRYSIDE 0.8 ENE, IL US","2020-01-11",,,,,,
"US1ILCK0088","COUNTRYSIDE 0.8 ENE, IL US","2020-01-12",,,,,,
"US1ILCK0088","COUNTRYSIDE 0.8 ENE, IL US","2020-01-13",,,,,,
"US1ILCK0088","COUNTRYSIDE 0.8 ENE, IL US","2020-01-14",,,,,,
"US1ILCK0088","COUNTRYSIDE 0.8 ENE, IL US","2020-01-15",,,,,,
"US1ILCK0088","COUNTRYSIDE 0.8 ENE, IL US","2020-01-16",,,,,,
"US1ILCK0088","COUNTRYSIDE 0.8 ENE, IL US","2020-01-17",,,,,,
"US1ILCK0088","COUNTRYSIDE 0.8 ENE, IL US","2020-01-22",,,,,,
"US1ILCK0088","COUNTRYSIDE 0.8 ENE, IL US","2020-01-23",,,,,,
"US1ILCK0088","COUNTRYSIDE 0.8 ENE, IL US","2020-01-24",,,,,,
"US1ILCK0088","COUNTRYSIDE 0.8 ENE, IL US","2020-01-25",,,,,,
"US1ILCK0088","COUNTRYSIDE 0.8 ENE, IL US","2020-01-26",,,,,,
"US1ILCK0088","COUNTRYSIDE 0.8 ENE, IL US","2020-01-27",,,,,,
"US1ILCK0088","COUNTRYSIDE 0.8 ENE, IL US","2020-01-28",,,,,,
"US1ILCK0088","COUNTRYSIDE 0.8 ENE, IL US","2020-01-29",,,,,,
"US1ILCK0088","COUNTRYSIDE 0.8 ENE, IL US","2020-01-30",,,,,,
"US1ILCK0088","COUNTRYSIDE 0.8 ENE, IL US","2020-01-31",,,,,,
"US1ILCK0088","COUNTRYSIDE 0.8 ENE, IL US","2020-02-01",,,,,,
"US1ILCK0088","COUNTRYSIDE 0.8 ENE, IL US","2020-02-02",,,,,,
"US1ILCK0088","COUNTRYSIDE 0.8 ENE, IL US","2020-02-03",,,,,,
"US1ILCK0088","COUNTRYSIDE 0.8 ENE, IL US","2020-02-14",,,,,,
"US1ILCK0088","COUNTRYSIDE 0.8 ENE, IL US","2020-02-16",,,,,,
"US1ILCK0088","COUNTRYSIDE 0.8 ENE, IL US","2020-02-17",,,,,,
"US1ILCK0088","COUNTRYSIDE 0.8 ENE, IL US","2020-02-18",,,,,,
"US1ILCK0088","COUNTRYSIDE 0.8 ENE, IL US","2020-02-19",,,,,,
"US1ILCK0088","COUNTRYSIDE 0.8 ENE, IL US","2020-02-22",,,,,,
"US1ILCK0088","COUNTRYSIDE 0.8 ENE, IL US","2020-02-23",,,,,,
"US1ILCK0088","COUNTRYSIDE 0.8 ENE, IL US","2020-02-28",,,,,,
"US1ILCK0088","COUNTRYSIDE 0.8 ENE, IL US","2020-02-29",,,,,,
"US1ILCK0088","COUNTRYSIDE 0.8 ENE, IL US","2020-03-02",,,,,,
"US1ILCK0088","COUNTRYSIDE 0.8 ENE, IL US","2020-03-03",,,,,,
"US1ILCK0088","COUNTRYSIDE 0.8 ENE, IL US","2020-03-07",,,,,,
"US1ILCK0088","COUNTRYSIDE 0.8 ENE, IL US","2020-03-08",,,,,,
"US1ILCK0088","COUNTRYSIDE 0.8 ENE, IL US","2020-03-09",,,,,,
"US1ILCK0088","COUNTRYSIDE 0.8 ENE, IL US","2020-03-10",,,,,,
"US1ILCK0088","COUNTRYSIDE 0.8 ENE, IL US","2020-03-11",,,,,,
"US1ILCK0088","COUNTRYSIDE 0.8 ENE, IL US","2020-03-12",,,,,,
"US1ILCK0088","COUNTRYSIDE 0.8 ENE, IL US","2020-03-13",,,,,,
"US1ILCK0088","COUNTRYSIDE 0.8 ENE, IL US","2020-03-14",,,,,,
"US1ILCK0088","COUNTRYSIDE 0.8 ENE, IL US","2020-03-17",,,,,,
"US1ILCK0088","COUNTRYSIDE 0.8 ENE, IL US","2020-03-19",,,,,,
"US1ILCK0088","COUNTRYSIDE 0.8 ENE, IL US","2020-03-20",,,,,,
"US1ILCK0088","COUNTRYSIDE 0.8 ENE, IL US","2020-03-21",,,,,,
"US1ILCK0088","COUNTRYSIDE 0.8 ENE, IL US","2020-03-22",,,,,,
"US1ILCK0088","COUNTRYSIDE 0.8 ENE, IL US","2020-03-23",,,,,,
"US1ILCK0088","COUNTRYSIDE 0.8 ENE, IL US","2020-03-24",,,,,,
"US1ILCK0088","COUNTRYSIDE 0.8 ENE, IL US","2020-03-27",,,,,,
"US1ILCK0088","COUNTRYSIDE 0.8 ENE, IL US","2020-03-28",,,,,,
"US1ILCK0088","COUNTRYSIDE 0.8 ENE, IL US","2020-03-29",,,,,,
"US1ILCK0088","COUNTRYSIDE 0.8 ENE, IL US","2020-03-30",,,,,,
"US1ILCK0088","COUNTRYSIDE 0.8 ENE, IL US","2020-03-31",,,,,,
"US1ILCK0088","COUNTRYSIDE 0.8 ENE, IL US","2020-04-02",,,,,,
"US1ILCK0088","COUNTRYSIDE 0.8 ENE, IL US","2020-04-04",,,,,,
"US1ILCK0088","COUNTRYSIDE 0.8 ENE, IL US","2020-04-06",,,,,,
"US1ILCK0088","COUNTRYSIDE 0.8 ENE, IL US","2020-04-07",,,,,,
"US1ILCK0088","COUNTRYSIDE 0.8 ENE, IL US","2020-04-08",,,,,,
"US1ILCK0088","COUNTRYSIDE 0.8 ENE, IL US","2020-04-09",,,,,,
"US1ILCK0088","COUNTRYSIDE 0.8 ENE, IL US","2020-04-11",,,,,,
"US1ILCK0088","COUNTRYSIDE 0.8 ENE, IL US","2020-04-12",,,,,,
"US1ILCK0088","COUNTRYSIDE 0.8 ENE, IL US","2020-04-13",,,,,,
"US1ILCK0088","COUNTRYSIDE 0.8 ENE, IL US","2020-04-14",,,,,,
"US1ILCK0088","COUNTRYSIDE 0.8 ENE, IL US","2020-04-15",,,,,,
"US1ILCK0088","COUNTRYSIDE 0.8 ENE, IL US","2020-04-16",,,,,,
"US1ILCK0088","COUNTRYSIDE 0.8 ENE, IL US","2020-04-17",,,,,,
"US1ILCK0088","COUNTRYSIDE 0.8 ENE, IL US","2020-04-18",,,,,,
"US1ILCK0088","COUNTRYSIDE 0.8 ENE, IL US","2020-04-19",,,,,,
"US1ILCK0088","COUNTRYSIDE 0.8 ENE, IL US","2020-04-20",,,,,,
"US1ILCK0088","COUNTRYSIDE 0.8 ENE, IL US","2020-04-21",,,,,,
"US1ILCK0088","COUNTRYSIDE 0.8 ENE, IL US","2020-04-23",,,,,,
"US1ILCK0088","COUNTRYSIDE 0.8 ENE, IL US","2020-04-24",,,,,,
"US1ILCK0088","COUNTRYSIDE 0.8 ENE, IL US","2020-04-25",,,,,,
"US1ILCK0088","COUNTRYSIDE 0.8 ENE, IL US","2020-04-26",,,,,,
"US1ILCK0088","COUNTRYSIDE 0.8 ENE, IL US","2020-04-27",,,,,,
"US1ILCK0088","COUNTRYSIDE 0.8 ENE, IL US","2020-04-28",,,,,,
"US1ILCK0088","COUNTRYSIDE 0.8 ENE, IL US","2020-04-29",,,,,,
"US1ILCK0088","COUNTRYSIDE 0.8 ENE, IL US","2020-04-30",,,,,,
"US1ILCK0088","COUNTRYSIDE 0.8 ENE, IL US","2020-05-01",,,,,,
"US1ILCK0088","COUNTRYSIDE 0.8 ENE, IL US","2020-05-02",,,,,,
"US1ILCK0088","COUNTRYSIDE 0.8 ENE, IL US","2020-05-03",,,,,,
"US1ILCK0088","COUNTRYSIDE 0.8 ENE, IL US","2020-05-04",,,,,,
"US1ILCK0088","COUNTRYSIDE 0.8 ENE, IL US","2020-05-05",,,,,,
"US1ILCK0088","COUNTRYSIDE 0.8 ENE, IL US","2020-05-06",,,,,,
"US1ILCK0088","COUNTRYSIDE 0.8 ENE, IL US","2020-05-07",,,,,,
"US1ILCK0088","COUNTRYSIDE 0.8 ENE, IL US","2020-05-08",,,,,,
"US1ILCK0088","COUNTRYSIDE 0.8 ENE, IL US","2020-05-09",,,,,,
"US1ILCK0088","COUNTRYSIDE 0.8 ENE, IL US","2020-05-10",,,,,,
"US1ILCK0088","COUNTRYSIDE 0.8 ENE, IL US","2020-05-11",,,,,,
"US1ILCK0088","COUNTRYSIDE 0.8 ENE, IL US","2020-05-12",,,,,,
"US1ILCK0088","COUNTRYSIDE 0.8 ENE, IL US","2020-05-13",,,,,,
"US1ILCK0088","COUNTRYSIDE 0.8 ENE, IL US","2020-05-14",,,,,,
"US1ILCK0088","COUNTRYSIDE 0.8 ENE, IL US","2020-05-15",,,,,,
"US1ILCK0088","COUNTRYSIDE 0.8 ENE, IL US","2020-05-16",,,,,,
"US1ILCK0088","COUNTRYSIDE 0.8 ENE, IL US","2020-05-17",,,,,,
"US1ILCK0088","COUNTRYSIDE 0.8 ENE, IL US","2020-05-18",,,,,,
"US1ILCK0088","COUNTRYSIDE 0.8 ENE, IL US","2020-05-19",,,,,,
"US1ILCK0088","COUNTRYSIDE 0.8 ENE, IL US","2020-05-20",,,,,,
"US1ILCK0088","COUNTRYSIDE 0.8 ENE, IL US","2020-05-21",,,,,,
"US1ILCK0088","COUNTRYSIDE 0.8 ENE, IL US","2020-05-22",,,,,,
"US1ILCK0088","COUNTRYSIDE 0.8 ENE, IL US","2020-05-23",,,,,,
"US1ILCK0088","COUNTRYSIDE 0.8 ENE, IL US","2020-05-24",,,,,,
"US1ILCK0088","COUNTRYSIDE 0.8 ENE, IL US","2020-05-25",,,,,,
"US1ILCK0088","COUNTRYSIDE 0.8 ENE, IL US","2020-05-26",,,,,,
"US1ILCK0088","COUNTRYSIDE 0.8 ENE, IL US","2020-05-28",,,,,,
"US1ILCK0088","COUNTRYSIDE 0.8 ENE, IL US","2020-05-29",,,,,,
"US1ILCK0088","COUNTRYSIDE 0.8 ENE, IL US","2020-05-30",,,,,,
"US1ILCK0088","COUNTRYSIDE 0.8 ENE, IL US","2020-05-31",,,,,,
"US1ILCK0088","COUNTRYSIDE 0.8 ENE, IL US","2020-06-01",,,,,,
"US1ILCK0088","COUNTRYSIDE 0.8 ENE, IL US","2020-06-02",,,,,,
"US1ILCK0088","COUNTRYSIDE 0.8 ENE, IL US","2020-06-04",,,,,,
"US1ILCK0088","COUNTRYSIDE 0.8 ENE, IL US","2020-06-05",,,,,,
"US1ILCK0088","COUNTRYSIDE 0.8 ENE, IL US","2020-06-06",,,,,,
"US1ILCK0088","COUNTRYSIDE 0.8 ENE, IL US","2020-06-08",,,,,,
"US1ILCK0088","COUNTRYSIDE 0.8 ENE, IL US","2020-06-09",,,,,,
"US1ILCK0088","COUNTRYSIDE 0.8 ENE, IL US","2020-06-10",,,,,,
"US1ILCK0088","COUNTRYSIDE 0.8 ENE, IL US","2020-06-11",,,,,,
"US1ILCK0088","COUNTRYSIDE 0.8 ENE, IL US","2020-06-12",,,,,,
"US1ILCK0088","COUNTRYSIDE 0.8 ENE, IL US","2020-06-13",,,,,,
"US1ILCK0088","COUNTRYSIDE 0.8 ENE, IL US","2020-06-14",,,,,,
"US1ILCK0088","COUNTRYSIDE 0.8 ENE, IL US","2020-06-15",,,,,,
"US1ILCK0088","COUNTRYSIDE 0.8 ENE, IL US","2020-06-16",,,,,,
"US1ILCK0088","COUNTRYSIDE 0.8 ENE, IL US","2020-06-17",,,,,,
"US1ILCK0088","COUNTRYSIDE 0.8 ENE, IL US","2020-06-18",,,,,,
"US1ILCK0088","COUNTRYSIDE 0.8 ENE, IL US","2020-06-19",,,,,,
"US1ILCK0088","COUNTRYSIDE 0.8 ENE, IL US","2020-06-21",,,,,,
"US1ILCK0088","COUNTRYSIDE 0.8 ENE, IL US","2020-06-22",,,,,,
"US1ILCK0088","COUNTRYSIDE 0.8 ENE, IL US","2020-06-23",,,,,,
"US1ILCK0088","COUNTRYSIDE 0.8 ENE, IL US","2020-06-24",,,,,,
"US1ILCK0088","COUNTRYSIDE 0.8 ENE, IL US","2020-06-25",,,,,,
"US1ILCK0088","COUNTRYSIDE 0.8 ENE, IL US","2020-06-27",,,,,,
"US1ILCK0088","COUNTRYSIDE 0.8 ENE, IL US","2020-06-28",,,,,,
"US1ILCK0088","COUNTRYSIDE 0.8 ENE, IL US","2020-06-30",,,,,,
"US1ILCK0088","COUNTRYSIDE 0.8 ENE, IL US","2020-07-01",,,,,,
"US1ILCK0088","COUNTRYSIDE 0.8 ENE, IL US","2020-07-02",,,,,,
"US1ILCK0088","COUNTRYSIDE 0.8 ENE, IL US","2020-07-03",,,,,,
"US1ILCK0088","COUNTRYSIDE 0.8 ENE, IL US","2020-07-04",,,,,,
"US1ILCK0088","COUNTRYSIDE 0.8 ENE, IL US","2020-07-05",,,,,,
"US1ILCK0088","COUNTRYSIDE 0.8 ENE, IL US","2020-07-06",,,,,,
"US1ILCK0088","COUNTRYSIDE 0.8 ENE, IL US","2020-07-08",,,,,,
"US1ILCK0088","COUNTRYSIDE 0.8 ENE, IL US","2020-07-09",,,,,,
"US1ILCK0088","COUNTRYSIDE 0.8 ENE, IL US","2020-07-10",,,,,,
"US1ILCK0088","COUNTRYSIDE 0.8 ENE, IL US","2020-07-12",,,,,,
"US1ILCK0088","COUNTRYSIDE 0.8 ENE, IL US","2020-07-13",,,,,,
"US1ILCK0088","COUNTRYSIDE 0.8 ENE, IL US","2020-07-14",,,,,,
"US1ILCK0088","COUNTRYSIDE 0.8 ENE, IL US","2020-07-15",,,,,,
"US1ILCK0088","COUNTRYSIDE 0.8 ENE, IL US","2020-07-16",,,,,,
"US1ILCK0088","COUNTRYSIDE 0.8 ENE, IL US","2020-07-17",,,,,,
"US1ILCK0088","COUNTRYSIDE 0.8 ENE, IL US","2020-07-18",,,,,,
"US1ILCK0088","COUNTRYSIDE 0.8 ENE, IL US","2020-07-21",,,,,,
"US1ILCK0088","COUNTRYSIDE 0.8 ENE, IL US","2020-07-22",,,,,,
"US1ILCK0088","COUNTRYSIDE 0.8 ENE, IL US","2020-07-23",,,,,,
"US1ILCK0088","COUNTRYSIDE 0.8 ENE, IL US","2020-07-24",,,,,,
"US1ILCK0088","COUNTRYSIDE 0.8 ENE, IL US","2020-07-25",,,,,,
"US1ILCK0088","COUNTRYSIDE 0.8 ENE, IL US","2020-07-26",,,,,,
"US1ILCK0088","COUNTRYSIDE 0.8 ENE, IL US","2020-07-27",,,,,,
"US1ILCK0088","COUNTRYSIDE 0.8 ENE, IL US","2020-07-29",,,,,,
"US1ILCK0088","COUNTRYSIDE 0.8 ENE, IL US","2020-07-30",,,,,,
"US1ILCK0088","COUNTRYSIDE 0.8 ENE, IL US","2020-07-31",,,,,,
"US1ILCK0088","COUNTRYSIDE 0.8 ENE, IL US","2020-08-01",,,,,,
"US1ILCK0088","COUNTRYSIDE 0.8 ENE, IL US","2020-08-02",,,,,,
"US1ILCK0088","COUNTRYSIDE 0.8 ENE, IL US","2020-08-03",,,,,,
"US1ILCK0088","COUNTRYSIDE 0.8 ENE, IL US","2020-08-04",,,,,,
"US1ILCK0088","COUNTRYSIDE 0.8 ENE, IL US","2020-08-05",,,,,,
"US1ILCK0088","COUNTRYSIDE 0.8 ENE, IL US","2020-08-10",,,,,,
"US1ILCK0088","COUNTRYSIDE 0.8 ENE, IL US","2020-08-12",,,,,,
"US1ILCK0088","COUNTRYSIDE 0.8 ENE, IL US","2020-08-14",,,,,,
"US1ILCK0088","COUNTRYSIDE 0.8 ENE, IL US","2020-08-15",,,,,,
"US1ILCK0088","COUNTRYSIDE 0.8 ENE, IL US","2020-08-16",,,,,,
"US1ILCK0088","COUNTRYSIDE 0.8 ENE, IL US","2020-08-18",,,,,,
"US1ILCK0088","COUNTRYSIDE 0.8 ENE, IL US","2020-08-19",,,,,,
"US1ILCK0088","COUNTRYSIDE 0.8 ENE, IL US","2020-08-20",,,,,,
"US1ILCK0088","COUNTRYSIDE 0.8 ENE, IL US","2020-08-22",,,,,,
"US1ILCK0088","COUNTRYSIDE 0.8 ENE, IL US","2020-08-23",,,,,,
"US1ILCK0088","COUNTRYSIDE 0.8 ENE, IL US","2020-08-25",,,,,,
"US1ILCK0088","COUNTRYSIDE 0.8 ENE, IL US","2020-08-26",,,,,,
"US1ILCK0088","COUNTRYSIDE 0.8 ENE, IL US","2020-08-27",,,,,,
"US1ILCK0088","COUNTRYSIDE 0.8 ENE, IL US","2020-08-28",,,,,,
"US1ILCK0088","COUNTRYSIDE 0.8 ENE, IL US","2020-08-29",,,,,,
"US1ILCK0088","COUNTRYSIDE 0.8 ENE, IL US","2020-08-30",,,,,,
"US1ILCK0088","COUNTRYSIDE 0.8 ENE, IL US","2020-08-31",,,,,,
"US1ILCK0088","COUNTRYSIDE 0.8 ENE, IL US","2020-09-01",,,,,,
"US1ILCK0088","COUNTRYSIDE 0.8 ENE, IL US","2020-09-02",,,,,,
"US1ILCK0088","COUNTRYSIDE 0.8 ENE, IL US","2020-09-03",,,,,,
"US1ILCK0088","COUNTRYSIDE 0.8 ENE, IL US","2020-09-04",,,,,,
"US1ILCK0088","COUNTRYSIDE 0.8 ENE, IL US","2020-09-05",,,,,,
"US1ILCK0088","COUNTRYSIDE 0.8 ENE, IL US","2020-09-07",,,,,,
"US1ILCK0088","COUNTRYSIDE 0.8 ENE, IL US","2020-09-08",,,,,,
"US1ILCK0121","PALATINE 1.3 E, IL US","2019-10-01",,,,,,
"US1ILCK0121","PALATINE 1.3 E, IL US","2019-10-02",,,,,,
"US1ILCK0121","PALATINE 1.3 E, IL US","2019-10-03",,,,,,
"US1ILCK0121","PALATINE 1.3 E, IL US","2019-10-04",,,,,,
"US1ILCK0121","PALATINE 1.3 E, IL US","2019-10-05",,,,,,
"US1ILCK0121","PALATINE 1.3 E, IL US","2019-10-06",,,,,,
"US1ILCK0121","PALATINE 1.3 E, IL US","2019-10-07",,,,,,
"US1ILCK0121","PALATINE 1.3 E, IL US","2019-10-08",,,,,,
"US1ILCK0121","PALATINE 1.3 E, IL US","2019-10-09",,,,,,
"US1ILCK0121","PALATINE 1.3 E, IL US","2019-10-10",,,,,,
"US1ILCK0121","PALATINE 1.3 E, IL US","2019-10-11",,,,,,
"US1ILCK0121","PALATINE 1.3 E, IL US","2019-10-12",,,,,,
"US1ILCK0121","PALATINE 1.3 E, IL US","2019-10-13",,,,,,
"US1ILCK0121","PALATINE 1.3 E, IL US","2019-10-14",,,,,,
"US1ILCK0121","PALATINE 1.3 E, IL US","2019-10-15",,,,,,
"US1ILCK0121","PALATINE 1.3 E, IL US","2019-10-16",,,,,,
"US1ILCK0121","PALATINE 1.3 E, IL US","2019-10-17",,,,,,
"US1ILCK0121","PALATINE 1.3 E, IL US","2019-10-18",,,,,,
"US1ILCK0121","PALATINE 1.3 E, IL US","2019-10-19",,,,,,
"US1ILCK0121","PALATINE 1.3 E, IL US","2019-10-20",,,,,,
"US1ILCK0121","PALATINE 1.3 E, IL US","2019-10-21",,,,,,
"US1ILCK0121","PALATINE 1.3 E, IL US","2019-10-22",,,,,,
"US1ILCK0121","PALATINE 1.3 E, IL US","2019-10-23",,,,,,
"US1ILCK0121","PALATINE 1.3 E, IL US","2019-10-24",,,,,,
"US1ILCK0121","PALATINE 1.3 E, IL US","2019-10-25",,,,,,
"US1ILCK0121","PALATINE 1.3 E, IL US","2019-10-26",,,,,,
"US1ILCK0121","PALATINE 1.3 E, IL US","2019-10-27",,,,,,
"US1ILCK0121","PALATINE 1.3 E, IL US","2019-10-28",,,,,,
"US1ILCK0121","PALATINE 1.3 E, IL US","2019-10-29",,,,,,
"US1ILCK0121","PALATINE 1.3 E, IL US","2019-10-30",,,,,,
"US1ILCK0121","PALATINE 1.3 E, IL US","2019-10-31",,,,,,
"US1ILCK0121","PALATINE 1.3 E, IL US","2019-11-01",,,,,,
"US1ILCK0121","PALATINE 1.3 E, IL US","2019-11-02",,,,,,
"US1ILCK0121","PALATINE 1.3 E, IL US","2019-11-03",,,,,,
"US1ILCK0121","PALATINE 1.3 E, IL US","2019-11-04",,,,,,
"US1ILCK0121","PALATINE 1.3 E, IL US","2019-11-05",,,,,,
"US1ILCK0121","PALATINE 1.3 E, IL US","2019-11-06",,,,,,
"US1ILCK0121","PALATINE 1.3 E, IL US","2019-11-07",,,,,,
"US1ILCK0121","PALATINE 1.3 E, IL US","2019-11-08",,,,,,
"US1ILCK0121","PALATINE 1.3 E, IL US","2019-11-09",,,,,,
"US1ILCK0121","PALATINE 1.3 E, IL US","2019-11-10",,,,,,
"US1ILCK0121","PALATINE 1.3 E, IL US","2019-11-11",,,,,,
"US1ILCK0121","PALATINE 1.3 E, IL US","2019-11-12",,,,,,
"US1ILCK0121","PALATINE 1.3 E, IL US","2019-11-13",,,,,,
"US1ILCK0121","PALATINE 1.3 E, IL US","2019-11-14",,,,,,
"US1ILCK0121","PALATINE 1.3 E, IL US","2019-11-15",,,,,,
"US1ILCK0121","PALATINE 1.3 E, IL US","2019-11-16",,,,,,
"US1ILCK0121","PALATINE 1.3 E, IL US","2019-11-17",,,,,,
"US1ILCK0121","PALATINE 1.3 E, IL US","2019-11-18",,,,,,
"US1ILCK0121","PALATINE 1.3 E, IL US","2019-11-19",,,,,,
"US1ILCK0121","PALATINE 1.3 E, IL US","2019-11-20",,,,,,
"US1ILCK0121","PALATINE 1.3 E, IL US","2019-11-21",,,,,,
"US1ILCK0121","PALATINE 1.3 E, IL US","2019-11-22",,,,,,
"US1ILCK0121","PALATINE 1.3 E, IL US","2019-11-23",,,,,,
"US1ILCK0121","PALATINE 1.3 E, IL US","2019-11-24",,,,,,
"US1ILCK0121","PALATINE 1.3 E, IL US","2019-11-25",,,,,,
"US1ILCK0121","PALATINE 1.3 E, IL US","2019-11-26",,,,,,
"US1ILCK0121","PALATINE 1.3 E, IL US","2019-11-27",,,,,,
"US1ILCK0121","PALATINE 1.3 E, IL US","2019-11-28",,,,,,
"US1ILCK0121","PALATINE 1.3 E, IL US","2019-11-29",,,,,,
"US1ILCK0121","PALATINE 1.3 E, IL US","2019-11-30",,,,,,
"US1ILCK0121","PALATINE 1.3 E, IL US","2019-12-01",,,,,,
"US1ILCK0121","PALATINE 1.3 E, IL US","2019-12-02",,,,,,
"US1ILCK0121","PALATINE 1.3 E, IL US","2019-12-03",,,,,,
"US1ILCK0121","PALATINE 1.3 E, IL US","2019-12-04",,,,,,
"US1ILCK0121","PALATINE 1.3 E, IL US","2019-12-05",,,,,,
"US1ILCK0121","PALATINE 1.3 E, IL US","2019-12-06",,,,,,
"US1ILCK0121","PALATINE 1.3 E, IL US","2019-12-07",,,,,,
"US1ILCK0121","PALATINE 1.3 E, IL US","2019-12-08",,,,,,
"US1ILCK0121","PALATINE 1.3 E, IL US","2019-12-09",,,,,,
"US1ILCK0121","PALATINE 1.3 E, IL US","2019-12-10",,,,,,
"US1ILCK0121","PALATINE 1.3 E, IL US","2019-12-11",,,,,,
"US1ILCK0121","PALATINE 1.3 E, IL US","2019-12-12",,,,,,
"US1ILCK0121","PALATINE 1.3 E, IL US","2019-12-13",,,,,,
"US1ILCK0121","PALATINE 1.3 E, IL US","2019-12-14",,,,,,
"US1ILCK0121","PALATINE 1.3 E, IL US","2019-12-15",,,,,,
"US1ILCK0121","PALATINE 1.3 E, IL US","2019-12-16",,,,,,
"US1ILCK0121","PALATINE 1.3 E, IL US","2019-12-17",,,,,,
"US1ILCK0121","PALATINE 1.3 E, IL US","2019-12-18",,,,,,
"US1ILCK0121","PALATINE 1.3 E, IL US","2019-12-19",,,,,,
"US1ILCK0121","PALATINE 1.3 E, IL US","2019-12-20",,,,,,
"US1ILCK0121","PALATINE 1.3 E, IL US","2019-12-21",,,,,,
"US1ILCK0121","PALATINE 1.3 E, IL US","2019-12-22",,,,,,
"US1ILCK0121","PALATINE 1.3 E, IL US","2019-12-23",,,,,,
"US1ILCK0121","PALATINE 1.3 E, IL US","2019-12-24",,,,,,
"US1ILCK0121","PALATINE 1.3 E, IL US","2019-12-25",,,,,,
"US1ILCK0121","PALATINE 1.3 E, IL US","2019-12-26",,,,,,
"US1ILCK0121","PALATINE 1.3 E, IL US","2019-12-27",,,,,,
"US1ILCK0121","PALATINE 1.3 E, IL US","2019-12-28",,,,,,
"US1ILCK0121","PALATINE 1.3 E, IL US","2019-12-29",,,,,,
"US1ILCK0121","PALATINE 1.3 E, IL US","2019-12-30",,,,,,
"US1ILCK0121","PALATINE 1.3 E, IL US","2019-12-31",,,,,,
"US1ILCK0121","PALATINE 1.3 E, IL US","2020-01-01",,,,,,
"US1ILCK0121","PALATINE 1.3 E, IL US","2020-01-02",,,,,,
"US1ILCK0121","PALATINE 1.3 E, IL US","2020-01-03",,,,,,
"US1ILCK0121","PALATINE 1.3 E, IL US","2020-01-04",,,,,,
"US1ILCK0121","PALATINE 1.3 E, IL US","2020-01-05",,,,,,
"US1ILCK0121","PALATINE 1.3 E, IL US","2020-01-06",,,,,,
"US1ILCK0121","PALATINE 1.3 E, IL US","2020-01-07",,,,,,
"US1ILCK0121","PALATINE 1.3 E, IL US","2020-01-08",,,,,,
"US1ILCK0121","PALATINE 1.3 E, IL US","2020-01-09",,,,,,
"US1ILCK0121","PALATINE 1.3 E, IL US","2020-01-10",,,,,,
"US1ILCK0121","PALATINE 1.3 E, IL US","2020-01-11",,,,,,
"US1ILCK0121","PALATINE 1.3 E, IL US","2020-01-12",,,,,,
"US1ILCK0121","PALATINE 1.3 E, IL US","2020-01-13",,,,,,
"US1ILCK0121","PALATINE 1.3 E, IL US","2020-01-14",,,,,,
"US1ILCK0121","PALATINE 1.3 E, IL US","2020-01-15",,,,,,
"US1ILCK0121","PALATINE 1.3 E, IL US","2020-01-16",,,,,,
"US1ILCK0121","PALATINE 1.3 E, IL US","2020-01-17",,,,,,
"US1ILCK0121","PALATINE 1.3 E, IL US","2020-01-18",,,,,,
"US1ILCK0121","PALATINE 1.3 E, IL US","2020-01-19",,,,,,
"US1ILCK0121","PALATINE 1.3 E, IL US","2020-01-20",,,,,,
"US1ILCK0121","PALATINE 1.3 E, IL US","2020-01-21",,,,,,
"US1ILCK0121","PALATINE 1.3 E, IL US","2020-01-22",,,,,,
"US1ILCK0121","PALATINE 1.3 E, IL US","2020-01-23",,,,,,
"US1ILCK0121","PALATINE 1.3 E, IL US","2020-01-24",,,,,,
"US1ILCK0121","PALATINE 1.3 E, IL US","2020-01-25",,,,,,
"US1ILCK0121","PALATINE 1.3 E, IL US","2020-01-26",,,,,,
"US1ILCK0121","PALATINE 1.3 E, IL US","2020-01-27",,,,,,
"US1ILCK0121","PALATINE 1.3 E, IL US","2020-01-28",,,,,,
"US1ILCK0121","PALATINE 1.3 E, IL US","2020-01-29",,,,,,
"US1ILCK0121","PALATINE 1.3 E, IL US","2020-01-30",,,,,,
"US1ILCK0121","PALATINE 1.3 E, IL US","2020-01-31",,,,,,
"US1ILCK0121","PALATINE 1.3 E, IL US","2020-02-01",,,,,,
"US1ILCK0121","PALATINE 1.3 E, IL US","2020-02-02",,,,,,
"US1ILCK0121","PALATINE 1.3 E, IL US","2020-02-03",,,,,,
"US1ILCK0121","PALATINE 1.3 E, IL US","2020-02-04",,,,,,
"US1ILCK0121","PALATINE 1.3 E, IL US","2020-02-05",,,,,,
"US1ILCK0121","PALATINE 1.3 E, IL US","2020-02-06",,,,,,
"US1ILCK0121","PALATINE 1.3 E, IL US","2020-02-07",,,,,,
"US1ILCK0121","PALATINE 1.3 E, IL US","2020-02-08",,,,,,
"US1ILCK0121","PALATINE 1.3 E, IL US","2020-02-09",,,,,,
"US1ILCK0121","PALATINE 1.3 E, IL US","2020-02-10",,,,,,
"US1ILCK0121","PALATINE 1.3 E, IL US","2020-02-11",,,,,,
"US1ILCK0121","PALATINE 1.3 E, IL US","2020-02-12",,,,,,
"US1ILCK0121","PALATINE 1.3 E, IL US","2020-02-13",,,,,,
"US1ILCK0121","PALATINE 1.3 E, IL US","2020-02-14",,,,,,
"US1ILCK0121","PALATINE 1.3 E, IL US","2020-02-15",,,,,,
"US1ILCK0121","PALATINE 1.3 E, IL US","2020-02-16",,,,,,
"US1ILCK0121","PALATINE 1.3 E, IL US","2020-02-17",,,,,,
"US1ILCK0121","PALATINE 1.3 E, IL US","2020-02-18",,,,,,
"US1ILCK0121","PALATINE 1.3 E, IL US","2020-02-19",,,,,,
"US1ILCK0121","PALATINE 1.3 E, IL US","2020-02-20",,,,,,
"US1ILCK0121","PALATINE 1.3 E, IL US","2020-02-21",,,,,,
"US1ILCK0121","PALATINE 1.3 E, IL US","2020-02-22",,,,,,
"US1ILCK0121","PALATINE 1.3 E, IL US","2020-02-23",,,,,,
"US1ILCK0121","PALATINE 1.3 E, IL US","2020-02-24",,,,,,
"US1ILCK0121","PALATINE 1.3 E, IL US","2020-02-25",,,,,,
"US1ILCK0121","PALATINE 1.3 E, IL US","2020-02-26",,,,,,
"US1ILCK0121","PALATINE 1.3 E, IL US","2020-02-27",,,,,,
"US1ILCK0121","PALATINE 1.3 E, IL US","2020-02-28",,,,,,
"US1ILCK0121","PALATINE 1.3 E, IL US","2020-02-29",,,,,,
"US1ILCK0121","PALATINE 1.3 E, IL US","2020-03-01",,,,,,
"US1ILCK0121","PALATINE 1.3 E, IL US","2020-03-02",,,,,,
"US1ILCK0121","PALATINE 1.3 E, IL US","2020-03-03",,,,,,
"US1ILCK0121","PALATINE 1.3 E, IL US","2020-03-04",,,,,,
"US1ILCK0121","PALATINE 1.3 E, IL US","2020-03-05",,,,,,
"US1ILCK0121","PALATINE 1.3 E, IL US","2020-03-06",,,,,,
"US1ILCK0121","PALATINE 1.3 E, IL US","2020-03-07",,,,,,
"US1ILCK0121","PALATINE 1.3 E, IL US","2020-03-08",,,,,,
"US1ILCK0121","PALATINE 1.3 E, IL US","2020-03-09",,,,,,
"US1ILCK0121","PALATINE 1.3 E, IL US","2020-03-10",,,,,,
"US1ILCK0121","PALATINE 1.3 E, IL US","2020-03-11",,,,,,
"US1ILCK0121","PALATINE 1.3 E, IL US","2020-03-12",,,,,,
"US1ILCK0121","PALATINE 1.3 E, IL US","2020-03-13",,,,,,
"US1ILCK0121","PALATINE 1.3 E, IL US","2020-03-14",,,,,,
"US1ILCK0121","PALATINE 1.3 E, IL US","2020-03-15",,,,,,
"US1ILCK0121","PALATINE 1.3 E, IL US","2020-03-16",,,,,,
"US1ILCK0121","PALATINE 1.3 E, IL US","2020-03-17",,,,,,
"US1ILCK0121","PALATINE 1.3 E, IL US","2020-03-18",,,,,,
"US1ILCK0121","PALATINE 1.3 E, IL US","2020-03-19",,,,,,
"US1ILCK0121","PALATINE 1.3 E, IL US","2020-03-20",,,,,,
"US1ILCK0121","PALATINE 1.3 E, IL US","2020-03-21",,,,,,
"US1ILCK0121","PALATINE 1.3 E, IL US","2020-03-22",,,,,,
"US1ILCK0121","PALATINE 1.3 E, IL US","2020-03-23",,,,,,
"US1ILCK0121","PALATINE 1.3 E, IL US","2020-03-24",,,,,,
"US1ILCK0121","PALATINE 1.3 E, IL US","2020-03-25",,,,,,
"US1ILCK0121","PALATINE 1.3 E, IL US","2020-03-26",,,,,,
"US1ILCK0121","PALATINE 1.3 E, IL US","2020-03-27",,,,,,
"US1ILCK0121","PALATINE 1.3 E, IL US","2020-03-28",,,,,,
"US1ILCK0121","PALATINE 1.3 E, IL US","2020-03-29",,,,,,
"US1ILCK0121","PALATINE 1.3 E, IL US","2020-03-30",,,,,,
"US1ILCK0121","PALATINE 1.3 E, IL US","2020-03-31",,,,,,
"US1ILCK0121","PALATINE 1.3 E, IL US","2020-04-01",,,,,,
"US1ILCK0121","PALATINE 1.3 E, IL US","2020-04-02",,,,,,
"US1ILCK0121","PALATINE 1.3 E, IL US","2020-04-03",,,,,,
"US1ILCK0121","PALATINE 1.3 E, IL US","2020-04-04",,,,,,
"US1ILCK0121","PALATINE 1.3 E, IL US","2020-04-05",,,,,,
"US1ILCK0121","PALATINE 1.3 E, IL US","2020-04-06",,,,,,
"US1ILCK0121","PALATINE 1.3 E, IL US","2020-04-07",,,,,,
"US1ILCK0121","PALATINE 1.3 E, IL US","2020-04-08",,,,,,
"US1ILCK0121","PALATINE 1.3 E, IL US","2020-04-09",,,,,,
"US1ILCK0121","PALATINE 1.3 E, IL US","2020-04-10",,,,,,
"US1ILCK0121","PALATINE 1.3 E, IL US","2020-04-11",,,,,,
"US1ILCK0121","PALATINE 1.3 E, IL US","2020-04-12",,,,,,
"US1ILCK0121","PALATINE 1.3 E, IL US","2020-04-13",,,,,,
"US1ILCK0121","PALATINE 1.3 E, IL US","2020-04-14",,,,,,
"US1ILCK0121","PALATINE 1.3 E, IL US","2020-04-15",,,,,,
"US1ILCK0121","PALATINE 1.3 E, IL US","2020-04-16",,,,,,
"US1ILCK0121","PALATINE 1.3 E, IL US","2020-04-17",,,,,,
"US1ILCK0121","PALATINE 1.3 E, IL US","2020-04-18",,,,,,
"US1ILCK0121","PALATINE 1.3 E, IL US","2020-04-19",,,,,,
"US1ILCK0121","PALATINE 1.3 E, IL US","2020-04-20",,,,,,
"US1ILCK0121","PALATINE 1.3 E, IL US","2020-04-21",,,,,,
"US1ILCK0121","PALATINE 1.3 E, IL US","2020-04-22",,,,,,
"US1ILCK0121","PALATINE 1.3 E, IL US","2020-04-23",,,,,,
"US1ILCK0121","PALATINE 1.3 E, IL US","2020-04-24",,,,,,
"US1ILCK0121","PALATINE 1.3 E, IL US","2020-04-25",,,,,,
"US1ILCK0121","PALATINE 1.3 E, IL US","2020-04-26",,,,,,
"US1ILCK0121","PALATINE 1.3 E, IL US","2020-04-27",,,,,,
"US1ILCK0121","PALATINE 1.3 E, IL US","2020-04-28",,,,,,
"US1ILCK0121","PALATINE 1.3 E, IL US","2020-04-29",,,,,,
"US1ILCK0121","PALATINE 1.3 E, IL US","2020-04-30",,,,,,
"US1ILCK0121","PALATINE 1.3 E, IL US","2020-05-01",,,,,,
"US1ILCK0121","PALATINE 1.3 E, IL US","2020-05-02",,,,,,
"US1ILCK0121","PALATINE 1.3 E, IL US","2020-05-03",,,,,,
"US1ILCK0121","PALATINE 1.3 E, IL US","2020-05-04",,,,,,
"US1ILCK0121","PALATINE 1.3 E, IL US","2020-05-05",,,,,,
"US1ILCK0121","PALATINE 1.3 E, IL US","2020-05-06",,,,,,
"US1ILCK0121","PALATINE 1.3 E, IL US","2020-05-07",,,,,,
"US1ILCK0121","PALATINE 1.3 E, IL US","2020-05-08",,,,,,
"US1ILCK0121","PALATINE 1.3 E, IL US","2020-05-09",,,,,,
"US1ILCK0121","PALATINE 1.3 E, IL US","2020-05-10",,,,,,
"US1ILCK0121","PALATINE 1.3 E, IL US","2020-05-11",,,,,,
"US1ILCK0121","PALATINE 1.3 E, IL US","2020-05-12",,,,,,
"US1ILCK0121","PALATINE 1.3 E, IL US","2020-05-13",,,,,,
"US1ILCK0121","PALATINE 1.3 E, IL US","2020-05-14",,,,,,
"US1ILCK0121","PALATINE 1.3 E, IL US","2020-05-15",,,,,,
"US1ILCK0121","PALATINE 1.3 E, IL US","2020-05-16",,,,,,
"US1ILCK0121","PALATINE 1.3 E, IL US","2020-05-17",,,,,,
"US1ILCK0121","PALATINE 1.3 E, IL US","2020-05-18",,,,,,
"US1ILCK0121","PALATINE 1.3 E, IL US","2020-05-19",,,,,,
"US1ILCK0121","PALATINE 1.3 E, IL US","2020-05-20",,,,,,
"US1ILCK0121","PALATINE 1.3 E, IL US","2020-05-21",,,,,,
"US1ILCK0121","PALATINE 1.3 E, IL US","2020-05-22",,,,,,
"US1ILCK0121","PALATINE 1.3 E, IL US","2020-05-23",,,,,,
"US1ILCK0121","PALATINE 1.3 E, IL US","2020-05-24",,,,,,
"US1ILCK0121","PALATINE 1.3 E, IL US","2020-05-25",,,,,,
"US1ILCK0121","PALATINE 1.3 E, IL US","2020-05-26",,,,,,
"US1ILCK0121","PALATINE 1.3 E, IL US","2020-05-27",,,,,,
"US1ILCK0121","PALATINE 1.3 E, IL US","2020-05-28",,,,,,
"US1ILCK0121","PALATINE 1.3 E, IL US","2020-05-29",,,,,,
"US1ILCK0121","PALATINE 1.3 E, IL US","2020-05-30",,,,,,
"US1ILCK0121","PALATINE 1.3 E, IL US","2020-05-31",,,,,,
"US1ILCK0121","PALATINE 1.3 E, IL US","2020-06-01",,,,,,
"US1ILCK0121","PALATINE 1.3 E, IL US","2020-06-02",,,,,,
"US1ILCK0121","PALATINE 1.3 E, IL US","2020-06-03",,,,,,
"US1ILCK0121","PALATINE 1.3 E, IL US","2020-06-04",,,,,,
"US1ILCK0121","PALATINE 1.3 E, IL US","2020-06-05",,,,,,
"US1ILCK0121","PALATINE 1.3 E, IL US","2020-06-06",,,,,,
"US1ILCK0121","PALATINE 1.3 E, IL US","2020-06-07",,,,,,
"US1ILCK0121","PALATINE 1.3 E, IL US","2020-06-08",,,,,,
"US1ILCK0121","PALATINE 1.3 E, IL US","2020-06-09",,,,,,
"US1ILCK0121","PALATINE 1.3 E, IL US","2020-06-10",,,,,,
"US1ILCK0121","PALATINE 1.3 E, IL US","2020-06-11",,,,,,
"US1ILCK0121","PALATINE 1.3 E, IL US","2020-06-12",,,,,,
"US1ILCK0121","PALATINE 1.3 E, IL US","2020-06-13",,,,,,
"US1ILCK0121","PALATINE 1.3 E, IL US","2020-06-14",,,,,,
"US1ILCK0121","PALATINE 1.3 E, IL US","2020-06-15",,,,,,
"US1ILCK0121","PALATINE 1.3 E, IL US","2020-06-16",,,,,,
"US1ILCK0121","PALATINE 1.3 E, IL US","2020-06-17",,,,,,
"US1ILCK0121","PALATINE 1.3 E, IL US","2020-06-18",,,,,,
"US1ILCK0121","PALATINE 1.3 E, IL US","2020-06-19",,,,,,
"US1ILCK0121","PALATINE 1.3 E, IL US","2020-06-20",,,,,,
"US1ILCK0121","PALATINE 1.3 E, IL US","2020-06-21",,,,,,
"US1ILCK0121","PALATINE 1.3 E, IL US","2020-06-22",,,,,,
"US1ILCK0121","PALATINE 1.3 E, IL US","2020-06-23",,,,,,
"US1ILCK0121","PALATINE 1.3 E, IL US","2020-06-24",,,,,,
"US1ILCK0121","PALATINE 1.3 E, IL US","2020-06-25",,,,,,
"US1ILCK0121","PALATINE 1.3 E, IL US","2020-06-26",,,,,,
"US1ILCK0121","PALATINE 1.3 E, IL US","2020-06-27",,,,,,
"US1ILCK0121","PALATINE 1.3 E, IL US","2020-06-28",,,,,,
"US1ILCK0121","PALATINE 1.3 E, IL US","2020-06-29",,,,,,
"US1ILCK0121","PALATINE 1.3 E, IL US","2020-06-30",,,,,,
"US1ILCK0121","PALATINE 1.3 E, IL US","2020-07-01",,,,,,
"US1ILCK0121","PALATINE 1.3 E, IL US","2020-07-02",,,,,,
"US1ILCK0121","PALATINE 1.3 E, IL US","2020-07-03",,,,,,
"US1ILCK0121","PALATINE 1.3 E, IL US","2020-07-04",,,,,,
"US1ILCK0121","PALATINE 1.3 E, IL US","2020-07-05",,,,,,
"US1ILCK0121","PALATINE 1.3 E, IL US","2020-07-06",,,,,,
"US1ILCK0121","PALATINE 1.3 E, IL US","2020-07-07",,,,,,
"US1ILCK0121","PALATINE 1.3 E, IL US","2020-07-08",,,,,,
"US1ILCK0121","PALATINE 1.3 E, IL US","2020-07-09",,,,,,
"US1ILCK0121","PALATINE 1.3 E, IL US","2020-07-10",,,,,,
"US1ILCK0121","PALATINE 1.3 E, IL US","2020-07-11",,,,,,
"US1ILCK0121","PALATINE 1.3 E, IL US","2020-07-12",,,,,,
"US1ILCK0121","PALATINE 1.3 E, IL US","2020-07-13",,,,,,
"US1ILCK0121","PALATINE 1.3 E, IL US","2020-07-14",,,,,,
"US1ILCK0121","PALATINE 1.3 E, IL US","2020-07-15",,,,,,
"US1ILCK0121","PALATINE 1.3 E, IL US","2020-07-16",,,,,,
"US1ILCK0121","PALATINE 1.3 E, IL US","2020-07-17",,,,,,
"US1ILCK0121","PALATINE 1.3 E, IL US","2020-07-18",,,,,,
"US1ILCK0121","PALATINE 1.3 E, IL US","2020-07-19",,,,,,
"US1ILCK0121","PALATINE 1.3 E, IL US","2020-07-20",,,,,,
"US1ILCK0121","PALATINE 1.3 E, IL US","2020-07-21",,,,,,
"US1ILCK0121","PALATINE 1.3 E, IL US","2020-07-22",,,,,,
"US1ILCK0121","PALATINE 1.3 E, IL US","2020-07-23",,,,,,
"US1ILCK0121","PALATINE 1.3 E, IL US","2020-07-24",,,,,,
"US1ILCK0121","PALATINE 1.3 E, IL US","2020-07-25",,,,,,
"US1ILCK0121","PALATINE 1.3 E, IL US","2020-07-26",,,,,,
"US1ILCK0121","PALATINE 1.3 E, IL US","2020-07-27",,,,,,
"US1ILCK0121","PALATINE 1.3 E, IL US","2020-07-28",,,,,,
"US1ILCK0121","PALATINE 1.3 E, IL US","2020-07-29",,,,,,
"US1ILCK0121","PALATINE 1.3 E, IL US","2020-07-30",,,,,,
"US1ILCK0121","PALATINE 1.3 E, IL US","2020-07-31",,,,,,
"US1ILCK0121","PALATINE 1.3 E, IL US","2020-08-01",,,,,,
"US1ILCK0121","PALATINE 1.3 E, IL US","2020-08-02",,,,,,
"US1ILCK0121","PALATINE 1.3 E, IL US","2020-08-03",,,,,,
"US1ILCK0121","PALATINE 1.3 E, IL US","2020-08-04",,,,,,
"US1ILCK0121","PALATINE 1.3 E, IL US","2020-08-05",,,,,,
"US1ILCK0121","PALATINE 1.3 E, IL US","2020-08-06",,,,,,
"US1ILCK0121","PALATINE 1.3 E, IL US","2020-08-07",,,,,,
"US1ILCK0121","PALATINE 1.3 E, IL US","2020-08-08",,,,,,
"US1ILCK0121","PALATINE 1.3 E, IL US","2020-08-09",,,,,,
"US1ILCK0121","PALATINE 1.3 E, IL US","2020-08-10",,,,,,
"US1ILCK0121","PALATINE 1.3 E, IL US","2020-08-11",,,,,,
"US1ILCK0121","PALATINE 1.3 E, IL US","2020-08-12",,,,,,
"US1ILCK0121","PALATINE 1.3 E, IL US","2020-08-13",,,,,,
"US1ILCK0121","PALATINE 1.3 E, IL US","2020-08-14",,,,,,
"US1ILCK0121","PALATINE 1.3 E, IL US","2020-08-15",,,,,,
"US1ILCK0121","PALATINE 1.3 E, IL US","2020-08-16",,,,,,
"US1ILCK0121","PALATINE 1.3 E, IL US","2020-08-17",,,,,,
"US1ILCK0121","PALATINE 1.3 E, IL US","2020-08-18",,,,,,
"US1ILCK0121","PALATINE 1.3 E, IL US","2020-08-19",,,,,,
"US1ILCK0121","PALATINE 1.3 E, IL US","2020-08-20",,,,,,
"US1ILCK0121","PALATINE 1.3 E, IL US","2020-08-21",,,,,,
"US1ILCK0121","PALATINE 1.3 E, IL US","2020-08-22",,,,,,
"US1ILCK0121","PALATINE 1.3 E, IL US","2020-08-23",,,,,,
"US1ILCK0121","PALATINE 1.3 E, IL US","2020-08-24",,,,,,
"US1ILCK0121","PALATINE 1.3 E, IL US","2020-08-25",,,,,,
"US1ILCK0121","PALATINE 1.3 E, IL US","2020-08-26",,,,,,
"US1ILCK0121","PALATINE 1.3 E, IL US","2020-08-27",,,,,,
"US1ILCK0121","PALATINE 1.3 E, IL US","2020-08-28",,,,,,
"US1ILCK0121","PALATINE 1.3 E, IL US","2020-08-29",,,,,,
"US1ILCK0121","PALATINE 1.3 E, IL US","2020-08-30",,,,,,
"US1ILCK0121","PALATINE 1.3 E, IL US","2020-08-31",,,,,,
"US1ILCK0121","PALATINE 1.3 E, IL US","2020-09-01",,,,,,
"US1ILCK0121","PALATINE 1.3 E, IL US","2020-09-02",,,,,,
"US1ILCK0121","PALATINE 1.3 E, IL US","2020-09-03",,,,,,
"US1ILCK0121","PALATINE 1.3 E, IL US","2020-09-04",,,,,,
"US1ILCK0121","PALATINE 1.3 E, IL US","2020-09-05",,,,,,
"US1ILCK0121","PALATINE 1.3 E, IL US","2020-09-06",,,,,,
"US1ILCK0121","PALATINE 1.3 E, IL US","2020-09-07",,,,,,
"US1ILCK0121","PALATINE 1.3 E, IL US","2020-09-08",,,,,,
"US1ILDP0117","ELMHURST 2.0 SE, IL US","2019-10-01",,,,,,
"US1ILDP0117","ELMHURST 2.0 SE, IL US","2019-10-02",,,,,,
"US1ILDP0117","ELMHURST 2.0 SE, IL US","2019-10-03",,,,,,
"US1ILDP0117","ELMHURST 2.0 SE, IL US","2019-10-04",,,,,,
"US1ILDP0117","ELMHURST 2.0 SE, IL US","2019-10-05",,,,,,
"US1ILDP0117","ELMHURST 2.0 SE, IL US","2019-10-06",,,,,,
"US1ILDP0117","ELMHURST 2.0 SE, IL US","2019-10-07",,,,,,
"US1ILDP0117","ELMHURST 2.0 SE, IL US","2019-10-09",,,,,,
"US1ILDP0117","ELMHURST 2.0 SE, IL US","2019-10-10",,,,,,
"US1ILDP0117","ELMHURST 2.0 SE, IL US","2019-10-11",,,,,,
"US1ILDP0117","ELMHURST 2.0 SE, IL US","2019-10-12",,,,,,
"US1ILDP0117","ELMHURST 2.0 SE, IL US","2019-10-13",,,,,,
"US1ILDP0117","ELMHURST 2.0 SE, IL US","2019-10-14",,,,,,
"US1ILDP0117","ELMHURST 2.0 SE, IL US","2019-10-15",,,,,,
"US1ILDP0117","ELMHURST 2.0 SE, IL US","2019-10-16",,,,,,
"US1ILDP0117","ELMHURST 2.0 SE, IL US","2019-10-17",,,,,,
"US1ILDP0117","ELMHURST 2.0 SE, IL US","2019-10-18",,,,,,
"US1ILDP0117","ELMHURST 2.0 SE, IL US","2019-10-19",,,,,,
"US1ILDP0117","ELMHURST 2.0 SE, IL US","2019-10-20",,,,,,
"US1ILDP0117","ELMHURST 2.0 SE, IL US","2019-10-21",,,,,,
"US1ILDP0117","ELMHURST 2.0 SE, IL US","2019-10-22",,,,,,
"US1ILDP0117","ELMHURST 2.0 SE, IL US","2019-10-23",,,,,,
"US1ILDP0117","ELMHURST 2.0 SE, IL US","2019-10-24",,,,,,
"US1ILDP0117","ELMHURST 2.0 SE, IL US","2019-10-25",,,,,,
"US1ILDP0117","ELMHURST 2.0 SE, IL US","2019-10-26",,,,,,
"US1ILDP0117","ELMHURST 2.0 SE, IL US","2019-10-27",,,,,,
"US1ILDP0117","ELMHURST 2.0 SE, IL US","2019-10-28",,,,,,
"US1ILDP0117","ELMHURST 2.0 SE, IL US","2019-10-29",,,,,,
"US1ILDP0117","ELMHURST 2.0 SE, IL US","2019-10-30",,,,,,
"US1ILDP0117","ELMHURST 2.0 SE, IL US","2019-10-31",,,,,,
"US1ILDP0117","ELMHURST 2.0 SE, IL US","2019-11-01",,,,,,
"US1ILDP0117","ELMHURST 2.0 SE, IL US","2019-11-02",,,,,,
"US1ILDP0117","ELMHURST 2.0 SE, IL US","2019-11-03",,,,,,
"US1ILDP0117","ELMHURST 2.0 SE, IL US","2019-11-04",,,,,,
"US1ILDP0117","ELMHURST 2.0 SE, IL US","2019-11-05",,,,,,
"US1ILDP0117","ELMHURST 2.0 SE, IL US","2019-11-06",,,,,,
"US1ILDP0117","ELMHURST 2.0 SE, IL US","2019-11-07",,,,,,
"US1ILDP0117","ELMHURST 2.0 SE, IL US","2019-11-08",,,,,,
"US1ILDP0117","ELMHURST 2.0 SE, IL US","2019-11-09",,,,,,
"US1ILDP0117","ELMHURST 2.0 SE, IL US","2019-11-10",,,,,,
"US1ILDP0117","ELMHURST 2.0 SE, IL US","2019-11-11",,,,,,
"US1ILDP0117","ELMHURST 2.0 SE, IL US","2019-11-12",,,,,,
"US1ILDP0117","ELMHURST 2.0 SE, IL US","2019-11-13",,,,,,
"US1ILDP0117","ELMHURST 2.0 SE, IL US","2019-11-14",,,,,,
"US1ILDP0117","ELMHURST 2.0 SE, IL US","2019-11-15",,,,,,
"US1ILDP0117","ELMHURST 2.0 SE, IL US","2019-11-16",,,,,,
"US1ILDP0117","ELMHURST 2.0 SE, IL US","2019-11-17",,,,,,
"US1ILDP0117","ELMHURST 2.0 SE, IL US","2019-11-18",,,,,,
"US1ILDP0117","ELMHURST 2.0 SE, IL US","2019-11-19",,,,,,
"US1ILDP0117","ELMHURST 2.0 SE, IL US","2019-11-20",,,,,,
"US1ILDP0117","ELMHURST 2.0 SE, IL US","2019-11-21",,,,,,
"US1ILDP0117","ELMHURST 2.0 SE, IL US","2019-11-22",,,,,,
"US1ILDP0117","ELMHURST 2.0 SE, IL US","2019-11-23",,,,,,
"US1ILDP0117","ELMHURST 2.0 SE, IL US","2019-11-24",,,,,,
"US1ILDP0117","ELMHURST 2.0 SE, IL US","2019-11-25",,,,,,
"US1ILDP0117","ELMHURST 2.0 SE, IL US","2019-11-26",,,,,,
"US1ILDP0117","ELMHURST 2.0 SE, IL US","2019-11-27",,,,,,
"US1ILDP0117","ELMHURST 2.0 SE, IL US","2019-11-28",,,,,,
"US1ILDP0117","ELMHURST 2.0 SE, IL US","2019-12-06",,,,,,
"US1ILDP0117","ELMHURST 2.0 SE, IL US","2019-12-07",,,,,,
"US1ILDP0117","ELMHURST 2.0 SE, IL US","2019-12-08",,,,,,
"US1ILDP0117","ELMHURST 2.0 SE, IL US","2019-12-09",,,,,,
"US1ILDP0117","ELMHURST 2.0 SE, IL US","2019-12-10",,,,,,
"US1ILDP0117","ELMHURST 2.0 SE, IL US","2019-12-11",,,,,,
"US1ILDP0117","ELMHURST 2.0 SE, IL US","2019-12-12",,,,,,
"US1ILDP0117","ELMHURST 2.0 SE, IL US","2019-12-13",,,,,,
"US1ILDP0117","ELMHURST 2.0 SE, IL US","2019-12-14",,,,,,
"US1ILDP0117","ELMHURST 2.0 SE, IL US","2019-12-15",,,,,,
"US1ILDP0117","ELMHURST 2.0 SE, IL US","2019-12-16",,,,,,
"US1ILDP0117","ELMHURST 2.0 SE, IL US","2019-12-17",,,,,,
"US1ILDP0117","ELMHURST 2.0 SE, IL US","2019-12-18",,,,,,
"US1ILDP0117","ELMHURST 2.0 SE, IL US","2019-12-19",,,,,,
"US1ILDP0117","ELMHURST 2.0 SE, IL US","2019-12-20",,,,,,
"US1ILDP0117","ELMHURST 2.0 SE, IL US","2019-12-21",,,,,,
"US1ILDP0117","ELMHURST 2.0 SE, IL US","2019-12-22",,,,,,
"US1ILDP0117","ELMHURST 2.0 SE, IL US","2019-12-23",,,,,,
"US1ILDP0117","ELMHURST 2.0 SE, IL US","2019-12-24",,,,,,
"US1ILDP0117","ELMHURST 2.0 SE, IL US","2019-12-25",,,,,,
"US1ILDP0117","ELMHURST 2.0 SE, IL US","2019-12-26",,,,,,
"US1ILDP0117","ELMHURST 2.0 SE, IL US","2019-12-27",,,,,,
"US1ILDP0117","ELMHURST 2.0 SE, IL US","2019-12-28",,,,,,
"US1ILDP0117","ELMHURST 2.0 SE, IL US","2019-12-29",,,,,,
"US1ILDP0117","ELMHURST 2.0 SE, IL US","2019-12-30",,,,,,
"US1ILDP0117","ELMHURST 2.0 SE, IL US","2019-12-31",,,,,,
"US1ILDP0117","ELMHURST 2.0 SE, IL US","2020-01-01",,,,,,
"US1ILDP0117","ELMHURST 2.0 SE, IL US","2020-01-02",,,,,,
"US1ILDP0117","ELMHURST 2.0 SE, IL US","2020-01-03",,,,,,
"US1ILDP0117","ELMHURST 2.0 SE, IL US","2020-01-04",,,,,,
"US1ILDP0117","ELMHURST 2.0 SE, IL US","2020-01-05",,,,,,
"US1ILDP0117","ELMHURST 2.0 SE, IL US","2020-01-06",,,,,,
"US1ILDP0117","ELMHURST 2.0 SE, IL US","2020-01-07",,,,,,
"US1ILDP0117","ELMHURST 2.0 SE, IL US","2020-01-08",,,,,,
"US1ILDP0117","ELMHURST 2.0 SE, IL US","2020-01-09",,,,,,
"US1ILDP0117","ELMHURST 2.0 SE, IL US","2020-01-10",,,,,,
"US1ILDP0117","ELMHURST 2.0 SE, IL US","2020-01-11",,,,,,
"US1ILDP0117","ELMHURST 2.0 SE, IL US","2020-01-12",,,,,,
"US1ILDP0117","ELMHURST 2.0 SE, IL US","2020-01-13",,,,,,
"US1ILDP0117","ELMHURST 2.0 SE, IL US","2020-01-14",,,,,,
"US1ILDP0117","ELMHURST 2.0 SE, IL US","2020-01-15",,,,,,
"US1ILDP0117","ELMHURST 2.0 SE, IL US","2020-01-16",,,,,,
"US1ILDP0117","ELMHURST 2.0 SE, IL US","2020-01-17",,,,,,
"US1ILDP0117","ELMHURST 2.0 SE, IL US","2020-01-18",,,,,,
"US1ILDP0117","ELMHURST 2.0 SE, IL US","2020-01-19",,,,,,
"US1ILDP0117","ELMHURST 2.0 SE, IL US","2020-01-20",,,,,,
"US1ILDP0117","ELMHURST 2.0 SE, IL US","2020-01-21",,,,,,
"US1ILDP0117","ELMHURST 2.0 SE, IL US","2020-01-22",,,,,,
"US1ILDP0117","ELMHURST 2.0 SE, IL US","2020-01-23",,,,,,
"US1ILDP0117","ELMHURST 2.0 SE, IL US","2020-01-24",,,,,,
"US1ILDP0117","ELMHURST 2.0 SE, IL US","2020-01-25",,,,,,
"US1ILDP0117","ELMHURST 2.0 SE, IL US","2020-01-26",,,,,,
"US1ILDP0117","ELMHURST 2.0 SE, IL US","2020-01-27",,,,,,
"US1ILDP0117","ELMHURST 2.0 SE, IL US","2020-01-28",,,,,,
"US1ILDP0117","ELMHURST 2.0 SE, IL US","2020-01-29",,,,,,
"US1ILDP0117","ELMHURST 2.0 SE, IL US","2020-01-30",,,,,,
"US1ILDP0117","ELMHURST 2.0 SE, IL US","2020-01-31",,,,,,
"US1ILDP0117","ELMHURST 2.0 SE, IL US","2020-02-01",,,,,,
"US1ILDP0117","ELMHURST 2.0 SE, IL US","2020-02-02",,,,,,
"US1ILDP0117","ELMHURST 2.0 SE, IL US","2020-02-03",,,,,,
"US1ILDP0117","ELMHURST 2.0 SE, IL US","2020-02-04",,,,,,
"US1ILDP0117","ELMHURST 2.0 SE, IL US","2020-02-05",,,,,,
"US1ILDP0117","ELMHURST 2.0 SE, IL US","2020-02-06",,,,,,
"US1ILDP0117","ELMHURST 2.0 SE, IL US","2020-02-07",,,,,,
"US1ILDP0117","ELMHURST 2.0 SE, IL US","2020-02-08",,,,,,
"US1ILDP0117","ELMHURST 2.0 SE, IL US","2020-02-09",,,,,,
"US1ILDP0117","ELMHURST 2.0 SE, IL US","2020-02-10",,,,,,
"US1ILDP0117","ELMHURST 2.0 SE, IL US","2020-02-11",,,,,,
"US1ILDP0117","ELMHURST 2.0 SE, IL US","2020-02-12",,,,,,
"US1ILDP0117","ELMHURST 2.0 SE, IL US","2020-02-13",,,,,,
"US1ILDP0117","ELMHURST 2.0 SE, IL US","2020-02-14",,,,,,
"US1ILDP0117","ELMHURST 2.0 SE, IL US","2020-02-15",,,,,,
"US1ILDP0117","ELMHURST 2.0 SE, IL US","2020-02-16",,,,,,
"US1ILDP0117","ELMHURST 2.0 SE, IL US","2020-02-17",,,,,,
"US1ILDP0117","ELMHURST 2.0 SE, IL US","2020-02-18",,,,,,
"US1ILDP0117","ELMHURST 2.0 SE, IL US","2020-02-19",,,,,,
"US1ILDP0117","ELMHURST 2.0 SE, IL US","2020-02-20",,,,,,
"US1ILDP0117","ELMHURST 2.0 SE, IL US","2020-02-21",,,,,,
"US1ILDP0117","ELMHURST 2.0 SE, IL US","2020-02-22",,,,,,
"US1ILDP0117","ELMHURST 2.0 SE, IL US","2020-02-23",,,,,,
"US1ILDP0117","ELMHURST 2.0 SE, IL US","2020-03-10",,,,,,
"US1ILDP0117","ELMHURST 2.0 SE, IL US","2020-03-11",,,,,,
"US1ILDP0117","ELMHURST 2.0 SE, IL US","2020-03-12",,,,,,
"US1ILDP0117","ELMHURST 2.0 SE, IL US","2020-03-13",,,,,,
"US1ILDP0117","ELMHURST 2.0 SE, IL US","2020-03-14",,,,,,
"US1ILDP0117","ELMHURST 2.0 SE, IL US","2020-03-15",,,,,,
"US1ILDP0117","ELMHURST 2.0 SE, IL US","2020-03-16",,,,,,
"US1ILDP0117","ELMHURST 2.0 SE, IL US","2020-03-17",,,,,,
"US1ILDP0117","ELMHURST 2.0 SE, IL US","2020-03-18",,,,,,
"US1ILDP0117","ELMHURST 2.0 SE, IL US","2020-03-19",,,,,,
"US1ILDP0117","ELMHURST 2.0 SE, IL US","2020-03-20",,,,,,
"US1ILDP0117","ELMHURST 2.0 SE, IL US","2020-03-21",,,,,,
"US1ILDP0117","ELMHURST 2.0 SE, IL US","2020-03-22",,,,,,
"US1ILDP0117","ELMHURST 2.0 SE, IL US","2020-03-23",,,,,,
"US1ILDP0117","ELMHURST 2.0 SE, IL US","2020-03-24",,,,,,
"US1ILDP0117","ELMHURST 2.0 SE, IL US","2020-03-25",,,,,,
"US1ILDP0117","ELMHURST 2.0 SE, IL US","2020-03-26",,,,,,
"US1ILDP0117","ELMHURST 2.0 SE, IL US","2020-03-27",,,,,,
"US1ILDP0117","ELMHURST 2.0 SE, IL US","2020-03-28",,,,,,
"US1ILDP0117","ELMHURST 2.0 SE, IL US","2020-03-29",,,,,,
"US1ILDP0117","ELMHURST 2.0 SE, IL US","2020-03-30",,,,,,
"US1ILDP0117","ELMHURST 2.0 SE, IL US","2020-03-31",,,,,,
"US1ILDP0117","ELMHURST 2.0 SE, IL US","2020-04-01",,,,,,
"US1ILDP0117","ELMHURST 2.0 SE, IL US","2020-04-02",,,,,,
"US1ILDP0117","ELMHURST 2.0 SE, IL US","2020-04-03",,,,,,
"US1ILDP0117","ELMHURST 2.0 SE, IL US","2020-04-04",,,,,,
"US1ILDP0117","ELMHURST 2.0 SE, IL US","2020-04-05",,,,,,
"US1ILDP0117","ELMHURST 2.0 SE, IL US","2020-04-06",,,,,,
"US1ILDP0117","ELMHURST 2.0 SE, IL US","2020-04-07",,,,,,
"US1ILDP0117","ELMHURST 2.0 SE, IL US","2020-04-08",,,,,,
"US1ILDP0117","ELMHURST 2.0 SE, IL US","2020-04-09",,,,,,
"US1ILDP0117","ELMHURST 2.0 SE, IL US","2020-04-10",,,,,,
"US1ILDP0117","ELMHURST 2.0 SE, IL US","2020-04-11",,,,,,
"US1ILDP0117","ELMHURST 2.0 SE, IL US","2020-04-12",,,,,,
"US1ILDP0117","ELMHURST 2.0 SE, IL US","2020-04-13",,,,,,
"US1ILDP0117","ELMHURST 2.0 SE, IL US","2020-04-14",,,,,,
"US1ILDP0117","ELMHURST 2.0 SE, IL US","2020-04-15",,,,,,
"US1ILDP0117","ELMHURST 2.0 SE, IL US","2020-04-16",,,,,,
"US1ILDP0117","ELMHURST 2.0 SE, IL US","2020-04-17",,,,,,
"US1ILDP0117","ELMHURST 2.0 SE, IL US","2020-04-18",,,,,,
"US1ILDP0117","ELMHURST 2.0 SE, IL US","2020-04-19",,,,,,
"US1ILDP0117","ELMHURST 2.0 SE, IL US","2020-04-20",,,,,,
"US1ILDP0117","ELMHURST 2.0 SE, IL US","2020-04-21",,,,,,
"US1ILDP0117","ELMHURST 2.0 SE, IL US","2020-04-22",,,,,,
"US1ILDP0117","ELMHURST 2.0 SE, IL US","2020-04-23",,,,,,
"US1ILDP0117","ELMHURST 2.0 SE, IL US","2020-04-24",,,,,,
"US1ILDP0117","ELMHURST 2.0 SE, IL US","2020-04-25",,,,,,
"US1ILDP0117","ELMHURST 2.0 SE, IL US","2020-04-26",,,,,,
"US1ILDP0117","ELMHURST 2.0 SE, IL US","2020-04-27",,,,,,
"US1ILDP0117","ELMHURST 2.0 SE, IL US","2020-04-28",,,,,,
"US1ILDP0117","ELMHURST 2.0 SE, IL US","2020-04-29",,,,,,
"US1ILDP0117","ELMHURST 2.0 SE, IL US","2020-04-30",,,,,,
"US1ILDP0117","ELMHURST 2.0 SE, IL US","2020-05-01",,,,,,
"US1ILDP0117","ELMHURST 2.0 SE, IL US","2020-05-02",,,,,,
"US1ILDP0117","ELMHURST 2.0 SE, IL US","2020-05-03",,,,,,
"US1ILDP0117","ELMHURST 2.0 SE, IL US","2020-05-04",,,,,,
"US1ILDP0117","ELMHURST 2.0 SE, IL US","2020-05-05",,,,,,
"US1ILDP0117","ELMHURST 2.0 SE, IL US","2020-05-06",,,,,,
"US1ILDP0117","ELMHURST 2.0 SE, IL US","2020-05-07",,,,,,
"US1ILDP0117","ELMHURST 2.0 SE, IL US","2020-05-08",,,,,,
"US1ILDP0117","ELMHURST 2.0 SE, IL US","2020-05-09",,,,,,
"US1ILDP0117","ELMHURST 2.0 SE, IL US","2020-05-10",,,,,,
"US1ILDP0117","ELMHURST 2.0 SE, IL US","2020-05-11",,,,,,
"US1ILDP0117","ELMHURST 2.0 SE, IL US","2020-05-12",,,,,,
"US1ILDP0117","ELMHURST 2.0 SE, IL US","2020-05-13",,,,,,
"US1ILDP0117","ELMHURST 2.0 SE, IL US","2020-05-14",,,,,,
"US1ILDP0117","ELMHURST 2.0 SE, IL US","2020-05-15",,,,,,
"US1ILDP0117","ELMHURST 2.0 SE, IL US","2020-05-16",,,,,,
"US1ILDP0117","ELMHURST 2.0 SE, IL US","2020-05-17",,,,,,
"US1ILDP0117","ELMHURST 2.0 SE, IL US","2020-05-18",,,,,,
"US1ILDP0117","ELMHURST 2.0 SE, IL US","2020-05-19",,,,,,
"US1ILDP0117","ELMHURST 2.0 SE, IL US","2020-05-20",,,,,,
"US1ILDP0117","ELMHURST 2.0 SE, IL US","2020-05-21",,,,,,
"US1ILDP0117","ELMHURST 2.0 SE, IL US","2020-05-22",,,,,,
"US1ILDP0117","ELMHURST 2.0 SE, IL US","2020-05-23",,,,,,
"US1ILDP0117","ELMHURST 2.0 SE, IL US","2020-05-24",,,,,,
"US1ILDP0117","ELMHURST 2.0 SE, IL US","2020-05-25",,,,,,
"US1ILDP0117","ELMHURST 2.0 SE, IL US","2020-05-26",,,,,,
"US1ILDP0117","ELMHURST 2.0 SE, IL US","2020-05-27",,,,,,
"US1ILDP0117","ELMHURST 2.0 SE, IL US","2020-05-28",,,,,,
"US1ILDP0117","ELMHURST 2.0 SE, IL US","2020-05-29",,,,,,
"US1ILDP0117","ELMHURST 2.0 SE, IL US","2020-05-30",,,,,,
"US1ILDP0117","ELMHURST 2.0 SE, IL US","2020-05-31",,,,,,
"US1ILDP0117","ELMHURST 2.0 SE, IL US","2020-06-01",,,,,,
"US1ILDP0117","ELMHURST 2.0 SE, IL US","2020-06-02",,,,,,
"US1ILDP0117","ELMHURST 2.0 SE, IL US","2020-06-03",,,,,,
"US1ILDP0117","ELMHURST 2.0 SE, IL US","2020-06-04",,,,,,
"US1ILDP0117","ELMHURST 2.0 SE, IL US","2020-06-05",,,,,,
"US1ILDP0117","ELMHURST 2.0 SE, IL US","2020-06-06",,,,,,
"US1ILDP0117","ELMHURST 2.0 SE, IL US","2020-06-07",,,,,,
"US1ILDP0117","ELMHURST 2.0 SE, IL US","2020-06-08",,,,,,
"US1ILDP0117","ELMHURST 2.0 SE, IL US","2020-06-09",,,,,,
"US1ILDP0117","ELMHURST 2.0 SE, IL US","2020-06-10",,,,,,
"US1ILDP0117","ELMHURST 2.0 SE, IL US","2020-06-11",,,,,,
"US1ILDP0117","ELMHURST 2.0 SE, IL US","2020-06-12",,,,,,
"US1ILDP0117","ELMHURST 2.0 SE, IL US","2020-06-13",,,,,,
"US1ILDP0117","ELMHURST 2.0 SE, IL US","2020-06-14",,,,,,
"US1ILDP0117","ELMHURST 2.0 SE, IL US","2020-06-15",,,,,,
"US1ILDP0117","ELMHURST 2.0 SE, IL US","2020-06-16",,,,,,
"US1ILDP0117","ELMHURST 2.0 SE, IL US","2020-06-17",,,,,,
"US1ILDP0117","ELMHURST 2.0 SE, IL US","2020-06-18",,,,,,
"US1ILDP0117","ELMHURST 2.0 SE, IL US","2020-06-19",,,,,,
"US1ILDP0117","ELMHURST 2.0 SE, IL US","2020-06-20",,,,,,
"US1ILDP0117","ELMHURST 2.0 SE, IL US","2020-06-21",,,,,,
"US1ILDP0117","ELMHURST 2.0 SE, IL US","2020-06-22",,,,,,
"US1ILDP0117","ELMHURST 2.0 SE, IL US","2020-06-23",,,,,,
"US1ILDP0117","ELMHURST 2.0 SE, IL US","2020-06-24",,,,,,
"US1ILDP0117","ELMHURST 2.0 SE, IL US","2020-06-25",,,,,,
"US1ILDP0117","ELMHURST 2.0 SE, IL US","2020-06-26",,,,,,
"US1ILDP0117","ELMHURST 2.0 SE, IL US","2020-06-27",,,,,,
"US1ILDP0117","ELMHURST 2.0 SE, IL US","2020-06-28",,,,,,
"US1ILDP0117","ELMHURST 2.0 SE, IL US","2020-06-29",,,,,,
"US1ILDP0117","ELMHURST 2.0 SE, IL US","2020-06-30",,,,,,
"US1ILDP0117","ELMHURST 2.0 SE, IL US","2020-07-01",,,,,,
"US1ILDP0117","ELMHURST 2.0 SE, IL US","2020-07-02",,,,,,
"US1ILDP0117","ELMHURST 2.0 SE, IL US","2020-07-03",,,,,,
"US1ILDP0117","ELMHURST 2.0 SE, IL US","2020-07-04",,,,,,
"US1ILDP0117","ELMHURST 2.0 SE, IL US","2020-07-05",,,,,,
"US1ILDP0117","ELMHURST 2.0 SE, IL US","2020-07-06",,,,,,
"US1ILDP0117","ELMHURST 2.0 SE, IL US","2020-07-07",,,,,,
"US1ILDP0117","ELMHURST 2.0 SE, IL US","2020-07-08",,,,,,
"US1ILDP0117","ELMHURST 2.0 SE, IL US","2020-07-09",,,,,,
"US1ILDP0117","ELMHURST 2.0 SE, IL US","2020-07-10",,,,,,
"US1ILDP0117","ELMHURST 2.0 SE, IL US","2020-07-11",,,,,,
"US1ILDP0117","ELMHURST 2.0 SE, IL US","2020-07-12",,,,,,
"US1ILDP0117","ELMHURST 2.0 SE, IL US","2020-07-13",,,,,,
"US1ILDP0117","ELMHURST 2.0 SE, IL US","2020-07-14",,,,,,
"US1ILDP0117","ELMHURST 2.0 SE, IL US","2020-07-15",,,,,,
"US1ILDP0117","ELMHURST 2.0 SE, IL US","2020-07-16",,,,,,
"US1ILDP0117","ELMHURST 2.0 SE, IL US","2020-07-17",,,,,,
"US1ILDP0117","ELMHURST 2.0 SE, IL US","2020-07-18",,,,,,
"US1ILDP0117","ELMHURST 2.0 SE, IL US","2020-07-19",,,,,,
"US1ILDP0117","ELMHURST 2.0 SE, IL US","2020-07-20",,,,,,
"US1ILDP0117","ELMHURST 2.0 SE, IL US","2020-07-21",,,,,,
"US1ILDP0117","ELMHURST 2.0 SE, IL US","2020-07-22",,,,,,
"US1ILDP0117","ELMHURST 2.0 SE, IL US","2020-07-23",,,,,,
"US1ILDP0117","ELMHURST 2.0 SE, IL US","2020-07-24",,,,,,
"US1ILDP0117","ELMHURST 2.0 SE, IL US","2020-07-25",,,,,,
"US1ILDP0117","ELMHURST 2.0 SE, IL US","2020-07-26",,,,,,
"US1ILDP0117","ELMHURST 2.0 SE, IL US","2020-07-27",,,,,,
"US1ILDP0117","ELMHURST 2.0 SE, IL US","2020-07-28",,,,,,
"US1ILDP0117","ELMHURST 2.0 SE, IL US","2020-07-29",,,,,,
"US1ILDP0117","ELMHURST 2.0 SE, IL US","2020-07-30",,,,,,
"US1ILDP0117","ELMHURST 2.0 SE, IL US","2020-07-31",,,,,,
"US1ILDP0117","ELMHURST 2.0 SE, IL US","2020-08-01",,,,,,
"US1ILDP0117","ELMHURST 2.0 SE, IL US","2020-08-02",,,,,,
"US1ILDP0117","ELMHURST 2.0 SE, IL US","2020-08-03",,,,,,
"US1ILDP0117","ELMHURST 2.0 SE, IL US","2020-08-04",,,,,,
"US1ILDP0117","ELMHURST 2.0 SE, IL US","2020-08-05",,,,,,
"US1ILDP0117","ELMHURST 2.0 SE, IL US","2020-08-06",,,,,,
"US1ILDP0117","ELMHURST 2.0 SE, IL US","2020-08-07",,,,,,
"US1ILDP0117","ELMHURST 2.0 SE, IL US","2020-08-08",,,,,,
"US1ILDP0117","ELMHURST 2.0 SE, IL US","2020-08-09",,,,,,
"US1ILDP0117","ELMHURST 2.0 SE, IL US","2020-08-10",,,,,,
"US1ILDP0117","ELMHURST 2.0 SE, IL US","2020-08-11",,,,,,
"US1ILDP0117","ELMHURST 2.0 SE, IL US","2020-08-12",,,,,,
"US1ILDP0117","ELMHURST 2.0 SE, IL US","2020-08-13",,,,,,
"US1ILDP0117","ELMHURST 2.0 SE, IL US","2020-08-14",,,,,,
"US1ILDP0117","ELMHURST 2.0 SE, IL US","2020-08-15",,,,,,
"US1ILDP0117","ELMHURST 2.0 SE, IL US","2020-08-16",,,,,,
"US1ILDP0117","ELMHURST 2.0 SE, IL US","2020-08-17",,,,,,
"US1ILDP0117","ELMHURST 2.0 SE, IL US","2020-08-18",,,,,,
"US1ILDP0117","ELMHURST 2.0 SE, IL US","2020-08-19",,,,,,
"US1ILDP0117","ELMHURST 2.0 SE, IL US","2020-08-20",,,,,,
"US1ILDP0117","ELMHURST 2.0 SE, IL US","2020-08-21",,,,,,
"US1ILDP0117","ELMHURST 2.0 SE, IL US","2020-08-22",,,,,,
"US1ILDP0117","ELMHURST 2.0 SE, IL US","2020-08-23",,,,,,
"US1ILDP0117","ELMHURST 2.0 SE, IL US","2020-08-24",,,,,,
"US1ILDP0117","ELMHURST 2.0 SE, IL US","2020-08-25",,,,,,
"US1ILDP0117","ELMHURST 2.0 SE, IL US","2020-08-26",,,,,,
"US1ILDP0117","ELMHURST 2.0 SE, IL US","2020-08-27",,,,,,
"US1ILDP0117","ELMHURST 2.0 SE, IL US","2020-08-28",,,,,,
"US1ILDP0117","ELMHURST 2.0 SE, IL US","2020-08-29",,,,,,
"US1ILDP0117","ELMHURST 2.0 SE, IL US","2020-08-30",,,,,,
"US1ILDP0117","ELMHURST 2.0 SE, IL US","2020-08-31",,,,,,
"US1ILDP0117","ELMHURST 2.0 SE, IL US","2020-09-01",,,,,,
"US1ILDP0117","ELMHURST 2.0 SE, IL US","2020-09-02",,,,,,
"US1ILDP0117","ELMHURST 2.0 SE, IL US","2020-09-03",,,,,,
"US1ILDP0117","ELMHURST 2.0 SE, IL US","2020-09-04",,,,,,
"US1ILDP0117","ELMHURST 2.0 SE, IL US","2020-09-05",,,,,,
"US1ILDP0117","ELMHURST 2.0 SE, IL US","2020-09-06",,,,,,
"US1ILDP0117","ELMHURST 2.0 SE, IL US","2020-09-07",,,,,,
"US1ILDP0117","ELMHURST 2.0 SE, IL US","2020-09-08",,,,,,
"US1ILCK0243","ELMWOOD PARK 0.7 ESE, IL US","2019-10-01",,,,,,
"US1ILCK0243","ELMWOOD PARK 0.7 ESE, IL US","2019-10-02",,,,,,
"US1ILCK0243","ELMWOOD PARK 0.7 ESE, IL US","2019-10-03",,,,,,
"US1ILCK0243","ELMWOOD PARK 0.7 ESE, IL US","2019-10-04",,,,,,
"US1ILCK0243","ELMWOOD PARK 0.7 ESE, IL US","2019-10-06",,,,,,
"US1ILCK0243","ELMWOOD PARK 0.7 ESE, IL US","2019-10-07",,,,,,
"US1ILCK0243","ELMWOOD PARK 0.7 ESE, IL US","2019-10-08",,,,,,
"US1ILCK0243","ELMWOOD PARK 0.7 ESE, IL US","2019-10-09",,,,,,
"US1ILCK0243","ELMWOOD PARK 0.7 ESE, IL US","2019-10-10",,,,,,
"US1ILCK0243","ELMWOOD PARK 0.7 ESE, IL US","2019-10-11",,,,,,
"US1ILCK0243","ELMWOOD PARK 0.7 ESE, IL US","2019-10-12",,,,,,
"US1ILCK0243","ELMWOOD PARK 0.7 ESE, IL US","2019-10-13",,,,,,
"US1ILCK0243","ELMWOOD PARK 0.7 ESE, IL US","2019-10-14",,,,,,
"US1ILCK0243","ELMWOOD PARK 0.7 ESE, IL US","2019-10-15",,,,,,
"US1ILCK0243","ELMWOOD PARK 0.7 ESE, IL US","2019-10-16",,,,,,
"US1ILCK0243","ELMWOOD PARK 0.7 ESE, IL US","2019-10-17",,,,,,
"US1ILCK0243","ELMWOOD PARK 0.7 ESE, IL US","2019-10-18",,,,,,
"US1ILCK0243","ELMWOOD PARK 0.7 ESE, IL US","2019-10-19",,,,,,
"US1ILCK0243","ELMWOOD PARK 0.7 ESE, IL US","2019-10-20",,,,,,
"US1ILCK0243","ELMWOOD PARK 0.7 ESE, IL US","2019-10-21",,,,,,
"US1ILCK0243","ELMWOOD PARK 0.7 ESE, IL US","2019-10-22",,,,,,
"US1ILCK0243","ELMWOOD PARK 0.7 ESE, IL US","2019-10-23",,,,,,
"US1ILCK0243","ELMWOOD PARK 0.7 ESE, IL US","2019-10-24",,,,,,
"US1ILCK0243","ELMWOOD PARK 0.7 ESE, IL US","2019-10-25",,,,,,
"US1ILCK0243","ELMWOOD PARK 0.7 ESE, IL US","2019-10-26",,,,,,
"US1ILCK0243","ELMWOOD PARK 0.7 ESE, IL US","2019-10-27",,,,,,
"US1ILCK0243","ELMWOOD PARK 0.7 ESE, IL US","2019-10-28",,,,,,
"US1ILCK0243","ELMWOOD PARK 0.7 ESE, IL US","2019-10-29",,,,,,
"US1ILCK0243","ELMWOOD PARK 0.7 ESE, IL US","2019-10-30",,,,,,
"US1ILCK0243","ELMWOOD PARK 0.7 ESE, IL US","2019-10-31",,,,,,
"US1ILCK0243","ELMWOOD PARK 0.7 ESE, IL US","2019-11-01",,,,,,
"US1ILCK0243","ELMWOOD PARK 0.7 ESE, IL US","2019-11-02",,,,,,
"US1ILCK0243","ELMWOOD PARK 0.7 ESE, IL US","2019-11-03",,,,,,
"US1ILCK0243","ELMWOOD PARK 0.7 ESE, IL US","2019-11-04",,,,,,
"US1ILCK0243","ELMWOOD PARK 0.7 ESE, IL US","2019-11-05",,,,,,
"US1ILCK0243","ELMWOOD PARK 0.7 ESE, IL US","2019-11-06",,,,,,
"US1ILCK0243","ELMWOOD PARK 0.7 ESE, IL US","2019-11-07",,,,,,
"US1ILCK0243","ELMWOOD PARK 0.7 ESE, IL US","2019-11-08",,,,,,
"US1ILCK0243","ELMWOOD PARK 0.7 ESE, IL US","2019-11-09",,,,,,
"US1ILCK0243","ELMWOOD PARK 0.7 ESE, IL US","2019-11-10",,,,,,
"US1ILCK0243","ELMWOOD PARK 0.7 ESE, IL US","2019-11-11",,,,,,
"US1ILCK0243","ELMWOOD PARK 0.7 ESE, IL US","2019-11-12",,,,,,
"US1ILCK0243","ELMWOOD PARK 0.7 ESE, IL US","2019-11-13",,,,,,
"US1ILCK0243","ELMWOOD PARK 0.7 ESE, IL US","2019-11-14",,,,,,
"US1ILCK0243","ELMWOOD PARK 0.7 ESE, IL US","2019-11-15",,,,,,
"US1ILCK0243","ELMWOOD PARK 0.7 ESE, IL US","2019-11-16",,,,,,
"US1ILCK0243","ELMWOOD PARK 0.7 ESE, IL US","2019-11-17",,,,,,
"US1ILCK0243","ELMWOOD PARK 0.7 ESE, IL US","2019-11-18",,,,,,
"US1ILCK0243","ELMWOOD PARK 0.7 ESE, IL US","2019-11-19",,,,,,
"US1ILCK0243","ELMWOOD PARK 0.7 ESE, IL US","2019-11-20",,,,,,
"US1ILCK0243","ELMWOOD PARK 0.7 ESE, IL US","2019-11-21",,,,,,
"US1ILCK0243","ELMWOOD PARK 0.7 ESE, IL US","2019-11-22",,,,,,
"US1ILCK0243","ELMWOOD PARK 0.7 ESE, IL US","2019-11-23",,,,,,
"US1ILCK0243","ELMWOOD PARK 0.7 ESE, IL US","2019-11-24",,,,,,
"US1ILCK0243","ELMWOOD PARK 0.7 ESE, IL US","2019-11-25",,,,,,
"US1ILCK0243","ELMWOOD PARK 0.7 ESE, IL US","2019-11-26",,,,,,
"US1ILCK0243","ELMWOOD PARK 0.7 ESE, IL US","2019-11-27",,,,,,
"US1ILCK0243","ELMWOOD PARK 0.7 ESE, IL US","2019-11-30",,,,,,
"US1ILCK0243","ELMWOOD PARK 0.7 ESE, IL US","2019-12-01",,,,,,
"US1ILCK0243","ELMWOOD PARK 0.7 ESE, IL US","2019-12-02",,,,,,
"US1ILCK0243","ELMWOOD PARK 0.7 ESE, IL US","2019-12-03",,,,,,
"US1ILCK0243","ELMWOOD PARK 0.7 ESE, IL US","2019-12-04",,,,,,
"US1ILCK0243","ELMWOOD PARK 0.7 ESE, IL US","2019-12-05",,,,,,
"US1ILCK0243","ELMWOOD PARK 0.7 ESE, IL US","2019-12-06",,,,,,
"US1ILCK0243","ELMWOOD PARK 0.7 ESE, IL US","2019-12-07",,,,,,
"US1ILCK0243","ELMWOOD PARK 0.7 ESE, IL US","2019-12-08",,,,,,
"US1ILCK0243","ELMWOOD PARK 0.7 ESE, IL US","2019-12-09",,,,,,
"US1ILCK0243","ELMWOOD PARK 0.7 ESE, IL US","2019-12-10",,,,,,
"US1ILCK0243","ELMWOOD PARK 0.7 ESE, IL US","2019-12-11",,,,,,
"US1ILCK0243","ELMWOOD PARK 0.7 ESE, IL US","2019-12-12",,,,,,
"US1ILCK0243","ELMWOOD PARK 0.7 ESE, IL US","2019-12-13",,,,,,
"US1ILCK0243","ELMWOOD PARK 0.7 ESE, IL US","2019-12-14",,,,,,
"US1ILCK0243","ELMWOOD PARK 0.7 ESE, IL US","2019-12-15",,,,,,
"US1ILCK0243","ELMWOOD PARK 0.7 ESE, IL US","2019-12-16",,,,,,
"US1ILCK0243","ELMWOOD PARK 0.7 ESE, IL US","2019-12-17",,,,,,
"US1ILCK0243","ELMWOOD PARK 0.7 ESE, IL US","2019-12-18",,,,,,
"US1ILCK0243","ELMWOOD PARK 0.7 ESE, IL US","2019-12-19",,,,,,
"US1ILCK0243","ELMWOOD PARK 0.7 ESE, IL US","2019-12-20",,,,,,
"US1ILCK0243","ELMWOOD PARK 0.7 ESE, IL US","2019-12-21",,,,,,
"US1ILCK0243","ELMWOOD PARK 0.7 ESE, IL US","2019-12-22",,,,,,
"US1ILCK0243","ELMWOOD PARK 0.7 ESE, IL US","2019-12-23",,,,,,
"US1ILCK0243","ELMWOOD PARK 0.7 ESE, IL US","2019-12-24",,,,,,
"US1ILCK0243","ELMWOOD PARK 0.7 ESE, IL US","2019-12-25",,,,,,
"US1ILCK0243","ELMWOOD PARK 0.7 ESE, IL US","2019-12-26",,,,,,
"US1ILCK0243","ELMWOOD PARK 0.7 ESE, IL US","2019-12-27",,,,,,
"US1ILCK0243","ELMWOOD PARK 0.7 ESE, IL US","2019-12-28",,,,,,
"US1ILCK0243","ELMWOOD PARK 0.7 ESE, IL US","2019-12-29",,,,,,
"US1ILCK0243","ELMWOOD PARK 0.7 ESE, IL US","2019-12-30",,,,,,
"US1ILCK0243","ELMWOOD PARK 0.7 ESE, IL US","2019-12-31",,,,,,
"US1ILCK0243","ELMWOOD PARK 0.7 ESE, IL US","2020-01-01",,,,,,
"US1ILCK0243","ELMWOOD PARK 0.7 ESE, IL US","2020-01-02",,,,,,
"US1ILCK0243","ELMWOOD PARK 0.7 ESE, IL US","2020-01-03",,,,,,
"US1ILCK0243","ELMWOOD PARK 0.7 ESE, IL US","2020-01-04",,,,,,
"US1ILCK0243","ELMWOOD PARK 0.7 ESE, IL US","2020-01-05",,,,,,
"US1ILCK0243","ELMWOOD PARK 0.7 ESE, IL US","2020-01-06",,,,,,
"US1ILCK0243","ELMWOOD PARK 0.7 ESE, IL US","2020-01-07",,,,,,
"US1ILCK0243","ELMWOOD PARK 0.7 ESE, IL US","2020-01-08",,,,,,
"US1ILCK0243","ELMWOOD PARK 0.7 ESE, IL US","2020-01-09",,,,,,
"US1ILCK0243","ELMWOOD PARK 0.7 ESE, IL US","2020-01-10",,,,,,
"US1ILCK0243","ELMWOOD PARK 0.7 ESE, IL US","2020-01-11",,,,,,
"US1ILCK0243","ELMWOOD PARK 0.7 ESE, IL US","2020-01-21",,,,,,
"US1ILCK0243","ELMWOOD PARK 0.7 ESE, IL US","2020-01-22",,,,,,
"US1ILCK0243","ELMWOOD PARK 0.7 ESE, IL US","2020-01-23",,,,,,
"US1ILCK0243","ELMWOOD PARK 0.7 ESE, IL US","2020-01-24",,,,,,
"US1ILCK0243","ELMWOOD PARK 0.7 ESE, IL US","2020-01-25",,,,,,
"US1ILCK0243","ELMWOOD PARK 0.7 ESE, IL US","2020-01-26",,,,,,
"US1ILCK0243","ELMWOOD PARK 0.7 ESE, IL US","2020-01-27",,,,,,
"US1ILCK0243","ELMWOOD PARK 0.7 ESE, IL US","2020-01-28",,,,,,
"US1ILCK0243","ELMWOOD PARK 0.7 ESE, IL US","2020-01-29",,,,,,
"US1ILCK0243","ELMWOOD PARK 0.7 ESE, IL US","2020-02-09",,,,,,
"US1ILCK0243","ELMWOOD PARK 0.7 ESE, IL US","2020-02-10",,,,,,
"US1ILCK0243","ELMWOOD PARK 0.7 ESE, IL US","2020-02-11",,,,,,
"US1ILCK0243","ELMWOOD PARK 0.7 ESE, IL US","2020-02-12",,,,,,
"US1ILCK0243","ELMWOOD PARK 0.7 ESE, IL US","2020-02-13",,,,,,
"US1ILCK0243","ELMWOOD PARK 0.7 ESE, IL US","2020-02-14",,,,,,
"US1ILCK0243","ELMWOOD PARK 0.7 ESE, IL US","2020-02-15",,,,,,
"US1ILCK0243","ELMWOOD PARK 0.7 ESE, IL US","2020-02-16",,,,,,
"US1ILCK0243","ELMWOOD PARK 0.7 ESE, IL US","2020-02-17",,,,,,
"US1ILCK0243","ELMWOOD PARK 0.7 ESE, IL US","2020-02-18",,,,,,
"US1ILCK0243","ELMWOOD PARK 0.7 ESE, IL US","2020-02-19",,,,,,
"US1ILCK0243","ELMWOOD PARK 0.7 ESE, IL US","2020-02-20",,,,,,
"US1ILCK0243","ELMWOOD PARK 0.7 ESE, IL US","2020-02-21",,,,,,
"US1ILCK0243","ELMWOOD PARK 0.7 ESE, IL US","2020-02-22",,,,,,
"US1ILCK0243","ELMWOOD PARK 0.7 ESE, IL US","2020-02-23",,,,,,
"US1ILCK0243","ELMWOOD PARK 0.7 ESE, IL US","2020-02-24",,,,,,
"US1ILCK0243","ELMWOOD PARK 0.7 ESE, IL US","2020-02-25",,,,,,
"US1ILCK0243","ELMWOOD PARK 0.7 ESE, IL US","2020-02-26",,,,,,
"US1ILCK0243","ELMWOOD PARK 0.7 ESE, IL US","2020-02-27",,,,,,
"US1ILCK0243","ELMWOOD PARK 0.7 ESE, IL US","2020-02-28",,,,,,
"US1ILCK0243","ELMWOOD PARK 0.7 ESE, IL US","2020-02-29",,,,,,
"US1ILCK0243","ELMWOOD PARK 0.7 ESE, IL US","2020-03-01",,,,,,
"US1ILCK0243","ELMWOOD PARK 0.7 ESE, IL US","2020-03-02",,,,,,
"US1ILCK0243","ELMWOOD PARK 0.7 ESE, IL US","2020-03-03",,,,,,
"US1ILCK0243","ELMWOOD PARK 0.7 ESE, IL US","2020-03-04",,,,,,
"US1ILCK0243","ELMWOOD PARK 0.7 ESE, IL US","2020-03-05",,,,,,
"US1ILCK0243","ELMWOOD PARK 0.7 ESE, IL US","2020-03-06",,,,,,
"US1ILCK0243","ELMWOOD PARK 0.7 ESE, IL US","2020-03-07",,,,,,
"US1ILCK0243","ELMWOOD PARK 0.7 ESE, IL US","2020-03-08",,,,,,
"US1ILCK0243","ELMWOOD PARK 0.7 ESE, IL US","2020-03-09",,,,,,
"US1ILCK0243","ELMWOOD PARK 0.7 ESE, IL US","2020-03-10",,,,,,
"US1ILCK0243","ELMWOOD PARK 0.7 ESE, IL US","2020-03-11",,,,,,
"US1ILCK0243","ELMWOOD PARK 0.7 ESE, IL US","2020-03-12",,,,,,
"US1ILCK0243","ELMWOOD PARK 0.7 ESE, IL US","2020-03-13",,,,,,
"US1ILCK0243","ELMWOOD PARK 0.7 ESE, IL US","2020-03-14",,,,,,
"US1ILCK0243","ELMWOOD PARK 0.7 ESE, IL US","2020-03-15",,,,,,
"US1ILCK0243","ELMWOOD PARK 0.7 ESE, IL US","2020-03-16",,,,,,
"US1ILCK0243","ELMWOOD PARK 0.7 ESE, IL US","2020-03-17",,,,,,
"US1ILCK0243","ELMWOOD PARK 0.7 ESE, IL US","2020-03-18",,,,,,
"US1ILCK0243","ELMWOOD PARK 0.7 ESE, IL US","2020-03-19",,,,,,
"US1ILCK0243","ELMWOOD PARK 0.7 ESE, IL US","2020-03-20",,,,,,
"US1ILCK0243","ELMWOOD PARK 0.7 ESE, IL US","2020-03-23",,,,,,
"US1ILCK0243","ELMWOOD PARK 0.7 ESE, IL US","2020-03-24",,,,,,
"US1ILCK0243","ELMWOOD PARK 0.7 ESE, IL US","2020-03-25",,,,,,
"US1ILCK0243","ELMWOOD PARK 0.7 ESE, IL US","2020-03-26",,,,,,
"US1ILCK0243","ELMWOOD PARK 0.7 ESE, IL US","2020-03-29",,,,,,
"US1ILCK0243","ELMWOOD PARK 0.7 ESE, IL US","2020-03-30",,,,,,
"US1ILCK0243","ELMWOOD PARK 0.7 ESE, IL US","2020-03-31",,,,,,
"US1ILCK0243","ELMWOOD PARK 0.7 ESE, IL US","2020-04-01",,,,,,
"US1ILCK0243","ELMWOOD PARK 0.7 ESE, IL US","2020-04-02",,,,,,
"US1ILCK0243","ELMWOOD PARK 0.7 ESE, IL US","2020-04-03",,,,,,
"US1ILCK0243","ELMWOOD PARK 0.7 ESE, IL US","2020-04-04",,,,,,
"US1ILCK0243","ELMWOOD PARK 0.7 ESE, IL US","2020-04-05",,,,,,
"US1ILCK0243","ELMWOOD PARK 0.7 ESE, IL US","2020-04-06",,,,,,
"US1ILCK0243","ELMWOOD PARK 0.7 ESE, IL US","2020-04-07",,,,,,
"US1ILCK0243","ELMWOOD PARK 0.7 ESE, IL US","2020-04-08",,,,,,
"US1ILCK0243","ELMWOOD PARK 0.7 ESE, IL US","2020-04-09",,,,,,
"US1ILCK0243","ELMWOOD PARK 0.7 ESE, IL US","2020-04-10",,,,,,
"US1ILCK0243","ELMWOOD PARK 0.7 ESE, IL US","2020-04-11",,,,,,
"US1ILCK0243","ELMWOOD PARK 0.7 ESE, IL US","2020-04-12",,,,,,
"US1ILCK0243","ELMWOOD PARK 0.7 ESE, IL US","2020-04-13",,,,,,
"US1ILCK0243","ELMWOOD PARK 0.7 ESE, IL US","2020-04-14",,,,,,
"US1ILCK0243","ELMWOOD PARK 0.7 ESE, IL US","2020-04-15",,,,,,
"US1ILCK0243","ELMWOOD PARK 0.7 ESE, IL US","2020-04-16",,,,,,
"US1ILCK0243","ELMWOOD PARK 0.7 ESE, IL US","2020-04-17",,,,,,
"US1ILCK0243","ELMWOOD PARK 0.7 ESE, IL US","2020-04-18",,,,,,
"US1ILCK0243","ELMWOOD PARK 0.7 ESE, IL US","2020-04-19",,,,,,
"US1ILCK0243","ELMWOOD PARK 0.7 ESE, IL US","2020-04-20",,,,,,
"US1ILCK0243","ELMWOOD PARK 0.7 ESE, IL US","2020-04-21",,,,,,
"US1ILCK0243","ELMWOOD PARK 0.7 ESE, IL US","2020-04-22",,,,,,
"US1ILCK0243","ELMWOOD PARK 0.7 ESE, IL US","2020-04-23",,,,,,
"US1ILCK0243","ELMWOOD PARK 0.7 ESE, IL US","2020-04-24",,,,,,
"US1ILCK0243","ELMWOOD PARK 0.7 ESE, IL US","2020-04-25",,,,,,
"US1ILCK0243","ELMWOOD PARK 0.7 ESE, IL US","2020-04-26",,,,,,
"US1ILCK0243","ELMWOOD PARK 0.7 ESE, IL US","2020-04-27",,,,,,
"US1ILCK0243","ELMWOOD PARK 0.7 ESE, IL US","2020-04-28",,,,,,
"US1ILCK0243","ELMWOOD PARK 0.7 ESE, IL US","2020-04-29",,,,,,
"US1ILCK0243","ELMWOOD PARK 0.7 ESE, IL US","2020-04-30",,,,,,
"US1ILCK0243","ELMWOOD PARK 0.7 ESE, IL US","2020-05-01",,,,,,
"US1ILCK0243","ELMWOOD PARK 0.7 ESE, IL US","2020-05-02",,,,,,
"US1ILCK0243","ELMWOOD PARK 0.7 ESE, IL US","2020-05-03",,,,,,
"US1ILCK0243","ELMWOOD PARK 0.7 ESE, IL US","2020-05-04",,,,,,
"US1ILCK0243","ELMWOOD PARK 0.7 ESE, IL US","2020-05-05",,,,,,
"US1ILCK0243","ELMWOOD PARK 0.7 ESE, IL US","2020-05-06",,,,,,
"US1ILCK0243","ELMWOOD PARK 0.7 ESE, IL US","2020-05-07",,,,,,
"US1ILCK0243","ELMWOOD PARK 0.7 ESE, IL US","2020-05-08",,,,,,
"US1ILCK0243","ELMWOOD PARK 0.7 ESE, IL US","2020-05-09",,,,,,
"US1ILCK0243","ELMWOOD PARK 0.7 ESE, IL US","2020-05-10",,,,,,
"US1ILCK0243","ELMWOOD PARK 0.7 ESE, IL US","2020-05-11",,,,,,
"US1ILCK0243","ELMWOOD PARK 0.7 ESE, IL US","2020-05-12",,,,,,
"US1ILCK0243","ELMWOOD PARK 0.7 ESE, IL US","2020-05-13",,,,,,
"US1ILCK0243","ELMWOOD PARK 0.7 ESE, IL US","2020-05-15",,,,,,
"US1ILCK0243","ELMWOOD PARK 0.7 ESE, IL US","2020-05-16",,,,,,
"US1ILCK0243","ELMWOOD PARK 0.7 ESE, IL US","2020-05-17",,,,,,
"US1ILCK0243","ELMWOOD PARK 0.7 ESE, IL US","2020-05-18",,,,,,
"US1ILCK0243","ELMWOOD PARK 0.7 ESE, IL US","2020-05-19",,,,,,
"US1ILCK0243","ELMWOOD PARK 0.7 ESE, IL US","2020-05-20",,,,,,
"US1ILCK0243","ELMWOOD PARK 0.7 ESE, IL US","2020-05-21",,,,,,
"US1ILCK0243","ELMWOOD PARK 0.7 ESE, IL US","2020-05-22",,,,,,
"US1ILCK0243","ELMWOOD PARK 0.7 ESE, IL US","2020-05-23",,,,,,
"US1ILCK0243","ELMWOOD PARK 0.7 ESE, IL US","2020-05-24",,,,,,
"US1ILCK0243","ELMWOOD PARK 0.7 ESE, IL US","2020-05-25",,,,,,
"US1ILCK0243","ELMWOOD PARK 0.7 ESE, IL US","2020-05-26",,,,,,
"US1ILCK0243","ELMWOOD PARK 0.7 ESE, IL US","2020-05-27",,,,,,
"US1ILCK0243","ELMWOOD PARK 0.7 ESE, IL US","2020-05-28",,,,,,
"US1ILCK0243","ELMWOOD PARK 0.7 ESE, IL US","2020-05-29",,,,,,
"US1ILCK0243","ELMWOOD PARK 0.7 ESE, IL US","2020-05-30",,,,,,
"US1ILCK0243","ELMWOOD PARK 0.7 ESE, IL US","2020-05-31",,,,,,
"US1ILCK0243","ELMWOOD PARK 0.7 ESE, IL US","2020-06-01",,,,,,
"US1ILCK0243","ELMWOOD PARK 0.7 ESE, IL US","2020-06-02",,,,,,
"US1ILCK0243","ELMWOOD PARK 0.7 ESE, IL US","2020-06-03",,,,,,
"US1ILCK0243","ELMWOOD PARK 0.7 ESE, IL US","2020-06-04",,,,,,
"US1ILCK0243","ELMWOOD PARK 0.7 ESE, IL US","2020-06-05",,,,,,
"US1ILCK0243","ELMWOOD PARK 0.7 ESE, IL US","2020-06-06",,,,,,
"US1ILCK0243","ELMWOOD PARK 0.7 ESE, IL US","2020-06-07",,,,,,
"US1ILCK0243","ELMWOOD PARK 0.7 ESE, IL US","2020-06-08",,,,,,
"US1ILCK0243","ELMWOOD PARK 0.7 ESE, IL US","2020-06-09",,,,,,
"US1ILCK0243","ELMWOOD PARK 0.7 ESE, IL US","2020-06-10",,,,,,
"US1ILCK0243","ELMWOOD PARK 0.7 ESE, IL US","2020-06-11",,,,,,
"US1ILCK0243","ELMWOOD PARK 0.7 ESE, IL US","2020-06-12",,,,,,
"US1ILCK0243","ELMWOOD PARK 0.7 ESE, IL US","2020-06-13",,,,,,
"US1ILCK0243","ELMWOOD PARK 0.7 ESE, IL US","2020-06-14",,,,,,
"US1ILCK0243","ELMWOOD PARK 0.7 ESE, IL US","2020-06-15",,,,,,
"US1ILCK0243","ELMWOOD PARK 0.7 ESE, IL US","2020-06-16",,,,,,
"US1ILCK0243","ELMWOOD PARK 0.7 ESE, IL US","2020-06-17",,,,,,
"US1ILCK0243","ELMWOOD PARK 0.7 ESE, IL US","2020-06-18",,,,,,
"US1ILCK0243","ELMWOOD PARK 0.7 ESE, IL US","2020-06-19",,,,,,
"US1ILCK0243","ELMWOOD PARK 0.7 ESE, IL US","2020-06-20",,,,,,
"US1ILCK0243","ELMWOOD PARK 0.7 ESE, IL US","2020-06-21",,,,,,
"US1ILCK0243","ELMWOOD PARK 0.7 ESE, IL US","2020-06-22",,,,,,
"US1ILCK0243","ELMWOOD PARK 0.7 ESE, IL US","2020-06-23",,,,,,
"US1ILCK0243","ELMWOOD PARK 0.7 ESE, IL US","2020-06-24",,,,,,
"US1ILCK0243","ELMWOOD PARK 0.7 ESE, IL US","2020-06-25",,,,,,
"US1ILCK0243","ELMWOOD PARK 0.7 ESE, IL US","2020-06-26",,,,,,
"US1ILCK0243","ELMWOOD PARK 0.7 ESE, IL US","2020-06-27",,,,,,
"US1ILCK0243","ELMWOOD PARK 0.7 ESE, IL US","2020-06-28",,,,,,
"US1ILCK0243","ELMWOOD PARK 0.7 ESE, IL US","2020-06-29",,,,,,
"US1ILCK0243","ELMWOOD PARK 0.7 ESE, IL US","2020-06-30",,,,,,
"US1ILCK0243","ELMWOOD PARK 0.7 ESE, IL US","2020-07-01",,,,,,
"US1ILCK0243","ELMWOOD PARK 0.7 ESE, IL US","2020-07-02",,,,,,
"US1ILCK0243","ELMWOOD PARK 0.7 ESE, IL US","2020-07-03",,,,,,
"US1ILCK0243","ELMWOOD PARK 0.7 ESE, IL US","2020-07-04",,,,,,
"US1ILCK0243","ELMWOOD PARK 0.7 ESE, IL US","2020-07-05",,,,,,
"US1ILCK0243","ELMWOOD PARK 0.7 ESE, IL US","2020-07-06",,,,,,
"US1ILCK0243","ELMWOOD PARK 0.7 ESE, IL US","2020-07-07",,,,,,
"US1ILCK0243","ELMWOOD PARK 0.7 ESE, IL US","2020-07-08",,,,,,
"US1ILCK0243","ELMWOOD PARK 0.7 ESE, IL US","2020-07-09",,,,,,
"US1ILCK0243","ELMWOOD PARK 0.7 ESE, IL US","2020-07-10",,,,,,
"US1ILCK0243","ELMWOOD PARK 0.7 ESE, IL US","2020-07-11",,,,,,
"US1ILCK0243","ELMWOOD PARK 0.7 ESE, IL US","2020-07-12",,,,,,
"US1ILCK0243","ELMWOOD PARK 0.7 ESE, IL US","2020-07-13",,,,,,
"US1ILCK0243","ELMWOOD PARK 0.7 ESE, IL US","2020-07-14",,,,,,
"US1ILCK0243","ELMWOOD PARK 0.7 ESE, IL US","2020-07-15",,,,,,
"US1ILCK0243","ELMWOOD PARK 0.7 ESE, IL US","2020-07-16",,,,,,
"US1ILCK0243","ELMWOOD PARK 0.7 ESE, IL US","2020-07-17",,,,,,
"US1ILCK0243","ELMWOOD PARK 0.7 ESE, IL US","2020-07-18",,,,,,
"US1ILCK0243","ELMWOOD PARK 0.7 ESE, IL US","2020-07-21",,,,,,
"US1ILCK0243","ELMWOOD PARK 0.7 ESE, IL US","2020-07-22",,,,,,
"US1ILCK0243","ELMWOOD PARK 0.7 ESE, IL US","2020-07-23",,,,,,
"US1ILCK0243","ELMWOOD PARK 0.7 ESE, IL US","2020-07-24",,,,,,
"US1ILCK0243","ELMWOOD PARK 0.7 ESE, IL US","2020-07-25",,,,,,
"US1ILCK0243","ELMWOOD PARK 0.7 ESE, IL US","2020-07-26",,,,,,
"US1ILCK0243","ELMWOOD PARK 0.7 ESE, IL US","2020-07-27",,,,,,
"US1ILCK0243","ELMWOOD PARK 0.7 ESE, IL US","2020-07-28",,,,,,
"US1ILCK0243","ELMWOOD PARK 0.7 ESE, IL US","2020-07-29",,,,,,
"US1ILCK0243","ELMWOOD PARK 0.7 ESE, IL US","2020-08-01",,,,,,
"US1ILCK0243","ELMWOOD PARK 0.7 ESE, IL US","2020-08-02",,,,,,
"US1ILCK0243","ELMWOOD PARK 0.7 ESE, IL US","2020-08-03",,,,,,
"US1ILCK0243","ELMWOOD PARK 0.7 ESE, IL US","2020-08-04",,,,,,
"US1ILCK0243","ELMWOOD PARK 0.7 ESE, IL US","2020-08-05",,,,,,
"US1ILCK0243","ELMWOOD PARK 0.7 ESE, IL US","2020-08-06",,,,,,
"US1ILCK0243","ELMWOOD PARK 0.7 ESE, IL US","2020-08-07",,,,,,
"US1ILCK0243","ELMWOOD PARK 0.7 ESE, IL US","2020-08-08",,,,,,
"US1ILCK0243","ELMWOOD PARK 0.7 ESE, IL US","2020-08-09",,,,,,
"US1ILCK0243","ELMWOOD PARK 0.7 ESE, IL US","2020-08-10",,,,,,
"US1ILCK0243","ELMWOOD PARK 0.7 ESE, IL US","2020-08-11",,,,,,
"US1ILCK0243","ELMWOOD PARK 0.7 ESE, IL US","2020-08-12",,,,,,
"US1ILCK0243","ELMWOOD PARK 0.7 ESE, IL US","2020-08-13",,,,,,
"US1ILCK0243","ELMWOOD PARK 0.7 ESE, IL US","2020-08-14",,,,,,
"US1ILCK0243","ELMWOOD PARK 0.7 ESE, IL US","2020-08-15",,,,,,
"US1ILCK0243","ELMWOOD PARK 0.7 ESE, IL US","2020-08-16",,,,,,
"US1ILCK0243","ELMWOOD PARK 0.7 ESE, IL US","2020-08-17",,,,,,
"US1ILCK0243","ELMWOOD PARK 0.7 ESE, IL US","2020-08-18",,,,,,
"US1ILCK0243","ELMWOOD PARK 0.7 ESE, IL US","2020-08-19",,,,,,
"US1ILCK0243","ELMWOOD PARK 0.7 ESE, IL US","2020-08-20",,,,,,
"US1ILCK0243","ELMWOOD PARK 0.7 ESE, IL US","2020-08-21",,,,,,
"US1ILCK0243","ELMWOOD PARK 0.7 ESE, IL US","2020-08-22",,,,,,
"US1ILCK0243","ELMWOOD PARK 0.7 ESE, IL US","2020-08-23",,,,,,
"US1ILCK0243","ELMWOOD PARK 0.7 ESE, IL US","2020-08-24",,,,,,
"US1ILCK0243","ELMWOOD PARK 0.7 ESE, IL US","2020-08-25",,,,,,
"US1ILCK0243","ELMWOOD PARK 0.7 ESE, IL US","2020-08-31",,,,,,
"US1ILCK0243","ELMWOOD PARK 0.7 ESE, IL US","2020-09-01",,,,,,
"US1ILCK0243","ELMWOOD PARK 0.7 ESE, IL US","2020-09-02",,,,,,
"US1ILCK0243","ELMWOOD PARK 0.7 ESE, IL US","2020-09-03",,,,,,
"US1ILCK0243","ELMWOOD PARK 0.7 ESE, IL US","2020-09-04",,,,,,
"US1ILCK0243","ELMWOOD PARK 0.7 ESE, IL US","2020-09-05",,,,,,
"US1ILCK0243","ELMWOOD PARK 0.7 ESE, IL US","2020-09-06",,,,,,
"US1ILCK0243","ELMWOOD PARK 0.7 ESE, IL US","2020-09-07",,,,,,
"US1ILCK0243","ELMWOOD PARK 0.7 ESE, IL US","2020-09-08",,,,,,
"US1INLK0067","SCHERERVILLE 1.1 E, IN US","2019-10-01",,,,,,
"US1INLK0067","SCHERERVILLE 1.1 E, IN US","2019-10-02",,,,,,
"US1INLK0067","SCHERERVILLE 1.1 E, IN US","2019-10-03",,,,,,
"US1INLK0067","SCHERERVILLE 1.1 E, IN US","2019-10-04",,,,,,
"US1INLK0067","SCHERERVILLE 1.1 E, IN US","2019-10-05",,,,,,
"US1INLK0067","SCHERERVILLE 1.1 E, IN US","2019-10-06",,,,,,
"US1INLK0067","SCHERERVILLE 1.1 E, IN US","2019-10-07",,,,,,
"US1INLK0067","SCHERERVILLE 1.1 E, IN US","2019-10-08",,,,,,
"US1INLK0067","SCHERERVILLE 1.1 E, IN US","2019-10-09",,,,,,
"US1INLK0067","SCHERERVILLE 1.1 E, IN US","2019-10-10",,,,,,
"US1INLK0067","SCHERERVILLE 1.1 E, IN US","2019-10-11",,,,,,
"US1INLK0067","SCHERERVILLE 1.1 E, IN US","2019-10-12",,,,,,
"US1INLK0067","SCHERERVILLE 1.1 E, IN US","2019-10-13",,,,,,
"US1INLK0067","SCHERERVILLE 1.1 E, IN US","2019-10-14",,,,,,
"US1INLK0067","SCHERERVILLE 1.1 E, IN US","2019-10-15",,,,,,
"US1INLK0067","SCHERERVILLE 1.1 E, IN US","2019-10-16",,,,,,
"US1INLK0067","SCHERERVILLE 1.1 E, IN US","2019-10-17",,,,,,
"US1INLK0067","SCHERERVILLE 1.1 E, IN US","2019-10-18",,,,,,
"US1INLK0067","SCHERERVILLE 1.1 E, IN US","2019-10-19",,,,,,
"US1INLK0067","SCHERERVILLE 1.1 E, IN US","2019-10-20",,,,,,
"US1INLK0067","SCHERERVILLE 1.1 E, IN US","2019-10-21",,,,,,
"US1INLK0067","SCHERERVILLE 1.1 E, IN US","2019-10-22",,,,,,
"US1INLK0067","SCHERERVILLE 1.1 E, IN US","2019-10-23",,,,,,
"US1INLK0067","SCHERERVILLE 1.1 E, IN US","2019-10-24",,,,,,
"US1INLK0067","SCHERERVILLE 1.1 E, IN US","2019-10-25",,,,,,
"US1INLK0067","SCHERERVILLE 1.1 E, IN US","2019-10-26",,,,,,
"US1INLK0067","SCHERERVILLE 1.1 E, IN US","2019-10-27",,,,,,
"US1INLK0067","SCHERERVILLE 1.1 E, IN US","2019-10-28",,,,,,
"US1INLK0067","SCHERERVILLE 1.1 E, IN US","2019-10-29",,,,,,
"US1INLK0067","SCHERERVILLE 1.1 E, IN US","2019-10-30",,,,,,
"US1INLK0067","SCHERERVILLE 1.1 E, IN US","2019-10-31",,,,,,
"US1INLK0067","SCHERERVILLE 1.1 E, IN US","2019-11-01",,,,,,
"US1INLK0067","SCHERERVILLE 1.1 E, IN US","2019-11-02",,,,,,
"US1INLK0067","SCHERERVILLE 1.1 E, IN US","2019-11-03",,,,,,
"US1INLK0067","SCHERERVILLE 1.1 E, IN US","2019-11-04",,,,,,
"US1INLK0067","SCHERERVILLE 1.1 E, IN US","2019-11-05",,,,,,
"US1INLK0067","SCHERERVILLE 1.1 E, IN US","2019-11-06",,,,,,
"US1INLK0067","SCHERERVILLE 1.1 E, IN US","2019-11-07",,,,,,
"US1INLK0067","SCHERERVILLE 1.1 E, IN US","2019-11-08",,,,,,
"US1INLK0067","SCHERERVILLE 1.1 E, IN US","2019-11-10",,,,,,
"US1INLK0067","SCHERERVILLE 1.1 E, IN US","2019-11-11",,,,,,
"US1INLK0067","SCHERERVILLE 1.1 E, IN US","2019-11-15",,,,,,
"US1INLK0067","SCHERERVILLE 1.1 E, IN US","2019-11-16",,,,,,
"US1INLK0067","SCHERERVILLE 1.1 E, IN US","2019-11-17",,,,,,
"US1INLK0067","SCHERERVILLE 1.1 E, IN US","2019-11-18",,,,,,
"US1INLK0067","SCHERERVILLE 1.1 E, IN US","2019-11-19",,,,,,
"US1INLK0067","SCHERERVILLE 1.1 E, IN US","2019-11-20",,,,,,
"US1INLK0067","SCHERERVILLE 1.1 E, IN US","2019-11-21",,,,,,
"US1INLK0067","SCHERERVILLE 1.1 E, IN US","2019-11-22",,,,,,
"US1INLK0067","SCHERERVILLE 1.1 E, IN US","2019-11-23",,,,,,
"US1INLK0067","SCHERERVILLE 1.1 E, IN US","2019-11-24",,,,,,
"US1INLK0067","SCHERERVILLE 1.1 E, IN US","2019-11-25",,,,,,
"US1INLK0067","SCHERERVILLE 1.1 E, IN US","2019-11-26",,,,,,
"US1INLK0067","SCHERERVILLE 1.1 E, IN US","2019-11-27",,,,,,
"US1INLK0067","SCHERERVILLE 1.1 E, IN US","2019-11-28",,,,,,
"US1INLK0067","SCHERERVILLE 1.1 E, IN US","2019-11-29",,,,,,
"US1INLK0067","SCHERERVILLE 1.1 E, IN US","2019-11-30",,,,,,
"US1INLK0067","SCHERERVILLE 1.1 E, IN US","2019-12-01",,,,,,
"US1INLK0067","SCHERERVILLE 1.1 E, IN US","2019-12-02",,,,,,
"US1INLK0067","SCHERERVILLE 1.1 E, IN US","2019-12-03",,,,,,
"US1INLK0067","SCHERERVILLE 1.1 E, IN US","2019-12-04",,,,,,
"US1INLK0067","SCHERERVILLE 1.1 E, IN US","2019-12-09",,,,,,
"US1INLK0067","SCHERERVILLE 1.1 E, IN US","2019-12-10",,,,,,
"US1INLK0067","SCHERERVILLE 1.1 E, IN US","2019-12-11",,,,,,
"US1INLK0067","SCHERERVILLE 1.1 E, IN US","2019-12-12",,,,,,
"US1INLK0067","SCHERERVILLE 1.1 E, IN US","2019-12-13",,,,,,
"US1INLK0067","SCHERERVILLE 1.1 E, IN US","2019-12-14",,,,,,
"US1INLK0067","SCHERERVILLE 1.1 E, IN US","2019-12-15",,,,,,
"US1INLK0067","SCHERERVILLE 1.1 E, IN US","2019-12-16",,,,,,
"US1INLK0067","SCHERERVILLE 1.1 E, IN US","2019-12-17",,,,,,
"US1INLK0067","SCHERERVILLE 1.1 E, IN US","2019-12-18",,,,,,
"US1INLK0067","SCHERERVILLE 1.1 E, IN US","2019-12-19",,,,,,
"US1INLK0067","SCHERERVILLE 1.1 E, IN US","2019-12-20",,,,,,
"US1INLK0067","SCHERERVILLE 1.1 E, IN US","2019-12-21",,,,,,
"US1INLK0067","SCHERERVILLE 1.1 E, IN US","2019-12-22",,,,,,
"US1INLK0067","SCHERERVILLE 1.1 E, IN US","2019-12-23",,,,,,
"US1INLK0067","SCHERERVILLE 1.1 E, IN US","2019-12-24",,,,,,
"US1INLK0067","SCHERERVILLE 1.1 E, IN US","2019-12-25",,,,,,
"US1INLK0067","SCHERERVILLE 1.1 E, IN US","2019-12-27",,,,,,
"US1INLK0067","SCHERERVILLE 1.1 E, IN US","2019-12-29",,,,,,
"US1INLK0067","SCHERERVILLE 1.1 E, IN US","2019-12-30",,,,,,
"US1INLK0067","SCHERERVILLE 1.1 E, IN US","2019-12-31",,,,,,
"US1INLK0067","SCHERERVILLE 1.1 E, IN US","2020-01-01",,,,,,
"US1INLK0067","SCHERERVILLE 1.1 E, IN US","2020-01-02",,,,,,
"US1INLK0067","SCHERERVILLE 1.1 E, IN US","2020-01-03",,,,,,
"US1INLK0067","SCHERERVILLE 1.1 E, IN US","2020-01-05",,,,,,
"US1INLK0067","SCHERERVILLE 1.1 E, IN US","2020-01-06",,,,,,
"US1INLK0067","SCHERERVILLE 1.1 E, IN US","2020-01-07",,,,,,
"US1INLK0067","SCHERERVILLE 1.1 E, IN US","2020-01-08",,,,,,
"US1INLK0067","SCHERERVILLE 1.1 E, IN US","2020-01-09",,,,,,
"US1INLK0067","SCHERERVILLE 1.1 E, IN US","2020-01-10",,,,,,
"US1INLK0067","SCHERERVILLE 1.1 E, IN US","2020-01-11",,,,,,
"US1INLK0067","SCHERERVILLE 1.1 E, IN US","2020-01-12",,,,,,
"US1INLK0067","SCHERERVILLE 1.1 E, IN US","2020-01-13",,,,,,
"US1INLK0067","SCHERERVILLE 1.1 E, IN US","2020-01-14",,,,,,
"US1INLK0067","SCHERERVILLE 1.1 E, IN US","2020-01-15",,,,,,
"US1INLK0067","SCHERERVILLE 1.1 E, IN US","2020-01-16",,,,,,
"US1INLK0067","SCHERERVILLE 1.1 E, IN US","2020-01-17",,,,,,
"US1INLK0067","SCHERERVILLE 1.1 E, IN US","2020-01-18",,,,,,
"US1INLK0067","SCHERERVILLE 1.1 E, IN US","2020-01-19",,,,,,
"US1INLK0067","SCHERERVILLE 1.1 E, IN US","2020-01-20",,,,,,
"US1INLK0067","SCHERERVILLE 1.1 E, IN US","2020-01-21",,,,,,
"US1INLK0067","SCHERERVILLE 1.1 E, IN US","2020-01-22",,,,,,
"US1INLK0067","SCHERERVILLE 1.1 E, IN US","2020-01-23",,,,,,
"US1INLK0067","SCHERERVILLE 1.1 E, IN US","2020-01-24",,,,,,
"US1INLK0067","SCHERERVILLE 1.1 E, IN US","2020-01-25",,,,,,
"US1INLK0067","SCHERERVILLE 1.1 E, IN US","2020-01-26",,,,,,
"US1INLK0067","SCHERERVILLE 1.1 E, IN US","2020-01-27",,,,,,
"US1INLK0067","SCHERERVILLE 1.1 E, IN US","2020-01-28",,,,,,
"US1INLK0067","SCHERERVILLE 1.1 E, IN US","2020-01-29",,,,,,
"US1INLK0067","SCHERERVILLE 1.1 E, IN US","2020-01-30",,,,,,
"US1INLK0067","SCHERERVILLE 1.1 E, IN US","2020-01-31",,,,,,
"US1INLK0067","SCHERERVILLE 1.1 E, IN US","2020-02-01",,,,,,
"US1INLK0067","SCHERERVILLE 1.1 E, IN US","2020-02-02",,,,,,
"US1INLK0067","SCHERERVILLE 1.1 E, IN US","2020-02-03",,,,,,
"US1INLK0067","SCHERERVILLE 1.1 E, IN US","2020-02-04",,,,,,
"US1INLK0067","SCHERERVILLE 1.1 E, IN US","2020-02-05",,,,,,
"US1INLK0067","SCHERERVILLE 1.1 E, IN US","2020-02-22",,,,,,
"US1INLK0067","SCHERERVILLE 1.1 E, IN US","2020-02-23",,,,,,
"US1INLK0067","SCHERERVILLE 1.1 E, IN US","2020-02-24",,,,,,
"US1INLK0067","SCHERERVILLE 1.1 E, IN US","2020-02-25",,,,,,
"US1INLK0067","SCHERERVILLE 1.1 E, IN US","2020-03-01",,,,,,
"US1INLK0067","SCHERERVILLE 1.1 E, IN US","2020-03-02",,,,,,
"US1INLK0067","SCHERERVILLE 1.1 E, IN US","2020-03-03",,,,,,
"US1INLK0067","SCHERERVILLE 1.1 E, IN US","2020-03-04",,,,,,
"US1INLK0067","SCHERERVILLE 1.1 E, IN US","2020-03-05",,,,,,
"US1INLK0067","SCHERERVILLE 1.1 E, IN US","2020-03-06",,,,,,
"US1INLK0067","SCHERERVILLE 1.1 E, IN US","2020-03-07",,,,,,
"US1INLK0067","SCHERERVILLE 1.1 E, IN US","2020-03-08",,,,,,
"US1INLK0067","SCHERERVILLE 1.1 E, IN US","2020-03-09",,,,,,
"US1INLK0067","SCHERERVILLE 1.1 E, IN US","2020-03-10",,,,,,
"US1INLK0067","SCHERERVILLE 1.1 E, IN US","2020-03-11",,,,,,
"US1INLK0067","SCHERERVILLE 1.1 E, IN US","2020-03-12",,,,,,
"US1INLK0067","SCHERERVILLE 1.1 E, IN US","2020-03-13",,,,,,
"US1INLK0067","SCHERERVILLE 1.1 E, IN US","2020-03-14",,,,,,
"US1INLK0067","SCHERERVILLE 1.1 E, IN US","2020-03-15",,,,,,
"US1INLK0067","SCHERERVILLE 1.1 E, IN US","2020-03-16",,,,,,
"US1INLK0067","SCHERERVILLE 1.1 E, IN US","2020-03-17",,,,,,
"US1INLK0067","SCHERERVILLE 1.1 E, IN US","2020-03-18",,,,,,
"US1INLK0067","SCHERERVILLE 1.1 E, IN US","2020-03-19",,,,,,
"US1INLK0067","SCHERERVILLE 1.1 E, IN US","2020-03-20",,,,,,
"US1INLK0067","SCHERERVILLE 1.1 E, IN US","2020-03-21",,,,,,
"US1INLK0067","SCHERERVILLE 1.1 E, IN US","2020-03-22",,,,,,
"US1INLK0067","SCHERERVILLE 1.1 E, IN US","2020-03-23",,,,,,
"US1INLK0067","SCHERERVILLE 1.1 E, IN US","2020-03-24",,,,,,
"US1INLK0067","SCHERERVILLE 1.1 E, IN US","2020-03-25",,,,,,
"US1INLK0067","SCHERERVILLE 1.1 E, IN US","2020-03-26",,,,,,
"US1INLK0067","SCHERERVILLE 1.1 E, IN US","2020-03-27",,,,,,
"US1INLK0067","SCHERERVILLE 1.1 E, IN US","2020-03-28",,,,,,
"US1INLK0067","SCHERERVILLE 1.1 E, IN US","2020-03-29",,,,,,
"US1INLK0067","SCHERERVILLE 1.1 E, IN US","2020-03-30",,,,,,
"US1INLK0067","SCHERERVILLE 1.1 E, IN US","2020-03-31",,,,,,
"US1INLK0067","SCHERERVILLE 1.1 E, IN US","2020-04-01",,,,,,
"US1INLK0067","SCHERERVILLE 1.1 E, IN US","2020-04-02",,,,,,
"US1INLK0067","SCHERERVILLE 1.1 E, IN US","2020-04-03",,,,,,
"US1INLK0067","SCHERERVILLE 1.1 E, IN US","2020-04-04",,,,,,
"US1INLK0067","SCHERERVILLE 1.1 E, IN US","2020-04-05",,,,,,
"US1INLK0067","SCHERERVILLE 1.1 E, IN US","2020-04-06",,,,,,
"US1INLK0067","SCHERERVILLE 1.1 E, IN US","2020-04-07",,,,,,
"US1INLK0067","SCHERERVILLE 1.1 E, IN US","2020-04-08",,,,,,
"US1INLK0067","SCHERERVILLE 1.1 E, IN US","2020-04-09",,,,,,
"US1INLK0067","SCHERERVILLE 1.1 E, IN US","2020-04-10",,,,,,
"US1INLK0067","SCHERERVILLE 1.1 E, IN US","2020-04-11",,,,,,
"US1INLK0067","SCHERERVILLE 1.1 E, IN US","2020-04-12",,,,,,
"US1INLK0067","SCHERERVILLE 1.1 E, IN US","2020-04-13",,,,,,
"US1INLK0067","SCHERERVILLE 1.1 E, IN US","2020-04-14",,,,,,
"US1INLK0067","SCHERERVILLE 1.1 E, IN US","2020-04-16",,,,,,
"US1INLK0067","SCHERERVILLE 1.1 E, IN US","2020-04-18",,,,,,
"US1INLK0067","SCHERERVILLE 1.1 E, IN US","2020-04-19",,,,,,
"US1INLK0067","SCHERERVILLE 1.1 E, IN US","2020-04-20",,,,,,
"US1INLK0067","SCHERERVILLE 1.1 E, IN US","2020-04-21",,,,,,
"US1INLK0067","SCHERERVILLE 1.1 E, IN US","2020-04-22",,,,,,
"US1INLK0067","SCHERERVILLE 1.1 E, IN US","2020-04-23",,,,,,
"US1INLK0067","SCHERERVILLE 1.1 E, IN US","2020-04-24",,,,,,
"US1INLK0067","SCHERERVILLE 1.1 E, IN US","2020-04-25",,,,,,
"US1INLK0067","SCHERERVILLE 1.1 E, IN US","2020-04-26",,,,,,
"US1INLK0067","SCHERERVILLE 1.1 E, IN US","2020-04-27",,,,,,
"US1INLK0067","SCHERERVILLE 1.1 E, IN US","2020-04-28",,,,,,
"US1INLK0067","SCHERERVILLE 1.1 E, IN US","2020-04-29",,,,,,
"US1INLK0067","SCHERERVILLE 1.1 E, IN US","2020-04-30",,,,,,
"US1INLK0067","SCHERERVILLE 1.1 E, IN US","2020-05-01",,,,,,
"US1INLK0067","SCHERERVILLE 1.1 E, IN US","2020-05-02",,,,,,
"US1INLK0067","SCHERERVILLE 1.1 E, IN US","2020-05-03",,,,,,
"US1INLK0067","SCHERERVILLE 1.1 E, IN US","2020-05-04",,,,,,
"US1INLK0067","SCHERERVILLE 1.1 E, IN US","2020-05-05",,,,,,
"US1INLK0067","SCHERERVILLE 1.1 E, IN US","2020-05-06",,,,,,
"US1INLK0067","SCHERERVILLE 1.1 E, IN US","2020-05-07",,,,,,
"US1INLK0067","SCHERERVILLE 1.1 E, IN US","2020-05-08",,,,,,
"US1INLK0067","SCHERERVILLE 1.1 E, IN US","2020-05-09",,,,,,
"US1INLK0067","SCHERERVILLE 1.1 E, IN US","2020-05-10",,,,,,
"US1INLK0067","SCHERERVILLE 1.1 E, IN US","2020-05-11",,,,,,
"US1INLK0067","SCHERERVILLE 1.1 E, IN US","2020-05-12",,,,,,
"US1INLK0067","SCHERERVILLE 1.1 E, IN US","2020-05-13",,,,,,
"US1INLK0067","SCHERERVILLE 1.1 E, IN US","2020-05-14",,,,,,
"US1INLK0067","SCHERERVILLE 1.1 E, IN US","2020-05-15",,,,,,
"US1INLK0067","SCHERERVILLE 1.1 E, IN US","2020-05-16",,,,,,
"US1INLK0067","SCHERERVILLE 1.1 E, IN US","2020-05-17",,,,,,
"US1INLK0067","SCHERERVILLE 1.1 E, IN US","2020-05-18",,,,,,
"US1INLK0067","SCHERERVILLE 1.1 E, IN US","2020-05-19",,,,,,
"US1INLK0067","SCHERERVILLE 1.1 E, IN US","2020-05-20",,,,,,
"US1INLK0067","SCHERERVILLE 1.1 E, IN US","2020-05-21",,,,,,
"US1INLK0067","SCHERERVILLE 1.1 E, IN US","2020-05-22",,,,,,
"US1INLK0067","SCHERERVILLE 1.1 E, IN US","2020-05-23",,,,,,
"US1INLK0067","SCHERERVILLE 1.1 E, IN US","2020-05-24",,,,,,
"US1INLK0067","SCHERERVILLE 1.1 E, IN US","2020-05-25",,,,,,
"US1INLK0067","SCHERERVILLE 1.1 E, IN US","2020-05-26",,,,,,
"US1INLK0067","SCHERERVILLE 1.1 E, IN US","2020-05-27",,,,,,
"US1INLK0067","SCHERERVILLE 1.1 E, IN US","2020-05-28",,,,,,
"US1INLK0067","SCHERERVILLE 1.1 E, IN US","2020-05-29",,,,,,
"US1INLK0067","SCHERERVILLE 1.1 E, IN US","2020-05-30",,,,,,
"US1INLK0067","SCHERERVILLE 1.1 E, IN US","2020-05-31",,,,,,
"US1INLK0067","SCHERERVILLE 1.1 E, IN US","2020-06-01",,,,,,
"US1INLK0067","SCHERERVILLE 1.1 E, IN US","2020-06-02",,,,,,
"US1INLK0067","SCHERERVILLE 1.1 E, IN US","2020-06-03",,,,,,
"US1INLK0067","SCHERERVILLE 1.1 E, IN US","2020-06-04",,,,,,
"US1INLK0067","SCHERERVILLE 1.1 E, IN US","2020-06-05",,,,,,
"US1INLK0067","SCHERERVILLE 1.1 E, IN US","2020-06-06",,,,,,
"US1INLK0067","SCHERERVILLE 1.1 E, IN US","2020-06-07",,,,,,
"US1INLK0067","SCHERERVILLE 1.1 E, IN US","2020-06-08",,,,,,
"US1INLK0067","SCHERERVILLE 1.1 E, IN US","2020-06-09",,,,,,
"US1INLK0067","SCHERERVILLE 1.1 E, IN US","2020-06-10",,,,,,
"US1INLK0067","SCHERERVILLE 1.1 E, IN US","2020-06-11",,,,,,
"US1INLK0067","SCHERERVILLE 1.1 E, IN US","2020-06-12",,,,,,
"US1INLK0067","SCHERERVILLE 1.1 E, IN US","2020-06-13",,,,,,
"US1INLK0067","SCHERERVILLE 1.1 E, IN US","2020-06-14",,,,,,
"US1INLK0067","SCHERERVILLE 1.1 E, IN US","2020-06-15",,,,,,
"US1INLK0067","SCHERERVILLE 1.1 E, IN US","2020-06-16",,,,,,
"US1INLK0067","SCHERERVILLE 1.1 E, IN US","2020-06-17",,,,,,
"US1INLK0067","SCHERERVILLE 1.1 E, IN US","2020-06-18",,,,,,
"US1INLK0067","SCHERERVILLE 1.1 E, IN US","2020-06-19",,,,,,
"US1INLK0067","SCHERERVILLE 1.1 E, IN US","2020-06-20",,,,,,
"US1INLK0067","SCHERERVILLE 1.1 E, IN US","2020-06-21",,,,,,
"US1INLK0067","SCHERERVILLE 1.1 E, IN US","2020-06-22",,,,,,
"US1INLK0067","SCHERERVILLE 1.1 E, IN US","2020-06-23",,,,,,
"US1INLK0067","SCHERERVILLE 1.1 E, IN US","2020-06-24",,,,,,
"US1INLK0067","SCHERERVILLE 1.1 E, IN US","2020-06-25",,,,,,
"US1INLK0067","SCHERERVILLE 1.1 E, IN US","2020-06-26",,,,,,
"US1INLK0067","SCHERERVILLE 1.1 E, IN US","2020-06-27",,,,,,
"US1INLK0067","SCHERERVILLE 1.1 E, IN US","2020-06-28",,,,,,
"US1INLK0067","SCHERERVILLE 1.1 E, IN US","2020-06-29",,,,,,
"US1INLK0067","SCHERERVILLE 1.1 E, IN US","2020-06-30",,,,,,
"US1INLK0067","SCHERERVILLE 1.1 E, IN US","2020-07-01",,,,,,
"US1INLK0067","SCHERERVILLE 1.1 E, IN US","2020-07-02",,,,,,
"US1INLK0067","SCHERERVILLE 1.1 E, IN US","2020-07-03",,,,,,
"US1INLK0067","SCHERERVILLE 1.1 E, IN US","2020-07-04",,,,,,
"US1INLK0067","SCHERERVILLE 1.1 E, IN US","2020-07-05",,,,,,
"US1INLK0067","SCHERERVILLE 1.1 E, IN US","2020-07-06",,,,,,
"US1INLK0067","SCHERERVILLE 1.1 E, IN US","2020-07-07",,,,,,
"US1INLK0067","SCHERERVILLE 1.1 E, IN US","2020-07-08",,,,,,
"US1INLK0067","SCHERERVILLE 1.1 E, IN US","2020-07-09",,,,,,
"US1INLK0067","SCHERERVILLE 1.1 E, IN US","2020-07-10",,,,,,
"US1INLK0067","SCHERERVILLE 1.1 E, IN US","2020-07-11",,,,,,
"US1INLK0067","SCHERERVILLE 1.1 E, IN US","2020-07-12",,,,,,
"US1INLK0067","SCHERERVILLE 1.1 E, IN US","2020-07-13",,,,,,
"US1INLK0067","SCHERERVILLE 1.1 E, IN US","2020-07-14",,,,,,
"US1INLK0067","SCHERERVILLE 1.1 E, IN US","2020-07-15",,,,,,
"US1INLK0067","SCHERERVILLE 1.1 E, IN US","2020-07-16",,,,,,
"US1INLK0067","SCHERERVILLE 1.1 E, IN US","2020-07-17",,,,,,
"US1INLK0067","SCHERERVILLE 1.1 E, IN US","2020-07-18",,,,,,
"US1INLK0067","SCHERERVILLE 1.1 E, IN US","2020-07-19",,,,,,
"US1INLK0067","SCHERERVILLE 1.1 E, IN US","2020-07-20",,,,,,
"US1INLK0067","SCHERERVILLE 1.1 E, IN US","2020-07-22",,,,,,
"US1INLK0067","SCHERERVILLE 1.1 E, IN US","2020-07-23",,,,,,
"US1INLK0067","SCHERERVILLE 1.1 E, IN US","2020-07-24",,,,,,
"US1INLK0067","SCHERERVILLE 1.1 E, IN US","2020-07-25",,,,,,
"US1INLK0067","SCHERERVILLE 1.1 E, IN US","2020-07-26",,,,,,
"US1INLK0067","SCHERERVILLE 1.1 E, IN US","2020-07-27",,,,,,
"US1INLK0067","SCHERERVILLE 1.1 E, IN US","2020-07-28",,,,,,
"US1INLK0067","SCHERERVILLE 1.1 E, IN US","2020-07-29",,,,,,
"US1INLK0067","SCHERERVILLE 1.1 E, IN US","2020-07-30",,,,,,
"US1INLK0067","SCHERERVILLE 1.1 E, IN US","2020-07-31",,,,,,
"US1INLK0067","SCHERERVILLE 1.1 E, IN US","2020-08-01",,,,,,
"US1INLK0067","SCHERERVILLE 1.1 E, IN US","2020-08-02",,,,,,
"US1INLK0067","SCHERERVILLE 1.1 E, IN US","2020-08-03",,,,,,
"US1INLK0067","SCHERERVILLE 1.1 E, IN US","2020-08-04",,,,,,
"US1INLK0067","SCHERERVILLE 1.1 E, IN US","2020-08-05",,,,,,
"US1INLK0067","SCHERERVILLE 1.1 E, IN US","2020-08-06",,,,,,
"US1INLK0067","SCHERERVILLE 1.1 E, IN US","2020-08-07",,,,,,
"US1INLK0067","SCHERERVILLE 1.1 E, IN US","2020-08-08",,,,,,
"US1INLK0067","SCHERERVILLE 1.1 E, IN US","2020-08-09",,,,,,
"US1INLK0067","SCHERERVILLE 1.1 E, IN US","2020-08-11",,,,,,
"US1INLK0067","SCHERERVILLE 1.1 E, IN US","2020-08-12",,,,,,
"US1INLK0067","SCHERERVILLE 1.1 E, IN US","2020-08-13",,,,,,
"US1INLK0067","SCHERERVILLE 1.1 E, IN US","2020-08-14",,,,,,
"US1INLK0067","SCHERERVILLE 1.1 E, IN US","2020-08-15",,,,,,
"US1INLK0067","SCHERERVILLE 1.1 E, IN US","2020-08-16",,,,,,
"US1INLK0067","SCHERERVILLE 1.1 E, IN US","2020-08-17",,,,,,
"US1INLK0067","SCHERERVILLE 1.1 E, IN US","2020-08-18",,,,,,
"US1INLK0067","SCHERERVILLE 1.1 E, IN US","2020-08-19",,,,,,
"US1INLK0067","SCHERERVILLE 1.1 E, IN US","2020-08-20",,,,,,
"US1INLK0067","SCHERERVILLE 1.1 E, IN US","2020-08-21",,,,,,
"US1INLK0067","SCHERERVILLE 1.1 E, IN US","2020-08-22",,,,,,
"US1INLK0067","SCHERERVILLE 1.1 E, IN US","2020-08-23",,,,,,
"US1INLK0067","SCHERERVILLE 1.1 E, IN US","2020-08-24",,,,,,
"US1INLK0067","SCHERERVILLE 1.1 E, IN US","2020-08-25",,,,,,
"US1INLK0067","SCHERERVILLE 1.1 E, IN US","2020-08-26",,,,,,
"US1INLK0067","SCHERERVILLE 1.1 E, IN US","2020-08-27",,,,,,
"US1INLK0067","SCHERERVILLE 1.1 E, IN US","2020-08-28",,,,,,
"US1INLK0067","SCHERERVILLE 1.1 E, IN US","2020-08-29",,,,,,
"US1INLK0067","SCHERERVILLE 1.1 E, IN US","2020-08-30",,,,,,
"US1INLK0067","SCHERERVILLE 1.1 E, IN US","2020-08-31",,,,,,
"US1INLK0067","SCHERERVILLE 1.1 E, IN US","2020-09-01",,,,,,
"US1INLK0067","SCHERERVILLE 1.1 E, IN US","2020-09-02",,,,,,
"US1INLK0067","SCHERERVILLE 1.1 E, IN US","2020-09-03",,,,,,
"US1INLK0067","SCHERERVILLE 1.1 E, IN US","2020-09-04",,,,,,
"US1INLK0067","SCHERERVILLE 1.1 E, IN US","2020-09-05",,,,,,
"US1INLK0067","SCHERERVILLE 1.1 E, IN US","2020-09-06",,,,,,
"US1INLK0067","SCHERERVILLE 1.1 E, IN US","2020-09-07",,,,,,
"US1INLK0067","SCHERERVILLE 1.1 E, IN US","2020-09-08",,,,,,
"USC00114890","LANSING, IL US","2019-10-01",,,,,,
"USC00114890","LANSING, IL US","2019-10-02",,,,,,
"USC00114890","LANSING, IL US","2019-10-03",,,,,,
"USC00114890","LANSING, IL US","2019-10-04",,,,,,
"USC00114890","LANSING, IL US","2019-10-05",,,,,,
"USC00114890","LANSING, IL US","2019-10-06",,,,,,
"USC00114890","LANSING, IL US","2019-10-07",,,,,,
"USC00114890","LANSING, IL US","2019-10-08",,,,,,
"USC00114890","LANSING, IL US","2019-10-09",,,,,,
"USC00114890","LANSING, IL US","2019-10-10",,,,,,
"USC00114890","LANSING, IL US","2019-10-11",,,,,,
"USC00114890","LANSING, IL US","2019-10-12",,,,,,
"USC00114890","LANSING, IL US","2019-10-13",,,,,,
"USC00114890","LANSING, IL US","2019-10-14",,,,,,
"USC00114890","LANSING, IL US","2019-10-15",,,,,,
"USC00114890","LANSING, IL US","2019-10-16",,,,,,
"USC00114890","LANSING, IL US","2019-10-17",,,,,,
"USC00114890","LANSING, IL US","2019-10-18",,,,,,
"USC00114890","LANSING, IL US","2019-10-19",,,,,,
"USC00114890","LANSING, IL US","2019-10-20",,,,,,
"USC00114890","LANSING, IL US","2019-10-21",,,,,,
"USC00114890","LANSING, IL US","2019-10-22",,,,,,
"USC00114890","LANSING, IL US","2019-10-23",,,,,,
"USC00114890","LANSING, IL US","2019-10-24",,,,,,
"USC00114890","LANSING, IL US","2019-10-25",,,,,,
"USC00114890","LANSING, IL US","2019-10-26",,,,,,
"USC00114890","LANSING, IL US","2019-10-27",,,,,,
"USC00114890","LANSING, IL US","2019-10-28",,,,,,
"USC00114890","LANSING, IL US","2019-10-29",,,,,,
"USC00114890","LANSING, IL US","2019-10-30",,,,,,
"USC00114890","LANSING, IL US","2019-10-31",,,,,,
"USC00114890","LANSING, IL US","2019-11-01",,,,,,
"USC00114890","LANSING, IL US","2019-11-03",,,,,,
"USC00114890","LANSING, IL US","2019-11-04",,,,,,
"USC00114890","LANSING, IL US","2019-11-05",,,,,,
"USC00114890","LANSING, IL US","2019-11-06",,,,,,
"USC00114890","LANSING, IL US","2019-11-07",,,,,,
"USC00114890","LANSING, IL US","2019-11-08",,,,,,
"USC00114890","LANSING, IL US","2019-11-09",,,,,,
"USC00114890","LANSING, IL US","2019-11-10",,,,,,
"USC00114890","LANSING, IL US","2019-11-11",,,,,,
"USC00114890","LANSING, IL US","2019-11-12",,,,,,
"USC00114890","LANSING, IL US","2019-11-13",,,,,,
"USC00114890","LANSING, IL US","2019-11-14",,,,,,
"USC00114890","LANSING, IL US","2019-11-15",,,,,,
"USC00114890","LANSING, IL US","2019-11-16",,,,,,
"USC00114890","LANSING, IL US","2019-11-17",,,,,,
"USC00114890","LANSING, IL US","2019-11-18",,,,,,
"USC00114890","LANSING, IL US","2019-11-19",,,,,,
"USC00114890","LANSING, IL US","2019-11-20",,,,,,
"USC00114890","LANSING, IL US","2019-11-21",,,,,,
"USC00114890","LANSING, IL US","2019-11-22",,,,,,
"USC00114890","LANSING, IL US","2019-11-23",,,,,,
"USC00114890","LANSING, IL US","2019-11-24",,,,,,
"USC00114890","LANSING, IL US","2019-11-25",,,,,,
"USC00114890","LANSING, IL US","2019-11-26",,,,,,
"USC00114890","LANSING, IL US","2019-11-27",,,,,,
"USC00114890","LANSING, IL US","2019-11-28",,,,,,
"USC00114890","LANSING, IL US","2019-11-29",,,,,,
"USC00114890","LANSING, IL US","2019-11-30",,,,,,
"USC00114890","LANSING, IL US","2019-12-01",,,,,,
"USC00114890","LANSING, IL US","2019-12-02",,,,,,
"USC00114890","LANSING, IL US","2019-12-03",,,,,,
"USC00114890","LANSING, IL US","2019-12-04",,,,,,
"USC00114890","LANSING, IL US","2019-12-05",,,,,,
"USC00114890","LANSING, IL US","2019-12-06",,,,,,
"USC00114890","LANSING, IL US","2019-12-07",,,,,,
"USC00114890","LANSING, IL US","2019-12-08",,,,,,
"USC00114890","LANSING, IL US","2019-12-09",,,,,,
"USC00114890","LANSING, IL US","2019-12-10",,,,,,
"USC00114890","LANSING, IL US","2019-12-11",,,,,,
"USC00114890","LANSING, IL US","2019-12-12",,,,,,
"USC00114890","LANSING, IL US","2019-12-13",,,,,,
"USC00114890","LANSING, IL US","2019-12-14",,,,,,
"USC00114890","LANSING, IL US","2019-12-15",,,,,,
"USC00114890","LANSING, IL US","2019-12-16",,,,,,
"USC00114890","LANSING, IL US","2019-12-17",,,,,,
"USC00114890","LANSING, IL US","2019-12-18",,,,,,
"USC00114890","LANSING, IL US","2019-12-19",,,,,,
"USC00114890","LANSING, IL US","2019-12-20",,,,,,
"USC00114890","LANSING, IL US","2019-12-21",,,,,,
"USC00114890","LANSING, IL US","2019-12-22",,,,,,
"USC00114890","LANSING, IL US","2019-12-23",,,,,,
"USC00114890","LANSING, IL US","2019-12-24",,,,,,
"USC00114890","LANSING, IL US","2019-12-25",,,,,,
"USC00114890","LANSING, IL US","2019-12-26",,,,,,
"USC00114890","LANSING, IL US","2019-12-27",,,,,,
"USC00114890","LANSING, IL US","2019-12-28",,,,,,
"USC00114890","LANSING, IL US","2019-12-29",,,,,,
"USC00114890","LANSING, IL US","2019-12-30",,,,,,
"USC00114890","LANSING, IL US","2019-12-31",,,,,,
"USC00114890","LANSING, IL US","2020-01-01",,,,,,
"USC00114890","LANSING, IL US","2020-01-02",,,,,,
"USC00114890","LANSING, IL US","2020-01-03",,,,,,
"USC00114890","LANSING, IL US","2020-01-04",,,,,,
"USC00114890","LANSING, IL US","2020-01-05",,,,,,
"USC00114890","LANSING, IL US","2020-01-06",,,,,,
"USC00114890","LANSING, IL US","2020-01-07",,,,,,
"USC00114890","LANSING, IL US","2020-01-08",,,,,,
"USC00114890","LANSING, IL US","2020-01-09",,,,,,
"USC00114890","LANSING, IL US","2020-01-10",,,,,,
"USC00114890","LANSING, IL US","2020-01-11",,,,,,
"USC00114890","LANSING, IL US","2020-01-12",,,,,,
"USC00114890","LANSING, IL US","2020-01-13",,,,,,
"USC00114890","LANSING, IL US","2020-01-14",,,,,,
"USC00114890","LANSING, IL US","2020-01-15",,,,,,
"USC00114890","LANSING, IL US","2020-01-16",,,,,,
"USC00114890","LANSING, IL US","2020-01-17",,,,,,
"USC00114890","LANSING, IL US","2020-01-18",,,,,,
"USC00114890","LANSING, IL US","2020-01-19",,,,,,
"USC00114890","LANSING, IL US","2020-01-20",,,,,,
"USC00114890","LANSING, IL US","2020-01-21",,,,,,
"USC00114890","LANSING, IL US","2020-01-22",,,,,,
"USC00114890","LANSING, IL US","2020-01-23",,,,,,
"USC00114890","LANSING, IL US","2020-01-24",,,,,,
"USC00114890","LANSING, IL US","2020-01-25",,,,,,
"USC00114890","LANSING, IL US","2020-01-26",,,,,,
"USC00114890","LANSING, IL US","2020-01-27",,,,,,
"USC00114890","LANSING, IL US","2020-01-28",,,,,,
"USC00114890","LANSING, IL US","2020-01-29",,,,,,
"USC00114890","LANSING, IL US","2020-01-30",,,,,,
"USC00114890","LANSING, IL US","2020-01-31",,,,,,
"USC00114890","LANSING, IL US","2020-02-01",,,,,,
"USC00114890","LANSING, IL US","2020-02-02",,,,,,
"USC00114890","LANSING, IL US","2020-02-03",,,,,,
"USC00114890","LANSING, IL US","2020-02-04",,,,,,
"USC00114890","LANSING, IL US","2020-02-05",,,,,,
"USC00114890","LANSING, IL US","2020-02-06",,,,,,
"USC00114890","LANSING, IL US","2020-02-07",,,,,,
"USC00114890","LANSING, IL US","2020-02-08",,,,,,
"USC00114890","LANSING, IL US","2020-02-09",,,,,,
"USC00114890","LANSING, IL US","2020-02-10",,,,,,
"USC00114890","LANSING, IL US","2020-02-11",,,,,,
"USC00114890","LANSING, IL US","2020-02-13",,,,,,
"USC00114890","LANSING, IL US","2020-02-14",,,,,,
"USC00114890","LANSING, IL US","2020-02-15",,,,,,
"USC00114890","LANSING, IL US","2020-02-16",,,,,,
"USC00114890","LANSING, IL US","2020-02-17",,,,,,
"USC00114890","LANSING, IL US","2020-02-18",,,,,,
"USC00114890","LANSING, IL US","2020-02-19",,,,,,
"USC00114890","LANSING, IL US","2020-02-20",,,,,,
"USC00114890","LANSING, IL US","2020-02-21",,,,,,
"USC00114890","LANSING, IL US","2020-02-22",,,,,,
"USC00114890","LANSING, IL US","2020-02-23",,,,,,
"USC00114890","LANSING, IL US","2020-02-24",,,,,,
"USC00114890","LANSING, IL US","2020-02-25",,,,,,
"USC00114890","LANSING, IL US","2020-02-26",,,,,,
"USC00114890","LANSING, IL US","2020-02-27",,,,,,
"USC00114890","LANSING, IL US","2020-02-28",,,,,,
"USC00114890","LANSING, IL US","2020-02-29",,,,,,
"USC00114890","LANSING, IL US","2020-03-01",,,,,,
"USC00114890","LANSING, IL US","2020-03-02",,,,,,
"USC00114890","LANSING, IL US","2020-03-03",,,,,,
"USC00114890","LANSING, IL US","2020-03-04",,,,,,
"USC00114890","LANSING, IL US","2020-03-05",,,,,,
"USC00114890","LANSING, IL US","2020-03-06",,,,,,
"USC00114890","LANSING, IL US","2020-03-07",,,,,,
"USC00114890","LANSING, IL US","2020-03-08",,,,,,
"USC00114890","LANSING, IL US","2020-03-09",,,,,,
"USC00114890","LANSING, IL US","2020-03-10",,,,,,
"USC00114890","LANSING, IL US","2020-03-11",,,,,,
"USC00114890","LANSING, IL US","2020-03-12",,,,,,
"USC00114890","LANSING, IL US","2020-03-13",,,,,,
"USC00114890","LANSING, IL US","2020-03-14",,,,,,
"USC00114890","LANSING, IL US","2020-03-15",,,,,,
"USC00114890","LANSING, IL US","2020-03-16",,,,,,
"USC00114890","LANSING, IL US","2020-03-17",,,,,,
"USC00114890","LANSING, IL US","2020-03-18",,,,,,
"USC00114890","LANSING, IL US","2020-03-19",,,,,,
"USC00114890","LANSING, IL US","2020-03-20",,,,,,
"USC00114890","LANSING, IL US","2020-03-21",,,,,,
"USC00114890","LANSING, IL US","2020-03-22",,,,,,
"USC00114890","LANSING, IL US","2020-03-23",,,,,,
"USC00114890","LANSING, IL US","2020-03-24",,,,,,
"USC00114890","LANSING, IL US","2020-03-25",,,,,,
"USC00114890","LANSING, IL US","2020-03-26",,,,,,
"USC00114890","LANSING, IL US","2020-03-27",,,,,,
"USC00114890","LANSING, IL US","2020-03-28",,,,,,
"USC00114890","LANSING, IL US","2020-03-29",,,,,,
"USC00114890","LANSING, IL US","2020-03-30",,,,,,
"USC00114890","LANSING, IL US","2020-03-31",,,,,,
"USC00114890","LANSING, IL US","2020-04-01",,,,,,
"USC00114890","LANSING, IL US","2020-04-02",,,,,,
"USC00114890","LANSING, IL US","2020-04-03",,,,,,
"USC00114890","LANSING, IL US","2020-04-04",,,,,,
"USC00114890","LANSING, IL US","2020-04-05",,,,,,
"USC00114890","LANSING, IL US","2020-04-06",,,,,,
"USC00114890","LANSING, IL US","2020-04-07",,,,,,
"USC00114890","LANSING, IL US","2020-04-08",,,,,,
"USC00114890","LANSING, IL US","2020-04-09",,,,,,
"USC00114890","LANSING, IL US","2020-04-10",,,,,,
"USC00114890","LANSING, IL US","2020-04-11",,,,,,
"USC00114890","LANSING, IL US","2020-04-12",,,,,,
"USC00114890","LANSING, IL US","2020-04-13",,,,,,
"USC00114890","LANSING, IL US","2020-04-14",,,,,,
"USC00114890","LANSING, IL US","2020-04-15",,,,,,
"USC00114890","LANSING, IL US","2020-04-16",,,,,,
"USC00114890","LANSING, IL US","2020-04-17",,,,,,
"USC00114890","LANSING, IL US","2020-04-18",,,,,,
"USC00114890","LANSING, IL US","2020-04-19",,,,,,
"USC00114890","LANSING, IL US","2020-04-20",,,,,,
"USC00114890","LANSING, IL US","2020-04-21",,,,,,
"USC00114890","LANSING, IL US","2020-04-22",,,,,,
"USC00114890","LANSING, IL US","2020-04-23",,,,,,
"USC00114890","LANSING, IL US","2020-04-24",,,,,,
"USC00114890","LANSING, IL US","2020-04-25",,,,,,
"USC00114890","LANSING, IL US","2020-04-26",,,,,,
"USC00114890","LANSING, IL US","2020-04-27",,,,,,
"USC00114890","LANSING, IL US","2020-04-28",,,,,,
"USC00114890","LANSING, IL US","2020-04-29",,,,,,
"USC00114890","LANSING, IL US","2020-04-30",,,,,,
"USC00114890","LANSING, IL US","2020-05-01",,,,,,
"USC00114890","LANSING, IL US","2020-05-02",,,,,,
"USC00114890","LANSING, IL US","2020-05-03",,,,,,
"USC00114890","LANSING, IL US","2020-05-04",,,,,,
"USC00114890","LANSING, IL US","2020-05-05",,,,,,
"USC00114890","LANSING, IL US","2020-05-06",,,,,,
"USC00114890","LANSING, IL US","2020-05-07",,,,,,
"USC00114890","LANSING, IL US","2020-05-08",,,,,,
"USC00114890","LANSING, IL US","2020-05-09",,,,,,
"USC00114890","LANSING, IL US","2020-05-10",,,,,,
"USC00114890","LANSING, IL US","2020-05-11",,,,,,
"USC00114890","LANSING, IL US","2020-05-12",,,,,,
"USC00114890","LANSING, IL US","2020-05-13",,,,,,
"USC00114890","LANSING, IL US","2020-05-14",,,,,,
"USC00114890","LANSING, IL US","2020-05-15",,,,,,
"USC00114890","LANSING, IL US","2020-05-16",,,,,,
"USC00114890","LANSING, IL US","2020-05-17",,,,,,
"USC00114890","LANSING, IL US","2020-05-18",,,,,,
"USC00114890","LANSING, IL US","2020-05-19",,,,,,
"USC00114890","LANSING, IL US","2020-05-20",,,,,,
"USC00114890","LANSING, IL US","2020-05-21",,,,,,
"USC00114890","LANSING, IL US","2020-05-22",,,,,,
"USC00114890","LANSING, IL US","2020-05-23",,,,,,
"USC00114890","LANSING, IL US","2020-05-24",,,,,,
"USC00114890","LANSING, IL US","2020-05-25",,,,,,
"USC00114890","LANSING, IL US","2020-05-26",,,,,,
"USC00114890","LANSING, IL US","2020-05-27",,,,,,
"USC00114890","LANSING, IL US","2020-05-28",,,,,,
"USC00114890","LANSING, IL US","2020-05-29",,,,,,
"USC00114890","LANSING, IL US","2020-05-30",,,,,,
"USC00114890","LANSING, IL US","2020-05-31",,,,,,
"USC00114890","LANSING, IL US","2020-06-01",,,,,,
"USC00114890","LANSING, IL US","2020-06-02",,,,,,
"USC00114890","LANSING, IL US","2020-06-03",,,,,,
"USC00114890","LANSING, IL US","2020-06-04",,,,,,
"USC00114890","LANSING, IL US","2020-06-05",,,,,,
"USC00114890","LANSING, IL US","2020-06-06",,,,,,
"USC00114890","LANSING, IL US","2020-06-07",,,,,,
"USC00114890","LANSING, IL US","2020-06-08",,,,,,
"USC00114890","LANSING, IL US","2020-06-09",,,,,,
"USC00114890","LANSING, IL US","2020-06-10",,,,,,
"USC00114890","LANSING, IL US","2020-06-11",,,,,,
"USC00114890","LANSING, IL US","2020-06-12",,,,,,
"USC00114890","LANSING, IL US","2020-06-13",,,,,,
"USC00114890","LANSING, IL US","2020-06-14",,,,,,
"USC00114890","LANSING, IL US","2020-06-15",,,,,,
"USC00114890","LANSING, IL US","2020-06-16",,,,,,
"USC00114890","LANSING, IL US","2020-06-17",,,,,,
"USC00114890","LANSING, IL US","2020-06-18",,,,,,
"USC00114890","LANSING, IL US","2020-06-19",,,,,,
"USC00114890","LANSING, IL US","2020-06-20",,,,,,
"USC00114890","LANSING, IL US","2020-06-21",,,,,,
"USC00114890","LANSING, IL US","2020-06-22",,,,,,
"USC00114890","LANSING, IL US","2020-06-23",,,,,,
"USC00114890","LANSING, IL US","2020-06-24",,,,,,
"USC00114890","LANSING, IL US","2020-06-25",,,,,,
"USC00114890","LANSING, IL US","2020-06-26",,,,,,
"USC00114890","LANSING, IL US","2020-06-27",,,,,,
"USC00114890","LANSING, IL US","2020-06-28",,,,,,
"USC00114890","LANSING, IL US","2020-06-29",,,,,,
"USC00114890","LANSING, IL US","2020-06-30",,,,,,
"USC00114890","LANSING, IL US","2020-07-01",,,,,,
"USC00114890","LANSING, IL US","2020-07-02",,,,,,
"USC00114890","LANSING, IL US","2020-07-03",,,,,,
"USC00114890","LANSING, IL US","2020-07-04",,,,,,
"USC00114890","LANSING, IL US","2020-07-05",,,,,,
"USC00114890","LANSING, IL US","2020-07-06",,,,,,
"USC00114890","LANSING, IL US","2020-07-07",,,,,,
"USC00114890","LANSING, IL US","2020-07-08",,,,,,
"USC00114890","LANSING, IL US","2020-07-09",,,,,,
"USC00114890","LANSING, IL US","2020-07-10",,,,,,
"USC00114890","LANSING, IL US","2020-07-11",,,,,,
"USC00114890","LANSING, IL US","2020-07-12",,,,,,
"USC00114890","LANSING, IL US","2020-07-13",,,,,,
"USC00114890","LANSING, IL US","2020-07-14",,,,,,
"USC00114890","LANSING, IL US","2020-07-15",,,,,,
"USC00114890","LANSING, IL US","2020-07-16",,,,,,
"USC00114890","LANSING, IL US","2020-07-17",,,,,,
"USC00114890","LANSING, IL US","2020-07-19",,,,,,
"USC00114890","LANSING, IL US","2020-07-20",,,,,,
"USC00114890","LANSING, IL US","2020-07-21",,,,,,
"USC00114890","LANSING, IL US","2020-07-22",,,,,,
"USC00114890","LANSING, IL US","2020-07-23",,,,,,
"USC00114890","LANSING, IL US","2020-07-24",,,,,,
"USC00114890","LANSING, IL US","2020-07-25",,,,,,
"USC00114890","LANSING, IL US","2020-07-26",,,,,,
"USC00114890","LANSING, IL US","2020-07-27",,,,,,
"USC00114890","LANSING, IL US","2020-07-29",,,,,,
"USC00114890","LANSING, IL US","2020-07-30",,,,,,
"USC00114890","LANSING, IL US","2020-07-31",,,,,,
"USC00114890","LANSING, IL US","2020-08-01",,,,,,
"USC00114890","LANSING, IL US","2020-08-02",,,,,,
"USC00114890","LANSING, IL US","2020-08-03",,,,,,
"USC00114890","LANSING, IL US","2020-08-04",,,,,,
"USC00114890","LANSING, IL US","2020-08-05",,,,,,
"USC00114890","LANSING, IL US","2020-08-06",,,,,,
"USC00114890","LANSING, IL US","2020-08-07",,,,,,
"USC00114890","LANSING, IL US","2020-08-08",,,,,,
"USC00114890","LANSING, IL US","2020-08-09",,,,,,
"USC00114890","LANSING, IL US","2020-08-11",,,,,,
"USC00114890","LANSING, IL US","2020-08-12",,,,,,
"USC00114890","LANSING, IL US","2020-08-13",,,,,,
"USC00114890","LANSING, IL US","2020-08-14",,,,,,
"USC00114890","LANSING, IL US","2020-08-15",,,,,,
"USC00114890","LANSING, IL US","2020-08-16",,,,,,
"USC00114890","LANSING, IL US","2020-08-17",,,,,,
"USC00114890","LANSING, IL US","2020-08-18",,,,,,
"USC00114890","LANSING, IL US","2020-08-19",,,,,,
"USC00114890","LANSING, IL US","2020-08-20",,,,,,
"USC00114890","LANSING, IL US","2020-08-21",,,,,,
"USC00114890","LANSING, IL US","2020-08-22",,,,,,
"USC00114890","LANSING, IL US","2020-08-23",,,,,,
"USC00114890","LANSING, IL US","2020-08-24",,,,,,
"USC00114890","LANSING, IL US","2020-08-25",,,,,,
"USC00114890","LANSING, IL US","2020-08-26",,,,,,
"USC00114890","LANSING, IL US","2020-08-27",,,,,,
"USC00114890","LANSING, IL US","2020-08-28",,,,,,
"USC00114890","LANSING, IL US","2020-08-29",,,,,,
"USC00114890","LANSING, IL US","2020-08-30",,,,,,
"USC00114890","LANSING, IL US","2020-08-31",,,,,,
"USC00114890","LANSING, IL US","2020-09-01",,,,,,
"USC00114890","LANSING, IL US","2020-09-02",,,,,,
"USC00114890","LANSING, IL US","2020-09-03",,,,,,
"USC00114890","LANSING, IL US","2020-09-04",,,,,,
"USC00114890","LANSING, IL US","2020-09-05",,,,,,
"USC00114890","LANSING, IL US","2020-09-06",,,,,,
"USC00114890","LANSING, IL US","2020-09-07",,,,,,
"USC00114890","LANSING, IL US","2020-09-08",,,,,,
"US1ILDP0079","BURR RIDGE 1.9 SW, IL US","2019-10-01",,,,,,
"US1ILDP0079","BURR RIDGE 1.9 SW, IL US","2019-10-02",,,,,,
"US1ILDP0079","BURR RIDGE 1.9 SW, IL US","2019-10-03",,,,,,
"US1ILDP0079","BURR RIDGE 1.9 SW, IL US","2019-10-04",,,,,,
"US1ILDP0079","BURR RIDGE 1.9 SW, IL US","2019-10-05",,,,,,
"US1ILDP0079","BURR RIDGE 1.9 SW, IL US","2019-10-06",,,,,,
"US1ILDP0079","BURR RIDGE 1.9 SW, IL US","2019-10-07",,,,,,
"US1ILDP0079","BURR RIDGE 1.9 SW, IL US","2019-10-08",,,,,,
"US1ILDP0079","BURR RIDGE 1.9 SW, IL US","2019-10-09",,,,,,
"US1ILDP0079","BURR RIDGE 1.9 SW, IL US","2019-10-10",,,,,,
"US1ILDP0079","BURR RIDGE 1.9 SW, IL US","2019-10-11",,,,,,
"US1ILDP0079","BURR RIDGE 1.9 SW, IL US","2019-10-12",,,,,,
"US1ILDP0079","BURR RIDGE 1.9 SW, IL US","2019-10-13",,,,,,
"US1ILDP0079","BURR RIDGE 1.9 SW, IL US","2019-10-14",,,,,,
"US1ILDP0079","BURR RIDGE 1.9 SW, IL US","2019-10-15",,,,,,
"US1ILDP0079","BURR RIDGE 1.9 SW, IL US","2019-10-16",,,,,,
"US1ILDP0079","BURR RIDGE 1.9 SW, IL US","2019-10-17",,,,,,
"US1ILDP0079","BURR RIDGE 1.9 SW, IL US","2019-10-18",,,,,,
"US1ILDP0079","BURR RIDGE 1.9 SW, IL US","2019-10-19",,,,,,
"US1ILDP0079","BURR RIDGE 1.9 SW, IL US","2019-10-20",,,,,,
"US1ILDP0079","BURR RIDGE 1.9 SW, IL US","2019-10-21",,,,,,
"US1ILDP0079","BURR RIDGE 1.9 SW, IL US","2019-10-22",,,,,,
"US1ILDP0079","BURR RIDGE 1.9 SW, IL US","2019-10-23",,,,,,
"US1ILDP0079","BURR RIDGE 1.9 SW, IL US","2019-10-24",,,,,,
"US1ILDP0079","BURR RIDGE 1.9 SW, IL US","2019-10-25",,,,,,
"US1ILDP0079","BURR RIDGE 1.9 SW, IL US","2019-10-26",,,,,,
"US1ILDP0079","BURR RIDGE 1.9 SW, IL US","2019-10-27",,,,,,
"US1ILDP0079","BURR RIDGE 1.9 SW, IL US","2019-10-28",,,,,,
"US1ILDP0079","BURR RIDGE 1.9 SW, IL US","2019-10-29",,,,,,
"US1ILDP0079","BURR RIDGE 1.9 SW, IL US","2019-10-30",,,,,,
"US1ILDP0079","BURR RIDGE 1.9 SW, IL US","2019-10-31",,,,,,
"US1ILDP0079","BURR RIDGE 1.9 SW, IL US","2019-11-01",,,,,,
"US1ILDP0079","BURR RIDGE 1.9 SW, IL US","2019-11-02",,,,,,
"US1ILDP0079","BURR RIDGE 1.9 SW, IL US","2019-11-03",,,,,,
"US1ILDP0079","BURR RIDGE 1.9 SW, IL US","2019-11-04",,,,,,
"US1ILDP0079","BURR RIDGE 1.9 SW, IL US","2019-11-05",,,,,,
"US1ILDP0079","BURR RIDGE 1.9 SW, IL US","2019-11-06",,,,,,
"US1ILDP0079","BURR RIDGE 1.9 SW, IL US","2019-11-07",,,,,,
"US1ILDP0079","BURR RIDGE 1.9 SW, IL US","2019-11-08",,,,,,
"US1ILDP0079","BURR RIDGE 1.9 SW, IL US","2019-11-09",,,,,,
"US1ILDP0079","BURR RIDGE 1.9 SW, IL US","2019-11-10",,,,,,
"US1ILDP0079","BURR RIDGE 1.9 SW, IL US","2019-11-11",,,,,,
"US1ILDP0079","BURR RIDGE 1.9 SW, IL US","2019-11-12",,,,,,
"US1ILDP0079","BURR RIDGE 1.9 SW, IL US","2019-11-13",,,,,,
"US1ILDP0079","BURR RIDGE 1.9 SW, IL US","2019-11-14",,,,,,
"US1ILDP0079","BURR RIDGE 1.9 SW, IL US","2019-11-15",,,,,,
"US1ILDP0079","BURR RIDGE 1.9 SW, IL US","2019-11-16",,,,,,
"US1ILDP0079","BURR RIDGE 1.9 SW, IL US","2019-11-17",,,,,,
"US1ILDP0079","BURR RIDGE 1.9 SW, IL US","2019-11-18",,,,,,
"US1ILDP0079","BURR RIDGE 1.9 SW, IL US","2019-11-19",,,,,,
"US1ILDP0079","BURR RIDGE 1.9 SW, IL US","2019-11-20",,,,,,
"US1ILDP0079","BURR RIDGE 1.9 SW, IL US","2019-11-21",,,,,,
"US1ILDP0079","BURR RIDGE 1.9 SW, IL US","2019-11-22",,,,,,
"US1ILDP0079","BURR RIDGE 1.9 SW, IL US","2019-11-23",,,,,,
"US1ILDP0079","BURR RIDGE 1.9 SW, IL US","2019-11-24",,,,,,
"US1ILDP0079","BURR RIDGE 1.9 SW, IL US","2019-11-25",,,,,,
"US1ILDP0079","BURR RIDGE 1.9 SW, IL US","2019-11-26",,,,,,
"US1ILDP0079","BURR RIDGE 1.9 SW, IL US","2019-11-27",,,,,,
"US1ILDP0079","BURR RIDGE 1.9 SW, IL US","2019-11-28",,,,,,
"US1ILDP0079","BURR RIDGE 1.9 SW, IL US","2019-11-29",,,,,,
"US1ILDP0079","BURR RIDGE 1.9 SW, IL US","2019-11-30",,,,,,
"US1ILDP0079","BURR RIDGE 1.9 SW, IL US","2019-12-01",,,,,,
"US1ILDP0079","BURR RIDGE 1.9 SW, IL US","2019-12-02",,,,,,
"US1ILDP0079","BURR RIDGE 1.9 SW, IL US","2019-12-03",,,,,,
"US1ILDP0079","BURR RIDGE 1.9 SW, IL US","2019-12-04",,,,,,
"US1ILDP0079","BURR RIDGE 1.9 SW, IL US","2019-12-05",,,,,,
"US1ILDP0079","BURR RIDGE 1.9 SW, IL US","2019-12-06",,,,,,
"US1ILDP0079","BURR RIDGE 1.9 SW, IL US","2019-12-07",,,,,,
"US1ILDP0079","BURR RIDGE 1.9 SW, IL US","2019-12-08",,,,,,
"US1ILDP0079","BURR RIDGE 1.9 SW, IL US","2019-12-09",,,,,,
"US1ILDP0079","BURR RIDGE 1.9 SW, IL US","2019-12-10",,,,,,
"US1ILDP0079","BURR RIDGE 1.9 SW, IL US","2019-12-11",,,,,,
"US1ILDP0079","BURR RIDGE 1.9 SW, IL US","2019-12-12",,,,,,
"US1ILDP0079","BURR RIDGE 1.9 SW, IL US","2019-12-13",,,,,,
"US1ILDP0079","BURR RIDGE 1.9 SW, IL US","2019-12-14",,,,,,
"US1ILDP0079","BURR RIDGE 1.9 SW, IL US","2019-12-15",,,,,,
"US1ILDP0079","BURR RIDGE 1.9 SW, IL US","2019-12-16",,,,,,
"US1ILDP0079","BURR RIDGE 1.9 SW, IL US","2019-12-17",,,,,,
"US1ILDP0079","BURR RIDGE 1.9 SW, IL US","2019-12-18",,,,,,
"US1ILDP0079","BURR RIDGE 1.9 SW, IL US","2019-12-19",,,,,,
"US1ILDP0079","BURR RIDGE 1.9 SW, IL US","2019-12-20",,,,,,
"US1ILDP0079","BURR RIDGE 1.9 SW, IL US","2019-12-21",,,,,,
"US1ILDP0079","BURR RIDGE 1.9 SW, IL US","2019-12-22",,,,,,
"US1ILDP0079","BURR RIDGE 1.9 SW, IL US","2019-12-23",,,,,,
"US1ILDP0079","BURR RIDGE 1.9 SW, IL US","2019-12-24",,,,,,
"US1ILDP0079","BURR RIDGE 1.9 SW, IL US","2019-12-25",,,,,,
"US1ILDP0079","BURR RIDGE 1.9 SW, IL US","2019-12-26",,,,,,
"US1ILDP0079","BURR RIDGE 1.9 SW, IL US","2019-12-27",,,,,,
"US1ILDP0079","BURR RIDGE 1.9 SW, IL US","2019-12-28",,,,,,
"US1ILDP0079","BURR RIDGE 1.9 SW, IL US","2019-12-29",,,,,,
"US1ILDP0079","BURR RIDGE 1.9 SW, IL US","2019-12-30",,,,,,
"US1ILDP0079","BURR RIDGE 1.9 SW, IL US","2019-12-31",,,,,,
"US1ILDP0079","BURR RIDGE 1.9 SW, IL US","2020-01-01",,,,,,
"US1ILDP0079","BURR RIDGE 1.9 SW, IL US","2020-01-02",,,,,,
"US1ILDP0079","BURR RIDGE 1.9 SW, IL US","2020-01-03",,,,,,
"US1ILDP0079","BURR RIDGE 1.9 SW, IL US","2020-01-04",,,,,,
"US1ILDP0079","BURR RIDGE 1.9 SW, IL US","2020-01-05",,,,,,
"US1ILDP0079","BURR RIDGE 1.9 SW, IL US","2020-01-06",,,,,,
"US1ILDP0079","BURR RIDGE 1.9 SW, IL US","2020-01-07",,,,,,
"US1ILDP0079","BURR RIDGE 1.9 SW, IL US","2020-01-08",,,,,,
"US1ILDP0079","BURR RIDGE 1.9 SW, IL US","2020-01-09",,,,,,
"US1ILDP0079","BURR RIDGE 1.9 SW, IL US","2020-01-10",,,,,,
"US1ILDP0079","BURR RIDGE 1.9 SW, IL US","2020-01-11",,,,,,
"US1ILDP0079","BURR RIDGE 1.9 SW, IL US","2020-01-12",,,,,,
"US1ILDP0079","BURR RIDGE 1.9 SW, IL US","2020-01-13",,,,,,
"US1ILDP0079","BURR RIDGE 1.9 SW, IL US","2020-01-14",,,,,,
"US1ILDP0079","BURR RIDGE 1.9 SW, IL US","2020-01-15",,,,,,
"US1ILDP0079","BURR RIDGE 1.9 SW, IL US","2020-01-16",,,,,,
"US1ILDP0079","BURR RIDGE 1.9 SW, IL US","2020-01-17",,,,,,
"US1ILDP0079","BURR RIDGE 1.9 SW, IL US","2020-01-18",,,,,,
"US1ILDP0079","BURR RIDGE 1.9 SW, IL US","2020-01-19",,,,,,
"US1ILDP0079","BURR RIDGE 1.9 SW, IL US","2020-01-20",,,,,,
"US1ILDP0079","BURR RIDGE 1.9 SW, IL US","2020-01-21",,,,,,
"US1ILDP0079","BURR RIDGE 1.9 SW, IL US","2020-01-22",,,,,,
"US1ILDP0079","BURR RIDGE 1.9 SW, IL US","2020-01-23",,,,,,
"US1ILDP0079","BURR RIDGE 1.9 SW, IL US","2020-01-24",,,,,,
"US1ILDP0079","BURR RIDGE 1.9 SW, IL US","2020-01-25",,,,,,
"US1ILDP0079","BURR RIDGE 1.9 SW, IL US","2020-01-26",,,,,,
"US1ILDP0079","BURR RIDGE 1.9 SW, IL US","2020-01-27",,,,,,
"US1ILDP0079","BURR RIDGE 1.9 SW, IL US","2020-01-28",,,,,,
"US1ILDP0079","BURR RIDGE 1.9 SW, IL US","2020-01-29",,,,,,
"US1ILDP0079","BURR RIDGE 1.9 SW, IL US","2020-01-30",,,,,,
"US1ILDP0079","BURR RIDGE 1.9 SW, IL US","2020-01-31",,,,,,
"US1ILDP0079","BURR RIDGE 1.9 SW, IL US","2020-02-01",,,,,,
"US1ILDP0079","BURR RIDGE 1.9 SW, IL US","2020-02-02",,,,,,
"US1ILDP0079","BURR RIDGE 1.9 SW, IL US","2020-02-03",,,,,,
"US1ILDP0079","BURR RIDGE 1.9 SW, IL US","2020-02-04",,,,,,
"US1ILDP0079","BURR RIDGE 1.9 SW, IL US","2020-02-05",,,,,,
"US1ILDP0079","BURR RIDGE 1.9 SW, IL US","2020-02-06",,,,,,
"US1ILDP0079","BURR RIDGE 1.9 SW, IL US","2020-02-07",,,,,,
"US1ILDP0079","BURR RIDGE 1.9 SW, IL US","2020-02-08",,,,,,
"US1ILDP0079","BURR RIDGE 1.9 SW, IL US","2020-02-09",,,,,,
"US1ILDP0079","BURR RIDGE 1.9 SW, IL US","2020-02-10",,,,,,
"US1ILDP0079","BURR RIDGE 1.9 SW, IL US","2020-02-11",,,,,,
"US1ILDP0079","BURR RIDGE 1.9 SW, IL US","2020-02-12",,,,,,
"US1ILDP0079","BURR RIDGE 1.9 SW, IL US","2020-02-13",,,,,,
"US1ILDP0079","BURR RIDGE 1.9 SW, IL US","2020-02-14",,,,,,
"US1ILDP0079","BURR RIDGE 1.9 SW, IL US","2020-02-15",,,,,,
"US1ILDP0079","BURR RIDGE 1.9 SW, IL US","2020-02-16",,,,,,
"US1ILDP0079","BURR RIDGE 1.9 SW, IL US","2020-02-17",,,,,,
"US1ILDP0079","BURR RIDGE 1.9 SW, IL US","2020-02-18",,,,,,
"US1ILDP0079","BURR RIDGE 1.9 SW, IL US","2020-02-19",,,,,,
"US1ILDP0079","BURR RIDGE 1.9 SW, IL US","2020-02-20",,,,,,
"US1ILDP0079","BURR RIDGE 1.9 SW, IL US","2020-02-21",,,,,,
"US1ILDP0079","BURR RIDGE 1.9 SW, IL US","2020-02-22",,,,,,
"US1ILDP0079","BURR RIDGE 1.9 SW, IL US","2020-02-23",,,,,,
"US1ILDP0079","BURR RIDGE 1.9 SW, IL US","2020-02-24",,,,,,
"US1ILDP0079","BURR RIDGE 1.9 SW, IL US","2020-02-25",,,,,,
"US1ILDP0079","BURR RIDGE 1.9 SW, IL US","2020-02-26",,,,,,
"US1ILDP0079","BURR RIDGE 1.9 SW, IL US","2020-02-27",,,,,,
"US1ILDP0079","BURR RIDGE 1.9 SW, IL US","2020-02-28",,,,,,
"US1ILDP0079","BURR RIDGE 1.9 SW, IL US","2020-02-29",,,,,,
"US1ILDP0079","BURR RIDGE 1.9 SW, IL US","2020-03-01",,,,,,
"US1ILDP0079","BURR RIDGE 1.9 SW, IL US","2020-03-02",,,,,,
"US1ILDP0079","BURR RIDGE 1.9 SW, IL US","2020-03-03",,,,,,
"US1ILDP0079","BURR RIDGE 1.9 SW, IL US","2020-03-04",,,,,,
"US1ILDP0079","BURR RIDGE 1.9 SW, IL US","2020-03-05",,,,,,
"US1ILDP0079","BURR RIDGE 1.9 SW, IL US","2020-03-06",,,,,,
"US1ILDP0079","BURR RIDGE 1.9 SW, IL US","2020-03-07",,,,,,
"US1ILDP0079","BURR RIDGE 1.9 SW, IL US","2020-03-08",,,,,,
"US1ILDP0079","BURR RIDGE 1.9 SW, IL US","2020-03-09",,,,,,
"US1ILDP0079","BURR RIDGE 1.9 SW, IL US","2020-03-10",,,,,,
"US1ILDP0079","BURR RIDGE 1.9 SW, IL US","2020-03-11",,,,,,
"US1ILDP0079","BURR RIDGE 1.9 SW, IL US","2020-03-12",,,,,,
"US1ILDP0079","BURR RIDGE 1.9 SW, IL US","2020-03-13",,,,,,
"US1ILDP0079","BURR RIDGE 1.9 SW, IL US","2020-03-14",,,,,,
"US1ILDP0079","BURR RIDGE 1.9 SW, IL US","2020-03-15",,,,,,
"US1ILDP0079","BURR RIDGE 1.9 SW, IL US","2020-03-16",,,,,,
"US1ILDP0079","BURR RIDGE 1.9 SW, IL US","2020-03-17",,,,,,
"US1ILDP0079","BURR RIDGE 1.9 SW, IL US","2020-03-18",,,,,,
"US1ILDP0079","BURR RIDGE 1.9 SW, IL US","2020-03-19",,,,,,
"US1ILDP0079","BURR RIDGE 1.9 SW, IL US","2020-03-20",,,,,,
"US1ILDP0079","BURR RIDGE 1.9 SW, IL US","2020-03-21",,,,,,
"US1ILDP0079","BURR RIDGE 1.9 SW, IL US","2020-03-22",,,,,,
"US1ILDP0079","BURR RIDGE 1.9 SW, IL US","2020-03-23",,,,,,
"US1ILDP0079","BURR RIDGE 1.9 SW, IL US","2020-03-24",,,,,,
"US1ILDP0079","BURR RIDGE 1.9 SW, IL US","2020-03-25",,,,,,
"US1ILDP0079","BURR RIDGE 1.9 SW, IL US","2020-03-26",,,,,,
"US1ILDP0079","BURR RIDGE 1.9 SW, IL US","2020-03-27",,,,,,
"US1ILDP0079","BURR RIDGE 1.9 SW, IL US","2020-03-28",,,,,,
"US1ILDP0079","BURR RIDGE 1.9 SW, IL US","2020-03-29",,,,,,
"US1ILDP0079","BURR RIDGE 1.9 SW, IL US","2020-03-30",,,,,,
"US1ILDP0079","BURR RIDGE 1.9 SW, IL US","2020-03-31",,,,,,
"US1ILDP0079","BURR RIDGE 1.9 SW, IL US","2020-04-01",,,,,,
"US1ILDP0079","BURR RIDGE 1.9 SW, IL US","2020-04-02",,,,,,
"US1ILDP0079","BURR RIDGE 1.9 SW, IL US","2020-04-03",,,,,,
"US1ILDP0079","BURR RIDGE 1.9 SW, IL US","2020-04-04",,,,,,
"US1ILDP0079","BURR RIDGE 1.9 SW, IL US","2020-04-05",,,,,,
"US1ILDP0079","BURR RIDGE 1.9 SW, IL US","2020-04-06",,,,,,
"US1ILDP0079","BURR RIDGE 1.9 SW, IL US","2020-04-07",,,,,,
"US1ILDP0079","BURR RIDGE 1.9 SW, IL US","2020-04-08",,,,,,
"US1ILDP0079","BURR RIDGE 1.9 SW, IL US","2020-04-09",,,,,,
"US1ILDP0079","BURR RIDGE 1.9 SW, IL US","2020-04-10",,,,,,
"US1ILDP0079","BURR RIDGE 1.9 SW, IL US","2020-04-11",,,,,,
"US1ILDP0079","BURR RIDGE 1.9 SW, IL US","2020-04-12",,,,,,
"US1ILDP0079","BURR RIDGE 1.9 SW, IL US","2020-04-13",,,,,,
"US1ILDP0079","BURR RIDGE 1.9 SW, IL US","2020-04-14",,,,,,
"US1ILDP0079","BURR RIDGE 1.9 SW, IL US","2020-04-15",,,,,,
"US1ILDP0079","BURR RIDGE 1.9 SW, IL US","2020-04-16",,,,,,
"US1ILDP0079","BURR RIDGE 1.9 SW, IL US","2020-04-17",,,,,,
"US1ILDP0079","BURR RIDGE 1.9 SW, IL US","2020-04-18",,,,,,
"US1ILDP0079","BURR RIDGE 1.9 SW, IL US","2020-04-19",,,,,,
"US1ILDP0079","BURR RIDGE 1.9 SW, IL US","2020-04-20",,,,,,
"US1ILDP0079","BURR RIDGE 1.9 SW, IL US","2020-04-21",,,,,,
"US1ILDP0079","BURR RIDGE 1.9 SW, IL US","2020-04-22",,,,,,
"US1ILDP0079","BURR RIDGE 1.9 SW, IL US","2020-04-23",,,,,,
"US1ILDP0079","BURR RIDGE 1.9 SW, IL US","2020-04-24",,,,,,
"US1ILDP0079","BURR RIDGE 1.9 SW, IL US","2020-04-25",,,,,,
"US1ILDP0079","BURR RIDGE 1.9 SW, IL US","2020-04-26",,,,,,
"US1ILDP0079","BURR RIDGE 1.9 SW, IL US","2020-04-27",,,,,,
"US1ILDP0079","BURR RIDGE 1.9 SW, IL US","2020-04-28",,,,,,
"US1ILDP0079","BURR RIDGE 1.9 SW, IL US","2020-04-29",,,,,,
"US1ILDP0079","BURR RIDGE 1.9 SW, IL US","2020-04-30",,,,,,
"US1ILDP0079","BURR RIDGE 1.9 SW, IL US","2020-05-01",,,,,,
"US1ILDP0079","BURR RIDGE 1.9 SW, IL US","2020-05-02",,,,,,
"US1ILDP0079","BURR RIDGE 1.9 SW, IL US","2020-05-03",,,,,,
"US1ILDP0079","BURR RIDGE 1.9 SW, IL US","2020-05-04",,,,,,
"US1ILDP0079","BURR RIDGE 1.9 SW, IL US","2020-05-05",,,,,,
"US1ILDP0079","BURR RIDGE 1.9 SW, IL US","2020-05-06",,,,,,
"US1ILDP0079","BURR RIDGE 1.9 SW, IL US","2020-05-07",,,,,,
"US1ILDP0079","BURR RIDGE 1.9 SW, IL US","2020-05-08",,,,,,
"US1ILDP0079","BURR RIDGE 1.9 SW, IL US","2020-05-09",,,,,,
"US1ILDP0079","BURR RIDGE 1.9 SW, IL US","2020-05-10",,,,,,
"US1ILDP0079","BURR RIDGE 1.9 SW, IL US","2020-05-11",,,,,,
"US1ILDP0079","BURR RIDGE 1.9 SW, IL US","2020-05-12",,,,,,
"US1ILDP0079","BURR RIDGE 1.9 SW, IL US","2020-05-13",,,,,,
"US1ILDP0079","BURR RIDGE 1.9 SW, IL US","2020-05-14",,,,,,
"US1ILDP0079","BURR RIDGE 1.9 SW, IL US","2020-05-15",,,,,,
"US1ILDP0079","BURR RIDGE 1.9 SW, IL US","2020-05-16",,,,,,
"US1ILDP0079","BURR RIDGE 1.9 SW, IL US","2020-05-17",,,,,,
"US1ILDP0079","BURR RIDGE 1.9 SW, IL US","2020-05-18",,,,,,
"US1ILDP0079","BURR RIDGE 1.9 SW, IL US","2020-05-19",,,,,,
"US1ILDP0079","BURR RIDGE 1.9 SW, IL US","2020-05-20",,,,,,
"US1ILDP0079","BURR RIDGE 1.9 SW, IL US","2020-05-21",,,,,,
"US1ILDP0079","BURR RIDGE 1.9 SW, IL US","2020-05-22",,,,,,
"US1ILDP0079","BURR RIDGE 1.9 SW, IL US","2020-05-23",,,,,,
"US1ILDP0079","BURR RIDGE 1.9 SW, IL US","2020-05-24",,,,,,
"US1ILDP0079","BURR RIDGE 1.9 SW, IL US","2020-05-25",,,,,,
"US1ILDP0079","BURR RIDGE 1.9 SW, IL US","2020-05-26",,,,,,
"US1ILDP0079","BURR RIDGE 1.9 SW, IL US","2020-05-27",,,,,,
"US1ILDP0079","BURR RIDGE 1.9 SW, IL US","2020-05-28",,,,,,
"US1ILDP0079","BURR RIDGE 1.9 SW, IL US","2020-05-29",,,,,,
"US1ILDP0079","BURR RIDGE 1.9 SW, IL US","2020-05-30",,,,,,
"US1ILDP0079","BURR RIDGE 1.9 SW, IL US","2020-05-31",,,,,,
"US1ILDP0079","BURR RIDGE 1.9 SW, IL US","2020-06-01",,,,,,
"US1ILDP0079","BURR RIDGE 1.9 SW, IL US","2020-06-02",,,,,,
"US1ILDP0079","BURR RIDGE 1.9 SW, IL US","2020-06-03",,,,,,
"US1ILDP0079","BURR RIDGE 1.9 SW, IL US","2020-06-04",,,,,,
"US1ILDP0079","BURR RIDGE 1.9 SW, IL US","2020-06-05",,,,,,
"US1ILDP0079","BURR RIDGE 1.9 SW, IL US","2020-06-06",,,,,,
"US1ILDP0079","BURR RIDGE 1.9 SW, IL US","2020-06-07",,,,,,
"US1ILDP0079","BURR RIDGE 1.9 SW, IL US","2020-06-08",,,,,,
"US1ILDP0079","BURR RIDGE 1.9 SW, IL US","2020-06-09",,,,,,
"US1ILDP0079","BURR RIDGE 1.9 SW, IL US","2020-06-10",,,,,,
"US1ILDP0079","BURR RIDGE 1.9 SW, IL US","2020-06-11",,,,,,
"US1ILDP0079","BURR RIDGE 1.9 SW, IL US","2020-06-12",,,,,,
"US1ILDP0079","BURR RIDGE 1.9 SW, IL US","2020-06-13",,,,,,
"US1ILDP0079","BURR RIDGE 1.9 SW, IL US","2020-06-14",,,,,,
"US1ILDP0079","BURR RIDGE 1.9 SW, IL US","2020-06-15",,,,,,
"US1ILDP0079","BURR RIDGE 1.9 SW, IL US","2020-06-16",,,,,,
"US1ILDP0079","BURR RIDGE 1.9 SW, IL US","2020-06-17",,,,,,
"US1ILDP0079","BURR RIDGE 1.9 SW, IL US","2020-06-18",,,,,,
"US1ILDP0079","BURR RIDGE 1.9 SW, IL US","2020-06-19",,,,,,
"US1ILDP0079","BURR RIDGE 1.9 SW, IL US","2020-06-20",,,,,,
"US1ILDP0079","BURR RIDGE 1.9 SW, IL US","2020-06-21",,,,,,
"US1ILDP0079","BURR RIDGE 1.9 SW, IL US","2020-06-22",,,,,,
"US1ILDP0079","BURR RIDGE 1.9 SW, IL US","2020-06-23",,,,,,
"US1ILDP0079","BURR RIDGE 1.9 SW, IL US","2020-06-24",,,,,,
"US1ILDP0079","BURR RIDGE 1.9 SW, IL US","2020-06-25",,,,,,
"US1ILDP0079","BURR RIDGE 1.9 SW, IL US","2020-06-26",,,,,,
"US1ILDP0079","BURR RIDGE 1.9 SW, IL US","2020-06-27",,,,,,
"US1ILDP0079","BURR RIDGE 1.9 SW, IL US","2020-06-28",,,,,,
"US1ILDP0079","BURR RIDGE 1.9 SW, IL US","2020-06-29",,,,,,
"US1ILDP0079","BURR RIDGE 1.9 SW, IL US","2020-06-30",,,,,,
"US1ILDP0079","BURR RIDGE 1.9 SW, IL US","2020-07-01",,,,,,
"US1ILDP0079","BURR RIDGE 1.9 SW, IL US","2020-07-02",,,,,,
"US1ILDP0079","BURR RIDGE 1.9 SW, IL US","2020-07-03",,,,,,
"US1ILDP0079","BURR RIDGE 1.9 SW, IL US","2020-07-04",,,,,,
"US1ILDP0079","BURR RIDGE 1.9 SW, IL US","2020-07-05",,,,,,
"US1ILDP0079","BURR RIDGE 1.9 SW, IL US","2020-07-06",,,,,,
"US1ILDP0079","BURR RIDGE 1.9 SW, IL US","2020-07-07",,,,,,
"US1ILDP0079","BURR RIDGE 1.9 SW, IL US","2020-07-08",,,,,,
"US1ILDP0079","BURR RIDGE 1.9 SW, IL US","2020-07-09",,,,,,
"US1ILDP0079","BURR RIDGE 1.9 SW, IL US","2020-07-10",,,,,,
"US1ILDP0079","BURR RIDGE 1.9 SW, IL US","2020-07-11",,,,,,
"US1ILDP0079","BURR RIDGE 1.9 SW, IL US","2020-07-12",,,,,,
"US1ILDP0079","BURR RIDGE 1.9 SW, IL US","2020-07-13",,,,,,
"US1ILDP0079","BURR RIDGE 1.9 SW, IL US","2020-07-14",,,,,,
"US1ILDP0079","BURR RIDGE 1.9 SW, IL US","2020-07-15",,,,,,
"US1ILDP0079","BURR RIDGE 1.9 SW, IL US","2020-07-16",,,,,,
"US1ILDP0079","BURR RIDGE 1.9 SW, IL US","2020-07-17",,,,,,
"US1ILDP0079","BURR RIDGE 1.9 SW, IL US","2020-07-18",,,,,,
"US1ILDP0079","BURR RIDGE 1.9 SW, IL US","2020-07-19",,,,,,
"US1ILDP0079","BURR RIDGE 1.9 SW, IL US","2020-07-20",,,,,,
"US1ILDP0079","BURR RIDGE 1.9 SW, IL US","2020-07-21",,,,,,
"US1ILDP0079","BURR RIDGE 1.9 SW, IL US","2020-07-22",,,,,,
"US1ILDP0079","BURR RIDGE 1.9 SW, IL US","2020-07-23",,,,,,
"US1ILDP0079","BURR RIDGE 1.9 SW, IL US","2020-07-24",,,,,,
"US1ILDP0079","BURR RIDGE 1.9 SW, IL US","2020-07-25",,,,,,
"US1ILDP0079","BURR RIDGE 1.9 SW, IL US","2020-07-26",,,,,,
"US1ILDP0079","BURR RIDGE 1.9 SW, IL US","2020-07-27",,,,,,
"US1ILDP0079","BURR RIDGE 1.9 SW, IL US","2020-07-28",,,,,,
"US1ILDP0079","BURR RIDGE 1.9 SW, IL US","2020-07-29",,,,,,
"US1ILDP0079","BURR RIDGE 1.9 SW, IL US","2020-07-30",,,,,,
"US1ILDP0079","BURR RIDGE 1.9 SW, IL US","2020-07-31",,,,,,
"US1ILDP0079","BURR RIDGE 1.9 SW, IL US","2020-08-01",,,,,,
"US1ILDP0079","BURR RIDGE 1.9 SW, IL US","2020-08-02",,,,,,
"US1ILDP0079","BURR RIDGE 1.9 SW, IL US","2020-08-03",,,,,,
"US1ILDP0079","BURR RIDGE 1.9 SW, IL US","2020-08-04",,,,,,
"US1ILDP0079","BURR RIDGE 1.9 SW, IL US","2020-08-05",,,,,,
"US1ILDP0079","BURR RIDGE 1.9 SW, IL US","2020-08-06",,,,,,
"US1ILDP0079","BURR RIDGE 1.9 SW, IL US","2020-08-07",,,,,,
"US1ILDP0079","BURR RIDGE 1.9 SW, IL US","2020-08-08",,,,,,
"US1ILDP0079","BURR RIDGE 1.9 SW, IL US","2020-08-09",,,,,,
"US1ILDP0079","BURR RIDGE 1.9 SW, IL US","2020-08-10",,,,,,
"US1ILDP0079","BURR RIDGE 1.9 SW, IL US","2020-08-11",,,,,,
"US1ILDP0079","BURR RIDGE 1.9 SW, IL US","2020-08-12",,,,,,
"US1ILDP0079","BURR RIDGE 1.9 SW, IL US","2020-08-13",,,,,,
"US1ILDP0079","BURR RIDGE 1.9 SW, IL US","2020-08-14",,,,,,
"US1ILDP0079","BURR RIDGE 1.9 SW, IL US","2020-08-15",,,,,,
"US1ILDP0079","BURR RIDGE 1.9 SW, IL US","2020-08-16",,,,,,
"US1ILDP0079","BURR RIDGE 1.9 SW, IL US","2020-08-17",,,,,,
"US1ILDP0079","BURR RIDGE 1.9 SW, IL US","2020-08-18",,,,,,
"US1ILDP0079","BURR RIDGE 1.9 SW, IL US","2020-08-19",,,,,,
"US1ILDP0079","BURR RIDGE 1.9 SW, IL US","2020-08-20",,,,,,
"US1ILDP0079","BURR RIDGE 1.9 SW, IL US","2020-08-21",,,,,,
"US1ILDP0079","BURR RIDGE 1.9 SW, IL US","2020-08-22",,,,,,
"US1ILDP0079","BURR RIDGE 1.9 SW, IL US","2020-08-23",,,,,,
"US1ILDP0079","BURR RIDGE 1.9 SW, IL US","2020-08-24",,,,,,
"US1ILDP0079","BURR RIDGE 1.9 SW, IL US","2020-08-25",,,,,,
"US1ILDP0079","BURR RIDGE 1.9 SW, IL US","2020-08-26",,,,,,
"US1ILDP0079","BURR RIDGE 1.9 SW, IL US","2020-08-27",,,,,,
"US1ILDP0079","BURR RIDGE 1.9 SW, IL US","2020-08-28",,,,,,
"US1ILDP0079","BURR RIDGE 1.9 SW, IL US","2020-08-29",,,,,,
"US1ILDP0079","BURR RIDGE 1.9 SW, IL US","2020-08-30",,,,,,
"US1ILDP0079","BURR RIDGE 1.9 SW, IL US","2020-08-31",,,,,,
"US1ILDP0079","BURR RIDGE 1.9 SW, IL US","2020-09-01",,,,,,
"US1ILDP0079","BURR RIDGE 1.9 SW, IL US","2020-09-02",,,,,,
"US1ILDP0079","BURR RIDGE 1.9 SW, IL US","2020-09-03",,,,,,
"US1ILDP0079","BURR RIDGE 1.9 SW, IL US","2020-09-04",,,,,,
"US1ILDP0079","BURR RIDGE 1.9 SW, IL US","2020-09-05",,,,,,
"US1ILDP0079","BURR RIDGE 1.9 SW, IL US","2020-09-06",,,,,,
"US1ILDP0079","BURR RIDGE 1.9 SW, IL US","2020-09-07",,,,,,
"US1ILDP0079","BURR RIDGE 1.9 SW, IL US","2020-09-08",,,,,,
"US1ILDP0078","NAPERVILLE 2.4 SE, IL US","2019-10-01",,,,,,
"US1ILDP0078","NAPERVILLE 2.4 SE, IL US","2019-10-02",,,,,,
"US1ILDP0078","NAPERVILLE 2.4 SE, IL US","2019-10-03",,,,,,
"US1ILDP0078","NAPERVILLE 2.4 SE, IL US","2019-10-04",,,,,,
"US1ILDP0078","NAPERVILLE 2.4 SE, IL US","2019-10-05",,,,,,
"US1ILDP0078","NAPERVILLE 2.4 SE, IL US","2019-10-06",,,,,,
"US1ILDP0078","NAPERVILLE 2.4 SE, IL US","2019-10-07",,,,,,
"US1ILDP0078","NAPERVILLE 2.4 SE, IL US","2019-10-08",,,,,,
"US1ILDP0078","NAPERVILLE 2.4 SE, IL US","2019-10-09",,,,,,
"US1ILDP0078","NAPERVILLE 2.4 SE, IL US","2019-10-10",,,,,,
"US1ILDP0078","NAPERVILLE 2.4 SE, IL US","2019-10-11",,,,,,
"US1ILDP0078","NAPERVILLE 2.4 SE, IL US","2019-10-12",,,,,,
"US1ILDP0078","NAPERVILLE 2.4 SE, IL US","2019-10-14",,,,,,
"US1ILDP0078","NAPERVILLE 2.4 SE, IL US","2019-10-15",,,,,,
"US1ILDP0078","NAPERVILLE 2.4 SE, IL US","2019-10-16",,,,,,
"US1ILDP0078","NAPERVILLE 2.4 SE, IL US","2019-10-17",,,,,,
"US1ILDP0078","NAPERVILLE 2.4 SE, IL US","2019-10-18",,,,,,
"US1ILDP0078","NAPERVILLE 2.4 SE, IL US","2019-10-19",,,,,,
"US1ILDP0078","NAPERVILLE 2.4 SE, IL US","2019-10-20",,,,,,
"US1ILDP0078","NAPERVILLE 2.4 SE, IL US","2019-10-21",,,,,,
"US1ILDP0078","NAPERVILLE 2.4 SE, IL US","2019-10-22",,,,,,
"US1ILDP0078","NAPERVILLE 2.4 SE, IL US","2019-10-23",,,,,,
"US1ILDP0078","NAPERVILLE 2.4 SE, IL US","2019-10-24",,,,,,
"US1ILDP0078","NAPERVILLE 2.4 SE, IL US","2019-10-25",,,,,,
"US1ILDP0078","NAPERVILLE 2.4 SE, IL US","2019-10-26",,,,,,
"US1ILDP0078","NAPERVILLE 2.4 SE, IL US","2019-10-27",,,,,,
"US1ILDP0078","NAPERVILLE 2.4 SE, IL US","2019-10-28",,,,,,
"US1ILDP0078","NAPERVILLE 2.4 SE, IL US","2019-10-29",,,,,,
"US1ILDP0078","NAPERVILLE 2.4 SE, IL US","2019-10-30",,,,,,
"US1ILDP0078","NAPERVILLE 2.4 SE, IL US","2019-10-31",,,,,,
"US1ILDP0078","NAPERVILLE 2.4 SE, IL US","2019-11-01",,,,,,
"US1ILDP0078","NAPERVILLE 2.4 SE, IL US","2019-11-02",,,,,,
"US1ILDP0078","NAPERVILLE 2.4 SE, IL US","2019-11-03",,,,,,
"US1ILDP0078","NAPERVILLE 2.4 SE, IL US","2019-11-04",,,,,,
"US1ILDP0078","NAPERVILLE 2.4 SE, IL US","2019-11-05",,,,,,
"US1ILDP0078","NAPERVILLE 2.4 SE, IL US","2019-11-06",,,,,,
"US1ILDP0078","NAPERVILLE 2.4 SE, IL US","2019-11-07",,,,,,
"US1ILDP0078","NAPERVILLE 2.4 SE, IL US","2019-11-08",,,,,,
"US1ILDP0078","NAPERVILLE 2.4 SE, IL US","2019-11-09",,,,,,
"US1ILDP0078","NAPERVILLE 2.4 SE, IL US","2019-11-10",,,,,,
"US1ILDP0078","NAPERVILLE 2.4 SE, IL US","2019-11-11",,,,,,
"US1ILDP0078","NAPERVILLE 2.4 SE, IL US","2019-11-12",,,,,,
"US1ILDP0078","NAPERVILLE 2.4 SE, IL US","2019-11-13",,,,,,
"US1ILDP0078","NAPERVILLE 2.4 SE, IL US","2019-11-14",,,,,,
"US1ILDP0078","NAPERVILLE 2.4 SE, IL US","2019-11-15",,,,,,
"US1ILDP0078","NAPERVILLE 2.4 SE, IL US","2019-11-17",,,,,,
"US1ILDP0078","NAPERVILLE 2.4 SE, IL US","2019-11-18",,,,,,
"US1ILDP0078","NAPERVILLE 2.4 SE, IL US","2019-11-19",,,,,,
"US1ILDP0078","NAPERVILLE 2.4 SE, IL US","2019-11-20",,,,,,
"US1ILDP0078","NAPERVILLE 2.4 SE, IL US","2019-11-21",,,,,,
"US1ILDP0078","NAPERVILLE 2.4 SE, IL US","2019-11-22",,,,,,
"US1ILDP0078","NAPERVILLE 2.4 SE, IL US","2019-11-23",,,,,,
"US1ILDP0078","NAPERVILLE 2.4 SE, IL US","2019-11-24",,,,,,
"US1ILDP0078","NAPERVILLE 2.4 SE, IL US","2019-11-25",,,,,,
"US1ILDP0078","NAPERVILLE 2.4 SE, IL US","2019-11-26",,,,,,
"US1ILDP0078","NAPERVILLE 2.4 SE, IL US","2019-11-27",,,,,,
"US1ILDP0078","NAPERVILLE 2.4 SE, IL US","2019-11-28",,,,,,
"US1ILDP0078","NAPERVILLE 2.4 SE, IL US","2019-11-29",,,,,,
"US1ILDP0078","NAPERVILLE 2.4 SE, IL US","2019-11-30",,,,,,
"US1ILDP0078","NAPERVILLE 2.4 SE, IL US","2019-12-01",,,,,,
"US1ILDP0078","NAPERVILLE 2.4 SE, IL US","2019-12-02",,,,,,
"US1ILDP0078","NAPERVILLE 2.4 SE, IL US","2019-12-03",,,,,,
"US1ILDP0078","NAPERVILLE 2.4 SE, IL US","2019-12-04",,,,,,
"US1ILDP0078","NAPERVILLE 2.4 SE, IL US","2019-12-05",,,,,,
"US1ILDP0078","NAPERVILLE 2.4 SE, IL US","2019-12-06",,,,,,
"US1ILDP0078","NAPERVILLE 2.4 SE, IL US","2019-12-07",,,,,,
"US1ILDP0078","NAPERVILLE 2.4 SE, IL US","2019-12-08",,,,,,
"US1ILDP0078","NAPERVILLE 2.4 SE, IL US","2019-12-09",,,,,,
"US1ILDP0078","NAPERVILLE 2.4 SE, IL US","2019-12-10",,,,,,
"US1ILDP0078","NAPERVILLE 2.4 SE, IL US","2019-12-11",,,,,,
"US1ILDP0078","NAPERVILLE 2.4 SE, IL US","2019-12-12",,,,,,
"US1ILDP0078","NAPERVILLE 2.4 SE, IL US","2019-12-13",,,,,,
"US1ILDP0078","NAPERVILLE 2.4 SE, IL US","2019-12-14",,,,,,
"US1ILDP0078","NAPERVILLE 2.4 SE, IL US","2019-12-15",,,,,,
"US1ILDP0078","NAPERVILLE 2.4 SE, IL US","2019-12-16",,,,,,
"US1ILDP0078","NAPERVILLE 2.4 SE, IL US","2019-12-17",,,,,,
"US1ILDP0078","NAPERVILLE 2.4 SE, IL US","2019-12-18",,,,,,
"US1ILDP0078","NAPERVILLE 2.4 SE, IL US","2019-12-19",,,,,,
"US1ILDP0078","NAPERVILLE 2.4 SE, IL US","2019-12-20",,,,,,
"US1ILDP0078","NAPERVILLE 2.4 SE, IL US","2019-12-21",,,,,,
"US1ILDP0078","NAPERVILLE 2.4 SE, IL US","2019-12-22",,,,,,
"US1ILDP0078","NAPERVILLE 2.4 SE, IL US","2019-12-23",,,,,,
"US1ILDP0078","NAPERVILLE 2.4 SE, IL US","2019-12-24",,,,,,
"US1ILDP0078","NAPERVILLE 2.4 SE, IL US","2019-12-25",,,,,,
"US1ILDP0078","NAPERVILLE 2.4 SE, IL US","2019-12-26",,,,,,
"US1ILDP0078","NAPERVILLE 2.4 SE, IL US","2019-12-27",,,,,,
"US1ILDP0078","NAPERVILLE 2.4 SE, IL US","2019-12-28",,,,,,
"US1ILDP0078","NAPERVILLE 2.4 SE, IL US","2019-12-29",,,,,,
"US1ILDP0078","NAPERVILLE 2.4 SE, IL US","2019-12-30",,,,,,
"US1ILDP0078","NAPERVILLE 2.4 SE, IL US","2019-12-31",,,,,,
"US1ILDP0078","NAPERVILLE 2.4 SE, IL US","2020-01-01",,,,,,
"US1ILDP0078","NAPERVILLE 2.4 SE, IL US","2020-01-02",,,,,,
"US1ILDP0078","NAPERVILLE 2.4 SE, IL US","2020-01-03",,,,,,
"US1ILDP0078","NAPERVILLE 2.4 SE, IL US","2020-01-04",,,,,,
"US1ILDP0078","NAPERVILLE 2.4 SE, IL US","2020-01-05",,,,,,
"US1ILDP0078","NAPERVILLE 2.4 SE, IL US","2020-01-06",,,,,,
"US1ILDP0078","NAPERVILLE 2.4 SE, IL US","2020-01-07",,,,,,
"US1ILDP0078","NAPERVILLE 2.4 SE, IL US","2020-01-08",,,,,,
"US1ILDP0078","NAPERVILLE 2.4 SE, IL US","2020-01-09",,,,,,
"US1ILDP0078","NAPERVILLE 2.4 SE, IL US","2020-01-10",,,,,,
"US1ILDP0078","NAPERVILLE 2.4 SE, IL US","2020-01-11",,,,,,
"US1ILDP0078","NAPERVILLE 2.4 SE, IL US","2020-01-12",,,,,,
"US1ILDP0078","NAPERVILLE 2.4 SE, IL US","2020-01-13",,,,,,
"US1ILDP0078","NAPERVILLE 2.4 SE, IL US","2020-01-14",,,,,,
"US1ILDP0078","NAPERVILLE 2.4 SE, IL US","2020-01-15",,,,,,
"US1ILDP0078","NAPERVILLE 2.4 SE, IL US","2020-01-16",,,,,,
"US1ILDP0078","NAPERVILLE 2.4 SE, IL US","2020-01-17",,,,,,
"US1ILDP0078","NAPERVILLE 2.4 SE, IL US","2020-01-18",,,,,,
"US1ILDP0078","NAPERVILLE 2.4 SE, IL US","2020-01-19",,,,,,
"US1ILDP0078","NAPERVILLE 2.4 SE, IL US","2020-01-20",,,,,,
"US1ILDP0078","NAPERVILLE 2.4 SE, IL US","2020-01-21",,,,,,
"US1ILDP0078","NAPERVILLE 2.4 SE, IL US","2020-01-22",,,,,,
"US1ILDP0078","NAPERVILLE 2.4 SE, IL US","2020-01-23",,,,,,
"US1ILDP0078","NAPERVILLE 2.4 SE, IL US","2020-01-24",,,,,,
"US1ILDP0078","NAPERVILLE 2.4 SE, IL US","2020-01-25",,,,,,
"US1ILDP0078","NAPERVILLE 2.4 SE, IL US","2020-01-26",,,,,,
"US1ILDP0078","NAPERVILLE 2.4 SE, IL US","2020-01-27",,,,,,
"US1ILDP0078","NAPERVILLE 2.4 SE, IL US","2020-01-28",,,,,,
"US1ILDP0078","NAPERVILLE 2.4 SE, IL US","2020-02-01",,,,,,
"US1ILDP0078","NAPERVILLE 2.4 SE, IL US","2020-02-02",,,,,,
"US1ILDP0078","NAPERVILLE 2.4 SE, IL US","2020-02-03",,,,,,
"US1ILDP0078","NAPERVILLE 2.4 SE, IL US","2020-02-04",,,,,,
"US1ILDP0078","NAPERVILLE 2.4 SE, IL US","2020-02-05",,,,,,
"US1ILDP0078","NAPERVILLE 2.4 SE, IL US","2020-02-06",,,,,,
"US1ILDP0078","NAPERVILLE 2.4 SE, IL US","2020-02-07",,,,,,
"US1ILDP0078","NAPERVILLE 2.4 SE, IL US","2020-02-08",,,,,,
"US1ILDP0078","NAPERVILLE 2.4 SE, IL US","2020-02-09",,,,,,
"US1ILDP0078","NAPERVILLE 2.4 SE, IL US","2020-02-10",,,,,,
"US1ILDP0078","NAPERVILLE 2.4 SE, IL US","2020-02-12",,,,,,
"US1ILDP0078","NAPERVILLE 2.4 SE, IL US","2020-02-13",,,,,,
"US1ILDP0078","NAPERVILLE 2.4 SE, IL US","2020-02-16",,,,,,
"US1ILDP0078","NAPERVILLE 2.4 SE, IL US","2020-02-17",,,,,,
"US1ILDP0078","NAPERVILLE 2.4 SE, IL US","2020-02-18",,,,,,
"US1ILDP0078","NAPERVILLE 2.4 SE, IL US","2020-02-19",,,,,,
"US1ILDP0078","NAPERVILLE 2.4 SE, IL US","2020-02-20",,,,,,
"US1ILDP0078","NAPERVILLE 2.4 SE, IL US","2020-02-21",,,,,,
"US1ILDP0078","NAPERVILLE 2.4 SE, IL US","2020-02-22",,,,,,
"US1ILDP0078","NAPERVILLE 2.4 SE, IL US","2020-02-23",,,,,,
"US1ILDP0078","NAPERVILLE 2.4 SE, IL US","2020-02-24",,,,,,
"US1ILDP0078","NAPERVILLE 2.4 SE, IL US","2020-02-25",,,,,,
"US1ILDP0078","NAPERVILLE 2.4 SE, IL US","2020-02-26",,,,,,
"US1ILDP0078","NAPERVILLE 2.4 SE, IL US","2020-02-27",,,,,,
"US1ILDP0078","NAPERVILLE 2.4 SE, IL US","2020-02-28",,,,,,
"US1ILDP0078","NAPERVILLE 2.4 SE, IL US","2020-02-29",,,,,,
"US1ILDP0078","NAPERVILLE 2.4 SE, IL US","2020-03-01",,,,,,
"US1ILDP0078","NAPERVILLE 2.4 SE, IL US","2020-03-02",,,,,,
"US1ILDP0078","NAPERVILLE 2.4 SE, IL US","2020-03-07",,,,,,
"US1ILDP0078","NAPERVILLE 2.4 SE, IL US","2020-03-08",,,,,,
"US1ILDP0078","NAPERVILLE 2.4 SE, IL US","2020-03-09",,,,,,
"US1ILDP0078","NAPERVILLE 2.4 SE, IL US","2020-03-10",,,,,,
"US1ILDP0078","NAPERVILLE 2.4 SE, IL US","2020-03-11",,,,,,
"US1ILDP0078","NAPERVILLE 2.4 SE, IL US","2020-03-12",,,,,,
"US1ILDP0078","NAPERVILLE 2.4 SE, IL US","2020-03-13",,,,,,
"US1ILDP0078","NAPERVILLE 2.4 SE, IL US","2020-03-14",,,,,,
"US1ILDP0078","NAPERVILLE 2.4 SE, IL US","2020-03-15",,,,,,
"US1ILDP0078","NAPERVILLE 2.4 SE, IL US","2020-03-16",,,,,,
"US1ILDP0078","NAPERVILLE 2.4 SE, IL US","2020-03-17",,,,,,
"US1ILDP0078","NAPERVILLE 2.4 SE, IL US","2020-03-18",,,,,,
"US1ILDP0078","NAPERVILLE 2.4 SE, IL US","2020-03-19",,,,,,
"US1ILDP0078","NAPERVILLE 2.4 SE, IL US","2020-03-20",,,,,,
"US1ILDP0078","NAPERVILLE 2.4 SE, IL US","2020-03-21",,,,,,
"US1ILDP0078","NAPERVILLE 2.4 SE, IL US","2020-03-22",,,,,,
"US1ILDP0078","NAPERVILLE 2.4 SE, IL US","2020-03-23",,,,,,
"US1ILDP0078","NAPERVILLE 2.4 SE, IL US","2020-03-24",,,,,,
"US1ILDP0078","NAPERVILLE 2.4 SE, IL US","2020-03-25",,,,,,
"US1ILDP0078","NAPERVILLE 2.4 SE, IL US","2020-03-26",,,,,,
"US1ILDP0078","NAPERVILLE 2.4 SE, IL US","2020-03-27",,,,,,
"US1ILDP0078","NAPERVILLE 2.4 SE, IL US","2020-03-28",,,,,,
"US1ILDP0078","NAPERVILLE 2.4 SE, IL US","2020-03-29",,,,,,
"US1ILDP0078","NAPERVILLE 2.4 SE, IL US","2020-03-30",,,,,,
"US1ILDP0078","NAPERVILLE 2.4 SE, IL US","2020-03-31",,,,,,
"US1ILDP0078","NAPERVILLE 2.4 SE, IL US","2020-04-01",,,,,,
"US1ILDP0078","NAPERVILLE 2.4 SE, IL US","2020-04-02",,,,,,
"US1ILDP0078","NAPERVILLE 2.4 SE, IL US","2020-04-03",,,,,,
"US1ILDP0078","NAPERVILLE 2.4 SE, IL US","2020-04-04",,,,,,
"US1ILDP0078","NAPERVILLE 2.4 SE, IL US","2020-04-05",,,,,,
"US1ILDP0078","NAPERVILLE 2.4 SE, IL US","2020-04-06",,,,,,
"US1ILDP0078","NAPERVILLE 2.4 SE, IL US","2020-04-07",,,,,,
"US1ILDP0078","NAPERVILLE 2.4 SE, IL US","2020-04-08",,,,,,
"US1ILDP0078","NAPERVILLE 2.4 SE, IL US","2020-04-09",,,,,,
"US1ILDP0078","NAPERVILLE 2.4 SE, IL US","2020-04-10",,,,,,
"US1ILDP0078","NAPERVILLE 2.4 SE, IL US","2020-04-11",,,,,,
"US1ILDP0078","NAPERVILLE 2.4 SE, IL US","2020-04-12",,,,,,
"US1ILDP0078","NAPERVILLE 2.4 SE, IL US","2020-04-13",,,,,,
"US1ILDP0078","NAPERVILLE 2.4 SE, IL US","2020-04-14",,,,,,
"US1ILDP0078","NAPERVILLE 2.4 SE, IL US","2020-04-15",,,,,,
"US1ILDP0078","NAPERVILLE 2.4 SE, IL US","2020-04-16",,,,,,
"US1ILDP0078","NAPERVILLE 2.4 SE, IL US","2020-04-17",,,,,,
"US1ILDP0078","NAPERVILLE 2.4 SE, IL US","2020-04-18",,,,,,
"US1ILDP0078","NAPERVILLE 2.4 SE, IL US","2020-04-19",,,,,,
"US1ILDP0078","NAPERVILLE 2.4 SE, IL US","2020-04-20",,,,,,
"US1ILDP0078","NAPERVILLE 2.4 SE, IL US","2020-04-21",,,,,,
"US1ILDP0078","NAPERVILLE 2.4 SE, IL US","2020-04-22",,,,,,
"US1ILDP0078","NAPERVILLE 2.4 SE, IL US","2020-04-23",,,,,,
"US1ILDP0078","NAPERVILLE 2.4 SE, IL US","2020-04-24",,,,,,
"US1ILDP0078","NAPERVILLE 2.4 SE, IL US","2020-04-25",,,,,,
"US1ILDP0078","NAPERVILLE 2.4 SE, IL US","2020-04-26",,,,,,
"US1ILDP0078","NAPERVILLE 2.4 SE, IL US","2020-04-27",,,,,,
"US1ILDP0078","NAPERVILLE 2.4 SE, IL US","2020-04-28",,,,,,
"US1ILDP0078","NAPERVILLE 2.4 SE, IL US","2020-04-29",,,,,,
"US1ILDP0078","NAPERVILLE 2.4 SE, IL US","2020-04-30",,,,,,
"US1ILDP0078","NAPERVILLE 2.4 SE, IL US","2020-05-01",,,,,,
"US1ILDP0078","NAPERVILLE 2.4 SE, IL US","2020-05-02",,,,,,
"US1ILDP0078","NAPERVILLE 2.4 SE, IL US","2020-05-03",,,,,,
"US1ILDP0078","NAPERVILLE 2.4 SE, IL US","2020-05-04",,,,,,
"US1ILDP0078","NAPERVILLE 2.4 SE, IL US","2020-05-05",,,,,,
"US1ILDP0078","NAPERVILLE 2.4 SE, IL US","2020-05-07",,,,,,
"US1ILDP0078","NAPERVILLE 2.4 SE, IL US","2020-05-08",,,,,,
"US1ILDP0078","NAPERVILLE 2.4 SE, IL US","2020-05-09",,,,,,
"US1ILDP0078","NAPERVILLE 2.4 SE, IL US","2020-05-10",,,,,,
"US1ILDP0078","NAPERVILLE 2.4 SE, IL US","2020-05-11",,,,,,
"US1ILDP0078","NAPERVILLE 2.4 SE, IL US","2020-05-12",,,,,,
"US1ILDP0078","NAPERVILLE 2.4 SE, IL US","2020-05-13",,,,,,
"US1ILDP0078","NAPERVILLE 2.4 SE, IL US","2020-05-14",,,,,,
"US1ILDP0078","NAPERVILLE 2.4 SE, IL US","2020-05-15",,,,,,
"US1ILDP0078","NAPERVILLE 2.4 SE, IL US","2020-05-16",,,,,,
"US1ILDP0078","NAPERVILLE 2.4 SE, IL US","2020-05-17",,,,,,
"US1ILDP0078","NAPERVILLE 2.4 SE, IL US","2020-05-18",,,,,,
"US1ILDP0078","NAPERVILLE 2.4 SE, IL US","2020-05-19",,,,,,
"US1ILDP0078","NAPERVILLE 2.4 SE, IL US","2020-05-20",,,,,,
"US1ILDP0078","NAPERVILLE 2.4 SE, IL US","2020-05-21",,,,,,
"US1ILDP0078","NAPERVILLE 2.4 SE, IL US","2020-05-22",,,,,,
"US1ILDP0078","NAPERVILLE 2.4 SE, IL US","2020-05-23",,,,,,
"US1ILDP0078","NAPERVILLE 2.4 SE, IL US","2020-05-24",,,,,,
"US1ILDP0078","NAPERVILLE 2.4 SE, IL US","2020-05-25",,,,,,
"US1ILDP0078","NAPERVILLE 2.4 SE, IL US","2020-05-26",,,,,,
"US1ILDP0078","NAPERVILLE 2.4 SE, IL US","2020-05-27",,,,,,
"US1ILDP0078","NAPERVILLE 2.4 SE, IL US","2020-05-28",,,,,,
"US1ILDP0078","NAPERVILLE 2.4 SE, IL US","2020-05-29",,,,,,
"US1ILDP0078","NAPERVILLE 2.4 SE, IL US","2020-05-30",,,,,,
"US1ILDP0078","NAPERVILLE 2.4 SE, IL US","2020-05-31",,,,,,
"US1ILDP0078","NAPERVILLE 2.4 SE, IL US","2020-06-01",,,,,,
"US1ILDP0078","NAPERVILLE 2.4 SE, IL US","2020-06-02",,,,,,
"US1ILDP0078","NAPERVILLE 2.4 SE, IL US","2020-06-03",,,,,,
"US1ILDP0078","NAPERVILLE 2.4 SE, IL US","2020-06-04",,,,,,
"US1ILDP0078","NAPERVILLE 2.4 SE, IL US","2020-06-05",,,,,,
"US1ILDP0078","NAPERVILLE 2.4 SE, IL US","2020-06-06",,,,,,
"US1ILDP0078","NAPERVILLE 2.4 SE, IL US","2020-06-07",,,,,,
"US1ILDP0078","NAPERVILLE 2.4 SE, IL US","2020-06-08",,,,,,
"US1ILDP0078","NAPERVILLE 2.4 SE, IL US","2020-06-09",,,,,,
"US1ILDP0078","NAPERVILLE 2.4 SE, IL US","2020-06-10",,,,,,
"US1ILDP0078","NAPERVILLE 2.4 SE, IL US","2020-06-11",,,,,,
"US1ILDP0078","NAPERVILLE 2.4 SE, IL US","2020-06-12",,,,,,
"US1ILDP0078","NAPERVILLE 2.4 SE, IL US","2020-06-13",,,,,,
"US1ILDP0078","NAPERVILLE 2.4 SE, IL US","2020-06-14",,,,,,
"US1ILDP0078","NAPERVILLE 2.4 SE, IL US","2020-06-15",,,,,,
"US1ILDP0078","NAPERVILLE 2.4 SE, IL US","2020-06-16",,,,,,
"US1ILDP0078","NAPERVILLE 2.4 SE, IL US","2020-06-17",,,,,,
"US1ILDP0078","NAPERVILLE 2.4 SE, IL US","2020-06-18",,,,,,
"US1ILDP0078","NAPERVILLE 2.4 SE, IL US","2020-06-19",,,,,,
"US1ILDP0078","NAPERVILLE 2.4 SE, IL US","2020-06-20",,,,,,
"US1ILDP0078","NAPERVILLE 2.4 SE, IL US","2020-06-21",,,,,,
"US1ILDP0078","NAPERVILLE 2.4 SE, IL US","2020-06-22",,,,,,
"US1ILDP0078","NAPERVILLE 2.4 SE, IL US","2020-06-23",,,,,,
"US1ILDP0078","NAPERVILLE 2.4 SE, IL US","2020-06-24",,,,,,
"US1ILDP0078","NAPERVILLE 2.4 SE, IL US","2020-06-25",,,,,,
"US1ILDP0078","NAPERVILLE 2.4 SE, IL US","2020-06-26",,,,,,
"US1ILDP0078","NAPERVILLE 2.4 SE, IL US","2020-06-27",,,,,,
"US1ILDP0078","NAPERVILLE 2.4 SE, IL US","2020-06-28",,,,,,
"US1ILDP0078","NAPERVILLE 2.4 SE, IL US","2020-06-29",,,,,,
"US1ILDP0078","NAPERVILLE 2.4 SE, IL US","2020-06-30",,,,,,
"US1ILDP0078","NAPERVILLE 2.4 SE, IL US","2020-07-01",,,,,,
"US1ILDP0078","NAPERVILLE 2.4 SE, IL US","2020-07-02",,,,,,
"US1ILDP0078","NAPERVILLE 2.4 SE, IL US","2020-07-03",,,,,,
"US1ILDP0078","NAPERVILLE 2.4 SE, IL US","2020-07-04",,,,,,
"US1ILDP0078","NAPERVILLE 2.4 SE, IL US","2020-07-05",,,,,,
"US1ILDP0078","NAPERVILLE 2.4 SE, IL US","2020-07-06",,,,,,
"US1ILDP0078","NAPERVILLE 2.4 SE, IL US","2020-07-07",,,,,,
"US1ILDP0078","NAPERVILLE 2.4 SE, IL US","2020-07-08",,,,,,
"US1ILDP0078","NAPERVILLE 2.4 SE, IL US","2020-07-09",,,,,,
"US1ILDP0078","NAPERVILLE 2.4 SE, IL US","2020-07-10",,,,,,
"US1ILDP0078","NAPERVILLE 2.4 SE, IL US","2020-07-11",,,,,,
"US1ILDP0078","NAPERVILLE 2.4 SE, IL US","2020-07-12",,,,,,
"US1ILDP0078","NAPERVILLE 2.4 SE, IL US","2020-07-13",,,,,,
"US1ILDP0078","NAPERVILLE 2.4 SE, IL US","2020-07-14",,,,,,
"US1ILDP0078","NAPERVILLE 2.4 SE, IL US","2020-07-15",,,,,,
"US1ILDP0078","NAPERVILLE 2.4 SE, IL US","2020-07-16",,,,,,
"US1ILDP0078","NAPERVILLE 2.4 SE, IL US","2020-07-17",,,,,,
"US1ILDP0078","NAPERVILLE 2.4 SE, IL US","2020-07-18",,,,,,
"US1ILDP0078","NAPERVILLE 2.4 SE, IL US","2020-07-19",,,,,,
"US1ILDP0078","NAPERVILLE 2.4 SE, IL US","2020-07-20",,,,,,
"US1ILDP0078","NAPERVILLE 2.4 SE, IL US","2020-07-21",,,,,,
"US1ILDP0078","NAPERVILLE 2.4 SE, IL US","2020-07-22",,,,,,
"US1ILDP0078","NAPERVILLE 2.4 SE, IL US","2020-07-23",,,,,,
"US1ILDP0078","NAPERVILLE 2.4 SE, IL US","2020-07-24",,,,,,
"US1ILDP0078","NAPERVILLE 2.4 SE, IL US","2020-07-25",,,,,,
"US1ILDP0078","NAPERVILLE 2.4 SE, IL US","2020-07-26",,,,,,
"US1ILDP0078","NAPERVILLE 2.4 SE, IL US","2020-07-27",,,,,,
"US1ILDP0078","NAPERVILLE 2.4 SE, IL US","2020-07-28",,,,,,
"US1ILDP0078","NAPERVILLE 2.4 SE, IL US","2020-07-29",,,,,,
"US1ILDP0078","NAPERVILLE 2.4 SE, IL US","2020-07-30",,,,,,
"US1ILDP0078","NAPERVILLE 2.4 SE, IL US","2020-07-31",,,,,,
"US1ILDP0078","NAPERVILLE 2.4 SE, IL US","2020-08-01",,,,,,
"US1ILDP0078","NAPERVILLE 2.4 SE, IL US","2020-08-02",,,,,,
"US1ILDP0078","NAPERVILLE 2.4 SE, IL US","2020-08-03",,,,,,
"US1ILDP0078","NAPERVILLE 2.4 SE, IL US","2020-08-04",,,,,,
"US1ILDP0078","NAPERVILLE 2.4 SE, IL US","2020-08-05",,,,,,
"US1ILDP0078","NAPERVILLE 2.4 SE, IL US","2020-08-06",,,,,,
"US1ILDP0078","NAPERVILLE 2.4 SE, IL US","2020-08-07",,,,,,
"US1ILDP0078","NAPERVILLE 2.4 SE, IL US","2020-08-08",,,,,,
"US1ILDP0078","NAPERVILLE 2.4 SE, IL US","2020-08-09",,,,,,
"US1ILDP0078","NAPERVILLE 2.4 SE, IL US","2020-08-10",,,,,,
"US1ILDP0078","NAPERVILLE 2.4 SE, IL US","2020-08-11",,,,,,
"US1ILDP0078","NAPERVILLE 2.4 SE, IL US","2020-08-12",,,,,,
"US1ILDP0078","NAPERVILLE 2.4 SE, IL US","2020-08-13",,,,,,
"US1ILDP0078","NAPERVILLE 2.4 SE, IL US","2020-08-14",,,,,,
"US1ILDP0078","NAPERVILLE 2.4 SE, IL US","2020-08-15",,,,,,
"US1ILDP0078","NAPERVILLE 2.4 SE, IL US","2020-08-16",,,,,,
"US1ILDP0078","NAPERVILLE 2.4 SE, IL US","2020-08-17",,,,,,
"US1ILDP0078","NAPERVILLE 2.4 SE, IL US","2020-08-18",,,,,,
"US1ILDP0078","NAPERVILLE 2.4 SE, IL US","2020-08-19",,,,,,
"US1ILDP0078","NAPERVILLE 2.4 SE, IL US","2020-08-20",,,,,,
"US1ILDP0078","NAPERVILLE 2.4 SE, IL US","2020-08-21",,,,,,
"US1ILDP0078","NAPERVILLE 2.4 SE, IL US","2020-08-22",,,,,,
"US1ILDP0078","NAPERVILLE 2.4 SE, IL US","2020-08-23",,,,,,
"US1ILDP0078","NAPERVILLE 2.4 SE, IL US","2020-08-24",,,,,,
"US1ILDP0078","NAPERVILLE 2.4 SE, IL US","2020-08-25",,,,,,
"US1ILDP0078","NAPERVILLE 2.4 SE, IL US","2020-08-26",,,,,,
"US1ILDP0078","NAPERVILLE 2.4 SE, IL US","2020-08-28",,,,,,
"US1ILDP0078","NAPERVILLE 2.4 SE, IL US","2020-08-29",,,,,,
"US1ILDP0078","NAPERVILLE 2.4 SE, IL US","2020-08-30",,,,,,
"US1ILDP0078","NAPERVILLE 2.4 SE, IL US","2020-08-31",,,,,,
"US1ILDP0078","NAPERVILLE 2.4 SE, IL US","2020-09-01",,,,,,
"US1ILDP0078","NAPERVILLE 2.4 SE, IL US","2020-09-02",,,,,,
"US1ILDP0078","NAPERVILLE 2.4 SE, IL US","2020-09-03",,,,,,
"US1ILDP0078","NAPERVILLE 2.4 SE, IL US","2020-09-04",,,,,,
"US1ILDP0078","NAPERVILLE 2.4 SE, IL US","2020-09-05",,,,,,
"US1ILDP0078","NAPERVILLE 2.4 SE, IL US","2020-09-06",,,,,,
"US1ILDP0078","NAPERVILLE 2.4 SE, IL US","2020-09-07",,,,,,
"US1ILDP0078","NAPERVILLE 2.4 SE, IL US","2020-09-08",,,,,,
"US1INLK0063","GARY 4.8 ENE, IN US","2019-10-06",,,,,,
"US1INLK0063","GARY 4.8 ENE, IN US","2019-10-07",,,,,,
"US1INLK0063","GARY 4.8 ENE, IN US","2019-10-08",,,,,,
"US1INLK0063","GARY 4.8 ENE, IN US","2019-10-09",,,,,,
"US1INLK0063","GARY 4.8 ENE, IN US","2019-10-10",,,,,,
"US1INLK0063","GARY 4.8 ENE, IN US","2019-10-11",,,,,,
"US1INLK0063","GARY 4.8 ENE, IN US","2019-10-12",,,,,,
"US1INLK0063","GARY 4.8 ENE, IN US","2019-10-13",,,,,,
"US1INLK0063","GARY 4.8 ENE, IN US","2019-10-14",,,,,,
"US1INLK0063","GARY 4.8 ENE, IN US","2019-10-15",,,,,,
"US1INLK0063","GARY 4.8 ENE, IN US","2019-10-16",,,,,,
"US1INLK0063","GARY 4.8 ENE, IN US","2019-10-17",,,,,,
"US1INLK0063","GARY 4.8 ENE, IN US","2019-10-18",,,,,,
"US1INLK0063","GARY 4.8 ENE, IN US","2019-10-19",,,,,,
"US1INLK0063","GARY 4.8 ENE, IN US","2019-10-20",,,,,,
"US1INLK0063","GARY 4.8 ENE, IN US","2019-10-21",,,,,,
"US1INLK0063","GARY 4.8 ENE, IN US","2019-10-22",,,,,,
"US1INLK0063","GARY 4.8 ENE, IN US","2019-10-23",,,,,,
"US1INLK0063","GARY 4.8 ENE, IN US","2019-10-24",,,,,,
"US1INLK0063","GARY 4.8 ENE, IN US","2019-10-25",,,,,,
"US1INLK0063","GARY 4.8 ENE, IN US","2019-10-26",,,,,,
"US1INLK0063","GARY 4.8 ENE, IN US","2019-10-27",,,,,,
"US1INLK0063","GARY 4.8 ENE, IN US","2019-10-28",,,,,,
"US1INLK0063","GARY 4.8 ENE, IN US","2019-10-29",,,,,,
"US1INLK0063","GARY 4.8 ENE, IN US","2019-10-30",,,,,,
"US1INLK0063","GARY 4.8 ENE, IN US","2019-10-31",,,,,,
"US1INLK0063","GARY 4.8 ENE, IN US","2019-11-01",,,,,,
"US1INLK0063","GARY 4.8 ENE, IN US","2019-11-02",,,,,,
"US1INLK0063","GARY 4.8 ENE, IN US","2019-11-03",,,,,,
"US1INLK0063","GARY 4.8 ENE, IN US","2019-11-04",,,,,,
"US1INLK0063","GARY 4.8 ENE, IN US","2019-11-05",,,,,,
"US1INLK0063","GARY 4.8 ENE, IN US","2019-11-06",,,,,,
"US1INLK0063","GARY 4.8 ENE, IN US","2019-11-07",,,,,,
"US1INLK0063","GARY 4.8 ENE, IN US","2019-11-08",,,,,,
"US1INLK0063","GARY 4.8 ENE, IN US","2019-11-09",,,,,,
"US1INLK0063","GARY 4.8 ENE, IN US","2019-11-10",,,,,,
"US1INLK0063","GARY 4.8 ENE, IN US","2019-11-11",,,,,,
"US1INLK0063","GARY 4.8 ENE, IN US","2019-11-12",,,,,,
"US1INLK0063","GARY 4.8 ENE, IN US","2019-11-13",,,,,,
"US1INLK0063","GARY 4.8 ENE, IN US","2019-11-14",,,,,,
"US1INLK0063","GARY 4.8 ENE, IN US","2019-11-15",,,,,,
"US1INLK0063","GARY 4.8 ENE, IN US","2019-11-16",,,,,,
"US1INLK0063","GARY 4.8 ENE, IN US","2019-11-17",,,,,,
"US1INLK0063","GARY 4.8 ENE, IN US","2019-11-18",,,,,,
"US1INLK0063","GARY 4.8 ENE, IN US","2019-11-19",,,,,,
"US1INLK0063","GARY 4.8 ENE, IN US","2019-11-20",,,,,,
"US1INLK0063","GARY 4.8 ENE, IN US","2019-11-21",,,,,,
"US1INLK0063","GARY 4.8 ENE, IN US","2019-11-22",,,,,,
"US1INLK0063","GARY 4.8 ENE, IN US","2019-11-23",,,,,,
"US1INLK0063","GARY 4.8 ENE, IN US","2019-11-24",,,,,,
"US1INLK0063","GARY 4.8 ENE, IN US","2019-11-25",,,,,,
"US1INLK0063","GARY 4.8 ENE, IN US","2019-11-26",,,,,,
"US1INLK0063","GARY 4.8 ENE, IN US","2019-11-27",,,,,,
"US1INLK0063","GARY 4.8 ENE, IN US","2019-11-28",,,,,,
"US1INLK0063","GARY 4.8 ENE, IN US","2019-11-29",,,,,,
"US1INLK0063","GARY 4.8 ENE, IN US","2019-11-30",,,,,,
"US1INLK0063","GARY 4.8 ENE, IN US","2019-12-01",,,,,,
"US1INLK0063","GARY 4.8 ENE, IN US","2019-12-02",,,,,,
"US1INLK0063","GARY 4.8 ENE, IN US","2019-12-03",,,,,,
"US1INLK0063","GARY 4.8 ENE, IN US","2019-12-04",,,,,,
"US1INLK0063","GARY 4.8 ENE, IN US","2019-12-05",,,,,,
"US1INLK0063","GARY 4.8 ENE, IN US","2019-12-06",,,,,,
"US1INLK0063","GARY 4.8 ENE, IN US","2019-12-07",,,,,,
"US1INLK0063","GARY 4.8 ENE, IN US","2019-12-08",,,,,,
"US1INLK0063","GARY 4.8 ENE, IN US","2019-12-09",,,,,,
"US1INLK0063","GARY 4.8 ENE, IN US","2019-12-10",,,,,,
"US1INLK0063","GARY 4.8 ENE, IN US","2019-12-11",,,,,,
"US1INLK0063","GARY 4.8 ENE, IN US","2019-12-12",,,,,,
"US1INLK0063","GARY 4.8 ENE, IN US","2019-12-13",,,,,,
"US1INLK0063","GARY 4.8 ENE, IN US","2019-12-14",,,,,,
"US1INLK0063","GARY 4.8 ENE, IN US","2019-12-15",,,,,,
"US1INLK0063","GARY 4.8 ENE, IN US","2019-12-16",,,,,,
"US1INLK0063","GARY 4.8 ENE, IN US","2019-12-17",,,,,,
"US1INLK0063","GARY 4.8 ENE, IN US","2019-12-18",,,,,,
"US1INLK0063","GARY 4.8 ENE, IN US","2019-12-19",,,,,,
"US1INLK0063","GARY 4.8 ENE, IN US","2019-12-20",,,,,,
"US1INLK0063","GARY 4.8 ENE, IN US","2019-12-21",,,,,,
"US1INLK0063","GARY 4.8 ENE, IN US","2019-12-22",,,,,,
"US1INLK0063","GARY 4.8 ENE, IN US","2019-12-23",,,,,,
"US1INLK0063","GARY 4.8 ENE, IN US","2019-12-24",,,,,,
"US1INLK0063","GARY 4.8 ENE, IN US","2019-12-25",,,,,,
"US1INLK0063","GARY 4.8 ENE, IN US","2019-12-26",,,,,,
"US1INLK0063","GARY 4.8 ENE, IN US","2019-12-27",,,,,,
"US1INLK0063","GARY 4.8 ENE, IN US","2019-12-28",,,,,,
"US1INLK0063","GARY 4.8 ENE, IN US","2019-12-29",,,,,,
"US1INLK0063","GARY 4.8 ENE, IN US","2019-12-30",,,,,,
"US1INLK0063","GARY 4.8 ENE, IN US","2019-12-31",,,,,,
"US1INLK0063","GARY 4.8 ENE, IN US","2020-01-01",,,,,,
"US1INLK0063","GARY 4.8 ENE, IN US","2020-01-02",,,,,,
"US1INLK0063","GARY 4.8 ENE, IN US","2020-01-03",,,,,,
"US1INLK0063","GARY 4.8 ENE, IN US","2020-01-04",,,,,,
"US1INLK0063","GARY 4.8 ENE, IN US","2020-01-05",,,,,,
"US1INLK0063","GARY 4.8 ENE, IN US","2020-01-06",,,,,,
"US1INLK0063","GARY 4.8 ENE, IN US","2020-01-07",,,,,,
"US1INLK0063","GARY 4.8 ENE, IN US","2020-01-08",,,,,,
"US1INLK0063","GARY 4.8 ENE, IN US","2020-01-09",,,,,,
"US1INLK0063","GARY 4.8 ENE, IN US","2020-01-10",,,,,,
"US1INLK0063","GARY 4.8 ENE, IN US","2020-01-11",,,,,,
"US1INLK0063","GARY 4.8 ENE, IN US","2020-01-12",,,,,,
"US1INLK0063","GARY 4.8 ENE, IN US","2020-01-13",,,,,,
"US1INLK0063","GARY 4.8 ENE, IN US","2020-01-14",,,,,,
"US1INLK0063","GARY 4.8 ENE, IN US","2020-01-15",,,,,,
"US1INLK0063","GARY 4.8 ENE, IN US","2020-01-16",,,,,,
"US1INLK0063","GARY 4.8 ENE, IN US","2020-01-17",,,,,,
"US1INLK0063","GARY 4.8 ENE, IN US","2020-01-18",,,,,,
"US1INLK0063","GARY 4.8 ENE, IN US","2020-01-19",,,,,,
"US1INLK0063","GARY 4.8 ENE, IN US","2020-01-20",,,,,,
"US1INLK0063","GARY 4.8 ENE, IN US","2020-01-21",,,,,,
"US1INLK0063","GARY 4.8 ENE, IN US","2020-01-22",,,,,,
"US1INLK0063","GARY 4.8 ENE, IN US","2020-01-23",,,,,,
"US1INLK0063","GARY 4.8 ENE, IN US","2020-01-24",,,,,,
"US1INLK0063","GARY 4.8 ENE, IN US","2020-01-25",,,,,,
"US1INLK0063","GARY 4.8 ENE, IN US","2020-01-26",,,,,,
"US1INLK0063","GARY 4.8 ENE, IN US","2020-01-27",,,,,,
"US1INLK0063","GARY 4.8 ENE, IN US","2020-01-28",,,,,,
"US1INLK0063","GARY 4.8 ENE, IN US","2020-01-29",,,,,,
"US1INLK0063","GARY 4.8 ENE, IN US","2020-01-30",,,,,,
"US1INLK0063","GARY 4.8 ENE, IN US","2020-01-31",,,,,,
"US1INLK0063","GARY 4.8 ENE, IN US","2020-02-01",,,,,,
"US1INLK0063","GARY 4.8 ENE, IN US","2020-02-02",,,,,,
"US1INLK0063","GARY 4.8 ENE, IN US","2020-02-03",,,,,,
"US1INLK0063","GARY 4.8 ENE, IN US","2020-02-04",,,,,,
"US1INLK0063","GARY 4.8 ENE, IN US","2020-02-05",,,,,,
"US1INLK0063","GARY 4.8 ENE, IN US","2020-02-06",,,,,,
"US1INLK0063","GARY 4.8 ENE, IN US","2020-02-07",,,,,,
"US1INLK0063","GARY 4.8 ENE, IN US","2020-02-08",,,,,,
"US1INLK0063","GARY 4.8 ENE, IN US","2020-02-09",,,,,,
"US1INLK0063","GARY 4.8 ENE, IN US","2020-02-10",,,,,,
"US1INLK0063","GARY 4.8 ENE, IN US","2020-02-11",,,,,,
"US1INLK0063","GARY 4.8 ENE, IN US","2020-02-12",,,,,,
"US1INLK0063","GARY 4.8 ENE, IN US","2020-02-13",,,,,,
"US1INLK0063","GARY 4.8 ENE, IN US","2020-02-14",,,,,,
"US1INLK0063","GARY 4.8 ENE, IN US","2020-02-15",,,,,,
"US1INLK0063","GARY 4.8 ENE, IN US","2020-02-16",,,,,,
"US1INLK0063","GARY 4.8 ENE, IN US","2020-02-17",,,,,,
"US1INLK0063","GARY 4.8 ENE, IN US","2020-02-18",,,,,,
"US1INLK0063","GARY 4.8 ENE, IN US","2020-02-19",,,,,,
"US1INLK0063","GARY 4.8 ENE, IN US","2020-02-20",,,,,,
"US1INLK0063","GARY 4.8 ENE, IN US","2020-02-21",,,,,,
"US1INLK0063","GARY 4.8 ENE, IN US","2020-02-22",,,,,,
"US1INLK0063","GARY 4.8 ENE, IN US","2020-02-23",,,,,,
"US1INLK0063","GARY 4.8 ENE, IN US","2020-02-24",,,,,,
"US1INLK0063","GARY 4.8 ENE, IN US","2020-02-25",,,,,,
"US1INLK0063","GARY 4.8 ENE, IN US","2020-02-26",,,,,,
"US1INLK0063","GARY 4.8 ENE, IN US","2020-02-27",,,,,,
"US1INLK0063","GARY 4.8 ENE, IN US","2020-02-28",,,,,,
"US1INLK0063","GARY 4.8 ENE, IN US","2020-02-29",,,,,,
"US1INLK0063","GARY 4.8 ENE, IN US","2020-03-01",,,,,,
"US1INLK0063","GARY 4.8 ENE, IN US","2020-03-02",,,,,,
"US1INLK0063","GARY 4.8 ENE, IN US","2020-03-03",,,,,,
"US1INLK0063","GARY 4.8 ENE, IN US","2020-03-04",,,,,,
"US1INLK0063","GARY 4.8 ENE, IN US","2020-03-05",,,,,,
"US1INLK0063","GARY 4.8 ENE, IN US","2020-03-06",,,,,,
"US1INLK0063","GARY 4.8 ENE, IN US","2020-03-07",,,,,,
"US1INLK0063","GARY 4.8 ENE, IN US","2020-03-08",,,,,,
"US1INLK0063","GARY 4.8 ENE, IN US","2020-03-10",,,,,,
"US1INLK0063","GARY 4.8 ENE, IN US","2020-03-11",,,,,,
"US1INLK0063","GARY 4.8 ENE, IN US","2020-03-12",,,,,,
"US1INLK0063","GARY 4.8 ENE, IN US","2020-03-13",,,,,,
"US1INLK0063","GARY 4.8 ENE, IN US","2020-03-14",,,,,,
"US1INLK0063","GARY 4.8 ENE, IN US","2020-03-15",,,,,,
"US1INLK0063","GARY 4.8 ENE, IN US","2020-03-16",,,,,,
"US1INLK0063","GARY 4.8 ENE, IN US","2020-03-17",,,,,,
"US1INLK0063","GARY 4.8 ENE, IN US","2020-03-18",,,,,,
"US1INLK0063","GARY 4.8 ENE, IN US","2020-03-19",,,,,,
"US1INLK0063","GARY 4.8 ENE, IN US","2020-03-20",,,,,,
"US1INLK0063","GARY 4.8 ENE, IN US","2020-03-21",,,,,,
"US1INLK0063","GARY 4.8 ENE, IN US","2020-03-22",,,,,,
"US1INLK0063","GARY 4.8 ENE, IN US","2020-03-23",,,,,,
"US1INLK0063","GARY 4.8 ENE, IN US","2020-03-24",,,,,,
"US1INLK0063","GARY 4.8 ENE, IN US","2020-03-25",,,,,,
"US1INLK0063","GARY 4.8 ENE, IN US","2020-03-26",,,,,,
"US1INLK0063","GARY 4.8 ENE, IN US","2020-03-27",,,,,,
"US1INLK0063","GARY 4.8 ENE, IN US","2020-03-28",,,,,,
"US1INLK0063","GARY 4.8 ENE, IN US","2020-03-29",,,,,,
"US1INLK0063","GARY 4.8 ENE, IN US","2020-03-30",,,,,,
"US1INLK0063","GARY 4.8 ENE, IN US","2020-03-31",,,,,,
"US1INLK0063","GARY 4.8 ENE, IN US","2020-04-01",,,,,,
"US1INLK0063","GARY 4.8 ENE, IN US","2020-04-02",,,,,,
"US1INLK0063","GARY 4.8 ENE, IN US","2020-04-03",,,,,,
"US1INLK0063","GARY 4.8 ENE, IN US","2020-04-04",,,,,,
"US1INLK0063","GARY 4.8 ENE, IN US","2020-04-05",,,,,,
"US1INLK0063","GARY 4.8 ENE, IN US","2020-04-06",,,,,,
"US1INLK0063","GARY 4.8 ENE, IN US","2020-04-07",,,,,,
"US1INLK0063","GARY 4.8 ENE, IN US","2020-04-08",,,,,,
"US1INLK0063","GARY 4.8 ENE, IN US","2020-04-09",,,,,,
"US1INLK0063","GARY 4.8 ENE, IN US","2020-04-10",,,,,,
"US1INLK0063","GARY 4.8 ENE, IN US","2020-04-11",,,,,,
"US1INLK0063","GARY 4.8 ENE, IN US","2020-04-12",,,,,,
"US1INLK0063","GARY 4.8 ENE, IN US","2020-04-13",,,,,,
"US1INLK0063","GARY 4.8 ENE, IN US","2020-04-14",,,,,,
"US1INLK0063","GARY 4.8 ENE, IN US","2020-04-15",,,,,,
"US1INLK0063","GARY 4.8 ENE, IN US","2020-04-16",,,,,,
"US1INLK0063","GARY 4.8 ENE, IN US","2020-04-17",,,,,,
"US1INLK0063","GARY 4.8 ENE, IN US","2020-04-18",,,,,,
"US1INLK0063","GARY 4.8 ENE, IN US","2020-04-19",,,,,,
"US1INLK0063","GARY 4.8 ENE, IN US","2020-04-20",,,,,,
"US1INLK0063","GARY 4.8 ENE, IN US","2020-04-21",,,,,,
"US1INLK0063","GARY 4.8 ENE, IN US","2020-04-22",,,,,,
"US1INLK0063","GARY 4.8 ENE, IN US","2020-04-23",,,,,,
"US1INLK0063","GARY 4.8 ENE, IN US","2020-04-24",,,,,,
"US1INLK0063","GARY 4.8 ENE, IN US","2020-04-25",,,,,,
"US1INLK0063","GARY 4.8 ENE, IN US","2020-04-26",,,,,,
"US1INLK0063","GARY 4.8 ENE, IN US","2020-04-27",,,,,,
"US1INLK0063","GARY 4.8 ENE, IN US","2020-04-28",,,,,,
"US1INLK0063","GARY 4.8 ENE, IN US","2020-04-29",,,,,,
"US1INLK0063","GARY 4.8 ENE, IN US","2020-04-30",,,,,,
"US1INLK0063","GARY 4.8 ENE, IN US","2020-05-01",,,,,,
"US1INLK0063","GARY 4.8 ENE, IN US","2020-05-02",,,,,,
"US1INLK0063","GARY 4.8 ENE, IN US","2020-05-03",,,,,,
"US1INLK0063","GARY 4.8 ENE, IN US","2020-05-04",,,,,,
"US1INLK0063","GARY 4.8 ENE, IN US","2020-05-05",,,,,,
"US1INLK0063","GARY 4.8 ENE, IN US","2020-05-06",,,,,,
"US1INLK0063","GARY 4.8 ENE, IN US","2020-05-07",,,,,,
"US1INLK0063","GARY 4.8 ENE, IN US","2020-05-08",,,,,,
"US1INLK0063","GARY 4.8 ENE, IN US","2020-05-09",,,,,,
"US1INLK0063","GARY 4.8 ENE, IN US","2020-05-10",,,,,,
"US1INLK0063","GARY 4.8 ENE, IN US","2020-05-11",,,,,,
"US1INLK0063","GARY 4.8 ENE, IN US","2020-05-12",,,,,,
"US1INLK0063","GARY 4.8 ENE, IN US","2020-05-13",,,,,,
"US1INLK0063","GARY 4.8 ENE, IN US","2020-05-14",,,,,,
"US1INLK0063","GARY 4.8 ENE, IN US","2020-05-15",,,,,,
"US1INLK0063","GARY 4.8 ENE, IN US","2020-05-16",,,,,,
"US1INLK0063","GARY 4.8 ENE, IN US","2020-05-17",,,,,,
"US1INLK0063","GARY 4.8 ENE, IN US","2020-05-18",,,,,,
"US1INLK0063","GARY 4.8 ENE, IN US","2020-05-19",,,,,,
"US1INLK0063","GARY 4.8 ENE, IN US","2020-05-20",,,,,,
"US1INLK0063","GARY 4.8 ENE, IN US","2020-05-21",,,,,,
"US1INLK0063","GARY 4.8 ENE, IN US","2020-05-22",,,,,,
"US1INLK0063","GARY 4.8 ENE, IN US","2020-05-23",,,,,,
"US1INLK0063","GARY 4.8 ENE, IN US","2020-05-24",,,,,,
"US1INLK0063","GARY 4.8 ENE, IN US","2020-05-25",,,,,,
"US1INLK0063","GARY 4.8 ENE, IN US","2020-05-26",,,,,,
"US1INLK0063","GARY 4.8 ENE, IN US","2020-05-27",,,,,,
"US1INLK0063","GARY 4.8 ENE, IN US","2020-05-28",,,,,,
"US1INLK0063","GARY 4.8 ENE, IN US","2020-05-29",,,,,,
"US1INLK0063","GARY 4.8 ENE, IN US","2020-05-30",,,,,,
"US1INLK0063","GARY 4.8 ENE, IN US","2020-05-31",,,,,,
"US1INLK0063","GARY 4.8 ENE, IN US","2020-06-01",,,,,,
"US1INLK0063","GARY 4.8 ENE, IN US","2020-06-02",,,,,,
"US1INLK0063","GARY 4.8 ENE, IN US","2020-06-03",,,,,,
"US1INLK0063","GARY 4.8 ENE, IN US","2020-06-04",,,,,,
"US1INLK0063","GARY 4.8 ENE, IN US","2020-06-05",,,,,,
"US1INLK0063","GARY 4.8 ENE, IN US","2020-06-06",,,,,,
"US1INLK0063","GARY 4.8 ENE, IN US","2020-06-07",,,,,,
"US1INLK0063","GARY 4.8 ENE, IN US","2020-06-08",,,,,,
"US1INLK0063","GARY 4.8 ENE, IN US","2020-06-09",,,,,,
"US1INLK0063","GARY 4.8 ENE, IN US","2020-06-10",,,,,,
"US1INLK0063","GARY 4.8 ENE, IN US","2020-06-11",,,,,,
"US1INLK0063","GARY 4.8 ENE, IN US","2020-06-12",,,,,,
"US1INLK0063","GARY 4.8 ENE, IN US","2020-06-13",,,,,,
"US1INLK0063","GARY 4.8 ENE, IN US","2020-06-14",,,,,,
"US1INLK0063","GARY 4.8 ENE, IN US","2020-06-15",,,,,,
"US1INLK0063","GARY 4.8 ENE, IN US","2020-06-16",,,,,,
"US1INLK0063","GARY 4.8 ENE, IN US","2020-06-17",,,,,,
"US1INLK0063","GARY 4.8 ENE, IN US","2020-06-18",,,,,,
"US1INLK0063","GARY 4.8 ENE, IN US","2020-06-19",,,,,,
"US1INLK0063","GARY 4.8 ENE, IN US","2020-06-20",,,,,,
"US1INLK0063","GARY 4.8 ENE, IN US","2020-06-21",,,,,,
"US1INLK0063","GARY 4.8 ENE, IN US","2020-06-22",,,,,,
"US1INLK0063","GARY 4.8 ENE, IN US","2020-06-23",,,,,,
"US1INLK0063","GARY 4.8 ENE, IN US","2020-06-24",,,,,,
"US1INLK0063","GARY 4.8 ENE, IN US","2020-06-25",,,,,,
"US1INLK0063","GARY 4.8 ENE, IN US","2020-06-26",,,,,,
"US1INLK0063","GARY 4.8 ENE, IN US","2020-06-27",,,,,,
"US1INLK0063","GARY 4.8 ENE, IN US","2020-06-28",,,,,,
"US1INLK0063","GARY 4.8 ENE, IN US","2020-06-29",,,,,,
"US1INLK0063","GARY 4.8 ENE, IN US","2020-06-30",,,,,,
"US1INLK0063","GARY 4.8 ENE, IN US","2020-07-01",,,,,,
"US1INLK0063","GARY 4.8 ENE, IN US","2020-07-02",,,,,,
"US1INLK0063","GARY 4.8 ENE, IN US","2020-07-03",,,,,,
"US1INLK0063","GARY 4.8 ENE, IN US","2020-07-04",,,,,,
"US1INLK0063","GARY 4.8 ENE, IN US","2020-07-05",,,,,,
"US1INLK0063","GARY 4.8 ENE, IN US","2020-07-06",,,,,,
"US1INLK0063","GARY 4.8 ENE, IN US","2020-07-07",,,,,,
"US1INLK0063","GARY 4.8 ENE, IN US","2020-07-08",,,,,,
"US1INLK0063","GARY 4.8 ENE, IN US","2020-07-09",,,,,,
"US1INLK0063","GARY 4.8 ENE, IN US","2020-07-10",,,,,,
"US1INLK0063","GARY 4.8 ENE, IN US","2020-07-11",,,,,,
"US1INLK0063","GARY 4.8 ENE, IN US","2020-07-12",,,,,,
"US1INLK0063","GARY 4.8 ENE, IN US","2020-07-13",,,,,,
"US1INLK0063","GARY 4.8 ENE, IN US","2020-07-14",,,,,,
"US1INLK0063","GARY 4.8 ENE, IN US","2020-07-15",,,,,,
"US1INLK0063","GARY 4.8 ENE, IN US","2020-07-16",,,,,,
"US1INLK0063","GARY 4.8 ENE, IN US","2020-07-17",,,,,,
"US1INLK0063","GARY 4.8 ENE, IN US","2020-07-18",,,,,,
"US1INLK0063","GARY 4.8 ENE, IN US","2020-07-19",,,,,,
"US1INLK0063","GARY 4.8 ENE, IN US","2020-07-20",,,,,,
"US1INLK0063","GARY 4.8 ENE, IN US","2020-07-21",,,,,,
"US1INLK0063","GARY 4.8 ENE, IN US","2020-07-22",,,,,,
"US1INLK0063","GARY 4.8 ENE, IN US","2020-07-23",,,,,,
"US1INLK0063","GARY 4.8 ENE, IN US","2020-07-24",,,,,,
"US1INLK0063","GARY 4.8 ENE, IN US","2020-07-25",,,,,,
"US1INLK0063","GARY 4.8 ENE, IN US","2020-07-26",,,,,,
"US1INLK0063","GARY 4.8 ENE, IN US","2020-07-27",,,,,,
"US1INLK0063","GARY 4.8 ENE, IN US","2020-07-28",,,,,,
"US1INLK0063","GARY 4.8 ENE, IN US","2020-07-29",,,,,,
"US1INLK0063","GARY 4.8 ENE, IN US","2020-07-30",,,,,,
"US1INLK0063","GARY 4.8 ENE, IN US","2020-07-31",,,,,,
"US1INLK0063","GARY 4.8 ENE, IN US","2020-08-01",,,,,,
"US1INLK0063","GARY 4.8 ENE, IN US","2020-08-02",,,,,,
"US1INLK0063","GARY 4.8 ENE, IN US","2020-08-03",,,,,,
"US1INLK0063","GARY 4.8 ENE, IN US","2020-08-04",,,,,,
"US1INLK0063","GARY 4.8 ENE, IN US","2020-08-05",,,,,,
"US1INLK0063","GARY 4.8 ENE, IN US","2020-08-06",,,,,,
"US1INLK0063","GARY 4.8 ENE, IN US","2020-08-07",,,,,,
"US1INLK0063","GARY 4.8 ENE, IN US","2020-08-09",,,,,,
"US1INLK0063","GARY 4.8 ENE, IN US","2020-08-10",,,,,,
"US1INLK0063","GARY 4.8 ENE, IN US","2020-08-11",,,,,,
"US1INLK0063","GARY 4.8 ENE, IN US","2020-08-12",,,,,,
"US1INLK0063","GARY 4.8 ENE, IN US","2020-08-13",,,,,,
"US1INLK0063","GARY 4.8 ENE, IN US","2020-08-14",,,,,,
"US1INLK0063","GARY 4.8 ENE, IN US","2020-08-15",,,,,,
"US1INLK0063","GARY 4.8 ENE, IN US","2020-08-16",,,,,,
"US1INLK0063","GARY 4.8 ENE, IN US","2020-08-17",,,,,,
"US1INLK0063","GARY 4.8 ENE, IN US","2020-08-18",,,,,,
"US1INLK0063","GARY 4.8 ENE, IN US","2020-08-19",,,,,,
"US1INLK0063","GARY 4.8 ENE, IN US","2020-08-20",,,,,,
"US1INLK0063","GARY 4.8 ENE, IN US","2020-08-21",,,,,,
"US1INLK0063","GARY 4.8 ENE, IN US","2020-08-23",,,,,,
"US1INLK0063","GARY 4.8 ENE, IN US","2020-08-24",,,,,,
"US1INLK0063","GARY 4.8 ENE, IN US","2020-08-25",,,,,,
"US1INLK0063","GARY 4.8 ENE, IN US","2020-08-26",,,,,,
"US1INLK0063","GARY 4.8 ENE, IN US","2020-08-27",,,,,,
"US1INLK0063","GARY 4.8 ENE, IN US","2020-08-28",,,,,,
"US1INLK0063","GARY 4.8 ENE, IN US","2020-08-29",,,,,,
"US1INLK0063","GARY 4.8 ENE, IN US","2020-08-30",,,,,,
"US1INLK0063","GARY 4.8 ENE, IN US","2020-08-31",,,,,,
"US1INLK0063","GARY 4.8 ENE, IN US","2020-09-01",,,,,,
"US1INLK0063","GARY 4.8 ENE, IN US","2020-09-02",,,,,,
"US1INLK0063","GARY 4.8 ENE, IN US","2020-09-03",,,,,,
"US1INLK0063","GARY 4.8 ENE, IN US","2020-09-04",,,,,,
"US1INLK0063","GARY 4.8 ENE, IN US","2020-09-05",,,,,,
"US1INLK0063","GARY 4.8 ENE, IN US","2020-09-06",,,,,,
"US1INLK0063","GARY 4.8 ENE, IN US","2020-09-07",,,,,,
"US1INLK0063","GARY 4.8 ENE, IN US","2020-09-08",,,,,,
"US1ILCK0087","ARLINGTON HEIGHTS 1.3 SW, IL US","2019-10-01",,,,,,
"US1ILCK0087","ARLINGTON HEIGHTS 1.3 SW, IL US","2019-10-02",,,,,,
"US1ILCK0087","ARLINGTON HEIGHTS 1.3 SW, IL US","2019-10-03",,,,,,
"US1ILCK0087","ARLINGTON HEIGHTS 1.3 SW, IL US","2019-10-04",,,,,,
"US1ILCK0087","ARLINGTON HEIGHTS 1.3 SW, IL US","2019-10-05",,,,,,
"US1ILCK0087","ARLINGTON HEIGHTS 1.3 SW, IL US","2019-10-06",,,,,,
"US1ILCK0087","ARLINGTON HEIGHTS 1.3 SW, IL US","2019-10-07",,,,,,
"US1ILCK0087","ARLINGTON HEIGHTS 1.3 SW, IL US","2019-10-08",,,,,,
"US1ILCK0087","ARLINGTON HEIGHTS 1.3 SW, IL US","2019-10-09",,,,,,
"US1ILCK0087","ARLINGTON HEIGHTS 1.3 SW, IL US","2019-10-10",,,,,,
"US1ILCK0087","ARLINGTON HEIGHTS 1.3 SW, IL US","2019-10-11",,,,,,
"US1ILCK0087","ARLINGTON HEIGHTS 1.3 SW, IL US","2019-10-12",,,,,,
"US1ILCK0087","ARLINGTON HEIGHTS 1.3 SW, IL US","2019-10-13",,,,,,
"US1ILCK0087","ARLINGTON HEIGHTS 1.3 SW, IL US","2019-10-14",,,,,,
"US1ILCK0087","ARLINGTON HEIGHTS 1.3 SW, IL US","2019-10-15",,,,,,
"US1ILCK0087","ARLINGTON HEIGHTS 1.3 SW, IL US","2019-10-16",,,,,,
"US1ILCK0087","ARLINGTON HEIGHTS 1.3 SW, IL US","2019-10-17",,,,,,
"US1ILCK0087","ARLINGTON HEIGHTS 1.3 SW, IL US","2019-10-18",,,,,,
"US1ILCK0087","ARLINGTON HEIGHTS 1.3 SW, IL US","2019-10-19",,,,,,
"US1ILCK0087","ARLINGTON HEIGHTS 1.3 SW, IL US","2019-10-20",,,,,,
"US1ILCK0087","ARLINGTON HEIGHTS 1.3 SW, IL US","2019-10-21",,,,,,
"US1ILCK0087","ARLINGTON HEIGHTS 1.3 SW, IL US","2019-10-22",,,,,,
"US1ILCK0087","ARLINGTON HEIGHTS 1.3 SW, IL US","2019-10-23",,,,,,
"US1ILCK0087","ARLINGTON HEIGHTS 1.3 SW, IL US","2019-10-24",,,,,,
"US1ILCK0087","ARLINGTON HEIGHTS 1.3 SW, IL US","2019-10-25",,,,,,
"US1ILCK0087","ARLINGTON HEIGHTS 1.3 SW, IL US","2019-10-26",,,,,,
"US1ILCK0087","ARLINGTON HEIGHTS 1.3 SW, IL US","2019-10-27",,,,,,
"US1ILCK0087","ARLINGTON HEIGHTS 1.3 SW, IL US","2019-10-28",,,,,,
"US1ILCK0087","ARLINGTON HEIGHTS 1.3 SW, IL US","2019-10-29",,,,,,
"US1ILCK0087","ARLINGTON HEIGHTS 1.3 SW, IL US","2019-11-02",,,,,,
"US1ILCK0087","ARLINGTON HEIGHTS 1.3 SW, IL US","2019-11-03",,,,,,
"US1ILCK0087","ARLINGTON HEIGHTS 1.3 SW, IL US","2019-11-04",,,,,,
"US1ILCK0087","ARLINGTON HEIGHTS 1.3 SW, IL US","2019-11-05",,,,,,
"US1ILCK0087","ARLINGTON HEIGHTS 1.3 SW, IL US","2019-11-06",,,,,,
"US1ILCK0087","ARLINGTON HEIGHTS 1.3 SW, IL US","2019-11-09",,,,,,
"US1ILCK0087","ARLINGTON HEIGHTS 1.3 SW, IL US","2019-11-10",,,,,,
"US1ILCK0087","ARLINGTON HEIGHTS 1.3 SW, IL US","2020-05-24",,,,,,
"US1ILCK0087","ARLINGTON HEIGHTS 1.3 SW, IL US","2020-05-25",,,,,,
"US1ILCK0087","ARLINGTON HEIGHTS 1.3 SW, IL US","2020-05-28",,,,,,
"US1ILCK0087","ARLINGTON HEIGHTS 1.3 SW, IL US","2020-05-29",,,,,,
"US1ILCK0087","ARLINGTON HEIGHTS 1.3 SW, IL US","2020-05-30",,,,,,
"US1ILCK0087","ARLINGTON HEIGHTS 1.3 SW, IL US","2020-05-31",,,,,,
"US1ILCK0087","ARLINGTON HEIGHTS 1.3 SW, IL US","2020-06-01",,,,,,
"US1ILCK0087","ARLINGTON HEIGHTS 1.3 SW, IL US","2020-06-02",,,,,,
"US1ILCK0087","ARLINGTON HEIGHTS 1.3 SW, IL US","2020-06-06",,,,,,
"US1ILCK0087","ARLINGTON HEIGHTS 1.3 SW, IL US","2020-06-07",,,,,,
"US1ILCK0087","ARLINGTON HEIGHTS 1.3 SW, IL US","2020-07-24",,,,,,
"US1ILCK0087","ARLINGTON HEIGHTS 1.3 SW, IL US","2020-07-26",,,,,,
"US1ILCK0087","ARLINGTON HEIGHTS 1.3 SW, IL US","2020-07-27",,,,,,
"USW00094846","CHICAGO OHARE INTERNATIONAL AIRPORT, IL US","2019-10-01","10.07",,"   10","  360","23.0","33.1"
"USW00094846","CHICAGO OHARE INTERNATIONAL AIRPORT, IL US","2019-10-02","10.51",,"   20","   30","18.1","25.1"
"USW00094846","CHICAGO OHARE INTERNATIONAL AIRPORT, IL US","2019-10-03","10.29",,"  300","  270","19.9","28.0"
"USW00094846","CHICAGO OHARE INTERNATIONAL AIRPORT, IL US","2019-10-04","10.96",,"   20","   20","21.0","25.1"
"USW00094846","CHICAGO OHARE INTERNATIONAL AIRPORT, IL US","2019-10-05","9.40",,"  160","  170","19.9","28.0"
"USW00094846","CHICAGO OHARE INTERNATIONAL AIRPORT, IL US","2019-10-06","9.62",,"  270","  290","17.0","23.9"
"USW00094846","CHICAGO OHARE INTERNATIONAL AIRPORT, IL US","2019-10-07","7.38",,"  290","  270","16.1","25.1"
"USW00094846","CHICAGO OHARE INTERNATIONAL AIRPORT, IL US","2019-10-08","4.25",,"  180","  230","12.1","16.1"
"USW00094846","CHICAGO OHARE INTERNATIONAL AIRPORT, IL US","2019-10-09","7.83",,"   90","   80","15.0","19.9"
"USW00094846","CHICAGO OHARE INTERNATIONAL AIRPORT, IL US","2019-10-10","8.72",,"  150","  160","19.9","29.1"
"USW00094846","CHICAGO OHARE INTERNATIONAL AIRPORT, IL US","2019-10-11","12.30",,"  250","  250","21.9","32.0"
"USW00094846","CHICAGO OHARE INTERNATIONAL AIRPORT, IL US","2019-10-12","13.87",,"  210","  230","28.0","38.9"
"USW00094846","CHICAGO OHARE INTERNATIONAL AIRPORT, IL US","2019-10-13","10.51",,"  250","  240","25.9","36.9"
"USW00094846","CHICAGO OHARE INTERNATIONAL AIRPORT, IL US","2019-10-14","6.93",,"  250","  270","15.0","21.9"
"USW00094846","CHICAGO OHARE INTERNATIONAL AIRPORT, IL US","2019-10-15","10.51",,"  300","  300","28.0","42.9"
"USW00094846","CHICAGO OHARE INTERNATIONAL AIRPORT, IL US","2019-10-16","14.09",,"  320","  320","29.1","40.0"
"USW00094846","CHICAGO OHARE INTERNATIONAL AIRPORT, IL US","2019-10-17","5.59",,"  350","  350","13.0","17.0"
"USW00094846","CHICAGO OHARE INTERNATIONAL AIRPORT, IL US","2019-10-18","6.93",,"  160","  180","16.1","19.9"
"USW00094846","CHICAGO OHARE INTERNATIONAL AIRPORT, IL US","2019-10-19","7.83",,"  200","  210","16.1","23.0"
"USW00094846","CHICAGO OHARE INTERNATIONAL AIRPORT, IL US","2019-10-20","7.38",,"  300","  290","13.0","17.0"
"USW00094846","CHICAGO OHARE INTERNATIONAL AIRPORT, IL US","2019-10-21","15.66",,"  210","  230","32.0","53.9"
"USW00094846","CHICAGO OHARE INTERNATIONAL AIRPORT, IL US","2019-10-22","17.22",,"  240","  240","29.1","45.0"
"USW00094846","CHICAGO OHARE INTERNATIONAL AIRPORT, IL US","2019-10-23","8.72",,"  350","  360","19.9","25.9"
"USW00094846","CHICAGO OHARE INTERNATIONAL AIRPORT, IL US","2019-10-24","6.26",,"  350","  360","14.1","18.1"
"USW00094846","CHICAGO OHARE INTERNATIONAL AIRPORT, IL US","2019-10-25","3.80",,"  240","  300","8.9","14.1"
"USW00094846","CHICAGO OHARE INTERNATIONAL AIRPORT, IL US","2019-10-26","12.53",,"   20","   20","28.0","36.9"
"USW00094846","CHICAGO OHARE INTERNATIONAL AIRPORT, IL US","2019-10-27","9.62",,"  310","  290","21.9","35.1"
"USW00094846","CHICAGO OHARE INTERNATIONAL AIRPORT, IL US","2019-10-28","3.80",,"   90","  100","12.1","15.0"
"USW00094846","CHICAGO OHARE INTERNATIONAL AIRPORT, IL US","2019-10-29","8.28",,"  350","  340","23.9","31.1"
"USW00094846","CHICAGO OHARE INTERNATIONAL AIRPORT, IL US","2019-10-30","12.30",,"   10","   20","23.0","29.1"
"USW00094846","CHICAGO OHARE INTERNATIONAL AIRPORT, IL US","2019-10-31","14.99",,"  310","  310","25.1","34.0"
"USW00094846","CHICAGO OHARE INTERNATIONAL AIRPORT, IL US","2019-11-01","9.62",,"  200","  280","19.9","29.1"
"USW00094846","CHICAGO OHARE INTERNATIONAL AIRPORT, IL US","2019-11-02","10.51",,"  260","  250","21.9","36.0"
"USW00094846","CHICAGO OHARE INTERNATIONAL AIRPORT, IL US","2019-11-03","7.83",,"  190","  180","23.0","31.1"
"USW00094846","CHICAGO OHARE INTERNATIONAL AIRPORT, IL US","2019-11-04","10.74",,"  260","  260","19.9","27.1"
"USW00094846","CHICAGO OHARE INTERNATIONAL AIRPORT, IL US","2019-11-05","7.61",,"  280","  240","19.9","30.0"
"USW00094846","CHICAGO OHARE INTERNATIONAL AIRPORT, IL US","2019-11-06","11.41",,"  210","  200","23.9","36.0"
"USW00094846","CHICAGO OHARE INTERNATIONAL AIRPORT, IL US","2019-11-07","11.18",,"  350","  330","19.9","27.1"
"USW00094846","CHICAGO OHARE INTERNATIONAL AIRPORT, IL US","2019-11-08","7.16",,"  210","  210","14.1","19.0"
"USW00094846","CHICAGO OHARE INTERNATIONAL AIRPORT, IL US","2019-11-09","10.29",,"  210","  190","18.1","25.9"
"USW00094846","CHICAGO OHARE INTERNATIONAL AIRPORT, IL US","2019-11-10","8.50",,"  360","  360","16.1","19.0"
"USW00094846","CHICAGO OHARE INTERNATIONAL AIRPORT, IL US","2019-11-11","16.78",,"  350","  350","25.9","33.1"
"USW00094846","CHICAGO OHARE INTERNATIONAL AIRPORT, IL US","2019-11-12","9.40",,"  310","  300","21.0","29.1"
"USW00094846","CHICAGO OHARE INTERNATIONAL AIRPORT, IL US","2019-11-13","11.63",,"  180","  180","21.0","31.1"
"USW00094846","CHICAGO OHARE INTERNATIONAL AIRPORT, IL US","2019-11-14","7.16",,"  250","  280","14.1","19.9"
"USW00094846","CHICAGO OHARE INTERNATIONAL AIRPORT, IL US","2019-11-15","6.04",,"  250","  260","12.1","16.1"
"USW00094846","CHICAGO OHARE INTERNATIONAL AIRPORT, IL US","2019-11-16","5.37",,"  130","  120","13.0","16.1"
"USW00094846","CHICAGO OHARE INTERNATIONAL AIRPORT, IL US","2019-11-17","6.49",,"  200","  200","12.1","16.1"
"USW00094846","CHICAGO OHARE INTERNATIONAL AIRPORT, IL US","2019-11-18","5.14",,"  310","  300","10.1","14.1"
"USW00094846","CHICAGO OHARE INTERNATIONAL AIRPORT, IL US","2019-11-19","2.91",,"  250","  220","8.1","11.0"
"USW00094846","CHICAGO OHARE INTERNATIONAL AIRPORT, IL US","2019-11-20","6.49",,"  170","  170","17.0","23.9"
"USW00094846","CHICAGO OHARE INTERNATIONAL AIRPORT, IL US","2019-11-21","14.76",,"  250","  250","29.1","49.0"
"USW00094846","CHICAGO OHARE INTERNATIONAL AIRPORT, IL US","2019-11-22","6.71",,"   10","  320","17.0","23.0"
"USW00094846","CHICAGO OHARE INTERNATIONAL AIRPORT, IL US","2019-11-23","6.26",,"  240","  240","12.1","18.1"
"USW00094846","CHICAGO OHARE INTERNATIONAL AIRPORT, IL US","2019-11-24","9.40",,"  230","  270","16.1","23.9"
"USW00094846","CHICAGO OHARE INTERNATIONAL AIRPORT, IL US","2019-11-25","7.16",,"  220","  220","14.1","19.9"
"USW00094846","CHICAGO OHARE INTERNATIONAL AIRPORT, IL US","2019-11-26","7.61",,"   50","   50","16.1","21.0"
"USW00094846","CHICAGO OHARE INTERNATIONAL AIRPORT, IL US","2019-11-27","21.03",,"  260","  240","38.0","59.9"
"USW00094846","CHICAGO OHARE INTERNATIONAL AIRPORT, IL US","2019-11-28","8.28",,"  320","  300","21.0","28.0"
"USW00094846","CHICAGO OHARE INTERNATIONAL AIRPORT, IL US","2019-11-29","6.49",,"  120","  120","17.0","21.9"
"USW00094846","CHICAGO OHARE INTERNATIONAL AIRPORT, IL US","2019-11-30","13.20",,"  110","  120","28.0","36.0"
"USW00094846","CHICAGO OHARE INTERNATIONAL AIRPORT, IL US","2019-12-01","10.07",,"  340","  330","19.9","28.0"
"USW00094846","CHICAGO OHARE INTERNATIONAL AIRPORT, IL US","2019-12-02","10.29",,"  340","  320","21.0","29.1"
"USW00094846","CHICAGO OHARE INTERNATIONAL AIRPORT, IL US","2019-12-03","11.86",,"  240","  220","18.1","25.9"
"USW00094846","CHICAGO OHARE INTERNATIONAL AIRPORT, IL US","2019-12-04","12.08",,"  300","  300","25.1","38.0"
"USW00094846","CHICAGO OHARE INTERNATIONAL AIRPORT, IL US","2019-12-05","6.71",,"  180","  210","13.0","18.1"
"USW00094846","CHICAGO OHARE INTERNATIONAL AIRPORT, IL US","2019-12-06","9.84",,"  360","  350","25.9","35.1"
"USW00094846","CHICAGO OHARE INTERNATIONAL AIRPORT, IL US","2019-12-07","8.28",,"  200","  200","16.1","21.9"
"USW00094846","CHICAGO OHARE INTERNATIONAL AIRPORT, IL US","2019-12-08","10.29",,"  200","  200","19.9","28.0"
"USW00094846","CHICAGO OHARE INTERNATIONAL AIRPORT, IL US","2019-12-09","12.97",,"  270","  280","28.0","44.1"
"USW00094846","CHICAGO OHARE INTERNATIONAL AIRPORT, IL US","2019-12-10","11.86",,"  260","  260","21.9","31.1"
"USW00094846","CHICAGO OHARE INTERNATIONAL AIRPORT, IL US","2019-12-11","7.38",,"  250","  260","19.9","29.1"
"USW00094846","CHICAGO OHARE INTERNATIONAL AIRPORT, IL US","2019-12-12","12.30",,"  190","  190","23.9","35.1"
"USW00094846","CHICAGO OHARE INTERNATIONAL AIRPORT, IL US","2019-12-13","4.92",,"  200","  200","13.0","19.0"
"USW00094846","CHICAGO OHARE INTERNATIONAL AIRPORT, IL US","2019-12-14","9.40",,"  300","  280","19.9","29.1"
"USW00094846","CHICAGO OHARE INTERNATIONAL AIRPORT, IL US","2019-12-15","6.04",,"  310","  310","16.1","21.0"
"USW00094846","CHICAGO OHARE INTERNATIONAL AIRPORT, IL US","2019-12-16","6.71",,"  350","  350","14.1","17.0"
"USW00094846","CHICAGO OHARE INTERNATIONAL AIRPORT, IL US","2019-12-17","10.74",,"  270","  280","21.0","28.0"
"USW00094846","CHICAGO OHARE INTERNATIONAL AIRPORT, IL US","2019-12-18","8.72",,"  330","  330","17.0","25.1"
"USW00094846","CHICAGO OHARE INTERNATIONAL AIRPORT, IL US","2019-12-19","8.50",,"  220","  220","19.9","28.0"
"USW00094846","CHICAGO OHARE INTERNATIONAL AIRPORT, IL US","2019-12-20","5.59",,"  180","  180","13.0","17.0"
"USW00094846","CHICAGO OHARE INTERNATIONAL AIRPORT, IL US","2019-12-21","7.61",,"  220","  220","15.0","19.9"
"USW00094846","CHICAGO OHARE INTERNATIONAL AIRPORT, IL US","2019-12-22","10.07",,"  220","  200","16.1","23.0"
"USW00094846","CHICAGO OHARE INTERNATIONAL AIRPORT, IL US","2019-12-23","7.61",,"  250","  240","15.0","21.9"
"USW00094846","CHICAGO OHARE INTERNATIONAL AIRPORT, IL US","2019-12-24","8.05",,"  170","  170","17.0","23.9"
"USW00094846","CHICAGO OHARE INTERNATIONAL AIRPORT, IL US","2019-12-25","8.72",,"  220","  210","17.0","25.9"
"USW00094846","CHICAGO OHARE INTERNATIONAL AIRPORT, IL US","2019-12-26","11.18",,"  220","  210","18.1","30.0"
"USW00094846","CHICAGO OHARE INTERNATIONAL AIRPORT, IL US","2019-12-27","7.16",,"  260","  250","17.0","23.9"
"USW00094846","CHICAGO OHARE INTERNATIONAL AIRPORT, IL US","2019-12-28","6.93",,"  130","  110","14.1","17.0"
"USW00094846","CHICAGO OHARE INTERNATIONAL AIRPORT, IL US","2019-12-29","10.96",,"  100","  190","21.9","31.1"
"USW00094846","CHICAGO OHARE INTERNATIONAL AIRPORT, IL US","2019-12-30","17.67",,"  240","  240","30.0","45.0"
"USW00094846","CHICAGO OHARE INTERNATIONAL AIRPORT, IL US","2019-12-31","14.54",,"  250","  240","30.0","42.9"
"USW00094846","CHICAGO OHARE INTERNATIONAL AIRPORT, IL US","2020-01-01","11.86",,"  190","  190","21.9","34.0"
"USW00094846","CHICAGO OHARE INTERNATIONAL AIRPORT, IL US","2020-01-02","11.63",,"  190","  190","21.9","32.0"
"USW00094846","CHICAGO OHARE INTERNATIONAL AIRPORT, IL US","2020-01-03","6.04",,"  330","  350","12.1","14.1"
"USW00094846","CHICAGO OHARE INTERNATIONAL AIRPORT, IL US","2020-01-04","9.17",,"  310","  300","16.1","23.9"
"USW00094846","CHICAGO OHARE INTERNATIONAL AIRPORT, IL US","2020-01-05","13.87",,"  280","  220","25.9","36.9"
"USW00094846","CHICAGO OHARE INTERNATIONAL AIRPORT, IL US","2020-01-06","9.62",,"  260","  270","16.1","23.9"
"USW00094846","CHICAGO OHARE INTERNATIONAL AIRPORT, IL US","2020-01-07","10.74",,"  270","  270","19.9","30.0"
"USW00094846","CHICAGO OHARE INTERNATIONAL AIRPORT, IL US","2020-01-08","11.18",,"  300","  300","23.0","32.0"
"USW00094846","CHICAGO OHARE INTERNATIONAL AIRPORT, IL US","2020-01-09","16.11",,"  200","  200","25.9","38.9"
"USW00094846","CHICAGO OHARE INTERNATIONAL AIRPORT, IL US","2020-01-10","11.41",,"   20","   30","25.9","34.0"
"USW00094846","CHICAGO OHARE INTERNATIONAL AIRPORT, IL US","2020-01-11","25.05",,"   20","   10","38.9","52.1"
"USW00094846","CHICAGO OHARE INTERNATIONAL AIRPORT, IL US","2020-01-12","6.49",,"  150","  160","16.1","21.9"
"USW00094846","CHICAGO OHARE INTERNATIONAL AIRPORT, IL US","2020-01-13","8.28",,"  270","  280","19.9","25.9"
"USW00094846","CHICAGO OHARE INTERNATIONAL AIRPORT, IL US","2020-01-14","8.50",,"  240","  230","21.9","29.1"
"USW00094846","CHICAGO OHARE INTERNATIONAL AIRPORT, IL US","2020-01-15","8.05",,"  320","  290","21.9","31.1"
"USW00094846","CHICAGO OHARE INTERNATIONAL AIRPORT, IL US","2020-01-16","11.63",,"  310","  290","21.9","29.1"
"USW00094846","CHICAGO OHARE INTERNATIONAL AIRPORT, IL US","2020-01-17","10.51",,"  120","  120","25.1","34.0"
"USW00094846","CHICAGO OHARE INTERNATIONAL AIRPORT, IL US","2020-01-18","15.88",,"  270","  270","31.1","46.1"
"USW00094846","CHICAGO OHARE INTERNATIONAL AIRPORT, IL US","2020-01-19","12.97",,"  260","  280","25.9","38.9"
"USW00094846","CHICAGO OHARE INTERNATIONAL AIRPORT, IL US","2020-01-20","6.71",,"  310","  310","12.1","15.0"
"USW00094846","CHICAGO OHARE INTERNATIONAL AIRPORT, IL US","2020-01-21","7.61",,"  230","  230","17.0","23.9"
"USW00094846","CHICAGO OHARE INTERNATIONAL AIRPORT, IL US","2020-01-22","12.30",,"  180","  190","18.1","29.1"
"USW00094846","CHICAGO OHARE INTERNATIONAL AIRPORT, IL US","2020-01-23","7.61",,"  190","  180","15.0","21.9"
"USW00094846","CHICAGO OHARE INTERNATIONAL AIRPORT, IL US","2020-01-24","4.70",,"   80","   80","13.0","17.0"
"USW00094846","CHICAGO OHARE INTERNATIONAL AIRPORT, IL US","2020-01-25","8.28",,"  260","  230","15.0","21.0"
"USW00094846","CHICAGO OHARE INTERNATIONAL AIRPORT, IL US","2020-01-26","9.40",,"  230","  250","15.0","21.0"
"USW00094846","CHICAGO OHARE INTERNATIONAL AIRPORT, IL US","2020-01-27","5.82",,"  340","  270","8.9","12.1"
"USW00094846","CHICAGO OHARE INTERNATIONAL AIRPORT, IL US","2020-01-28","5.82",,"  300","  300","12.1","17.0"
"USW00094846","CHICAGO OHARE INTERNATIONAL AIRPORT, IL US","2020-01-29","4.70",,"   20","   20","8.9","11.0"
"USW00094846","CHICAGO OHARE INTERNATIONAL AIRPORT, IL US","2020-01-30","3.58",,"  170","  190","8.9","14.1"
"USW00094846","CHICAGO OHARE INTERNATIONAL AIRPORT, IL US","2020-01-31","5.37",,"  170","  160","10.1","14.1"
"USW00094846","CHICAGO OHARE INTERNATIONAL AIRPORT, IL US","2020-02-01","11.41",,"  250","  270","19.9","28.0"
"USW00094846","CHICAGO OHARE INTERNATIONAL AIRPORT, IL US","2020-02-02","14.32",,"  260","  270","25.9","42.9"
"USW00094846","CHICAGO OHARE INTERNATIONAL AIRPORT, IL US","2020-02-03","9.62",,"   10","   20","21.0","27.1"
"USW00094846","CHICAGO OHARE INTERNATIONAL AIRPORT, IL US","2020-02-04","21.70",,"   20","   20","32.0","40.9"
"USW00094846","CHICAGO OHARE INTERNATIONAL AIRPORT, IL US","2020-02-05","12.75",,"   40","   70","21.0","27.1"
"USW00094846","CHICAGO OHARE INTERNATIONAL AIRPORT, IL US","2020-02-06","12.97",,"   30","   40","21.9","28.0"
"USW00094846","CHICAGO OHARE INTERNATIONAL AIRPORT, IL US","2020-02-07","7.83",,"  270","  250","15.0","21.0"
"USW00094846","CHICAGO OHARE INTERNATIONAL AIRPORT, IL US","2020-02-08","6.26",,"  250","  240","14.1","19.9"
"USW00094846","CHICAGO OHARE INTERNATIONAL AIRPORT, IL US","2020-02-09","10.07",,"  210","  200","21.0","31.1"
"USW00094846","CHICAGO OHARE INTERNATIONAL AIRPORT, IL US","2020-02-10","5.82",,"  340","  330","18.1","25.1"
"USW00094846","CHICAGO OHARE INTERNATIONAL AIRPORT, IL US","2020-02-11","9.62",,"  270","  280","21.9","36.0"
"USW00094846","CHICAGO OHARE INTERNATIONAL AIRPORT, IL US","2020-02-12","5.37",,"  200","  220","15.0","19.9"
"USW00094846","CHICAGO OHARE INTERNATIONAL AIRPORT, IL US","2020-02-13","12.30",,"  350","  350","23.0","30.0"
"USW00094846","CHICAGO OHARE INTERNATIONAL AIRPORT, IL US","2020-02-14","7.83",,"  170","  170","14.1","19.9"
"USW00094846","CHICAGO OHARE INTERNATIONAL AIRPORT, IL US","2020-02-15","12.75",,"  210","  220","23.9","33.1"
"USW00094846","CHICAGO OHARE INTERNATIONAL AIRPORT, IL US","2020-02-16","3.58",,"  100","  100","8.1","13.0"
"USW00094846","CHICAGO OHARE INTERNATIONAL AIRPORT, IL US","2020-02-17","9.17",,"  120","  120","19.9","23.9"
"USW00094846","CHICAGO OHARE INTERNATIONAL AIRPORT, IL US","2020-02-18","13.65",,"  280","  280","25.9","38.0"
"USW00094846","CHICAGO OHARE INTERNATIONAL AIRPORT, IL US","2020-02-19","8.72",,"   10","  360","17.0","19.9"
"USW00094846","CHICAGO OHARE INTERNATIONAL AIRPORT, IL US","2020-02-20","8.95",,"  360","  350","17.0","23.9"
"USW00094846","CHICAGO OHARE INTERNATIONAL AIRPORT, IL US","2020-02-21","12.75",,"  220","  240","23.9","35.1"
"USW00094846","CHICAGO OHARE INTERNATIONAL AIRPORT, IL US","2020-02-22","13.65",,"  210","  230","21.0","29.1"
"USW00094846","CHICAGO OHARE INTERNATIONAL AIRPORT, IL US","2020-02-23","10.51",,"  230","  210","17.0","25.1"
"USW00094846","CHICAGO OHARE INTERNATIONAL AIRPORT, IL US","2020-02-24","12.30",,"   30","   30","21.9","28.0"
"USW00094846","CHICAGO OHARE INTERNATIONAL AIRPORT, IL US","2020-02-25","23.26",,"   20","   20","32.0","40.0"
"USW00094846","CHICAGO OHARE INTERNATIONAL AIRPORT, IL US","2020-02-26","16.11",,"   20","   20","25.9","35.1"
"USW00094846","CHICAGO OHARE INTERNATIONAL AIRPORT, IL US","2020-02-27","9.84",,"  260","  260","19.9","28.0"
"USW00094846","CHICAGO OHARE INTERNATIONAL AIRPORT, IL US","2020-02-28","9.17",,"  290","  330","18.1","28.0"
"USW00094846","CHICAGO OHARE INTERNATIONAL AIRPORT, IL US","2020-02-29","8.95",,"  210","  260","14.1","21.0"
"USW00094846","CHICAGO OHARE INTERNATIONAL AIRPORT, IL US","2020-03-01","12.97",,"  200","  200","23.9","35.1"
"USW00094846","CHICAGO OHARE INTERNATIONAL AIRPORT, IL US","2020-03-02","5.82",,"  250","  240","14.1","18.1"
"USW00094846","CHICAGO OHARE INTERNATIONAL AIRPORT, IL US","2020-03-03","11.41",,"  260","  270","25.9","42.1"
"USW00094846","CHICAGO OHARE INTERNATIONAL AIRPORT, IL US","2020-03-04","7.83",,"  300","  310","17.0","23.0"
"USW00094846","CHICAGO OHARE INTERNATIONAL AIRPORT, IL US","2020-03-05","14.32",,"  200","  200","28.0","44.1"
"USW00094846","CHICAGO OHARE INTERNATIONAL AIRPORT, IL US","2020-03-06","14.32",,"  340","  310","28.0","38.0"
"USW00094846","CHICAGO OHARE INTERNATIONAL AIRPORT, IL US","2020-03-07","10.74",,"  200","  180","21.0","28.0"
"USW00094846","CHICAGO OHARE INTERNATIONAL AIRPORT, IL US","2020-03-08","16.55",,"  190","  210","25.1","38.9"
"USW00094846","CHICAGO OHARE INTERNATIONAL AIRPORT, IL US","2020-03-09","15.66",,"  230","  230","29.1","40.9"
"USW00094846","CHICAGO OHARE INTERNATIONAL AIRPORT, IL US","2020-03-10","8.28",,"  350","  350","18.1","23.0"
"USW00094846","CHICAGO OHARE INTERNATIONAL AIRPORT, IL US","2020-03-11","5.82",,"  260","  260","13.0","18.1"
"USW00094846","CHICAGO OHARE INTERNATIONAL AIRPORT, IL US","2020-03-12","10.74",,"  310","  290","28.0","38.9"
"USW00094846","CHICAGO OHARE INTERNATIONAL AIRPORT, IL US","2020-03-13","14.09",,"  280","  260","23.9","35.1"
"USW00094846","CHICAGO OHARE INTERNATIONAL AIRPORT, IL US","2020-03-14","12.30",,"   30","   20","21.0","25.9"
"USW00094846","CHICAGO OHARE INTERNATIONAL AIRPORT, IL US","2020-03-15","10.07",,"   20","   20","18.1","23.0"
"USW00094846","CHICAGO OHARE INTERNATIONAL AIRPORT, IL US","2020-03-16","5.14",,"  240","  230","10.1","15.0"
"USW00094846","CHICAGO OHARE INTERNATIONAL AIRPORT, IL US","2020-03-17","7.83",,"  320","  300","16.1","21.9"
"USW00094846","CHICAGO OHARE INTERNATIONAL AIRPORT, IL US","2020-03-18","6.93",,"   90","   10","15.0","21.9"
"USW00094846","CHICAGO OHARE INTERNATIONAL AIRPORT, IL US","2020-03-19","9.62",,"  210","  200","21.9","31.1"
"USW00094846","CHICAGO OHARE INTERNATIONAL AIRPORT, IL US","2020-03-20","15.43",,"  300","  300","23.9","34.0"
"USW00094846","CHICAGO OHARE INTERNATIONAL AIRPORT, IL US","2020-03-21","10.29",,"   20","   30","21.0","29.1"
"USW00094846","CHICAGO OHARE INTERNATIONAL AIRPORT, IL US","2020-03-22","6.93",,"  120","  120","17.0","21.9"
"USW00094846","CHICAGO OHARE INTERNATIONAL AIRPORT, IL US","2020-03-23","4.70",,"  300","  290","12.1","14.1"
"USW00094846","CHICAGO OHARE INTERNATIONAL AIRPORT, IL US","2020-03-24","6.49",,"   90",,"13.0",
"USW00094846","CHICAGO OHARE INTERNATIONAL AIRPORT, IL US","2020-03-25","7.38",,"  210","  180","17.0","25.1"
"USW00094846","CHICAGO OHARE INTERNATIONAL AIRPORT, IL US","2020-03-26","10.74",,"   20","  210","18.1","23.0"
"USW00094846","CHICAGO OHARE INTERNATIONAL AIRPORT, IL US","2020-03-27","10.29",,"   40","   30","18.1","21.9"
"USW00094846","CHICAGO OHARE INTERNATIONAL AIRPORT, IL US","2020-03-28","9.17",,"  200","  190","28.0","40.0"
"USW00094846","CHICAGO OHARE INTERNATIONAL AIRPORT, IL US","2020-03-29","20.80",,"  250","  270","35.1","55.0"
"USW00094846","CHICAGO OHARE INTERNATIONAL AIRPORT, IL US","2020-03-30","10.51",,"  300","  280","21.0","30.0"
"USW00094846","CHICAGO OHARE INTERNATIONAL AIRPORT, IL US","2020-03-31","12.53",,"   30","   20","19.9","23.9"
"USW00094846","CHICAGO OHARE INTERNATIONAL AIRPORT, IL US","2020-04-01","6.93",,"   60","   60","13.0","18.1"
"USW00094846","CHICAGO OHARE INTERNATIONAL AIRPORT, IL US","2020-04-02","4.92",,"   70","   80","14.1","19.9"
"USW00094846","CHICAGO OHARE INTERNATIONAL AIRPORT, IL US","2020-04-03","6.49",,"  280","  270","14.1","19.0"
"USW00094846","CHICAGO OHARE INTERNATIONAL AIRPORT, IL US","2020-04-04","7.61",,"  320","  320","16.1","21.9"
"USW00094846","CHICAGO OHARE INTERNATIONAL AIRPORT, IL US","2020-04-05","8.50",,"   40","   30","15.0","19.9"
"USW00094846","CHICAGO OHARE INTERNATIONAL AIRPORT, IL US","2020-04-06","5.82",,"  180","  190","15.0","21.9"
"USW00094846","CHICAGO OHARE INTERNATIONAL AIRPORT, IL US","2020-04-07","7.83",,"  220","  220","23.0","33.1"
"USW00094846","CHICAGO OHARE INTERNATIONAL AIRPORT, IL US","2020-04-08","8.05",,"  340","   10","25.1","35.1"
"USW00094846","CHICAGO OHARE INTERNATIONAL AIRPORT, IL US","2020-04-09","17.90",,"  310","  290","32.0","47.0"
"USW00094846","CHICAGO OHARE INTERNATIONAL AIRPORT, IL US","2020-04-10","9.62",,"  270","  290","18.1","25.1"
"USW00094846","CHICAGO OHARE INTERNATIONAL AIRPORT, IL US","2020-04-11","7.61",,"  220","  240","23.0","33.1"
"USW00094846","CHICAGO OHARE INTERNATIONAL AIRPORT, IL US","2020-04-12","9.62",,"  160","  160","19.9","27.1"
"USW00094846","CHICAGO OHARE INTERNATIONAL AIRPORT, IL US","2020-04-13","17.00",,"  300","  300","29.1","42.1"
"USW00094846","CHICAGO OHARE INTERNATIONAL AIRPORT, IL US","2020-04-14","12.30",,"  260","  260","23.9","36.9"
"USW00094846","CHICAGO OHARE INTERNATIONAL AIRPORT, IL US","2020-04-15","8.28",,"  290","  260","17.0","23.9"
"USW00094846","CHICAGO OHARE INTERNATIONAL AIRPORT, IL US","2020-04-16","9.17",,"  270","  250","19.9","29.1"
"USW00094846","CHICAGO OHARE INTERNATIONAL AIRPORT, IL US","2020-04-17","7.83",,"   40","   40","16.1","19.9"
"USW00094846","CHICAGO OHARE INTERNATIONAL AIRPORT, IL US","2020-04-18","16.33",,"  210","  220","29.1","40.0"
"USW00094846","CHICAGO OHARE INTERNATIONAL AIRPORT, IL US","2020-04-19","11.18",,"   40","  330","21.0","33.1"
"USW00094846","CHICAGO OHARE INTERNATIONAL AIRPORT, IL US","2020-04-20","12.53",,"  230","  260","28.0","42.9"
"USW00094846","CHICAGO OHARE INTERNATIONAL AIRPORT, IL US","2020-04-21","14.54",,"  310","  310","25.1","36.9"
"USW00094846","CHICAGO OHARE INTERNATIONAL AIRPORT, IL US","2020-04-22","6.93",,"   10","  360","21.9","27.1"
"USW00094846","CHICAGO OHARE INTERNATIONAL AIRPORT, IL US","2020-04-23","7.61",,"  360","   20","17.0","21.0"
"USW00094846","CHICAGO OHARE INTERNATIONAL AIRPORT, IL US","2020-04-24","9.84",,"   30","   30","16.1","18.1"
"USW00094846","CHICAGO OHARE INTERNATIONAL AIRPORT, IL US","2020-04-25","12.75",,"   20","   30","21.9","28.0"
"USW00094846","CHICAGO OHARE INTERNATIONAL AIRPORT, IL US","2020-04-26","11.41",,"   30","   10","23.0","36.0"
"USW00094846","CHICAGO OHARE INTERNATIONAL AIRPORT, IL US","2020-04-27","9.17",,"  190","  160","23.9","36.0"
"USW00094846","CHICAGO OHARE INTERNATIONAL AIRPORT, IL US","2020-04-28","7.38",,"  190","  170","23.0","32.0"
"USW00094846","CHICAGO OHARE INTERNATIONAL AIRPORT, IL US","2020-04-29","10.74",,"  340","  340","30.0","40.9"
"USW00094846","CHICAGO OHARE INTERNATIONAL AIRPORT, IL US","2020-04-30","13.65",,"  350","  330","28.0","42.9"
"USW00094846","CHICAGO OHARE INTERNATIONAL AIRPORT, IL US","2020-05-01","5.82",,"  170","  180","14.1","19.0"
"USW00094846","CHICAGO OHARE INTERNATIONAL AIRPORT, IL US","2020-05-02","10.51",,"  280","  270","18.1","29.1"
"USW00094846","CHICAGO OHARE INTERNATIONAL AIRPORT, IL US","2020-05-03","12.30",,"   30","   30","30.0","36.0"
"USW00094846","CHICAGO OHARE INTERNATIONAL AIRPORT, IL US","2020-05-04","16.11",,"   30","   20","23.9","32.0"
"USW00094846","CHICAGO OHARE INTERNATIONAL AIRPORT, IL US","2020-05-05","9.84",,"  100","  100","18.1","21.9"
"USW00094846","CHICAGO OHARE INTERNATIONAL AIRPORT, IL US","2020-05-06","8.05",,"   40","   30","15.0","21.0"
"USW00094846","CHICAGO OHARE INTERNATIONAL AIRPORT, IL US","2020-05-07","10.51",,"  280","  280","23.9","38.0"
"USW00094846","CHICAGO OHARE INTERNATIONAL AIRPORT, IL US","2020-05-08","14.54",,"   30","   20","29.1","40.0"
"USW00094846","CHICAGO OHARE INTERNATIONAL AIRPORT, IL US","2020-05-09","10.74",,"  250","  240","21.0","29.1"
"USW00094846","CHICAGO OHARE INTERNATIONAL AIRPORT, IL US","2020-05-10","10.74",,"   10","  210","23.9","33.1"
"USW00094846","CHICAGO OHARE INTERNATIONAL AIRPORT, IL US","2020-05-11","7.38",,"  360","  350","16.1","21.9"
"USW00094846","CHICAGO OHARE INTERNATIONAL AIRPORT, IL US","2020-05-12","10.07",,"   60","  300","18.1","25.9"
"USW00094846","CHICAGO OHARE INTERNATIONAL AIRPORT, IL US","2020-05-13","11.41",,"  100","  150","21.0","30.0"
"USW00094846","CHICAGO OHARE INTERNATIONAL AIRPORT, IL US","2020-05-14","7.83",,"  170","  170","16.1","23.0"
"USW00094846","CHICAGO OHARE INTERNATIONAL AIRPORT, IL US","2020-05-15","7.83",,"  290","  260","23.0","33.1"
"USW00094846","CHICAGO OHARE INTERNATIONAL AIRPORT, IL US","2020-05-16","11.63",,"   30","   50","19.9","25.1"
"USW00094846","CHICAGO OHARE INTERNATIONAL AIRPORT, IL US","2020-05-17","8.50",,"  150","  140","18.1","25.9"
"USW00094846","CHICAGO OHARE INTERNATIONAL AIRPORT, IL US","2020-05-18","10.07",,"   30","   20","17.0","21.0"
"USW00094846","CHICAGO OHARE INTERNATIONAL AIRPORT, IL US","2020-05-19","13.65",,"   20","   30","21.9","25.9"
"USW00094846","CHICAGO OHARE INTERNATIONAL AIRPORT, IL US","2020-05-20","11.41",,"   80","   80","21.0","29.1"
"USW00094846","CHICAGO OHARE INTERNATIONAL AIRPORT, IL US","2020-05-21","6.71",,"   80","   80","17.0","23.9"
"USW00094846","CHICAGO OHARE INTERNATIONAL AIRPORT, IL US","2020-05-22","4.25",,"   90","   60","12.1","16.1"
"USW00094846","CHICAGO OHARE INTERNATIONAL AIRPORT, IL US","2020-05-23","8.72",,"  130","  140","17.0","25.9"
"USW00094846","CHICAGO OHARE INTERNATIONAL AIRPORT, IL US","2020-05-24","6.04",,"  140","  140","13.0","13.0"
"USW00094846","CHICAGO OHARE INTERNATIONAL AIRPORT, IL US","2020-05-25","8.95",,"  200","  200","17.0","17.0"
"USW00094846","CHICAGO OHARE INTERNATIONAL AIRPORT, IL US","2020-05-26","8.50",,"  130","  130","23.0","23.0"
"USW00094846","CHICAGO OHARE INTERNATIONAL AIRPORT, IL US","2020-05-27","6.71",,"  190","  190","15.0","15.0"
"USW00094846","CHICAGO OHARE INTERNATIONAL AIRPORT, IL US","2020-05-28","10.07",,"  330","  330","25.9","28.0"
"USW00094846","CHICAGO OHARE INTERNATIONAL AIRPORT, IL US","2020-05-29","11.18",,"  330","  330","23.9","30.0"
"USW00094846","CHICAGO OHARE INTERNATIONAL AIRPORT, IL US","2020-05-30","8.28",,"  320","  300","14.1","21.0"
"USW00094846","CHICAGO OHARE INTERNATIONAL AIRPORT, IL US","2020-05-31","8.50",,"   40","   40","15.0","15.0"
"USW00094846","CHICAGO OHARE INTERNATIONAL AIRPORT, IL US","2020-06-01","12.75",,"  200","  200","21.0","29.1"
"USW00094846","CHICAGO OHARE INTERNATIONAL AIRPORT, IL US","2020-06-02","16.11",,"  240","  240","21.9","31.1"
"USW00094846","CHICAGO OHARE INTERNATIONAL AIRPORT, IL US","2020-06-03","8.05",,"  220","  260","21.9","25.9"
"USW00094846","CHICAGO OHARE INTERNATIONAL AIRPORT, IL US","2020-06-04","7.38",,"   90","   90","14.1","14.1"
"USW00094846","CHICAGO OHARE INTERNATIONAL AIRPORT, IL US","2020-06-05","6.93",,"  220","  230","16.1","25.1"
"USW00094846","CHICAGO OHARE INTERNATIONAL AIRPORT, IL US","2020-06-06","10.96",,"   40","   40","17.0","23.9"
"USW00094846","CHICAGO OHARE INTERNATIONAL AIRPORT, IL US","2020-06-07","8.50",,"   40","   40","15.0","18.1"
"USW00094846","CHICAGO OHARE INTERNATIONAL AIRPORT, IL US","2020-06-08","8.28",,"   90","  100","17.0","25.1"
"USW00094846","CHICAGO OHARE INTERNATIONAL AIRPORT, IL US","2020-06-09","15.21",,"  160","  180","38.0","59.1"
"USW00094846","CHICAGO OHARE INTERNATIONAL AIRPORT, IL US","2020-06-10","12.97",,"  220","  230","29.1","40.9"
"USW00094846","CHICAGO OHARE INTERNATIONAL AIRPORT, IL US","2020-06-11","10.96",,"  270","  270","25.1","36.0"
"USW00094846","CHICAGO OHARE INTERNATIONAL AIRPORT, IL US","2020-06-12","8.28",,"   10","   10","21.0","27.1"
"USW00094846","CHICAGO OHARE INTERNATIONAL AIRPORT, IL US","2020-06-13","15.21",,"   30","   50","21.0","28.0"
"USW00094846","CHICAGO OHARE INTERNATIONAL AIRPORT, IL US","2020-06-14","10.07",,"   60","   60","16.1","23.0"
"USW00094846","CHICAGO OHARE INTERNATIONAL AIRPORT, IL US","2020-06-15","6.71",,"   60","   50","16.1","21.9"
"USW00094846","CHICAGO OHARE INTERNATIONAL AIRPORT, IL US","2020-06-16","6.49",,"  100","   70","16.1","21.0"
"USW00094846","CHICAGO OHARE INTERNATIONAL AIRPORT, IL US","2020-06-17","6.04",,"   80","  110","15.0","17.0"
"USW00094846","CHICAGO OHARE INTERNATIONAL AIRPORT, IL US","2020-06-18","5.14",,"  100","   90","14.1","17.0"
"USW00094846","CHICAGO OHARE INTERNATIONAL AIRPORT, IL US","2020-06-19","4.92",,"  210","  230","15.0","21.9"
"USW00094846","CHICAGO OHARE INTERNATIONAL AIRPORT, IL US","2020-06-20","9.62",,"  200","  200","23.9","36.0"
"USW00094846","CHICAGO OHARE INTERNATIONAL AIRPORT, IL US","2020-06-21","6.71",,"  120","  110","17.0","23.0"
"USW00094846","CHICAGO OHARE INTERNATIONAL AIRPORT, IL US","2020-06-22","6.93",,"   20",,"17.0",
"USW00094846","CHICAGO OHARE INTERNATIONAL AIRPORT, IL US","2020-06-23","11.41",,"  270","  320","16.1","27.1"
"USW00094846","CHICAGO OHARE INTERNATIONAL AIRPORT, IL US","2020-06-24","6.93",,"  310","  270","18.1","23.0"
"USW00094846","CHICAGO OHARE INTERNATIONAL AIRPORT, IL US","2020-06-25","6.49",,"  310","  310","16.1","19.9"
"USW00094846","CHICAGO OHARE INTERNATIONAL AIRPORT, IL US","2020-06-26","7.61",,"  330","  330","40.0","53.0"
"USW00094846","CHICAGO OHARE INTERNATIONAL AIRPORT, IL US","2020-06-27","7.38",,"  220","  240","15.0","19.9"
"USW00094846","CHICAGO OHARE INTERNATIONAL AIRPORT, IL US","2020-06-28","6.26",,"  100","  100","16.1","16.1"
"USW00094846","CHICAGO OHARE INTERNATIONAL AIRPORT, IL US","2020-06-29","7.61",,"  360","  350","28.0","36.0"
"USW00094846","CHICAGO OHARE INTERNATIONAL AIRPORT, IL US","2020-06-30","6.49",,"   60","  100","17.0","23.0"
"USW00094846","CHICAGO OHARE INTERNATIONAL AIRPORT, IL US","2020-07-01","9.17",,"  100","   60","18.1","25.9"
"USW00094846","CHICAGO OHARE INTERNATIONAL AIRPORT, IL US","2020-07-02","6.49",,"   40","   40","14.1","18.1"
"USW00094846","CHICAGO OHARE INTERNATIONAL AIRPORT, IL US","2020-07-03","4.03",,"   40","   10","13.0","19.0"
"USW00094846","CHICAGO OHARE INTERNATIONAL AIRPORT, IL US","2020-07-04","7.38",,"   30","   20","17.0","21.9"
"USW00094846","CHICAGO OHARE INTERNATIONAL AIRPORT, IL US","2020-07-05","4.92",,"  100","  100","13.0","13.0"
"USW00094846","CHICAGO OHARE INTERNATIONAL AIRPORT, IL US","2020-07-06","4.25",,"  100","  220","12.1","17.0"
"USW00094846","CHICAGO OHARE INTERNATIONAL AIRPORT, IL US","2020-07-07","7.16",,"   60","   80","40.0","59.9"
"USW00094846","CHICAGO OHARE INTERNATIONAL AIRPORT, IL US","2020-07-08","4.47",,"  220","  210","13.0","15.0"
"USW00094846","CHICAGO OHARE INTERNATIONAL AIRPORT, IL US","2020-07-09","8.95",,"  280","  290","21.0","32.0"
"USW00094846","CHICAGO OHARE INTERNATIONAL AIRPORT, IL US","2020-07-10","10.96",,"  320","  270","21.0","30.0"
"USW00094846","CHICAGO OHARE INTERNATIONAL AIRPORT, IL US","2020-07-11","8.05",,"  250","  250","21.9","30.0"
"USW00094846","CHICAGO OHARE INTERNATIONAL AIRPORT, IL US","2020-07-12","10.29",,"   30","   20","23.9","28.0"
"USW00094846","CHICAGO OHARE INTERNATIONAL AIRPORT, IL US","2020-07-13","5.14",,"  100",,"12.1",
"USW00094846","CHICAGO OHARE INTERNATIONAL AIRPORT, IL US","2020-07-14","7.83",,"  170","  160","18.1","25.1"
"USW00094846","CHICAGO OHARE INTERNATIONAL AIRPORT, IL US","2020-07-15","9.84",,"   30","   20","18.1","23.9"
"USW00094846","CHICAGO OHARE INTERNATIONAL AIRPORT, IL US","2020-07-16","7.61",,"   40","   20","17.0","21.9"
"USW00094846","CHICAGO OHARE INTERNATIONAL AIRPORT, IL US","2020-07-17","7.16",,"  190","  200","15.0","21.0"
"USW00094846","CHICAGO OHARE INTERNATIONAL AIRPORT, IL US","2020-07-18","12.53",,"  200","  200","21.9","31.1"
"USW00094846","CHICAGO OHARE INTERNATIONAL AIRPORT, IL US","2020-07-19","12.30",,"  210","  210","25.9","38.0"
"USW00094846","CHICAGO OHARE INTERNATIONAL AIRPORT, IL US","2020-07-20","7.61",,"  320","  300","15.0","21.0"
"USW00094846","CHICAGO OHARE INTERNATIONAL AIRPORT, IL US","2020-07-21","6.71",,"  130","   80","14.1","17.0"
"USW00094846","CHICAGO OHARE INTERNATIONAL AIRPORT, IL US","2020-07-22","8.72",,"  290","  250","16.1","21.9"
"USW00094846","CHICAGO OHARE INTERNATIONAL AIRPORT, IL US","2020-07-23","7.38",,"   30","   30","16.1","19.9"
"USW00094846","CHICAGO OHARE INTERNATIONAL AIRPORT, IL US","2020-07-24","5.82",,"   40","   90","13.0","17.0"
"USW00094846","CHICAGO OHARE INTERNATIONAL AIRPORT, IL US","2020-07-25","6.26",,"  200","  180","13.0","19.0"
"USW00094846","CHICAGO OHARE INTERNATIONAL AIRPORT, IL US","2020-07-26","12.30",,"  310","  300","30.0","42.9"
"USW00094846","CHICAGO OHARE INTERNATIONAL AIRPORT, IL US","2020-07-27","7.83",,"  320","  290","21.0","25.9"
"USW00094846","CHICAGO OHARE INTERNATIONAL AIRPORT, IL US","2020-07-28","9.40",,"  230","  250","18.1","28.0"
"USW00094846","CHICAGO OHARE INTERNATIONAL AIRPORT, IL US","2020-07-29","8.95",,"   20","   20","23.0","28.0"
"USW00094846","CHICAGO OHARE INTERNATIONAL AIRPORT, IL US","2020-07-30","12.97",,"   20","   20","23.0","29.1"
"USW00094846","CHICAGO OHARE INTERNATIONAL AIRPORT, IL US","2020-07-31","9.62",,"   30","   40","17.0","23.9"
"USW00094846","CHICAGO OHARE INTERNATIONAL AIRPORT, IL US","2020-08-01","7.61",,"   30","   30","14.1","18.1"
"USW00094846","CHICAGO OHARE INTERNATIONAL AIRPORT, IL US","2020-08-02","7.83",,"  360","   20","28.0","38.0"
"USW00094846","CHICAGO OHARE INTERNATIONAL AIRPORT, IL US","2020-08-03","11.18",,"   10","   30","18.1","27.1"
"USW00094846","CHICAGO OHARE INTERNATIONAL AIRPORT, IL US","2020-08-04","8.50",,"  360","  360","19.9","25.1"
"USW00094846","CHICAGO OHARE INTERNATIONAL AIRPORT, IL US","2020-08-05","5.37",,"  250","  250","13.0","19.0"
"USW00094846","CHICAGO OHARE INTERNATIONAL AIRPORT, IL US","2020-08-06","5.82",,"   50","   20","12.1","18.1"
"USW00094846","CHICAGO OHARE INTERNATIONAL AIRPORT, IL US","2020-08-07","4.92",,"  120","  120","14.1","19.0"
"USW00094846","CHICAGO OHARE INTERNATIONAL AIRPORT, IL US","2020-08-08","9.62",,"  200","  210","17.0","27.1"
"USW00094846","CHICAGO OHARE INTERNATIONAL AIRPORT, IL US","2020-08-09","9.62",,"  360","  180","21.9","30.0"
"USW00094846","CHICAGO OHARE INTERNATIONAL AIRPORT, IL US","2020-08-10","9.84",,"  270","  270","40.0","62.0"
"USW00094846","CHICAGO OHARE INTERNATIONAL AIRPORT, IL US","2020-08-11","6.04",,"   70","   70","13.0","16.1"
"USW00094846","CHICAGO OHARE INTERNATIONAL AIRPORT, IL US","2020-08-12","5.37",,"  100","  100","16.1","23.0"
"USW00094846","CHICAGO OHARE INTERNATIONAL AIRPORT, IL US","2020-08-13","5.59",,"   60","   20","12.1","18.1"
"USW00094846","CHICAGO OHARE INTERNATIONAL AIRPORT, IL US","2020-08-14","7.16",,"   20","  100","13.0","17.0"
"USW00094846","CHICAGO OHARE INTERNATIONAL AIRPORT, IL US","2020-08-15","6.26",,"  350","  330","16.1","23.9"
"USW00094846","CHICAGO OHARE INTERNATIONAL AIRPORT, IL US","2020-08-16","7.16",,"  350","  320","13.0","18.1"
"USW00094846","CHICAGO OHARE INTERNATIONAL AIRPORT, IL US","2020-08-17","5.37",,"  100","  100","10.1","13.0"
"USW00094846","CHICAGO OHARE INTERNATIONAL AIRPORT, IL US","2020-08-18","9.62",,"   20","   10","18.1","23.9"
"USW00094846","CHICAGO OHARE INTERNATIONAL AIRPORT, IL US","2020-08-19","4.92",,"   90","  100","13.0","16.1"
"USW00094846","CHICAGO OHARE INTERNATIONAL AIRPORT, IL US","2020-08-20","6.26",,"  230","  240","12.1","18.1"
"USW00094846","CHICAGO OHARE INTERNATIONAL AIRPORT, IL US","2020-08-21","5.37",,"  230","  260","10.1","13.0"
"USW00094846","CHICAGO OHARE INTERNATIONAL AIRPORT, IL US","2020-08-22","7.83",,"  200","  190","16.1","19.9"
"USW00094846","CHICAGO OHARE INTERNATIONAL AIRPORT, IL US","2020-08-23","6.71",,"   50","  210","15.0","21.0"
"USW00094846","CHICAGO OHARE INTERNATIONAL AIRPORT, IL US","2020-08-24","7.38",,"  260","  260","16.1","17.0"
"USW00094846","CHICAGO OHARE INTERNATIONAL AIRPORT, IL US","2020-08-25","7.38",,"  350","  350","35.1","42.9"
"USW00094846","CHICAGO OHARE INTERNATIONAL AIRPORT, IL US","2020-08-26","10.07",,"  210","  180","21.0","28.0"
"USW00094846","CHICAGO OHARE INTERNATIONAL AIRPORT, IL US","2020-08-27","10.29",,"  230","  290","16.1","23.0"
"USW00094846","CHICAGO OHARE INTERNATIONAL AIRPORT, IL US","2020-08-28","12.08",,"  330","  330","21.0","21.0"
"USW00094846","CHICAGO OHARE INTERNATIONAL AIRPORT, IL US","2020-08-29","12.08",,"  350","  330","21.0","28.0"
"USW00094846","CHICAGO OHARE INTERNATIONAL AIRPORT, IL US","2020-08-30","7.61",,"   90","   60","14.1","19.9"
"USW00094846","CHICAGO OHARE INTERNATIONAL AIRPORT, IL US","2020-08-31","9.17",,"  200","  230","16.1","23.0"
"USW00094846","CHICAGO OHARE INTERNATIONAL AIRPORT, IL US","2020-09-01","7.61",,"  100","   40","15.0","21.0"
"USW00094846","CHICAGO OHARE INTERNATIONAL AIRPORT, IL US","2020-09-02","8.50",,"  270","  260","19.9","29.1"
"USW00094846","CHICAGO OHARE INTERNATIONAL AIRPORT, IL US","2020-09-03","14.32",,"  250","  250","33.1","40.0"
"USW00094846","CHICAGO OHARE INTERNATIONAL AIRPORT, IL US","2020-09-04","8.72",,"  270","  290","23.9","33.1"
"USW00094846","CHICAGO OHARE INTERNATIONAL AIRPORT, IL US","2020-09-05","10.74",,"  240","  250","25.1","36.0"
"USW00094846","CHICAGO OHARE INTERNATIONAL AIRPORT, IL US","2020-09-06","13.42",,"  210","  200","25.9","38.9"
"USW00094846","CHICAGO OHARE INTERNATIONAL AIRPORT, IL US","2020-09-07","12.30",,"   50","   40","23.0","32.0"
