# time_index y_index x_index temp_C
1 0 0 -4.756
1 0 1 -5.569
1 0 2 -3.873
1 0 3 -3.458
1 0 4 -5.508
1 0 5 -4.726
1 0 6 -3.319
1 0 7 -3.411
1 0 8 -2.908
1 0 9 -3.314
1 0 10 -1.665
1 0 11 -1.483
1 0 12 -1.789
1 0 13 -0.677
1 0 14 -0.942
1 0 15 -1.740
1 0 16 -0.494
1 0 17 -1.293
1 0 18 0.440
1 0 19 -0.040
1 1 0 -5.043
1 1 1 -5.176
1 1 2 -3.390
1 1 3 -4.229
1 1 4 -4.185
1 1 5 -3.861
1 1 6 -2.890
1 1 7 -2.760
1 1 8 -2.459
1 1 9 -2.182
1 1 10 -0.550
1 1 11 -2.325
1 1 12 -2.147
1 1 13 -2.125
1 1 14 -0.718
1 1 15 -0.044
1 1 16 -0.775
1 1 17 -1.093
1 1 18 -0.817
1 1 19 0.626
1 2 0 -4.195
1 2 1 -4.092
1 2 2 -4.796
1 2 3 -3.814
1 2 4 -3.643
1 2 5 -3.299
1 2 6 -2.513
1 2 7 -2.768
1 2 8 -2.141
1 2 9 -2.367
1 2 10 -1.927
1 2 11 -1.390
1 2 12 -2.797
1 2 13 -1.624
1 2 14 -1.482
1 2 15 -1.353
1 2 16 -0.799
1 2 17 0.880
1 2 18 -0.745
1 2 19 0.985
1 3 0 -6.031
1 3 1 -4.689
1 3 2 -4.028
1 3 3 -3.426
1 3 4 -3.063
1 3 5 -2.734
1 3 6 -3.384
1 3 7 -3.212
1 3 8 -1.893
1 3 9 -2.469
1 3 10 -3.073
1 3 11 -2.696
1 3 12 -2.262
1 3 13 -0.865
1 3 14 -0.886
1 3 15 -0.184
1 3 16 -0.815
1 3 17 -0.084
1 3 18 0.553
1 3 19 0.068
1 4 0 -4.214
1 4 1 -4.845
1 4 2 -4.343
1 4 3 -4.095
1 4 4 -4.483
1 4 5 -2.874
1 4 6 -3.376
1 4 7 -2.727
1 4 8 -2.089
1 4 9 -1.853
1 4 10 -1.415
1 4 11 -1.763
1 4 12 -1.760
1 4 13 -1.222
1 4 14 -2.245
1 4 15 -1.789
1 4 16 -1.427
1 4 17 -0.903
1 4 18 0.478
1 4 19 -0.303
1 5 0 -4.776
1 5 1 -3.171
1 5 2 -4.232
1 5 3 -3.094
1 5 4 -4.168
1 5 5 -3.322
1 5 6 -3.655
1 5 7 -2.903
1 5 8 -1.696
1 5 9 -3.487
1 5 10 -1.495
1 5 11 -1.389
1 5 12 -1.791
1 5 13 -2.209
1 5 14 -0.732
1 5 15 -0.950
1 5 16 -0.077
1 5 17 0.017
1 5 18 1.545
1 5 19 0.335
1 6 0 -5.187
1 6 1 -3.962
1 6 2 -3.666
1 6 3 -2.492
1 6 4 -2.648
1 6 5 -2.767
1 6 6 -1.619
1 6 7 -3.477
1 6 8 -2.775
1 6 9 -2.741
1 6 10 -2.049
1 6 11 -2.575
1 6 12 -0.702
1 6 13 -1.125
1 6 14 -1.861
1 6 15 -1.234
1 6 16 0.093
1 6 17 0.776
1 6 18 1.966
1 6 19 2.963
1 7 0 -3.932
1 7 1 -4.792
1 7 2 -5.442
1 7 3 -3.260
1 7 4 -3.861
1 7 5 -3.280
1 7 6 -3.174
1 7 7 -2.534
1 7 8 -1.305
1 7 9 -1.769
1 7 10 -1.758
1 7 11 -2.197
1 7 12 -2.445
1 7 13 -1.231
1 7 14 -0.622
1 7 15 1.099
1 7 16 0.052
1 7 17 0.997
1 7 18 0.074
1 7 19 -0.211
1 8 0 -4.930
1 8 1 -4.475
1 8 2 -1.929
1 8 3 -4.026
1 8 4 -2.434
1 8 5 -3.564
1 8 6 -1.834
1 8 7 -2.008
1 8 8 -2.178
1 8 9 -1.822
1 8 10 -2.050
1 8 11 -0.906
1 8 12 -1.364
1 8 13 -1.717
1 8 14 -1.496
1 8 15 -0.072
1 8 16 1.316
1 8 17 0.444
1 8 18 0.484
1 8 19 1.071
1 9 0 -3.008
1 9 1 -3.614
1 9 2 -3.855
1 9 3 -2.378
1 9 4 -2.657
1 9 5 -1.508
1 9 6 -2.327
1 9 7 -3.190
1 9 8 -3.042
1 9 9 -0.363
1 9 10 -0.042
1 9 11 -1.302
1 9 12 -1.201
1 9 13 0.538
1 9 14 -1.254
1 9 15 -0.821
1 9 16 0.673
1 9 17 0.105
1 9 18 0.680
1 9 19 0.817
1 10 0 -3.677
1 10 1 -2.558
1 10 2 -3.349
1 10 3 -2.643
1 10 4 -4.535
1 10 5 -2.671
1 10 6 -3.043
1 10 7 -3.080
1 10 8 -2.545
1 10 9 -1.846
1 10 10 -0.583
1 10 11 -2.114
1 10 12 -0.765
1 10 13 -0.914
1 10 14 -0.525
1 10 15 0.802
1 10 16 0.694
1 10 17 1.596
1 10 18 0.666
1 10 19 0.496
1 11 0 -4.021
1 11 1 -3.385
1 11 2 -3.175
1 11 3 -3.920
1 11 4 -2.717
1 11 5 -2.344
1 11 6 -0.249
1 11 7 -0.499
1 11 8 -2.419
1 11 9 -1.704
1 11 10 -2.381
1 11 11 -1.420
1 11 12 -0.432
1 11 13 0.544
1 11 14 -0.741
1 11 15 -0.418
1 11 16 -1.349
1 11 17 0.501
1 11 18 0.045
1 11 19 0.734
1 12 0 -4.438
1 12 1 -3.549
1 12 2 -4.617
1 12 3 -4.121
1 12 4 -0.981
1 12 5 -3.451
1 12 6 -3.035
1 12 7 -0.425
1 12 8 0.692
1 12 9 -2.306
1 12 10 -1.400
1 12 11 -0.569
1 12 12 0.804
1 12 13 -1.105
1 12 14 -0.249
1 12 15 0.832
1 12 16 0.821
1 12 17 0.436
1 12 18 0.893
1 12 19 0.163
1 13 0 -3.822
1 13 1 -3.582
1 13 2 -2.920
1 13 3 -3.286
1 13 4 -2.202
1 13 5 -1.506
1 13 6 -1.928
1 13 7 -1.508
1 13 8 -1.484
1 13 9 -1.263
1 13 10 -1.577
1 13 11 -0.484
1 13 12 -0.552
1 13 13 1.464
1 13 14 1.311
1 13 15 0.624
1 13 16 -0.031
1 13 17 -0.048
1 13 18 2.058
1 13 19 1.579
1 14 0 -3.142
1 14 1 -4.659
1 14 2 -2.258
1 14 3 -2.373
1 14 4 -3.362
1 14 5 -2.588
1 14 6 -1.736
1 14 7 -1.642
1 14 8 -1.655
1 14 9 -1.241
1 14 10 -1.096
1 14 11 -0.510
1 14 12 0.809
1 14 13 -2.159
1 14 14 -0.032
1 14 15 0.562
1 14 16 0.921
1 14 17 0.650
1 14 18 -0.195
1 14 19 1.736
1 15 0 -2.039
1 15 1 -4.385
1 15 2 -2.204
1 15 3 -2.894
1 15 4 -2.417
1 15 5 -2.948
1 15 6 -2.110
1 15 7 -0.539
1 15 8 -0.850
1 15 9 0.333
1 15 10 0.152
1 15 11 -0.175
1 15 12 1.132
1 15 13 0.351
1 15 14 0.926
1 15 15 0.289
1 15 16 0.843
1 15 17 0.495
1 15 18 2.107
1 15 19 0.636
1 16 0 -2.690
1 16 1 -3.205
1 16 2 -1.852
1 16 3 -1.926
1 16 4 -0.807
1 16 5 -1.415
1 16 6 -2.994
1 16 7 -1.527
1 16 8 -2.148
1 16 9 -1.362
1 16 10 0.525
1 16 11 0.089
1 16 12 -0.717
1 16 13 -0.706
1 16 14 0.395
1 16 15 -0.342
1 16 16 0.358
1 16 17 1.408
1 16 18 2.345
1 16 19 2.171
1 17 0 -5.044
1 17 1 -2.704
1 17 2 -2.627
1 17 3 -2.090
1 17 4 -0.865
1 17 5 -3.545
1 17 6 -2.104
1 17 7 -0.896
1 17 8 -2.371
1 17 9 0.339
1 17 10 -0.284
1 17 11 0.361
1 17 12 -0.509
1 17 13 0.862
1 17 14 1.328
1 17 15 0.923
1 17 16 1.188
1 17 17 1.479
1 17 18 0.836
1 17 19 1.671
1 18 0 -3.227
1 18 1 -2.535
1 18 2 -1.779
1 18 3 -3.163
1 18 4 -2.153
1 18 5 -0.604
1 18 6 -2.121
1 18 7 -1.921
1 18 8 -0.838
1 18 9 -0.061
1 18 10 -0.465
1 18 11 0.853
1 18 12 0.738
1 18 13 0.989
1 18 14 1.022
1 18 15 2.704
1 18 16 0.941
1 18 17 -0.234
1 18 18 2.915
1 18 19 1.529
1 19 0 -2.914
1 19 1 -1.689
1 19 2 -3.755
1 19 3 -3.212
1 19 4 -3.228
1 19 5 -2.320
1 19 6 -1.069
1 19 7 -0.739
1 19 8 -0.674
1 19 9 -1.762
1 19 10 -2.217
1 19 11 -0.062
1 19 12 -0.220
1 19 13 0.789
1 19 14 1.246
1 19 15 1.058
1 19 16 1.819
1 19 17 1.657
1 19 18 2.161
1 19 19 1.436
2 0 0 -3.804
2 0 1 -3.240
2 0 2 -2.478
2 0 3 -3.186
2 0 4 -2.191
2 0 5 -2.557
2 0 6 -2.175
2 0 7 -1.155
2 0 8 -3.149
2 0 9 -2.329
2 0 10 -2.214
2 0 11 -2.632
2 0 12 -1.045
2 0 13 0.360
2 0 14 -0.204
2 0 15 0.445
2 0 16 1.422
2 0 17 1.876
2 0 18 1.021
2 0 19 2.423
2 1 0 -3.481
2 1 1 -3.962
2 1 2 -3.504
2 1 3 -3.950
2 1 4 -3.213
2 1 5 -2.526
2 1 6 -1.333
2 1 7 -0.336
2 1 8 -2.555
2 1 9 -0.872
2 1 10 -1.756
2 1 11 -0.280
2 1 12 -0.502
2 1 13 -1.599
2 1 14 0.872
2 1 15 -0.092
2 1 16 0.228
2 1 17 0.063
2 1 18 0.658
2 1 19 1.787
2 2 0 -3.601
2 2 1 -2.924
2 2 2 -2.634
2 2 3 -1.604
2 2 4 -2.671
2 2 5 -3.315
2 2 6 -1.017
2 2 7 -1.873
2 2 8 -0.453
2 2 9 -0.775
2 2 10 -0.923
2 2 11 -0.276
2 2 12 1.269
2 2 13 1.633
2 2 14 0.290
2 2 15 0.626
2 2 16 1.622
2 2 17 0.347
2 2 18 1.554
2 2 19 1.530
2 3 0 -3.093
2 3 1 -3.748
2 3 2 -4.090
2 3 3 -4.213
2 3 4 -3.186
2 3 5 -2.396
2 3 6 -2.000
2 3 7 0.047
2 3 8 -0.354
2 3 9 -1.746
2 3 10 -0.435
2 3 11 -0.775
2 3 12 -0.414
2 3 13 0.225
2 3 14 0.835
2 3 15 0.331
2 3 16 1.717
2 3 17 0.216
2 3 18 1.397
2 3 19 3.734
2 4 0 -3.061
2 4 1 -1.829
2 4 2 -2.640
2 4 3 -1.985
2 4 4 -2.232
2 4 5 -2.060
2 4 6 -2.284
2 4 7 -1.053
2 4 8 -1.815
2 4 9 -0.338
2 4 10 0.261
2 4 11 -0.051
2 4 12 -0.310
2 4 13 0.545
2 4 14 0.198
2 4 15 1.457
2 4 16 -0.494
2 4 17 0.966
2 4 18 -0.095
2 4 19 0.565
2 5 0 -2.043
2 5 1 -2.155
2 5 2 -3.183
2 5 3 -3.546
2 5 4 -4.453
2 5 5 -2.253
2 5 6 0.381
2 5 7 -0.944
2 5 8 -1.476
2 5 9 -0.393
2 5 10 -1.751
2 5 11 -0.477
2 5 12 0.104
2 5 13 0.218
2 5 14 1.183
2 5 15 1.089
2 5 16 1.611
2 5 17 0.789
2 5 18 2.321
2 5 19 3.169
2 6 0 -3.805
2 6 1 -3.476
2 6 2 -1.434
2 6 3 -2.392
2 6 4 -0.853
2 6 5 -2.067
2 6 6 -0.286
2 6 7 -1.081
2 6 8 -0.717
2 6 9 0.592
2 6 10 -0.687
2 6 11 -0.887
2 6 12 -0.230
2 6 13 0.754
2 6 14 -0.597
2 6 15 1.429
2 6 16 0.751
2 6 17 2.363
2 6 18 -0.207
2 6 19 1.342
2 7 0 -4.273
2 7 1 -3.321
2 7 2 -2.199
2 7 3 -2.277
2 7 4 -2.073
2 7 5 -1.735
2 7 6 -1.182
2 7 7 -1.888
2 7 8 -0.253
2 7 9 -0.025
2 7 10 0.016
2 7 11 0.417
2 7 12 0.472
2 7 13 2.126
2 7 14 0.691
2 7 15 0.778
2 7 16 0.684
2 7 17 0.724
2 7 18 0.818
2 7 19 1.366
2 8 0 -2.875
2 8 1 -2.288
2 8 2 -2.251
2 8 3 -2.641
2 8 4 -1.045
2 8 5 -0.911
2 8 6 -1.367
2 8 7 -1.498
2 8 8 -0.274
2 8 9 -0.299
2 8 10 -1.345
2 8 11 0.022
2 8 12 0.549
2 8 13 -0.117
2 8 14 1.018
2 8 15 -0.035
2 8 16 2.461
2 8 17 2.654
2 8 18 1.717
2 8 19 2.473
2 9 0 -4.641
2 9 1 -3.375
2 9 2 -2.422
2 9 3 -2.781
2 9 4 -1.089
2 9 5 0.201
2 9 6 -2.075
2 9 7 -1.541
2 9 8 -0.419
2 9 9 0.944
2 9 10 -1.059
2 9 11 0.381
2 9 12 1.902
2 9 13 -0.613
2 9 14 -0.054
2 9 15 0.896
2 9 16 1.081
2 9 17 2.411
2 9 18 2.217
2 9 19 0.867
2 10 0 -2.195
2 10 1 -2.806
2 10 2 -1.062
2 10 3 -2.320
2 10 4 -2.064
2 10 5 -0.859
2 10 6 -0.418
2 10 7 -0.407
2 10 8 -1.851
2 10 9 0.191
2 10 10 -0.803
2 10 11 0.475
2 10 12 -0.589
2 10 13 1.170
2 10 14 0.431
2 10 15 0.314
2 10 16 2.174
2 10 17 2.059
2 10 18 1.638
2 10 19 3.553
2 11 0 -2.855
2 11 1 -2.214
2 11 2 -1.761
2 11 3 -2.209
2 11 4 -1.073
2 11 5 -1.613
2 11 6 -1.253
2 11 7 0.430
2 11 8 -1.230
2 11 9 -2.064
2 11 10 1.418
2 11 11 2.432
2 11 12 0.331
2 11 13 -0.631
2 11 14 0.933
2 11 15 1.216
2 11 16 1.556
2 11 17 1.081
2 11 18 2.698
2 11 19 2.917
2 12 0 -3.593
2 12 1 -1.575
2 12 2 -0.229
2 12 3 -1.470
2 12 4 -1.614
2 12 5 -1.195
2 12 6 -0.326
2 12 7 -1.940
2 12 8 -0.160
2 12 9 -0.341
2 12 10 1.713
2 12 11 0.358
2 12 12 2.095
2 12 13 0.141
2 12 14 1.757
2 12 15 1.806
2 12 16 1.118
2 12 17 2.219
2 12 18 3.310
2 12 19 2.344
2 13 0 -3.645
2 13 1 -2.043
2 13 2 -2.487
2 13 3 -1.776
2 13 4 -1.304
2 13 5 -2.341
2 13 6 -2.005
2 13 7 -0.064
2 13 8 -0.605
2 13 9 -1.975
2 13 10 0.968
2 13 11 0.821
2 13 12 0.295
2 13 13 0.076
2 13 14 2.061
2 13 15 1.935
2 13 16 3.825
2 13 17 2.518
2 13 18 2.755
2 13 19 2.575
2 14 0 -1.533
2 14 1 -1.423
2 14 2 -0.659
2 14 3 -1.814
2 14 4 -1.482
2 14 5 -1.254
2 14 6 0.025
2 14 7 0.854
2 14 8 -0.448
2 14 9 -0.158
2 14 10 0.696
2 14 11 0.512
2 14 12 1.733
2 14 13 -0.567
2 14 14 0.836
2 14 15 1.135
2 14 16 0.168
2 14 17 1.516
2 14 18 1.818
2 14 19 2.653
2 15 0 -1.191
2 15 1 -2.014
2 15 2 -2.380
2 15 3 -1.337
2 15 4 -0.189
2 15 5 -1.546
2 15 6 -1.231
2 15 7 0.208
2 15 8 -0.153
2 15 9 0.805
2 15 10 0.539
2 15 11 1.375
2 15 12 0.249
2 15 13 1.330
2 15 14 1.434
2 15 15 0.893
2 15 16 0.878
2 15 17 2.941
2 15 18 2.375
2 15 19 2.101
2 16 0 -2.053
2 16 1 -0.810
2 16 2 -3.274
2 16 3 -2.384
2 16 4 -1.662
2 16 5 0.509
2 16 6 -0.171
2 16 7 0.480
2 16 8 -0.783
2 16 9 -0.503
2 16 10 1.014
2 16 11 0.965
2 16 12 1.621
2 16 13 1.295
2 16 14 1.931
2 16 15 2.098
2 16 16 2.857
2 16 17 3.143
2 16 18 1.465
2 16 19 1.226
2 17 0 -1.069
2 17 1 -0.657
2 17 2 -2.161
2 17 3 -2.569
2 17 4 -0.739
2 17 5 0.190
2 17 6 1.146
2 17 7 0.384
2 17 8 -0.063
2 17 9 -0.217
2 17 10 0.770
2 17 11 0.785
2 17 12 0.475
2 17 13 3.189
2 17 14 3.242
2 17 15 2.985
2 17 16 1.603
2 17 17 3.287
2 17 18 3.378
2 17 19 3.483
2 18 0 -0.766
2 18 1 -0.994
2 18 2 -0.647
2 18 3 -0.467
2 18 4 -0.440
2 18 5 -1.877
2 18 6 -0.120
2 18 7 -0.368
2 18 8 -0.684
2 18 9 1.948
2 18 10 2.249
2 18 11 2.217
2 18 12 1.597
2 18 13 2.736
2 18 14 1.928
2 18 15 2.344
2 18 16 1.570
2 18 17 3.026
2 18 18 3.020
2 18 19 2.192
2 19 0 -1.701
2 19 1 -1.461
2 19 2 0.304
2 19 3 -0.155
2 19 4 -0.598
2 19 5 -0.145
2 19 6 -0.046
2 19 7 0.020
2 19 8 -0.421
2 19 9 0.587
2 19 10 0.374
2 19 11 0.234
2 19 12 1.907
2 19 13 2.074
2 19 14 0.595
2 19 15 2.189
2 19 16 3.347
2 19 17 3.661
2 19 18 3.897
2 19 19 3.371
3 0 0 -0.676
3 0 1 -0.604
3 0 2 0.802
3 0 3 1.093
3 0 4 2.082
3 0 5 2.196
3 0 6 1.473
3 0 7 0.847
3 0 8 1.850
3 0 9 2.542
3 0 10 2.470
3 0 11 2.432
3 0 12 3.360
3 0 13 3.018
3 0 14 3.182
3 0 15 4.197
3 0 16 3.889
3 0 17 4.669
3 0 18 4.955
3 0 19 4.088
3 1 0 -0.280
3 1 1 1.519
3 1 2 -0.298
3 1 3 -0.799
3 1 4 -0.332
3 1 5 1.444
3 1 6 1.709
3 1 7 1.853
3 1 8 3.182
3 1 9 0.335
3 1 10 3.054
3 1 11 4.249
3 1 12 2.361
3 1 13 3.222
3 1 14 3.187
3 1 15 3.337
3 1 16 4.055
3 1 17 5.721
3 1 18 6.312
3 1 19 4.837
3 2 0 1.735
3 2 1 0.502
3 2 2 2.140
3 2 3 0.925
3 2 4 1.368
3 2 5 1.819
3 2 6 4.333
3 2 7 2.734
3 2 8 1.750
3 2 9 3.354
3 2 10 2.553
3 2 11 2.713
3 2 12 4.095
3 2 13 3.656
3 2 14 4.118
3 2 15 4.169
3 2 16 4.690
3 2 17 5.024
3 2 18 3.398
3 2 19 5.744
3 3 0 -0.470
3 3 1 -0.575
3 3 2 0.795
3 3 3 1.172
3 3 4 0.814
3 3 5 2.296
3 3 6 0.821
3 3 7 1.832
3 3 8 1.953
3 3 9 2.647
3 3 10 3.170
3 3 11 2.404
3 3 12 4.053
3 3 13 3.787
3 3 14 2.486
3 3 15 2.696
3 3 16 4.516
3 3 17 4.613
3 3 18 4.970
3 3 19 5.293
3 4 0 0.602
3 4 1 1.442
3 4 2 0.058
3 4 3 0.273
3 4 4 0.599
3 4 5 1.968
3 4 6 2.996
3 4 7 1.918
3 4 8 0.525
3 4 9 1.426
3 4 10 2.386
3 4 11 2.870
3 4 12 3.252
3 4 13 3.873
3 4 14 3.856
3 4 15 5.208
3 4 16 4.091
3 4 17 4.205
3 4 18 5.541
3 4 19 4.193
3 5 0 0.838
3 5 1 0.872
3 5 2 0.935
3 5 3 2.586
3 5 4 1.081
3 5 5 3.490
3 5 6 1.925
3 5 7 1.347
3 5 8 2.688
3 5 9 2.034
3 5 10 2.556
3 5 11 3.739
3 5 12 4.129
3 5 13 3.450
3 5 14 5.000
3 5 15 5.400
3 5 16 5.886
3 5 17 5.424
3 5 18 6.354
3 5 19 4.022
3 6 0 0.377
3 6 1 0.201
3 6 2 1.253
3 6 3 0.964
3 6 4 1.551
3 6 5 3.453
3 6 6 2.075
3 6 7 2.805
3 6 8 2.551
3 6 9 3.061
3 6 10 3.268
3 6 11 3.885
3 6 12 4.722
3 6 13 5.371
3 6 14 4.563
3 6 15 5.051
3 6 16 3.921
3 6 17 5.035
3 6 18 6.121
3 6 19 6.324
3 7 0 0.906
3 7 1 1.709
3 7 2 1.656
3 7 3 2.487
3 7 4 2.021
3 7 5 1.768
3 7 6 2.584
3 7 7 0.234
3 7 8 3.148
3 7 9 0.187
3 7 10 1.990
3 7 11 3.993
3 7 12 4.277
3 7 13 3.228
3 7 14 3.851
3 7 15 5.781
3 7 16 4.560
3 7 17 7.005
3 7 18 5.472
3 7 19 6.063
3 8 0 2.136
3 8 1 1.210
3 8 2 0.567
3 8 3 1.544
3 8 4 1.866
3 8 5 1.066
3 8 6 2.216
3 8 7 2.090
3 8 8 3.687
3 8 9 3.238
3 8 10 3.247
3 8 11 3.652
3 8 12 4.178
3 8 13 4.757
3 8 14 3.727
3 8 15 3.956
3 8 16 5.936
3 8 17 4.986
3 8 18 4.445
3 8 19 6.197
3 9 0 1.318
3 9 1 -0.014
3 9 2 1.657
3 9 3 2.325
3 9 4 2.300
3 9 5 2.769
3 9 6 1.403
3 9 7 3.054
3 9 8 2.811
3 9 9 2.930
3 9 10 4.275
3 9 11 5.026
3 9 12 5.541
3 9 13 5.420
3 9 14 4.544
3 9 15 5.177
3 9 16 5.771
3 9 17 5.518
3 9 18 5.789
3 9 19 6.606
3 10 0 1.005
3 10 1 0.732
3 10 2 1.247
3 10 3 2.349
3 10 4 2.108
3 10 5 2.641
3 10 6 3.168
3 10 7 2.595
3 10 8 3.763
3 10 9 3.724
3 10 10 2.696
3 10 11 5.101
3 10 12 3.810
3 10 13 3.150
3 10 14 3.901
3 10 15 4.183
3 10 16 5.305
3 10 17 5.307
3 10 18 5.520
3 10 19 6.548
3 11 0 1.430
3 11 1 1.674
3 11 2 2.012
3 11 3 2.440
3 11 4 0.524
3 11 5 2.182
3 11 6 0.993
3 11 7 3.029
3 11 8 3.259
3 11 9 4.363
3 11 10 4.740
3 11 11 4.215
3 11 12 3.916
3 11 13 4.967
3 11 14 4.420
3 11 15 5.104
3 11 16 6.157
3 11 17 5.185
3 11 18 6.539
3 11 19 6.700
3 12 0 0.499
3 12 1 2.305
3 12 2 2.348
3 12 3 2.134
3 12 4 1.706
3 12 5 1.892
3 12 6 2.412
3 12 7 3.539
3 12 8 2.604
3 12 9 3.982
3 12 10 2.901
3 12 11 3.995
3 12 12 4.509
3 12 13 6.640
3 12 14 3.846
3 12 15 6.388
3 12 16 5.594
3 12 17 6.066
3 12 18 6.095
3 12 19 6.619
3 13 0 1.245
3 13 1 2.795
3 13 2 1.530
3 13 3 3.064
3 13 4 1.906
3 13 5 2.636
3 13 6 2.090
3 13 7 3.575
3 13 8 4.630
3 13 9 3.675
3 13 10 3.842
3 13 11 3.371
3 13 12 4.343
3 13 13 3.515
3 13 14 4.322
3 13 15 5.497
3 13 16 6.634
3 13 17 8.089
3 13 18 5.636
3 13 19 7.517
3 14 0 1.669
3 14 1 1.616
3 14 2 2.346
3 14 3 2.313
3 14 4 2.615
3 14 5 2.463
3 14 6 1.934
3 14 7 2.081
3 14 8 4.102
3 14 9 3.621
3 14 10 3.628
3 14 11 4.375
3 14 12 5.268
3 14 13 5.039
3 14 14 4.633
3 14 15 6.402
3 14 16 6.948
3 14 17 6.343
3 14 18 6.989
3 14 19 7.467
3 15 0 2.483
3 15 1 2.333
3 15 2 2.584
3 15 3 2.784
3 15 4 1.754
3 15 5 3.455
3 15 6 2.073
3 15 7 2.785
3 15 8 4.727
3 15 9 4.620
3 15 10 5.400
3 15 11 4.256
3 15 12 3.815
3 15 13 4.808
3 15 14 5.345
3 15 15 5.590
3 15 16 6.696
3 15 17 5.764
3 15 18 6.597
3 15 19 5.788
3 16 0 2.044
3 16 1 1.950
3 16 2 1.611
3 16 3 2.285
3 16 4 2.590
3 16 5 2.784
3 16 6 4.680
3 16 7 3.448
3 16 8 3.594
3 16 9 2.375
3 16 10 3.600
3 16 11 4.368
3 16 12 4.293
3 16 13 6.211
3 16 14 5.236
3 16 15 6.662
3 16 16 5.944
3 16 17 6.188
3 16 18 6.350
3 16 19 6.687
3 17 0 3.165
3 17 1 0.197
3 17 2 0.715
3 17 3 2.144
3 17 4 2.854
3 17 5 3.657
3 17 6 3.747
3 17 7 3.324
3 17 8 4.710
3 17 9 4.982
3 17 10 4.568
3 17 11 5.454
3 17 12 5.165
3 17 13 4.761
3 17 14 6.032
3 17 15 5.825
3 17 16 6.001
3 17 17 7.442
3 17 18 4.566
3 17 19 5.655
3 18 0 0.945
3 18 1 1.867
3 18 2 2.217
3 18 3 1.478
3 18 4 2.159
3 18 5 2.522
3 18 6 5.440
3 18 7 5.178
3 18 8 3.671
3 18 9 3.972
3 18 10 3.607
3 18 11 3.263
3 18 12 4.959
3 18 13 4.518
3 18 14 5.511
3 18 15 4.562
3 18 16 5.496
3 18 17 6.487
3 18 18 6.925
3 18 19 7.229
3 19 0 0.944
3 19 1 2.947
3 19 2 1.886
3 19 3 3.296
3 19 4 3.044
3 19 5 2.215
3 19 6 3.326
3 19 7 4.134
3 19 8 4.596
3 19 9 4.256
3 19 10 5.857
3 19 11 5.701
3 19 12 4.953
3 19 13 6.021
3 19 14 7.231
3 19 15 7.516
3 19 16 5.228
3 19 17 5.732
3 19 18 7.925
3 19 19 6.153
4 0 0 3.942
4 0 1 4.874
4 0 2 5.862
4 0 3 5.708
4 0 4 5.532
4 0 5 5.776
4 0 6 6.009
4 0 7 6.138
4 0 8 8.931
4 0 9 7.606
4 0 10 8.341
4 0 11 7.503
4 0 12 8.009
4 0 13 7.850
4 0 14 6.563
4 0 15 7.845
4 0 16 7.762
4 0 17 7.674
4 0 18 8.781
4 0 19 11.060
4 1 0 5.070
4 1 1 6.401
4 1 2 5.960
4 1 3 6.521
4 1 4 5.437
4 1 5 6.840
4 1 6 7.267
4 1 7 6.486
4 1 8 7.658
4 1 9 7.927
4 1 10 7.297
4 1 11 7.102
4 1 12 7.316
4 1 13 8.596
4 1 14 9.051
4 1 15 8.419
4 1 16 9.337
4 1 17 10.035
4 1 18 10.337
4 1 19 11.347
4 2 0 6.232
4 2 1 4.673
4 2 2 7.084
4 2 3 5.575
4 2 4 7.099
4 2 5 6.581
4 2 6 6.460
4 2 7 5.606
4 2 8 7.179
4 2 9 6.331
4 2 10 8.616
4 2 11 9.319
4 2 12 7.731
4 2 13 8.873
4 2 14 8.314
4 2 15 8.655
4 2 16 10.041
4 2 17 9.653
4 2 18 11.339
4 2 19 9.825
4 3 0 6.115
4 3 1 5.657
4 3 2 6.479
4 3 3 5.748
4 3 4 6.329
4 3 5 6.539
4 3 6 6.226
4 3 7 7.688
4 3 8 7.941
4 3 9 8.159
4 3 10 9.177
4 3 11 9.370
4 3 12 8.174
4 3 13 9.035
4 3 14 8.501
4 3 15 9.282
4 3 16 9.047
4 3 17 11.086
4 3 18 10.344
4 3 19 10.141
4 4 0 6.376
4 4 1 3.948
4 4 2 4.336
4 4 3 6.847
4 4 4 6.522
4 4 5 6.937
4 4 6 5.939
4 4 7 7.245
4 4 8 9.129
4 4 9 8.449
4 4 10 8.188
4 4 11 7.965
4 4 12 8.263
4 4 13 7.139
4 4 14 9.311
4 4 15 10.045
4 4 16 8.371
4 4 17 9.366
4 4 18 9.232
4 4 19 9.649
4 5 0 5.569
4 5 1 4.122
4 5 2 6.544
4 5 3 6.919
4 5 4 6.378
4 5 5 4.858
4 5 6 6.308
4 5 7 8.355
4 5 8 5.409
4 5 9 7.617
4 5 10 7.214
4 5 11 9.065
4 5 12 8.144
4 5 13 9.271
4 5 14 9.663
4 5 15 10.943
4 5 16 9.574
4 5 17 10.301
4 5 18 9.075
4 5 19 11.479
4 6 0 5.023
4 6 1 5.446
4 6 2 6.140
4 6 3 5.171
4 6 4 6.867
4 6 5 7.721
4 6 6 7.445
4 6 7 6.203
4 6 8 7.638
4 6 9 8.594
4 6 10 6.761
4 6 11 7.667
4 6 12 9.491
4 6 13 9.269
4 6 14 9.645
4 6 15 11.067
4 6 16 10.217
4 6 17 10.632
4 6 18 12.537
4 6 19 10.461
4 7 0 5.099
4 7 1 6.342
4 7 2 6.614
4 7 3 6.105
4 7 4 5.964
4 7 5 8.901
4 7 6 7.577
4 7 7 6.993
4 7 8 8.575
4 7 9 8.018
4 7 10 8.166
4 7 11 9.081
4 7 12 7.861
4 7 13 9.440
4 7 14 10.951
4 7 15 10.057
4 7 16 9.646
4 7 17 9.805
4 7 18 10.145
4 7 19 10.534
4 8 0 5.540
4 8 1 6.838
4 8 2 4.982
4 8 3 7.321
4 8 4 6.591
4 8 5 7.459
4 8 6 6.519
4 8 7 8.747
4 8 8 8.944
4 8 9 8.978
4 8 10 7.262
4 8 11 9.400
4 8 12 9.324
4 8 13 7.979
4 8 14 9.507
4 8 15 10.081
4 8 16 10.497
4 8 17 10.458
4 8 18 10.812
4 8 19 12.021
4 9 0 6.928
4 9 1 3.917
4 9 2 6.220
4 9 3 6.605
4 9 4 5.598
4 9 5 7.339
4 9 6 8.525
4 9 7 6.920
4 9 8 8.322
4 9 9 7.583
4 9 10 8.041
4 9 11 10.024
4 9 12 8.671
4 9 13 9.738
4 9 14 8.135
4 9 15 11.385
4 9 16 10.640
4 9 17 10.275
4 9 18 11.145
4 9 19 9.820
4 10 0 6.999
4 10 1 6.057
4 10 2 6.416
4 10 3 6.449
4 10 4 6.641
4 10 5 7.924
4 10 6 7.836
4 10 7 8.416
4 10 8 8.151
4 10 9 8.832
4 10 10 8.349
4 10 11 10.731
4 10 12 7.956
4 10 13 10.482
4 10 14 10.831
4 10 15 9.318
4 10 16 12.047
4 10 17 11.323
4 10 18 11.566
4 10 19 11.075
4 11 0 5.984
4 11 1 6.254
4 11 2 6.997
4 11 3 8.068
4 11 4 7.356
4 11 5 6.745
4 11 6 8.396
4 11 7 8.737
4 11 8 8.787
4 11 9 9.123
4 11 10 8.573
4 11 11 8.309
4 11 12 8.621
4 11 13 8.271
4 11 14 10.032
4 11 15 10.039
4 11 16 10.016
4 11 17 8.267
4 11 18 9.897
4 11 19 12.055
4 12 0 5.731
4 12 1 6.815
4 12 2 5.677
4 12 3 8.204
4 12 4 7.201
4 12 5 7.811
4 12 6 9.703
4 12 7 9.318
4 12 8 8.123
4 12 9 8.157
4 12 10 8.634
4 12 11 9.566
4 12 12 9.337
4 12 13 9.368
4 12 14 11.121
4 12 15 10.119
4 12 16 12.313
4 12 17 10.809
4 12 18 12.428
4 12 19 11.549
4 13 0 7.139
4 13 1 6.052
4 13 2 6.212
4 13 3 7.526
4 13 4 8.212
4 13 5 7.716
4 13 6 6.918
4 13 7 7.122
4 13 8 7.332
4 13 9 7.323
4 13 10 9.088
4 13 11 10.163
4 13 12 9.516
4 13 13 7.981
4 13 14 9.900
4 13 15 10.186
4 13 16 12.256
4 13 17 9.676
4 13 18 10.793
4 13 19 12.733
4 14 0 6.834
4 14 1 7.187
4 14 2 7.092
4 14 3 7.527
4 14 4 8.148
4 14 5 7.142
4 14 6 8.755
4 14 7 7.217
4 14 8 8.842
4 14 9 8.985
4 14 10 8.612
4 14 11 9.350
4 14 12 9.134
4 14 13 9.037
4 14 14 9.875
4 14 15 9.538
4 14 16 10.942
4 14 17 10.027
4 14 18 11.780
4 14 19 10.529
4 15 0 6.126
4 15 1 6.342
4 15 2 8.165
4 15 3 7.633
4 15 4 7.462
4 15 5 8.294
4 15 6 6.472
4 15 7 8.387
4 15 8 10.282
4 15 9 9.053
4 15 10 9.265
4 15 11 9.912
4 15 12 10.453
4 15 13 8.402
4 15 14 8.917
4 15 15 10.695
4 15 16 10.218
4 15 17 12.102
4 15 18 11.064
4 15 19 10.031
4 16 0 5.670
4 16 1 4.748
4 16 2 7.023
4 16 3 7.323
4 16 4 7.397
4 16 5 8.863
4 16 6 9.222
4 16 7 8.390
4 16 8 7.082
4 16 9 9.546
4 16 10 9.760
4 16 11 9.826
4 16 12 10.627
4 16 13 9.173
4 16 14 11.975
4 16 15 9.864
4 16 16 11.494
4 16 17 9.808
4 16 18 10.677
4 16 19 12.897
4 17 0 6.581
4 17 1 7.725
4 17 2 7.505
4 17 3 7.495
4 17 4 8.933
4 17 5 7.916
4 17 6 6.944
4 17 7 7.989
4 17 8 9.336
4 17 9 9.474
4 17 10 8.167
4 17 11 9.105
4 17 12 9.482
4 17 13 9.918
4 17 14 9.373
4 17 15 10.234
4 17 16 10.417
4 17 17 11.880
4 17 18 12.174
4 17 19 11.673
4 18 0 6.581
4 18 1 7.270
4 18 2 6.768
4 18 3 6.767
4 18 4 7.195
4 18 5 7.703
4 18 6 7.543
4 18 7 8.866
4 18 8 9.584
4 18 9 7.993
4 18 10 9.546
4 18 11 9.614
4 18 12 10.326
4 18 13 10.305
4 18 14 9.416
4 18 15 9.832
4 18 16 11.129
4 18 17 12.191
4 18 18 9.860
4 18 19 12.171
4 19 0 7.952
4 19 1 7.141
4 19 2 7.966
4 19 3 7.227
4 19 4 7.957
4 19 5 7.019
4 19 6 6.703
4 19 7 9.596
4 19 8 8.317
4 19 9 9.004
4 19 10 8.522
4 19 11 8.767
4 19 12 10.019
4 19 13 9.837
4 19 14 10.987
4 19 15 11.309
4 19 16 11.467
4 19 17 11.665
4 19 18 12.999
4 19 19 11.146
5 0 0 9.956
5 0 1 11.169
5 0 2 11.538
5 0 3 9.652
5 0 4 10.803
5 0 5 12.402
5 0 6 11.985
5 0 7 11.998
5 0 8 11.931
5 0 9 12.061
5 0 10 12.862
5 0 11 12.693
5 0 12 13.124
5 0 13 13.484
5 0 14 13.142
5 0 15 14.373
5 0 16 16.542
5 0 17 13.052
5 0 18 14.996
5 0 19 14.392
5 1 0 10.567
5 1 1 10.406
5 1 2 11.241
5 1 3 11.835
5 1 4 11.312
5 1 5 12.327
5 1 6 9.809
5 1 7 13.220
5 1 8 12.511
5 1 9 13.336
5 1 10 11.761
5 1 11 12.335
5 1 12 13.380
5 1 13 13.513
5 1 14 14.016
5 1 15 14.920
5 1 16 12.904
5 1 17 15.358
5 1 18 14.849
5 1 19 14.942
5 2 0 9.034
5 2 1 10.876
5 2 2 8.806
5 2 3 11.519
5 2 4 10.069
5 2 5 11.569
5 2 6 11.694
5 2 7 12.988
5 2 8 12.173
5 2 9 12.024
5 2 10 12.437
5 2 11 14.124
5 2 12 13.797
5 2 13 13.323
5 2 14 13.706
5 2 15 12.904
5 2 16 14.732
5 2 17 13.276
5 2 18 15.549
5 2 19 15.313
5 3 0 12.225
5 3 1 9.699
5 3 2 10.760
5 3 3 12.544
5 3 4 12.322
5 3 5 11.075
5 3 6 12.074
5 3 7 12.159
5 3 8 12.647
5 3 9 12.125
5 3 10 12.876
5 3 11 11.932
5 3 12 13.582
5 3 13 14.097
5 3 14 13.818
5 3 15 12.971
5 3 16 15.317
5 3 17 15.081
5 3 18 14.472
5 3 19 15.091
5 4 0 9.221
5 4 1 9.864
5 4 2 10.517
5 4 3 12.193
5 4 4 10.962
5 4 5 12.249
5 4 6 11.569
5 4 7 12.462
5 4 8 12.413
5 4 9 13.488
5 4 10 12.625
5 4 11 12.058
5 4 12 12.473
5 4 13 13.417
5 4 14 13.106
5 4 15 14.697
5 4 16 14.259
5 4 17 16.794
5 4 18 13.768
5 4 19 15.584
5 5 0 9.624
5 5 1 10.395
5 5 2 11.166
5 5 3 9.455
5 5 4 11.768
5 5 5 13.364
5 5 6 11.743
5 5 7 12.576
5 5 8 13.452
5 5 9 12.764
5 5 10 12.693
5 5 11 11.600
5 5 12 14.197
5 5 13 13.857
5 5 14 13.400
5 5 15 14.575
5 5 16 14.270
5 5 17 14.577
5 5 18 15.748
5 5 19 14.456
5 6 0 11.469
5 6 1 9.777
5 6 2 10.628
5 6 3 12.959
5 6 4 12.586
5 6 5 12.025
5 6 6 11.458
5 6 7 12.050
5 6 8 12.795
5 6 9 13.030
5 6 10 13.190
5 6 11 13.502
5 6 12 13.618
5 6 13 12.899
5 6 14 13.903
5 6 15 15.311
5 6 16 13.747
5 6 17 14.954
5 6 18 14.713
5 6 19 15.721
5 7 0 10.426
5 7 1 12.182
5 7 2 11.668
5 7 3 10.477
5 7 4 12.326
5 7 5 11.433
5 7 6 11.854
5 7 7 12.830
5 7 8 12.449
5 7 9 13.820
5 7 10 12.749
5 7 11 13.136
5 7 12 13.370
5 7 13 13.705
5 7 14 15.300
5 7 15 15.187
5 7 16 16.315
5 7 17 17.025
5 7 18 14.649
5 7 19 15.793
5 8 0 9.901
5 8 1 10.483
5 8 2 10.864
5 8 3 10.786
5 8 4 11.053
5 8 5 12.042
5 8 6 11.448
5 8 7 13.358
5 8 8 12.213
5 8 9 15.458
5 8 10 13.113
5 8 11 13.794
5 8 12 12.964
5 8 13 15.628
5 8 14 15.422
5 8 15 15.027
5 8 16 13.975
5 8 17 15.484
5 8 18 14.682
5 8 19 17.012
5 9 0 11.595
5 9 1 11.287
5 9 2 9.525
5 9 3 10.950
5 9 4 12.550
5 9 5 13.233
5 9 6 13.414
5 9 7 11.516
5 9 8 13.294
5 9 9 14.128
5 9 10 12.252
5 9 11 13.836
5 9 12 14.324
5 9 13 14.128
5 9 14 13.150
5 9 15 14.634
5 9 16 14.896
5 9 17 15.303
5 9 18 15.233
5 9 19 15.593
5 10 0 11.021
5 10 1 11.670
5 10 2 11.335
5 10 3 11.514
5 10 4 12.179
5 10 5 10.832
5 10 6 13.013
5 10 7 12.894
5 10 8 13.190
5 10 9 14.190
5 10 10 12.122
5 10 11 12.368
5 10 12 14.430
5 10 13 14.468
5 10 14 14.873
5 10 15 14.630
5 10 16 15.795
5 10 17 16.272
5 10 18 16.177
5 10 19 15.844
5 11 0 9.472
5 11 1 12.036
5 11 2 12.662
5 11 3 12.463
5 11 4 11.507
5 11 5 13.013
5 11 6 13.425
5 11 7 14.247
5 11 8 12.562
5 11 9 13.345
5 11 10 14.387
5 11 11 14.099
5 11 12 13.422
5 11 13 14.911
5 11 14 15.305
5 11 15 15.176
5 11 16 15.544
5 11 17 15.425
5 11 18 17.077
5 11 19 15.437
5 12 0 10.793
5 12 1 11.535
5 12 2 12.493
5 12 3 10.855
5 12 4 11.268
5 12 5 10.949
5 12 6 12.868
5 12 7 12.211
5 12 8 13.061
5 12 9 14.161
5 12 10 13.382
5 12 11 14.343
5 12 12 14.182
5 12 13 15.222
5 12 14 15.327
5 12 15 14.657
5 12 16 15.339
5 12 17 16.572
5 12 18 16.315
5 12 19 15.146
5 13 0 11.893
5 13 1 10.764
5 13 2 13.025
5 13 3 12.977
5 13 4 12.653
5 13 5 12.810
5 13 6 12.780
5 13 7 13.753
5 13 8 13.177
5 13 9 13.925
5 13 10 14.698
5 13 11 13.814
5 13 12 14.033
5 13 13 13.834
5 13 14 14.201
5 13 15 13.853
5 13 16 16.163
5 13 17 17.289
5 13 18 17.246
5 13 19 15.068
5 14 0 12.054
5 14 1 12.875
5 14 2 11.635
5 14 3 12.344
5 14 4 10.920
5 14 5 13.003
5 14 6 12.202
5 14 7 13.475
5 14 8 12.330
5 14 9 14.276
5 14 10 14.925
5 14 11 13.742
5 14 12 13.722
5 14 13 13.170
5 14 14 14.945
5 14 15 14.956
5 14 16 14.443
5 14 17 16.310
5 14 18 15.851
5 14 19 15.613
5 15 0 11.135
5 15 1 12.699
5 15 2 12.588
5 15 3 12.264
5 15 4 13.127
5 15 5 11.966
5 15 6 13.184
5 15 7 13.539
5 15 8 13.308
5 15 9 14.296
5 15 10 13.586
5 15 11 14.882
5 15 12 15.178
5 15 13 12.666
5 15 14 16.215
5 15 15 13.088
5 15 16 15.297
5 15 17 16.873
5 15 18 16.062
5 15 19 15.406
5 16 0 10.809
5 16 1 12.769
5 16 2 10.673
5 16 3 13.377
5 16 4 12.693
5 16 5 12.046
5 16 6 12.797
5 16 7 12.713
5 16 8 14.482
5 16 9 14.639
5 16 10 12.940
5 16 11 14.256
5 16 12 14.152
5 16 13 16.140
5 16 14 14.288
5 16 15 16.915
5 16 16 15.868
5 16 17 15.228
5 16 18 15.879
5 16 19 16.043
5 17 0 10.770
5 17 1 12.128
5 17 2 11.333
5 17 3 10.835
5 17 4 12.538
5 17 5 11.663
5 17 6 12.767
5 17 7 12.904
5 17 8 13.198
5 17 9 15.759
5 17 10 14.466
5 17 11 14.881
5 17 12 13.526
5 17 13 14.687
5 17 14 15.646
5 17 15 14.917
5 17 16 16.726
5 17 17 15.301
5 17 18 16.297
5 17 19 16.321
5 18 0 12.026
5 18 1 11.646
5 18 2 12.204
5 18 3 12.495
5 18 4 12.360
5 18 5 13.599
5 18 6 13.664
5 18 7 13.666
5 18 8 13.656
5 18 9 14.900
5 18 10 14.338
5 18 11 14.544
5 18 12 15.136
5 18 13 16.673
5 18 14 14.507
5 18 15 16.458
5 18 16 14.591
5 18 17 16.542
5 18 18 17.892
5 18 19 17.286
5 19 0 12.137
5 19 1 11.815
5 19 2 12.551
5 19 3 12.588
5 19 4 12.424
5 19 5 13.084
5 19 6 13.738
5 19 7 13.228
5 19 8 13.460
5 19 9 13.280
5 19 10 14.944
5 19 11 15.331
5 19 12 15.343
5 19 13 16.193
5 19 14 15.755
5 19 15 16.261
5 19 16 16.454
5 19 17 16.400
5 19 18 16.312
5 19 19 18.771
6 0 0 13.299
6 0 1 13.391
6 0 2 14.534
6 0 3 14.651
6 0 4 13.589
6 0 5 15.874
6 0 6 15.164
6 0 7 14.614
6 0 8 16.717
6 0 9 16.529
6 0 10 15.280
6 0 11 17.977
6 0 12 17.345
6 0 13 17.073
6 0 14 18.617
6 0 15 17.735
6 0 16 17.848
6 0 17 17.606
6 0 18 18.863
6 0 19 19.042
6 1 0 13.777
6 1 1 13.397
6 1 2 14.396
6 1 3 14.499
6 1 4 13.751
6 1 5 13.904
6 1 6 15.797
6 1 7 13.526
6 1 8 16.035
6 1 9 15.751
6 1 10 17.444
6 1 11 16.265
6 1 12 17.451
6 1 13 16.869
6 1 14 17.541
6 1 15 18.302
6 1 16 17.606
6 1 17 19.036
6 1 18 17.707
6 1 19 19.001
6 2 0 14.609
6 2 1 14.662
6 2 2 15.930
6 2 3 14.050
6 2 4 13.820
6 2 5 14.391
6 2 6 15.978
6 2 7 16.111
6 2 8 16.058
6 2 9 15.341
6 2 10 17.116
6 2 11 15.786
6 2 12 17.956
6 2 13 19.578
6 2 14 17.848
6 2 15 18.285
6 2 16 17.687
6 2 17 16.896
6 2 18 18.125
6 2 19 17.996
6 3 0 12.818
6 3 1 15.617
6 3 2 14.721
6 3 3 15.069
6 3 4 14.781
6 3 5 15.154
6 3 6 16.327
6 3 7 15.792
6 3 8 16.506
6 3 9 16.188
6 3 10 16.334
6 3 11 15.745
6 3 12 15.552
6 3 13 17.188
6 3 14 17.705
6 3 15 16.895
6 3 16 18.159
6 3 17 18.493
6 3 18 16.988
6 3 19 18.244
6 4 0 14.407
6 4 1 14.654
6 4 2 13.685
6 4 3 14.998
6 4 4 15.952
6 4 5 16.019
6 4 6 15.584
6 4 7 15.549
6 4 8 15.683
6 4 9 16.824
6 4 10 16.869
6 4 11 17.480
6 4 12 17.345
6 4 13 18.157
6 4 14 17.841
6 4 15 18.656
6 4 16 18.988
6 4 17 17.911
6 4 18 17.372
6 4 19 20.316
6 5 0 14.392
6 5 1 13.078
6 5 2 14.142
6 5 3 15.594
6 5 4 15.015
6 5 5 15.093
6 5 6 16.886
6 5 7 15.191
6 5 8 15.653
6 5 9 16.724
6 5 10 17.131
6 5 11 17.478
6 5 12 18.073
6 5 13 17.766
6 5 14 18.262
6 5 15 17.927
6 5 16 18.447
6 5 17 18.746
6 5 18 19.095
6 5 19 19.805
6 6 0 14.736
6 6 1 14.590
6 6 2 14.171
6 6 3 15.135
6 6 4 15.322
6 6 5 15.762
6 6 6 17.636
6 6 7 15.715
6 6 8 16.735
6 6 9 17.515
6 6 10 17.002
6 6 11 19.057
6 6 12 17.147
6 6 13 17.972
6 6 14 17.337
6 6 15 17.958
6 6 16 18.702
6 6 17 19.443
6 6 18 19.284
6 6 19 20.299
6 7 0 14.321
6 7 1 14.395
6 7 2 17.087
6 7 3 15.502
6 7 4 14.874
6 7 5 15.157
6 7 6 15.222
6 7 7 16.988
6 7 8 16.211
6 7 9 16.867
6 7 10 16.978
6 7 11 17.877
6 7 12 16.878
6 7 13 16.958
6 7 14 18.261
6 7 15 18.825
6 7 16 18.874
6 7 17 18.223
6 7 18 19.676
6 7 19 18.802
6 8 0 14.085
6 8 1 14.010
6 8 2 16.070
6 8 3 15.799
6 8 4 16.039
6 8 5 16.816
6 8 6 18.331
6 8 7 14.977
6 8 8 16.017
6 8 9 16.378
6 8 10 16.453
6 8 11 16.535
6 8 12 17.421
6 8 13 16.950
6 8 14 18.455
6 8 15 18.491
6 8 16 19.098
6 8 17 19.382
6 8 18 19.722
6 8 19 19.204
6 9 0 16.305
6 9 1 15.058
6 9 2 13.644
6 9 3 14.595
6 9 4 14.268
6 9 5 15.937
6 9 6 16.089
6 9 7 16.075
6 9 8 18.322
6 9 9 17.415
6 9 10 17.820
6 9 11 16.758
6 9 12 16.966
6 9 13 18.058
6 9 14 18.430
6 9 15 17.070
6 9 16 18.674
6 9 17 19.093
6 9 18 19.172
6 9 19 18.957
6 10 0 14.281
6 10 1 14.835
6 10 2 15.312
6 10 3 15.986
6 10 4 16.630
6 10 5 15.793
6 10 6 15.927
6 10 7 16.905
6 10 8 17.307
6 10 9 16.734
6 10 10 17.977
6 10 11 18.391
6 10 12 18.904
6 10 13 19.557
6 10 14 17.704
6 10 15 18.671
6 10 16 18.932
6 10 17 19.108
6 10 18 18.930
6 10 19 18.524
6 11 0 14.892
6 11 1 14.467
6 11 2 15.413
6 11 3 14.972
6 11 4 14.991
6 11 5 16.321
6 11 6 16.518
6 11 7 17.124
6 11 8 18.672
6 11 9 17.408
6 11 10 17.838
6 11 11 16.851
6 11 12 16.947
6 11 13 19.505
6 11 14 17.764
6 11 15 17.930
6 11 16 18.997
6 11 17 19.220
6 11 18 18.833
6 11 19 19.574
6 12 0 15.907
6 12 1 14.542
6 12 2 14.335
6 12 3 16.467
6 12 4 16.370
6 12 5 15.743
6 12 6 15.237
6 12 7 16.170
6 12 8 16.985
6 12 9 18.224
6 12 10 16.726
6 12 11 17.751
6 12 12 18.621
6 12 13 16.439
6 12 14 19.435
6 12 15 17.925
6 12 16 19.400
6 12 17 19.594
6 12 18 20.528
6 12 19 20.364
6 13 0 13.127
6 13 1 14.664
6 13 2 15.666
6 13 3 15.662
6 13 4 16.463
6 13 5 16.976
6 13 6 17.094
6 13 7 16.699
6 13 8 15.657
6 13 9 17.033
6 13 10 17.993
6 13 11 17.051
6 13 12 18.692
6 13 13 19.176
6 13 14 18.814
6 13 15 16.525
6 13 16 18.217
6 13 17 21.011
6 13 18 19.328
6 13 19 18.441
6 14 0 16.122
6 14 1 15.408
6 14 2 16.544
6 14 3 16.145
6 14 4 16.553
6 14 5 16.740
6 14 6 17.271
6 14 7 18.798
6 14 8 18.016
6 14 9 16.238
6 14 10 18.123
6 14 11 18.942
6 14 12 19.254
6 14 13 18.214
6 14 14 19.750
6 14 15 19.824
6 14 16 21.402
6 14 17 19.008
6 14 18 19.465
6 14 19 19.889
6 15 0 14.847
6 15 1 14.790
6 15 2 13.555
6 15 3 15.681
6 15 4 16.587
6 15 5 16.160
6 15 6 18.366
6 15 7 17.092
6 15 8 18.377
6 15 9 17.817
6 15 10 18.532
6 15 11 18.357
6 15 12 19.492
6 15 13 18.705
6 15 14 19.320
6 15 15 19.480
6 15 16 19.219
6 15 17 20.037
6 15 18 21.764
6 15 19 20.023
6 16 0 15.680
6 16 1 16.614
6 16 2 16.783
6 16 3 16.143
6 16 4 14.490
6 16 5 17.074
6 16 6 15.148
6 16 7 18.363
6 16 8 17.585
6 16 9 18.513
6 16 10 17.254
6 16 11 16.997
6 16 12 18.711
6 16 13 18.739
6 16 14 18.635
6 16 15 19.360
6 16 16 21.769
6 16 17 20.486
6 16 18 20.921
6 16 19 21.020
6 17 0 16.633
6 17 1 15.561
6 17 2 14.332
6 17 3 16.088
6 17 4 17.152
6 17 5 15.990
6 17 6 16.888
6 17 7 16.738
6 17 8 18.757
6 17 9 18.418
6 17 10 18.603
6 17 11 18.842
6 17 12 18.578
6 17 13 19.029
6 17 14 18.186
6 17 15 17.648
6 17 16 19.780
6 17 17 20.183
6 17 18 21.154
6 17 19 21.707
6 18 0 16.811
6 18 1 15.020
6 18 2 15.799
6 18 3 16.729
6 18 4 18.633
6 18 5 18.055
6 18 6 18.029
6 18 7 17.087
6 18 8 16.954
6 18 9 18.555
6 18 10 17.306
6 18 11 18.259
6 18 12 18.621
6 18 13 20.250
6 18 14 18.955
6 18 15 17.551
6 18 16 20.169
6 18 17 19.469
6 18 18 20.326
6 18 19 20.486
6 19 0 15.441
6 19 1 16.556
6 19 2 14.960
6 19 3 16.036
6 19 4 17.260
6 19 5 16.485
6 19 6 15.952
6 19 7 18.037
6 19 8 18.664
6 19 9 17.993
6 19 10 16.723
6 19 11 19.120
6 19 12 17.490
6 19 13 19.328
6 19 14 18.634
6 19 15 18.680
6 19 16 19.517
6 19 17 19.987
6 19 18 19.882
6 19 19 21.131
7 0 0 14.643
7 0 1 16.047
7 0 2 15.751
7 0 3 15.231
7 0 4 15.360
7 0 5 14.998
7 0 6 16.812
7 0 7 16.558
7 0 8 15.208
7 0 9 16.940
7 0 10 16.911
7 0 11 19.155
7 0 12 16.796
7 0 13 17.268
7 0 14 19.572
7 0 15 20.033
7 0 16 18.615
7 0 17 18.968
7 0 18 20.230
7 0 19 18.138
7 1 0 13.616
7 1 1 15.144
7 1 2 16.871
7 1 3 15.546
7 1 4 16.239
7 1 5 17.328
7 1 6 18.370
7 1 7 16.486
7 1 8 17.197
7 1 9 18.931
7 1 10 16.519
7 1 11 18.822
7 1 12 17.449
7 1 13 18.608
7 1 14 18.595
7 1 15 18.286
7 1 16 18.529
7 1 17 19.800
7 1 18 20.639
7 1 19 20.001
7 2 0 15.267
7 2 1 15.931
7 2 2 14.960
7 2 3 16.592
7 2 4 16.919
7 2 5 18.609
7 2 6 16.489
7 2 7 16.686
7 2 8 17.931
7 2 9 18.234
7 2 10 17.414
7 2 11 17.783
7 2 12 18.801
7 2 13 17.970
7 2 14 18.566
7 2 15 19.230
7 2 16 20.218
7 2 17 19.201
7 2 18 18.473
7 2 19 18.677
7 3 0 14.308
7 3 1 14.528
7 3 2 15.718
7 3 3 15.154
7 3 4 15.806
7 3 5 16.012
7 3 6 16.542
7 3 7 18.216
7 3 8 17.951
7 3 9 17.697
7 3 10 17.579
7 3 11 17.864
7 3 12 18.736
7 3 13 19.204
7 3 14 18.274
7 3 15 19.292
7 3 16 17.901
7 3 17 19.959
7 3 18 20.662
7 3 19 20.092
7 4 0 16.874
7 4 1 14.979
7 4 2 16.121
7 4 3 16.182
7 4 4 16.393
7 4 5 16.645
7 4 6 17.086
7 4 7 17.942
7 4 8 18.629
7 4 9 17.788
7 4 10 18.705
7 4 11 17.754
7 4 12 19.192
7 4 13 18.233
7 4 14 19.978
7 4 15 21.137
7 4 16 19.534
7 4 17 18.141
7 4 18 19.719
7 4 19 21.407
7 5 0 15.969
7 5 1 15.989
7 5 2 16.860
7 5 3 16.703
7 5 4 17.553
7 5 5 17.578
7 5 6 18.323
7 5 7 17.655
7 5 8 18.356
7 5 9 17.649
7 5 10 17.677
7 5 11 19.786
7 5 12 18.857
7 5 13 19.591
7 5 14 19.310
7 5 15 19.004
7 5 16 19.746
7 5 17 21.149
7 5 18 20.707
7 5 19 19.157
7 6 0 15.459
7 6 1 17.321
7 6 2 15.987
7 6 3 14.981
7 6 4 18.199
7 6 5 17.493
7 6 6 17.155
7 6 7 17.177
7 6 8 18.603
7 6 9 17.566
7 6 10 19.182
7 6 11 18.960
7 6 12 18.985
7 6 13 19.169
7 6 14 19.176
7 6 15 20.415
7 6 16 19.150
7 6 17 18.808
7 6 18 20.860
7 6 19 21.137
7 7 0 16.121
7 7 1 16.326
7 7 2 16.007
7 7 3 17.156
7 7 4 16.753
7 7 5 16.663
7 7 6 17.066
7 7 7 19.195
7 7 8 16.454
7 7 9 18.505
7 7 10 17.025
7 7 11 18.545
7 7 12 18.548
7 7 13 17.490
7 7 14 19.732
7 7 15 19.380
7 7 16 18.268
7 7 17 20.882
7 7 18 21.622
7 7 19 21.929
7 8 0 16.129
7 8 1 16.142
7 8 2 17.431
7 8 3 17.977
7 8 4 17.802
7 8 5 16.405
7 8 6 17.582
7 8 7 18.036
7 8 8 16.500
7 8 9 18.586
7 8 10 20.292
7 8 11 19.249
7 8 12 20.179
7 8 13 19.409
7 8 14 19.468
7 8 15 20.094
7 8 16 19.400
7 8 17 19.545
7 8 18 21.592
7 8 19 21.940
7 9 0 15.154
7 9 1 16.985
7 9 2 16.404
7 9 3 17.009
7 9 4 17.368
7 9 5 18.059
7 9 6 17.592
7 9 7 18.918
7 9 8 18.300
7 9 9 18.815
7 9 10 17.912
7 9 11 20.569
7 9 12 19.481
7 9 13 19.939
7 9 14 18.345
7 9 15 19.237
7 9 16 21.148
7 9 17 20.651
7 9 18 19.153
7 9 19 21.778
7 10 0 15.618
7 10 1 17.445
7 10 2 16.509
7 10 3 17.006
7 10 4 18.048
7 10 5 16.650
7 10 6 16.837
7 10 7 17.738
7 10 8 18.820
7 10 9 17.356
7 10 10 17.350
7 10 11 19.606
7 10 12 18.728
7 10 13 19.160
7 10 14 18.251
7 10 15 19.457
7 10 16 20.257
7 10 17 21.271
7 10 18 20.172
7 10 19 22.379
7 11 0 15.610
7 11 1 15.875
7 11 2 17.914
7 11 3 17.117
7 11 4 16.769
7 11 5 17.350
7 11 6 18.819
7 11 7 19.173
7 11 8 17.610
7 11 9 18.492
7 11 10 18.862
7 11 11 18.264
7 11 12 19.271
7 11 13 19.583
7 11 14 20.754
7 11 15 21.071
7 11 16 20.105
7 11 17 20.460
7 11 18 21.426
7 11 19 20.690
7 12 0 16.734
7 12 1 16.456
7 12 2 16.014
7 12 3 16.287
7 12 4 18.473
7 12 5 17.454
7 12 6 19.154
7 12 7 17.694
7 12 8 18.601
7 12 9 20.546
7 12 10 18.049
7 12 11 17.640
7 12 12 20.450
7 12 13 19.023
7 12 14 19.931
7 12 15 19.742
7 12 16 20.688
7 12 17 19.976
7 12 18 20.856
7 12 19 21.623
7 13 0 15.562
7 13 1 16.072
7 13 2 16.617
7 13 3 16.015
7 13 4 17.083
7 13 5 17.779
7 13 6 17.628
7 13 7 17.993
7 13 8 18.458
7 13 9 18.212
7 13 10 19.553
7 13 11 20.412
7 13 12 19.155
7 13 13 20.178
7 13 14 19.861
7 13 15 20.608
7 13 16 21.832
7 13 17 21.249
7 13 18 19.687
7 13 19 21.732
7 14 0 17.460
7 14 1 16.560
7 14 2 17.797
7 14 3 16.711
7 14 4 16.338
7 14 5 17.902
7 14 6 16.647
7 14 7 18.124
7 14 8 19.608
7 14 9 17.314
7 14 10 18.082
7 14 11 18.543
7 14 12 19.581
7 14 13 19.602
7 14 14 21.277
7 14 15 21.185
7 14 16 21.080
7 14 17 21.064
7 14 18 21.525
7 14 19 20.784
7 15 0 17.265
7 15 1 15.952
7 15 2 17.774
7 15 3 18.317
7 15 4 17.800
7 15 5 17.754
7 15 6 18.478
7 15 7 16.132
7 15 8 18.926
7 15 9 18.857
7 15 10 19.170
7 15 11 20.039
7 15 12 19.677
7 15 13 19.088
7 15 14 20.150
7 15 15 20.580
7 15 16 20.881
7 15 17 21.182
7 15 18 22.147
7 15 19 20.710
7 16 0 16.825
7 16 1 17.979
7 16 2 15.823
7 16 3 17.617
7 16 4 17.269
7 16 5 17.703
7 16 6 17.539
7 16 7 18.391
7 16 8 20.262
7 16 9 18.041
7 16 10 18.380
7 16 11 18.537
7 16 12 21.224
7 16 13 19.735
7 16 14 20.348
7 16 15 20.309
7 16 16 20.139
7 16 17 20.970
7 16 18 23.388
7 16 19 22.798
7 17 0 16.107
7 17 1 17.571
7 17 2 16.651
7 17 3 16.158
7 17 4 18.658
7 17 5 19.033
7 17 6 19.205
7 17 7 18.256
7 17 8 18.761
7 17 9 19.758
7 17 10 19.734
7 17 11 19.369
7 17 12 18.652
7 17 13 20.302
7 17 14 21.337
7 17 15 19.779
7 17 16 21.511
7 17 17 21.528
7 17 18 22.126
7 17 19 22.487
7 18 0 16.339
7 18 1 15.864
7 18 2 16.994
7 18 3 18.396
7 18 4 17.514
7 18 5 17.655
7 18 6 17.017
7 18 7 20.139
7 18 8 19.661
7 18 9 19.879
7 18 10 20.300
7 18 11 20.251
7 18 12 19.857
7 18 13 20.185
7 18 14 20.237
7 18 15 22.950
7 18 16 21.550
7 18 17 20.997
7 18 18 22.004
7 18 19 21.086
7 19 0 18.204
7 19 1 16.734
7 19 2 17.927
7 19 3 18.642
7 19 4 18.360
7 19 5 18.391
7 19 6 18.588
7 19 7 18.797
7 19 8 18.644
7 19 9 19.009
7 19 10 20.815
7 19 11 19.808
7 19 12 19.529
7 19 13 20.008
7 19 14 21.565
7 19 15 21.488
7 19 16 21.659
7 19 17 21.268
7 19 18 22.196
7 19 19 21.485
8 0 0 13.453
8 0 1 14.699
8 0 2 14.886
8 0 3 13.664
8 0 4 14.028
8 0 5 15.063
8 0 6 16.620
8 0 7 13.970
8 0 8 15.988
8 0 9 14.928
8 0 10 15.784
8 0 11 16.263
8 0 12 16.482
8 0 13 16.654
8 0 14 17.350
8 0 15 17.179
8 0 16 16.701
8 0 17 18.758
8 0 18 18.999
8 0 19 19.335
8 1 0 12.533
8 1 1 14.268
8 1 2 14.833
8 1 3 13.730
8 1 4 14.825
8 1 5 14.988
8 1 6 16.818
8 1 7 17.147
8 1 8 14.539
8 1 9 18.129
8 1 10 15.665
8 1 11 17.445
8 1 12 17.700
8 1 13 16.390
8 1 14 17.844
8 1 15 17.627
8 1 16 18.420
8 1 17 18.424
8 1 18 19.459
8 1 19 18.826
8 2 0 13.736
8 2 1 15.011
8 2 2 14.861
8 2 3 15.246
8 2 4 14.392
8 2 5 14.350
8 2 6 14.996
8 2 7 15.216
8 2 8 16.605
8 2 9 17.020
8 2 10 16.378
8 2 11 17.910
8 2 12 18.123
8 2 13 17.487
8 2 14 16.897
8 2 15 19.078
8 2 16 18.032
8 2 17 18.445
8 2 18 18.336
8 2 19 18.159
8 3 0 12.801
8 3 1 14.745
8 3 2 13.876
8 3 3 17.213
8 3 4 14.160
8 3 5 14.286
8 3 6 15.963
8 3 7 17.042
8 3 8 16.133
8 3 9 16.802
8 3 10 15.133
8 3 11 16.329
8 3 12 16.275
8 3 13 15.881
8 3 14 17.754
8 3 15 16.129
8 3 16 17.129
8 3 17 18.020
8 3 18 18.048
8 3 19 19.293
8 4 0 14.326
8 4 1 15.060
8 4 2 15.210
8 4 3 15.783
8 4 4 15.132
8 4 5 15.640
8 4 6 16.069
8 4 7 16.037
8 4 8 15.869
8 4 9 16.184
8 4 10 16.059
8 4 11 17.313
8 4 12 17.164
8 4 13 16.972
8 4 14 17.236
8 4 15 17.060
8 4 16 19.075
8 4 17 18.618
8 4 18 18.128
8 4 19 19.728
8 5 0 13.738
8 5 1 13.325
8 5 2 15.530
8 5 3 14.546
8 5 4 14.912
8 5 5 15.535
8 5 6 16.680
8 5 7 16.045
8 5 8 15.333
8 5 9 16.990
8 5 10 16.430
8 5 11 18.592
8 5 12 17.344
8 5 13 15.820
8 5 14 18.157
8 5 15 19.690
8 5 16 19.658
8 5 17 20.125
8 5 18 18.108
8 5 19 19.916
8 6 0 13.714
8 6 1 14.734
8 6 2 13.800
8 6 3 14.566
8 6 4 14.803
8 6 5 16.326
8 6 6 16.511
8 6 7 16.355
8 6 8 15.317
8 6 9 16.411
8 6 10 16.327
8 6 11 17.882
8 6 12 18.392
8 6 13 18.558
8 6 14 17.372
8 6 15 16.048
8 6 16 17.089
8 6 17 19.903
8 6 18 18.708
8 6 19 18.691
8 7 0 15.711
8 7 1 15.672
8 7 2 14.943
8 7 3 14.952
8 7 4 15.344
8 7 5 15.895
8 7 6 17.256
8 7 7 16.577
8 7 8 17.083
8 7 9 17.701
8 7 10 16.093
8 7 11 17.896
8 7 12 17.319
8 7 13 15.805
8 7 14 16.379
8 7 15 17.530
8 7 16 19.033
8 7 17 18.962
8 7 18 19.281
8 7 19 20.958
8 8 0 13.487
8 8 1 14.744
8 8 2 15.272
8 8 3 14.703
8 8 4 15.578
8 8 5 14.538
8 8 6 17.209
8 8 7 15.799
8 8 8 18.233
8 8 9 16.845
8 8 10 17.956
8 8 11 17.354
8 8 12 17.636
8 8 13 17.456
8 8 14 18.282
8 8 15 18.704
8 8 16 18.085
8 8 17 18.876
8 8 18 18.751
8 8 19 21.342
8 9 0 14.536
8 9 1 16.107
8 9 2 14.977
8 9 3 15.605
8 9 4 14.603
8 9 5 15.566
8 9 6 16.355
8 9 7 17.719
8 9 8 16.890
8 9 9 18.083
8 9 10 17.752
8 9 11 18.804
8 9 12 17.718
8 9 13 19.941
8 9 14 17.904
8 9 15 17.942
8 9 16 17.850
8 9 17 20.946
8 9 18 20.000
8 9 19 19.340
8 10 0 15.712
8 10 1 15.526
8 10 2 16.812
8 10 3 14.264
8 10 4 15.553
8 10 5 15.659
8 10 6 14.713
8 10 7 17.403
8 10 8 16.602
8 10 9 17.673
8 10 10 19.232
8 10 11 17.325
8 10 12 17.534
8 10 13 18.229
8 10 14 19.187
8 10 15 18.207
8 10 16 18.419
8 10 17 20.032
8 10 18 19.753
8 10 19 18.077
8 11 0 13.838
8 11 1 16.282
8 11 2 15.666
8 11 3 14.998
8 11 4 15.734
8 11 5 16.145
8 11 6 16.986
8 11 7 15.574
8 11 8 16.251
8 11 9 17.405
8 11 10 17.370
8 11 11 18.170
8 11 12 16.992
8 11 13 18.525
8 11 14 19.376
8 11 15 19.155
8 11 16 19.140
8 11 17 19.215
8 11 18 18.887
8 11 19 19.761
8 12 0 15.931
8 12 1 15.091
8 12 2 14.738
8 12 3 15.319
8 12 4 16.137
8 12 5 15.940
8 12 6 16.891
8 12 7 17.184
8 12 8 17.740
8 12 9 18.431
8 12 10 18.352
8 12 11 17.071
8 12 12 17.358
8 12 13 18.284
8 12 14 18.247
8 12 15 17.960
8 12 16 18.781
8 12 17 19.017
8 12 18 19.123
8 12 19 19.671
8 13 0 15.971
8 13 1 15.451
8 13 2 17.532
8 13 3 15.955
8 13 4 15.849
8 13 5 16.348
8 13 6 16.813
8 13 7 17.219
8 13 8 18.795
8 13 9 16.721
8 13 10 18.347
8 13 11 18.090
8 13 12 16.930
8 13 13 19.066
8 13 14 19.727
8 13 15 18.290
8 13 16 19.232
8 13 17 18.122
8 13 18 18.758
8 13 19 20.867
8 14 0 14.761
8 14 1 14.510
8 14 2 15.844
8 14 3 15.505
8 14 4 15.810
8 14 5 17.041
8 14 6 15.783
8 14 7 16.252
8 14 8 17.362
8 14 9 18.278
8 14 10 18.756
8 14 11 17.497
8 14 12 19.042
8 14 13 17.928
8 14 14 20.279
8 14 15 18.174
8 14 16 20.407
8 14 17 19.082
8 14 18 21.481
8 14 19 20.607
8 15 0 14.426
8 15 1 15.085
8 15 2 16.390
8 15 3 16.871
8 15 4 16.235
8 15 5 16.591
8 15 6 17.425
8 15 7 17.187
8 15 8 16.310
8 15 9 16.957
8 15 10 18.059
8 15 11 19.106
8 15 12 19.690
8 15 13 19.284
8 15 14 19.153
8 15 15 19.786
8 15 16 18.916
8 15 17 19.590
8 15 18 19.317
8 15 19 19.240
8 16 0 15.611
8 16 1 15.756
8 16 2 16.421
8 16 3 16.571
8 16 4 16.591
8 16 5 17.106
8 16 6 16.889
8 16 7 17.517
8 16 8 16.869
8 16 9 18.009
8 16 10 18.511
8 16 11 17.703
8 16 12 18.544
8 16 13 18.267
8 16 14 18.607
8 16 15 18.392
8 16 16 20.568
8 16 17 20.671
8 16 18 20.511
8 16 19 21.922
8 17 0 15.298
8 17 1 18.138
8 17 2 15.794
8 17 3 16.443
8 17 4 16.184
8 17 5 17.063
8 17 6 17.697
8 17 7 17.201
8 17 8 18.976
8 17 9 18.009
8 17 10 18.298
8 17 11 17.617
8 17 12 18.942
8 17 13 18.764
8 17 14 18.647
8 17 15 18.776
8 17 16 21.798
8 17 17 19.713
8 17 18 19.021
8 17 19 19.891
8 18 0 15.514
8 18 1 16.255
8 18 2 16.525
8 18 3 16.886
8 18 4 16.092
8 18 5 17.143
8 18 6 16.433
8 18 7 16.901
8 18 8 16.926
8 18 9 16.973
8 18 10 19.038
8 18 11 19.001
8 18 12 19.494
8 18 13 19.007
8 18 14 19.861
8 18 15 18.093
8 18 16 20.456
8 18 17 20.170
8 18 18 20.794
8 18 19 20.859
8 19 0 14.871
8 19 1 14.725
8 19 2 15.617
8 19 3 16.902
8 19 4 17.265
8 19 5 15.882
8 19 6 16.454
8 19 7 16.924
8 19 8 17.480
8 19 9 16.939
8 19 10 17.154
8 19 11 17.898
8 19 12 18.887
8 19 13 18.137
8 19 14 19.252
8 19 15 20.454
8 19 16 18.829
8 19 17 19.969
8 19 18 21.217
8 19 19 20.326
9 0 0 9.541
9 0 1 11.194
9 0 2 10.281
9 0 3 11.673
9 0 4 11.396
9 0 5 11.042
9 0 6 11.963
9 0 7 12.098
9 0 8 12.922
9 0 9 11.930
9 0 10 12.665
9 0 11 12.846
9 0 12 13.721
9 0 13 12.601
9 0 14 14.498
9 0 15 14.320
9 0 16 13.157
9 0 17 15.440
9 0 18 16.524
9 0 19 15.801
9 1 0 11.247
9 1 1 10.437
9 1 2 9.302
9 1 3 9.419
9 1 4 11.362
9 1 5 10.947
9 1 6 10.953
9 1 7 11.897
9 1 8 12.703
9 1 9 11.311
9 1 10 12.378
9 1 11 14.208
9 1 12 12.403
9 1 13 14.222
9 1 14 13.402
9 1 15 14.489
9 1 16 15.194
9 1 17 15.172
9 1 18 15.569
9 1 19 14.184
9 2 0 11.101
9 2 1 9.792
9 2 2 10.944
9 2 3 11.207
9 2 4 11.651
9 2 5 11.796
9 2 6 11.114
9 2 7 10.973
9 2 8 13.014
9 2 9 12.728
9 2 10 13.762
9 2 11 13.069
9 2 12 12.244
9 2 13 14.404
9 2 14 13.598
9 2 15 14.431
9 2 16 13.903
9 2 17 16.000
9 2 18 14.246
9 2 19 14.941
9 3 0 10.402
9 3 1 9.705
9 3 2 11.107
9 3 3 12.395
9 3 4 10.976
9 3 5 11.948
9 3 6 9.695
9 3 7 12.127
9 3 8 12.171
9 3 9 12.029
9 3 10 13.813
9 3 11 12.950
9 3 12 13.332
9 3 13 13.435
9 3 14 12.467
9 3 15 13.358
9 3 16 15.295
9 3 17 13.102
9 3 18 14.440
9 3 19 14.996
9 4 0 11.816
9 4 1 11.299
9 4 2 10.502
9 4 3 12.254
9 4 4 10.881
9 4 5 12.544
9 4 6 10.913
9 4 7 13.122
9 4 8 12.201
9 4 9 11.967
9 4 10 12.879
9 4 11 13.538
9 4 12 13.183
9 4 13 14.285
9 4 14 13.639
9 4 15 14.865
9 4 16 14.985
9 4 17 14.846
9 4 18 14.805
9 4 19 15.542
9 5 0 10.967
9 5 1 12.439
9 5 2 11.804
9 5 3 12.097
9 5 4 14.050
9 5 5 12.255
9 5 6 12.493
9 5 7 12.932
9 5 8 11.824
9 5 9 12.540
9 5 10 12.753
9 5 11 13.939
9 5 12 13.545
9 5 13 14.058
9 5 14 15.080
9 5 15 15.164
9 5 16 14.607
9 5 17 14.464
9 5 18 16.171
9 5 19 16.145
9 6 0 9.347
9 6 1 10.644
9 6 2 11.290
9 6 3 12.044
9 6 4 12.412
9 6 5 12.174
9 6 6 12.679
9 6 7 12.525
9 6 8 12.198
9 6 9 12.791
9 6 10 13.278
9 6 11 13.499
9 6 12 12.281
9 6 13 13.735
9 6 14 14.361
9 6 15 14.354
9 6 16 14.645
9 6 17 15.496
9 6 18 14.505
9 6 19 14.329
9 7 0 10.458
9 7 1 11.611
9 7 2 12.613
9 7 3 12.152
9 7 4 10.615
9 7 5 11.867
9 7 6 12.521
9 7 7 12.721
9 7 8 13.274
9 7 9 12.372
9 7 10 13.420
9 7 11 13.968
9 7 12 14.555
9 7 13 13.513
9 7 14 14.145
9 7 15 12.521
9 7 16 14.450
9 7 17 14.791
9 7 18 14.658
9 7 19 15.869
9 8 0 10.797
9 8 1 9.298
9 8 2 11.541
9 8 3 10.889
9 8 4 12.283
9 8 5 11.132
9 8 6 12.445
9 8 7 12.458
9 8 8 13.190
9 8 9 13.310
9 8 10 13.270
9 8 11 12.508
9 8 12 12.818
9 8 13 13.796
9 8 14 14.520
9 8 15 14.303
9 8 16 15.553
9 8 17 15.092
9 8 18 14.807
9 8 19 15.620
9 9 0 11.128
9 9 1 11.470
9 9 2 12.976
9 9 3 11.202
9 9 4 11.941
9 9 5 12.604
9 9 6 12.508
9 9 7 12.389
9 9 8 11.813
9 9 9 12.907
9 9 10 12.720
9 9 11 12.461
9 9 12 13.469
9 9 13 13.531
9 9 14 15.099
9 9 15 15.376
9 9 16 14.435
9 9 17 15.213
9 9 18 14.198
9 9 19 15.552
9 10 0 11.372
9 10 1 11.976
9 10 2 11.009
9 10 3 12.684
9 10 4 10.893
9 10 5 11.370
9 10 6 13.199
9 10 7 14.232
9 10 8 13.553
9 10 9 13.389
9 10 10 11.928
9 10 11 12.329
9 10 12 14.314
9 10 13 14.187
9 10 14 13.852
9 10 15 15.052
9 10 16 15.355
9 10 17 16.282
9 10 18 15.899
9 10 19 17.035
9 11 0 11.164
9 11 1 11.329
9 11 2 12.536
9 11 3 11.165
9 11 4 14.462
9 11 5 12.774
9 11 6 13.042
9 11 7 13.420
9 11 8 14.765
9 11 9 14.160
9 11 10 12.505
9 11 11 15.175
9 11 12 14.043
9 11 13 14.665
9 11 14 13.819
9 11 15 15.526
9 11 16 14.847
9 11 17 15.712
9 11 18 15.667
9 11 19 17.698
9 12 0 12.849
9 12 1 11.564
9 12 2 11.841
9 12 3 11.754
9 12 4 13.201
9 12 5 12.316
9 12 6 12.505
9 12 7 13.888
9 12 8 12.938
9 12 9 13.601
9 12 10 12.630
9 12 11 14.721
9 12 12 15.974
9 12 13 15.261
9 12 14 16.117
9 12 15 14.534
9 12 16 15.663
9 12 17 14.982
9 12 18 15.818
9 12 19 16.881
9 13 0 11.450
9 13 1 10.501
9 13 2 10.843
9 13 3 11.053
9 13 4 12.814
9 13 5 14.335
9 13 6 14.037
9 13 7 11.694
9 13 8 14.611
9 13 9 14.486
9 13 10 12.764
9 13 11 14.021
9 13 12 15.403
9 13 13 15.230
9 13 14 14.005
9 13 15 15.804
9 13 16 13.869
9 13 17 15.664
9 13 18 17.016
9 13 19 16.383
9 14 0 11.075
9 14 1 12.448
9 14 2 12.780
9 14 3 13.311
9 14 4 13.226
9 14 5 13.655
9 14 6 13.639
9 14 7 13.528
9 14 8 13.651
9 14 9 13.652
9 14 10 13.135
9 14 11 13.604
9 14 12 14.406
9 14 13 15.088
9 14 14 16.311
9 14 15 15.388
9 14 16 16.487
9 14 17 16.811
9 14 18 16.025
9 14 19 16.949
9 15 0 11.384
9 15 1 12.900
9 15 2 12.614
9 15 3 11.416
9 15 4 12.761
9 15 5 14.213
9 15 6 13.013
9 15 7 13.779
9 15 8 14.121
9 15 9 13.118
9 15 10 14.619
9 15 11 13.359
9 15 12 14.236
9 15 13 15.861
9 15 14 15.549
9 15 15 15.283
9 15 16 16.147
9 15 17 16.005
9 15 18 16.326
9 15 19 17.104
9 16 0 11.102
9 16 1 11.980
9 16 2 11.961
9 16 3 11.205
9 16 4 12.000
9 16 5 14.255
9 16 6 13.571
9 16 7 12.467
9 16 8 12.557
9 16 9 13.963
9 16 10 15.565
9 16 11 14.430
9 16 12 15.888
9 16 13 15.387
9 16 14 15.745
9 16 15 14.563
9 16 16 16.645
9 16 17 15.890
9 16 18 17.112
9 16 19 16.033
9 17 0 11.931
9 17 1 12.334
9 17 2 12.193
9 17 3 12.903
9 17 4 12.629
9 17 5 12.586
9 17 6 14.653
9 17 7 14.471
9 17 8 13.286
9 17 9 14.613
9 17 10 13.827
9 17 11 13.736
9 17 12 15.774
9 17 13 13.847
9 17 14 16.215
9 17 15 15.535
9 17 16 15.831
9 17 17 16.591
9 17 18 16.991
9 17 19 16.128
9 18 0 12.469
9 18 1 12.249
9 18 2 11.416
9 18 3 12.548
9 18 4 14.052
9 18 5 14.552
9 18 6 14.048
9 18 7 12.785
9 18 8 14.392
9 18 9 14.944
9 18 10 15.107
9 18 11 15.417
9 18 12 15.343
9 18 13 15.258
9 18 14 15.092
9 18 15 14.324
9 18 16 16.377
9 18 17 16.517
9 18 18 17.078
9 18 19 15.825
9 19 0 12.516
9 19 1 13.907
9 19 2 12.589
9 19 3 12.740
9 19 4 13.300
9 19 5 14.942
9 19 6 12.760
9 19 7 14.005
9 19 8 13.466
9 19 9 13.931
9 19 10 14.592
9 19 11 15.973
9 19 12 16.599
9 19 13 15.780
9 19 14 15.383
9 19 15 17.942
9 19 16 15.868
9 19 17 16.017
9 19 18 15.317
9 19 19 18.117
10 0 0 5.775
10 0 1 7.197
10 0 2 4.415
10 0 3 6.956
10 0 4 6.109
10 0 5 6.961
10 0 6 5.261
10 0 7 8.017
10 0 8 7.734
10 0 9 7.337
10 0 10 8.148
10 0 11 7.282
10 0 12 7.694
10 0 13 8.050
10 0 14 7.202
10 0 15 9.637
10 0 16 10.164
10 0 17 8.913
10 0 18 10.015
10 0 19 9.788
10 1 0 5.368
10 1 1 4.866
10 1 2 4.925
10 1 3 6.736
10 1 4 6.107
10 1 5 8.039
10 1 6 6.721
10 1 7 6.207
10 1 8 8.192
10 1 9 7.978
10 1 10 8.318
10 1 11 8.952
10 1 12 7.741
10 1 13 8.425
10 1 14 8.652
10 1 15 8.020
10 1 16 9.105
10 1 17 10.648
10 1 18 10.032
10 1 19 9.028
10 2 0 3.966
10 2 1 6.806
10 2 2 5.665
10 2 3 5.482
10 2 4 6.044
10 2 5 5.344
10 2 6 7.928
10 2 7 6.738
10 2 8 8.410
10 2 9 7.620
10 2 10 8.986
10 2 11 8.311
10 2 12 9.051
10 2 13 9.207
10 2 14 9.393
10 2 15 9.436
10 2 16 9.235
10 2 17 11.217
10 2 18 9.222
10 2 19 10.214
10 3 0 5.328
10 3 1 5.901
10 3 2 5.499
10 3 3 6.357
10 3 4 6.233
10 3 5 5.366
10 3 6 6.902
10 3 7 6.277
10 3 8 6.034
10 3 9 7.794
10 3 10 8.338
10 3 11 8.632
10 3 12 8.927
10 3 13 7.191
10 3 14 7.911
10 3 15 10.842
10 3 16 8.689
10 3 17 10.278
10 3 18 9.503
10 3 19 10.380
10 4 0 4.914
10 4 1 6.133
10 4 2 6.057
10 4 3 5.852
10 4 4 5.634
10 4 5 6.951
10 4 6 6.030
10 4 7 7.605
10 4 8 9.628
10 4 9 8.870
10 4 10 8.627
10 4 11 8.247
10 4 12 7.028
10 4 13 7.784
10 4 14 10.131
10 4 15 8.737
10 4 16 9.072
10 4 17 9.762
10 4 18 9.308
10 4 19 9.440
10 5 0 5.486
10 5 1 5.076
10 5 2 5.460
10 5 3 5.691
10 5 4 6.997
10 5 5 6.656
10 5 6 6.962
10 5 7 7.846
10 5 8 7.518
10 5 9 7.672
10 5 10 8.534
10 5 11 8.956
10 5 12 8.567
10 5 13 9.012
10 5 14 8.585
10 5 15 8.785
10 5 16 10.352
10 5 17 10.356
10 5 18 10.627
10 5 19 10.751
10 6 0 5.669
10 6 1 6.452
10 6 2 6.906
10 6 3 7.150
10 6 4 6.604
10 6 5 8.057
10 6 6 7.393
10 6 7 7.980
10 6 8 7.963
10 6 9 8.198
10 6 10 7.675
10 6 11 9.087
10 6 12 11.066
10 6 13 8.753
10 6 14 9.373
10 6 15 9.222
10 6 16 9.452
10 6 17 11.341
10 6 18 9.830
10 6 19 10.252
10 7 0 4.467
10 7 1 5.394
10 7 2 4.896
10 7 3 7.032
10 7 4 9.029
10 7 5 6.759
10 7 6 5.982
10 7 7 8.299
10 7 8 7.261
10 7 9 9.145
10 7 10 8.143
10 7 11 8.126
10 7 12 8.752
10 7 13 9.764
10 7 14 9.239
10 7 15 9.287
10 7 16 9.788
10 7 17 9.193
10 7 18 10.791
10 7 19 9.307
10 8 0 5.487
10 8 1 6.713
10 8 2 6.611
10 8 3 7.104
10 8 4 6.843
10 8 5 8.094
10 8 6 8.161
10 8 7 8.041
10 8 8 8.689
10 8 9 8.811
10 8 10 8.122
10 8 11 7.662
10 8 12 9.336
10 8 13 9.700
10 8 14 10.399
10 8 15 9.040
10 8 16 9.327
10 8 17 10.684
10 8 18 10.522
10 8 19 9.333
10 9 0 6.247
10 9 1 4.729
10 9 2 5.717
10 9 3 7.818
10 9 4 8.460
10 9 5 6.291
10 9 6 7.263
10 9 7 7.824
10 9 8 9.478
10 9 9 7.921
10 9 10 8.197
10 9 11 10.081
10 9 12 8.805
10 9 13 9.946
10 9 14 8.450
10 9 15 9.758
10 9 16 8.830
10 9 17 9.577
10 9 18 11.356
10 9 19 10.907
10 10 0 5.797
10 10 1 5.717
10 10 2 6.402
10 10 3 7.083
10 10 4 7.892
10 10 5 5.268
10 10 6 6.966
10 10 7 8.022
10 10 8 8.079
10 10 9 8.744
10 10 10 8.898
10 10 11 8.703
10 10 12 8.789
10 10 13 9.277
10 10 14 10.656
10 10 15 9.414
10 10 16 10.213
10 10 17 10.673
10 10 18 12.038
10 10 19 10.812
10 11 0 6.925
10 11 1 7.407
10 11 2 6.633
10 11 3 6.779
10 11 4 6.947
10 11 5 7.269
10 11 6 8.420
10 11 7 8.185
10 11 8 8.451
10 11 9 7.626
10 11 10 8.015
10 11 11 10.767
10 11 12 9.174
10 11 13 8.959
10 11 14 10.987
10 11 15 10.331
10 11 16 10.831
10 11 17 10.521
10 11 18 10.640
10 11 19 11.022
10 12 0 5.157
10 12 1 6.456
10 12 2 7.026
10 12 3 8.533
10 12 4 7.385
10 12 5 5.712
10 12 6 7.767
10 12 7 10.297
10 12 8 9.062
10 12 9 7.983
10 12 10 9.368
10 12 11 8.564
10 12 12 8.338
10 12 13 9.406
10 12 14 10.021
10 12 15 8.713
10 12 16 9.554
10 12 17 10.745
10 12 18 10.673
10 12 19 11.579
10 13 0 5.397
10 13 1 7.203
10 13 2 5.948
10 13 3 8.472
10 13 4 6.048
10 13 5 6.810
10 13 6 8.281
10 13 7 9.542
10 13 8 8.726
10 13 9 9.187
10 13 10 9.014
10 13 11 8.442
10 13 12 9.134
10 13 13 8.820
10 13 14 9.030
10 13 15 10.637
10 13 16 9.680
10 13 17 11.098
10 13 18 10.064
10 13 19 11.606
10 14 0 6.083
10 14 1 7.862
10 14 2 7.259
10 14 3 8.252
10 14 4 6.922
10 14 5 7.834
10 14 6 7.268
10 14 7 7.985
10 14 8 8.369
10 14 9 8.261
10 14 10 8.133
10 14 11 8.238
10 14 12 7.760
10 14 13 9.050
10 14 14 10.660
10 14 15 9.142
10 14 16 9.590
10 14 17 12.380
10 14 18 10.701
10 14 19 11.731
10 15 0 7.093
10 15 1 7.372
10 15 2 5.887
10 15 3 7.184
10 15 4 6.337
10 15 5 9.852
10 15 6 6.882
10 15 7 7.583
10 15 8 7.852
10 15 9 7.750
10 15 10 10.293
10 15 11 11.412
10 15 12 9.356
10 15 13 8.944
10 15 14 8.474
10 15 15 10.331
10 15 16 10.536
10 15 17 10.532
10 15 18 11.493
10 15 19 11.895
10 16 0 6.943
10 16 1 6.694
10 16 2 6.329
10 16 3 8.006
10 16 4 7.747
10 16 5 8.711
10 16 6 8.895
10 16 7 7.389
10 16 8 7.642
10 16 9 8.448
10 16 10 8.471
10 16 11 10.183
10 16 12 10.123
10 16 13 10.985
10 16 14 10.686
10 16 15 10.798
10 16 16 11.855
10 16 17 11.534
10 16 18 11.476
10 16 19 12.869
10 17 0 6.882
10 17 1 6.809
10 17 2 6.646
10 17 3 8.141
10 17 4 8.832
10 17 5 8.065
10 17 6 9.415
10 17 7 7.056
10 17 8 8.850
10 17 9 9.126
10 17 10 8.839
10 17 11 11.591
10 17 12 9.894
10 17 13 9.884
10 17 14 10.494
10 17 15 9.135
10 17 16 10.392
10 17 17 12.050
10 17 18 11.023
10 17 19 11.126
10 18 0 7.942
10 18 1 8.230
10 18 2 7.835
10 18 3 7.320
10 18 4 7.756
10 18 5 7.567
10 18 6 7.678
10 18 7 7.901
10 18 8 8.506
10 18 9 8.435
10 18 10 8.275
10 18 11 9.965
10 18 12 10.240
10 18 13 11.676
10 18 14 10.044
10 18 15 11.079
10 18 16 11.355
10 18 17 11.165
10 18 18 12.227
10 18 19 12.515
10 19 0 7.262
10 19 1 7.059
10 19 2 7.240
10 19 3 6.695
10 19 4 7.408
10 19 5 7.818
10 19 6 7.680
10 19 7 9.194
10 19 8 10.063
10 19 9 8.642
10 19 10 9.858
10 19 11 9.067
10 19 12 9.914
10 19 13 9.869
10 19 14 11.166
10 19 15 10.404
10 19 16 12.020
10 19 17 11.277
10 19 18 11.217
10 19 19 10.997
11 0 0 0.203
11 0 1 0.979
11 0 2 0.745
11 0 3 2.581
11 0 4 2.196
11 0 5 1.070
11 0 6 1.325
11 0 7 2.218
11 0 8 1.435
11 0 9 3.301
11 0 10 2.921
11 0 11 3.100
11 0 12 3.707
11 0 13 4.799
11 0 14 3.821
11 0 15 3.857
11 0 16 5.418
11 0 17 5.248
11 0 18 4.480
11 0 19 5.004
11 1 0 0.262
11 1 1 0.658
11 1 2 -0.454
11 1 3 -0.339
11 1 4 0.448
11 1 5 0.649
11 1 6 1.169
11 1 7 2.455
11 1 8 2.075
11 1 9 2.631
11 1 10 1.757
11 1 11 2.631
11 1 12 3.733
11 1 13 4.002
11 1 14 3.210
11 1 15 4.182
11 1 16 6.075
11 1 17 4.565
11 1 18 4.288
11 1 19 4.966
11 2 0 0.284
11 2 1 0.353
11 2 2 0.712
11 2 3 -0.155
11 2 4 0.493
11 2 5 1.407
11 2 6 1.657
11 2 7 1.600
11 2 8 2.174
11 2 9 2.628
11 2 10 3.554
11 2 11 3.026
11 2 12 3.688
11 2 13 3.198
11 2 14 4.352
11 2 15 4.458
11 2 16 5.114
11 2 17 5.255
11 2 18 5.418
11 2 19 5.132
11 3 0 0.512
11 3 1 1.430
11 3 2 0.320
11 3 3 0.603
11 3 4 1.514
11 3 5 1.964
11 3 6 1.235
11 3 7 2.098
11 3 8 2.346
11 3 9 0.912
11 3 10 2.772
11 3 11 3.085
11 3 12 3.345
11 3 13 4.870
11 3 14 3.027
11 3 15 3.603
11 3 16 2.437
11 3 17 4.405
11 3 18 4.736
11 3 19 4.908
11 4 0 1.307
11 4 1 1.373
11 4 2 1.010
11 4 3 0.914
11 4 4 2.295
11 4 5 1.721
11 4 6 1.345
11 4 7 0.890
11 4 8 2.173
11 4 9 3.393
11 4 10 4.874
11 4 11 3.365
11 4 12 2.967
11 4 13 2.894
11 4 14 4.547
11 4 15 2.957
11 4 16 5.072
11 4 17 5.549
11 4 18 5.507
11 4 19 5.245
11 5 0 0.978
11 5 1 0.926
11 5 2 0.430
11 5 3 2.796
11 5 4 1.298
11 5 5 2.463
11 5 6 0.170
11 5 7 3.390
11 5 8 3.807
11 5 9 2.919
11 5 10 3.605
11 5 11 3.868
11 5 12 3.170
11 5 13 4.385
11 5 14 3.564
11 5 15 3.987
11 5 16 5.638
11 5 17 5.780
11 5 18 4.698
11 5 19 4.939
11 6 0 0.115
11 6 1 1.481
11 6 2 0.358
11 6 3 1.706
11 6 4 2.282
11 6 5 1.877
11 6 6 3.019
11 6 7 2.230
11 6 8 2.566
11 6 9 2.218
11 6 10 4.077
11 6 11 2.913
11 6 12 4.069
11 6 13 3.996
11 6 14 3.474
11 6 15 4.092
11 6 16 5.948
11 6 17 5.267
11 6 18 4.561
11 6 19 5.876
11 7 0 0.620
11 7 1 3.763
11 7 2 1.491
11 7 3 1.222
11 7 4 2.925
11 7 5 0.580
11 7 6 2.391
11 7 7 4.174
11 7 8 2.749
11 7 9 1.719
11 7 10 3.052
11 7 11 4.795
11 7 12 4.196
11 7 13 3.487
11 7 14 3.873
11 7 15 4.236
11 7 16 5.236
11 7 17 6.281
11 7 18 6.316
11 7 19 6.102
11 8 0 -0.223
11 8 1 0.043
11 8 2 1.795
11 8 3 0.555
11 8 4 1.714
11 8 5 2.401
11 8 6 1.511
11 8 7 1.865
11 8 8 2.872
11 8 9 3.613
11 8 10 4.323
11 8 11 4.222
11 8 12 4.059
11 8 13 3.666
11 8 14 3.670
11 8 15 4.381
11 8 16 5.381
11 8 17 5.585
11 8 18 3.899
11 8 19 5.214
11 9 0 1.911
11 9 1 1.274
11 9 2 0.340
11 9 3 3.621
11 9 4 1.977
11 9 5 2.571
11 9 6 2.846
11 9 7 2.495
11 9 8 2.471
11 9 9 5.013
11 9 10 4.382
11 9 11 4.500
11 9 12 4.566
11 9 13 3.566
11 9 14 5.654
11 9 15 4.220
11 9 16 5.385
11 9 17 4.110
11 9 18 4.052
11 9 19 6.202
11 10 0 0.405
11 10 1 -0.276
11 10 2 2.011
11 10 3 3.538
11 10 4 3.217
11 10 5 2.163
11 10 6 2.639
11 10 7 3.605
11 10 8 4.056
11 10 9 3.146
11 10 10 3.712
11 10 11 4.188
11 10 12 4.654
11 10 13 4.367
11 10 14 4.641
11 10 15 6.104
11 10 16 6.231
11 10 17 5.908
11 10 18 7.165
11 10 19 5.743
11 11 0 2.456
11 11 1 1.855
11 11 2 4.301
11 11 3 0.993
11 11 4 1.659
11 11 5 2.809
11 11 6 3.055
11 11 7 4.560
11 11 8 2.728
11 11 9 4.250
11 11 10 4.719
11 11 11 4.616
11 11 12 3.547
11 11 13 5.705
11 11 14 5.826
11 11 15 5.585
11 11 16 5.532
11 11 17 5.812
11 11 18 5.832
11 11 19 6.671
11 12 0 1.288
11 12 1 0.847
11 12 2 0.951
11 12 3 1.451
11 12 4 2.493
11 12 5 2.557
11 12 6 3.014
11 12 7 3.506
11 12 8 2.867
11 12 9 4.804
11 12 10 3.681
11 12 11 3.811
11 12 12 4.807
11 12 13 3.215
11 12 14 4.315
11 12 15 5.995
11 12 16 4.084
11 12 17 6.631
11 12 18 7.209
11 12 19 5.968
11 13 0 1.602
11 13 1 2.527
11 13 2 1.521
11 13 3 2.852
11 13 4 1.884
11 13 5 2.302
11 13 6 2.308
11 13 7 3.485
11 13 8 4.400
11 13 9 3.590
11 13 10 2.983
11 13 11 3.397
11 13 12 4.842
11 13 13 6.265
11 13 14 5.368
11 13 15 5.006
11 13 16 6.192
11 13 17 5.651
11 13 18 5.803
11 13 19 5.602
11 14 0 2.600
11 14 1 -0.295
11 14 2 2.638
11 14 3 1.892
11 14 4 2.198
11 14 5 4.143
11 14 6 2.481
11 14 7 2.772
11 14 8 3.475
11 14 9 4.173
11 14 10 3.752
11 14 11 3.109
11 14 12 3.939
11 14 13 5.920
11 14 14 5.218
11 14 15 5.782
11 14 16 5.475
11 14 17 5.420
11 14 18 7.553
11 14 19 6.323
11 15 0 1.224
11 15 1 2.719
11 15 2 1.527
11 15 3 1.893
11 15 4 2.640
11 15 5 2.895
11 15 6 3.366
11 15 7 5.094
11 15 8 3.953
11 15 9 2.045
11 15 10 4.472
11 15 11 4.504
11 15 12 4.772
11 15 13 5.197
11 15 14 5.240
11 15 15 5.484
11 15 16 6.280
11 15 17 5.619
11 15 18 5.558
11 15 19 8.998
11 16 0 1.112
11 16 1 2.027
11 16 2 1.014
11 16 3 2.567
11 16 4 1.990
11 16 5 2.646
11 16 6 4.099
11 16 7 3.904
11 16 8 4.244
11 16 9 2.636
11 16 10 5.785
11 16 11 3.625
11 16 12 6.065
11 16 13 5.922
11 16 14 5.830
11 16 15 4.948
11 16 16 6.016
11 16 17 5.781
11 16 18 6.444
11 16 19 6.484
11 17 0 0.159
11 17 1 2.950
11 17 2 2.251
11 17 3 2.191
11 17 4 2.394
11 17 5 3.392
11 17 6 2.653
11 17 7 1.827
11 17 8 4.220
11 17 9 4.573
11 17 10 4.261
11 17 11 3.766
11 17 12 5.019
11 17 13 4.039
11 17 14 4.652
11 17 15 5.136
11 17 16 6.675
11 17 17 5.973
11 17 18 6.168
11 17 19 8.353
11 18 0 2.177
11 18 1 2.429
11 18 2 2.125
11 18 3 2.207
11 18 4 1.198
11 18 5 3.986
11 18 6 3.832
11 18 7 3.594
11 18 8 3.890
11 18 9 4.852
11 18 10 3.283
11 18 11 4.318
11 18 12 4.144
11 18 13 6.733
11 18 14 6.279
11 18 15 4.080
11 18 16 4.894
11 18 17 6.263
11 18 18 6.254
11 18 19 5.835
11 19 0 3.556
11 19 1 2.513
11 19 2 2.906
11 19 3 2.236
11 19 4 3.630
11 19 5 3.011
11 19 6 3.352
11 19 7 4.331
11 19 8 2.802
11 19 9 5.646
11 19 10 4.777
11 19 11 5.919
11 19 12 4.298
11 19 13 4.683
11 19 14 4.755
11 19 15 6.148
11 19 16 6.263
11 19 17 6.102
11 19 18 5.926
11 19 19 5.987
12 0 0 -3.699
12 0 1 -3.770
12 0 2 -3.682
12 0 3 -1.633
12 0 4 -2.673
12 0 5 -1.328
12 0 6 -2.508
12 0 7 -1.622
12 0 8 -1.599
12 0 9 -2.650
12 0 10 0.114
12 0 11 -0.874
12 0 12 0.095
12 0 13 -0.841
12 0 14 -0.108
12 0 15 -0.406
12 0 16 1.539
12 0 17 1.063
12 0 18 1.370
12 0 19 2.426
12 1 0 -2.630
12 1 1 -2.680
12 1 2 -4.166
12 1 3 -3.322
12 1 4 -3.305
12 1 5 -1.657
12 1 6 -1.840
12 1 7 -2.825
12 1 8 -1.601
12 1 9 -2.382
12 1 10 -0.966
12 1 11 -1.985
12 1 12 0.026
12 1 13 0.168
12 1 14 1.656
12 1 15 1.071
12 1 16 0.317
12 1 17 1.573
12 1 18 0.064
12 1 19 0.675
12 2 0 -3.183
12 2 1 -4.913
12 2 2 -2.953
12 2 3 -3.476
12 2 4 -2.316
12 2 5 -2.996
12 2 6 -1.531
12 2 7 -1.592
12 2 8 -0.224
12 2 9 -1.076
12 2 10 -1.433
12 2 11 -0.752
12 2 12 -1.367
12 2 13 0.296
12 2 14 0.706
12 2 15 2.473
12 2 16 0.263
12 2 17 0.810
12 2 18 0.827
12 2 19 1.720
12 3 0 -3.039
12 3 1 -3.124
12 3 2 -1.949
12 3 3 -3.049
12 3 4 -1.503
12 3 5 -1.598
12 3 6 -1.775
12 3 7 -1.754
12 3 8 0.702
12 3 9 -1.630
12 3 10 -0.475
12 3 11 -1.050
12 3 12 1.242
12 3 13 0.786
12 3 14 -0.203
12 3 15 1.013
12 3 16 1.072
12 3 17 0.716
12 3 18 1.999
12 3 19 1.967
12 4 0 -3.067
12 4 1 -3.010
12 4 2 -2.368
12 4 3 -2.266
12 4 4 -2.139
12 4 5 -2.436
12 4 6 -0.305
12 4 7 -2.237
12 4 8 -0.792
12 4 9 -1.127
12 4 10 0.800
12 4 11 -1.067
12 4 12 -0.670
12 4 13 -0.594
12 4 14 0.704
12 4 15 -0.390
12 4 16 0.589
12 4 17 -0.487
12 4 18 1.690
12 4 19 1.361
12 5 0 -4.324
12 5 1 -2.002
12 5 2 -3.654
12 5 3 -1.707
12 5 4 -2.642
12 5 5 -0.537
12 5 6 -0.955
12 5 7 -2.098
12 5 8 -1.762
12 5 9 -0.281
12 5 10 -0.712
12 5 11 -0.375
12 5 12 1.042
12 5 13 -0.312
12 5 14 0.623
12 5 15 1.577
12 5 16 1.724
12 5 17 1.212
12 5 18 1.372
12 5 19 0.475
12 6 0 -3.874
12 6 1 -2.511
12 6 2 -2.613
12 6 3 -2.179
12 6 4 -1.145
12 6 5 -2.663
12 6 6 -1.639
12 6 7 -1.036
12 6 8 -1.487
12 6 9 0.485
12 6 10 0.330
12 6 11 0.098
12 6 12 1.565
12 6 13 -0.807
12 6 14 0.649
12 6 15 1.212
12 6 16 0.450
12 6 17 1.686
12 6 18 0.823
12 6 19 2.524
12 7 0 -2.077
12 7 1 -2.442
12 7 2 -3.879
12 7 3 -2.907
12 7 4 -1.419
12 7 5 -1.591
12 7 6 -3.500
12 7 7 -0.087
12 7 8 -0.709
12 7 9 -1.210
12 7 10 0.504
12 7 11 -0.571
12 7 12 -0.316
12 7 13 0.784
12 7 14 2.186
12 7 15 2.323
12 7 16 1.575
12 7 17 1.920
12 7 18 2.447
12 7 19 1.071
12 8 0 -2.303
12 8 1 -3.142
12 8 2 -2.037
12 8 3 -2.211
12 8 4 -1.365
12 8 5 -1.408
12 8 6 -3.698
12 8 7 -0.833
12 8 8 -0.199
12 8 9 -0.093
12 8 10 -0.269
12 8 11 1.390
12 8 12 0.589
12 8 13 0.953
12 8 14 1.702
12 8 15 1.419
12 8 16 0.674
12 8 17 -0.295
12 8 18 1.537
12 8 19 2.791
12 9 0 -2.995
12 9 1 -1.809
12 9 2 -2.068
12 9 3 -0.893
12 9 4 -1.896
12 9 5 -1.023
12 9 6 -0.729
12 9 7 0.331
12 9 8 -1.973
12 9 9 -0.711
12 9 10 0.598
12 9 11 1.419
12 9 12 0.637
12 9 13 0.474
12 9 14 1.577
12 9 15 1.929
12 9 16 1.210
12 9 17 2.025
12 9 18 2.968
12 9 19 3.799
12 10 0 -2.014
12 10 1 -2.309
12 10 2 -2.125
12 10 3 -1.372
12 10 4 -1.648
12 10 5 -1.140
12 10 6 -1.875
12 10 7 0.272
12 10 8 -1.415
12 10 9 -0.585
12 10 10 0.102
12 10 11 1.880
12 10 12 0.212
12 10 13 0.281
12 10 14 0.636
12 10 15 2.667
12 10 16 -0.647
12 10 17 1.064
12 10 18 4.314
12 10 19 2.865
12 11 0 -3.387
12 11 1 -2.273
12 11 2 -1.922
12 11 3 -1.036
12 11 4 0.022
12 11 5 -0.876
12 11 6 -1.355
12 11 7 -0.031
12 11 8 -0.956
12 11 9 -0.961
12 11 10 -1.279
12 11 11 -0.860
12 11 12 -0.062
12 11 13 -0.024
12 11 14 1.432
12 11 15 0.485
12 11 16 -0.807
12 11 17 1.136
12 11 18 1.857
12 11 19 2.013
12 12 0 -1.181
12 12 1 -2.625
12 12 2 -1.166
12 12 3 -1.623
12 12 4 -1.378
12 12 5 -1.750
12 12 6 -0.865
12 12 7 -1.167
12 12 8 -0.156
12 12 9 -0.218
12 12 10 -0.521
12 12 11 1.291
12 12 12 1.102
12 12 13 0.666
12 12 14 1.404
12 12 15 1.483
12 12 16 1.119
12 12 17 2.133
12 12 18 1.843
12 12 19 1.847
12 13 0 -3.590
12 13 1 -2.316
12 13 2 -1.312
12 13 3 -2.058
12 13 4 0.777
12 13 5 -0.267
12 13 6 0.331
12 13 7 0.186
12 13 8 1.296
12 13 9 -0.553
12 13 10 -1.709
12 13 11 0.246
12 13 12 1.313
12 13 13 1.250
12 13 14 1.613
12 13 15 2.712
12 13 16 2.224
12 13 17 2.821
12 13 18 1.693
12 13 19 1.832
12 14 0 -0.895
12 14 1 -1.843
12 14 2 -2.159
12 14 3 -1.894
12 14 4 -1.653
12 14 5 -1.438
12 14 6 -1.634
12 14 7 -1.545
12 14 8 -0.237
12 14 9 -0.292
12 14 10 1.331
12 14 11 0.943
12 14 12 1.184
12 14 13 0.640
12 14 14 1.401
12 14 15 2.050
12 14 16 2.597
12 14 17 2.212
12 14 18 3.414
12 14 19 2.820
12 15 0 -1.447
12 15 1 -2.210
12 15 2 -3.005
12 15 3 -1.077
12 15 4 -0.448
12 15 5 -0.305
12 15 6 -0.165
12 15 7 -0.518
12 15 8 -0.621
12 15 9 0.728
12 15 10 0.891
12 15 11 0.365
12 15 12 1.964
12 15 13 0.633
12 15 14 1.136
12 15 15 3.175
12 15 16 2.824
12 15 17 2.106
12 15 18 2.885
12 15 19 3.043
12 16 0 -4.173
12 16 1 -2.438
12 16 2 -1.490
12 16 3 -1.472
12 16 4 -0.726
12 16 5 0.243
12 16 6 -0.654
12 16 7 -0.980
12 16 8 0.389
12 16 9 0.131
12 16 10 0.531
12 16 11 0.685
12 16 12 2.975
12 16 13 -0.348
12 16 14 1.397
12 16 15 1.968
12 16 16 1.610
12 16 17 3.218
12 16 18 3.411
12 16 19 2.986
12 17 0 -2.087
12 17 1 -1.697
12 17 2 -1.428
12 17 3 -1.144
12 17 4 -0.969
12 17 5 -0.353
12 17 6 0.311
12 17 7 -1.013
12 17 8 -0.606
12 17 9 -0.901
12 17 10 1.454
12 17 11 1.224
12 17 12 1.691
12 17 13 0.407
12 17 14 3.241
12 17 15 1.590
12 17 16 2.474
12 17 17 3.286
12 17 18 2.076
12 17 19 2.692
12 18 0 -1.622
12 18 1 0.784
12 18 2 -0.998
12 18 3 0.309
12 18 4 0.252
12 18 5 -0.155
12 18 6 -0.978
12 18 7 0.924
12 18 8 -0.859
12 18 9 1.884
12 18 10 1.026
12 18 11 -0.991
12 18 12 1.120
12 18 13 2.179
12 18 14 1.729
12 18 15 2.754
12 18 16 1.765
12 18 17 1.663
12 18 18 2.914
12 18 19 3.260
12 19 0 -1.939
12 19 1 -0.415
12 19 2 -1.814
12 19 3 -0.620
12 19 4 -0.553
12 19 5 -1.590
12 19 6 -1.137
12 19 7 0.191
12 19 8 2.030
12 19 9 1.172
12 19 10 -0.409
12 19 11 -1.254
12 19 12 2.084
12 19 13 1.684
12 19 14 2.937
12 19 15 1.583
12 19 16 2.830
12 19 17 3.490
12 19 18 2.719
12 19 19 2.999
